date,volume,open,close,high,low,adjclose
2019-02-15,4892700,189.8699951171875,192.38999938964844,192.6199951171875,189.0500030517578,192.38999938964844
2019-02-14,2600600,187.5,187.7100067138672,188.92999267578125,186.0,187.7100067138672
2019-02-13,4146900,186.3000030517578,188.41000366210938,188.67999267578125,185.9199981689453,188.41000366210938
2019-02-12,3773200,183.83999633789062,185.52000427246094,186.39999389648438,183.52000427246094,185.52000427246094
2019-02-11,3729200,185.0,182.9199981689453,185.4199981689453,182.75,182.9199981689453
2019-02-08,2792300,183.0500030517578,184.5399932861328,184.5800018310547,182.72000122070312,184.5399932861328
2019-02-07,2793400,183.74000549316406,184.07000732421875,184.9199981689453,182.4499969482422,184.07000732421875
2019-02-06,3072500,186.69000244140625,184.72000122070312,186.69000244140625,184.05999755859375,184.72000122070312
2019-02-05,4135200,186.88999938964844,186.38999938964844,186.99000549316406,184.69000244140625,186.38999938964844
2019-02-04,3050200,184.3000030517578,186.42999267578125,186.42999267578125,183.83999633789062,186.42999267578125
2019-02-01,4513100,184.02999877929688,184.3699951171875,185.14999389648438,182.8300018310547,184.3699951171875
2019-01-31,5138000,181.5,183.52999877929688,184.6699981689453,181.05999755859375,183.52999877929688
2019-01-30,5197700,180.47000122070312,182.17999267578125,184.1999969482422,179.77999877929688,182.17999267578125
2019-01-29,3686900,178.9600067138672,179.69000244140625,180.14999389648438,178.08999633789062,179.69000244140625
2019-01-28,4091400,178.97000122070312,179.8300018310547,179.99000549316406,177.41000366210938,179.8300018310547
2019-01-25,4501800,179.77999877929688,180.39999389648438,180.8699951171875,178.61000061035156,180.39999389648438
2019-01-24,3860100,177.0,177.2899932861328,177.52999877929688,175.3000030517578,177.2899932861328
2019-01-23,4910400,176.58999633789062,176.88999938964844,178.05999755859375,174.52999877929688,176.88999938964844
2019-01-22,6272700,177.49000549316406,177.11000061035156,178.60000610351562,175.36000061035156,177.11000061035156
2019-01-18,6371100,176.97999572753906,179.5800018310547,180.0399932861328,176.17999267578125,179.5800018310547
2019-01-17,6499200,174.00999450683594,174.8699951171875,175.4600067138672,172.0,174.8699951171875
2019-01-16,4075400,177.08999633789062,177.0399932861328,177.92999267578125,175.86000061035156,177.0399932861328
2019-01-15,5016100,176.0800018310547,176.47000122070312,177.82000732421875,175.1999969482422,176.47000122070312
2019-01-14,3871400,177.58999633789062,178.80999755859375,179.22999572753906,176.89999389648438,178.80999755859375
2019-01-11,3285100,177.92999267578125,179.41000366210938,180.25999450683594,177.1199951171875,179.41000366210938
2019-01-10,3605300,178.02999877929688,179.05999755859375,179.24000549316406,176.33999633789062,179.05999755859375
2019-01-09,4922000,177.8699951171875,179.72999572753906,181.27000427246094,177.10000610351562,179.72999572753906
2019-01-08,4722400,178.57000732421875,177.88999938964844,179.58999633789062,175.61000061035156,177.88999938964844
2019-01-07,4928800,173.8300018310547,177.0399932861328,178.17999267578125,173.8300018310547,177.0399932861328
2019-01-04,4762600,170.17999267578125,173.6199951171875,174.74000549316406,169.52000427246094,173.6199951171875
2019-01-03,4810500,171.83999633789062,168.61000061035156,171.83999633789062,168.2100067138672,168.61000061035156
2019-01-02,4242900,169.7100067138672,172.41000366210938,173.17999267578125,169.0500030517578,172.41000366210938
2018-12-31,4206000,171.47000122070312,171.82000732421875,173.24000549316406,170.64999389648438,171.82000732421875
2018-12-28,4552000,171.22000122070312,170.22000122070312,173.1199951171875,168.60000610351562,170.22000122070312
2018-12-27,5069300,166.44000244140625,170.32000732421875,170.4600067138672,163.36000061035156,170.32000732421875
2018-12-26,6141500,159.4600067138672,168.27999877929688,168.27999877929688,159.44000244140625,168.27999877929688
2018-12-24,4547400,160.16000366210938,158.13999938964844,161.39999389648438,158.08999633789062,158.13999938964844
2018-12-21,13034100,162.80999755859375,160.47999572753906,167.9600067138672,160.1699981689453,160.47999572753906
2018-12-20,7675600,166.27999877929688,164.16000366210938,167.30999755859375,162.22999572753906,164.16000366210938
2018-12-19,6996900,170.9199981689453,167.55999755859375,174.9499969482422,166.77000427246094,167.55999755859375
2018-12-18,4462200,168.89999389648438,170.0399932861328,171.9499969482422,168.5,170.0399932861328
2018-12-17,5631700,171.50999450683594,167.97000122070312,171.99000549316406,166.92999267578125,167.97000122070312
2018-12-14,4265200,172.97999572753906,172.2899932861328,175.13999938964844,171.9499969482422,172.2899932861328
2018-12-13,6102200,174.30999755859375,173.8699951171875,174.91000366210938,172.07000732421875,173.8699951171875
2018-12-12,5912500,173.75,174.2100067138672,176.8699951171875,172.80999755859375,174.2100067138672
2018-12-11,5229400,174.3000030517578,172.2100067138672,175.60000610351562,171.24000549316406,172.2100067138672
2018-12-10,5373800,173.38999938964844,171.69000244140625,173.99000549316406,167.72999572753906,171.69000244140625
2018-12-07,6226100,175.35000610351562,172.7899932861328,178.36000061035156,172.24000549316406,172.7899932861328
2018-12-06,7571200,173.5,175.9600067138672,176.0399932861328,170.4600067138672,175.9600067138672
2018-12-04,7059600,181.05999755859375,175.3000030517578,182.22999572753906,174.5500030517578,175.3000030517578
2018-12-03,7610600,183.2899932861328,181.74000549316406,183.5,179.35000610351562,181.74000549316406
2018-11-30,8942400,175.75,180.32000732421875,180.3699951171875,175.11000061035156,180.32000732421875
2018-11-29,4329300,176.8000030517578,175.66000366210938,177.27000427246094,174.9199981689453,175.66000366210938
2018-11-28,7133600,172.91000366210938,177.42999267578125,177.64999389648438,170.6199951171875,177.42999267578125
2018-11-27,7084200,169.11000061035156,173.22000122070312,173.3800048828125,168.82000732421875,172.19000244140625
2018-11-26,6140500,170.1999969482422,169.82000732421875,172.38999938964844,168.8699951171875,168.8102264404297
2018-11-23,2711000,169.38999938964844,168.85000610351562,170.3300018310547,168.47000122070312,167.8459930419922
2018-11-21,5752100,170.0,169.3000030517578,170.92999267578125,169.14999389648438,168.29330444335938
2018-11-20,8661000,169.25,169.0500030517578,172.0,167.0,168.0447998046875
2018-11-19,6203400,176.7100067138672,173.58999633789062,178.8800048828125,172.3000030517578,172.5577850341797
2018-11-16,6834900,173.99000549316406,177.02000427246094,177.61000061035156,173.50999450683594,175.9674072265625
2018-11-15,8663100,179.00999450683594,177.36000061035156,179.6699981689453,173.61000061035156,176.3053741455078
2018-11-14,7561100,182.61000061035156,179.89999389648438,182.89999389648438,179.14999389648438,178.8302764892578
2018-11-13,14274000,177.3000030517578,179.0,181.6199951171875,172.85000610351562,177.9356231689453
2018-11-12,7590400,185.22999572753906,179.42999267578125,186.9499969482422,179.02000427246094,178.36306762695312
2018-11-09,4761100,188.32000732421875,185.99000549316406,188.47999572753906,184.9600067138672,184.88406372070312
2018-11-08,4054000,187.1300048828125,188.0,188.69000244140625,185.72000122070312,186.88211059570312
2018-11-07,4673400,183.7899932861328,187.22999572753906,187.67999267578125,182.05999755859375,186.11668395996094
2018-11-06,3338800,181.92999267578125,182.00999450683594,182.64999389648438,180.0500030517578,180.92771911621094
2018-11-05,3885300,181.02000427246094,182.19000244140625,182.41000366210938,179.3000030517578,181.10665893554688
2018-11-02,4730600,182.47000122070312,179.92999267578125,183.00999450683594,177.38999938964844,178.86009216308594
2018-11-01,5225300,176.83999633789062,180.4600067138672,180.86000061035156,175.89999389648438,179.38694763183594
2018-10-31,6339500,177.97999572753906,175.8800048828125,178.85000610351562,175.58999633789062,174.8341827392578
2018-10-30,5657100,173.16000366210938,176.24000549316406,176.42999267578125,172.63999938964844,175.19204711914062
2018-10-29,5918400,173.74000549316406,173.1999969482422,175.99000549316406,170.9499969482422,172.17010498046875
2018-10-26,9472200,176.8800048828125,172.22999572753906,177.33999633789062,170.91000366210938,171.20587158203125
2018-10-25,5228000,177.52000427246094,179.07000732421875,180.5,176.8300018310547,178.00521850585938
2018-10-24,6791700,178.5800018310547,176.97000122070312,182.3699951171875,176.30999755859375,175.91769409179688
2018-10-23,7004900,175.77000427246094,178.52999877929688,179.49000549316406,175.44000244140625,177.46841430664062
2018-10-22,4866700,180.82000732421875,178.75,181.39999389648438,177.55999755859375,177.68711853027344
2018-10-19,7004300,180.33999633789062,179.85000610351562,180.99000549316406,178.57000732421875,178.78057861328125
2018-10-18,9262000,184.25999450683594,180.44000244140625,185.39999389648438,179.52999877929688,179.3670654296875
2018-10-17,8985700,189.63999938964844,185.1699981689453,190.6699981689453,183.97999572753906,184.06893920898438
2018-10-16,4057400,191.8300018310547,193.5800018310547,194.0800018310547,190.61000061035156,192.42893981933594
2018-10-15,3642800,192.36000061035156,191.1699981689453,193.2899932861328,190.6999969482422,190.03326416015625
2018-10-12,5450200,192.75,192.47000122070312,193.58999633789062,190.16000366210938,191.32553100585938
2018-10-11,5831400,193.7100067138672,189.74000549316406,196.6699981689453,188.47000122070312,188.6117706298828
2018-10-10,6157900,199.11000061035156,193.6999969482422,199.24000549316406,193.35000610351562,192.5482177734375
2018-10-09,4466800,197.9499969482422,195.75,199.17999267578125,195.5800018310547,194.58602905273438
2018-10-08,3731800,196.24000549316406,198.41000366210938,198.66000366210938,195.05999755859375,197.23020935058594
2018-10-05,5016600,199.07000732421875,196.3800048828125,199.6999969482422,194.57000732421875,195.2122802734375
2018-10-04,5996200,203.64999389648438,198.85000610351562,203.75999450683594,198.27000427246094,197.6676025390625
2018-10-03,4162500,206.16000366210938,203.74000549316406,206.4600067138672,203.64999389648438,202.5285186767578
2018-10-02,4428000,207.49000549316406,204.75,208.0399932861328,204.6699981689453,203.5325164794922
2018-10-01,3670500,208.52000427246094,207.60000610351562,209.7899932861328,207.3699951171875,206.36557006835938
2018-09-28,3966100,206.44000244140625,207.14999389648438,208.85000610351562,206.35000610351562,205.91822814941406
2018-09-27,3218800,207.5,206.83999633789062,207.8300018310547,205.6699981689453,205.61007690429688
2018-09-26,2965800,208.5800018310547,207.52000427246094,209.13999938964844,207.22999572753906,206.28604125976562
2018-09-25,4443300,208.83999633789062,207.4600067138672,209.3000030517578,206.8000030517578,206.22640991210938
2018-09-24,4623700,211.52000427246094,207.99000549316406,211.83999633789062,207.9600067138672,206.7532501220703
2018-09-21,9749200,211.3000030517578,212.38999938964844,212.66000366210938,210.50999450683594,211.1270751953125
2018-09-20,4020800,211.66000366210938,211.05999755859375,212.61000061035156,211.00999450683594,209.80499267578125
2018-09-19,2579100,212.0,211.67999267578125,212.6699981689453,210.66000366210938,210.42129516601562
2018-09-18,4338500,208.6300048828125,211.02000427246094,211.72999572753906,208.16000366210938,209.76522827148438
2018-09-17,3074700,209.0800018310547,208.39999389648438,210.0399932861328,208.25999450683594,207.16079711914062
2018-09-14,3622400,210.19000244140625,209.07000732421875,210.52999877929688,207.5500030517578,207.8268280029297
2018-09-13,4701100,211.44000244140625,209.4499969482422,211.44000244140625,208.6999969482422,208.20455932617188
2018-09-12,5660100,214.02999877929688,211.97999572753906,215.42999267578125,210.91000366210938,210.71951293945312
2018-09-11,5969500,213.0,213.85000610351562,214.66000366210938,211.5,212.57839965820312
2018-09-10,5586600,208.1300048828125,210.69000244140625,211.6199951171875,208.1300048828125,209.43719482421875
2018-09-07,3672700,205.4499969482422,206.22999572753906,207.22999572753906,205.42999267578125,205.0037078857422
2018-09-06,3490400,204.58999633789062,205.88999938964844,207.08999633789062,203.8000030517578,204.6657257080078
2018-09-05,3667100,204.8300018310547,204.14999389648438,206.6699981689453,203.14999389648438,202.9360809326172
2018-09-04,4612800,200.69000244140625,205.0800018310547,205.9199981689453,200.5,203.8605499267578
2018-08-31,4023300,199.3800048828125,200.77000427246094,200.91000366210938,199.2899932861328,199.57618713378906
2018-08-30,2825400,201.0,199.25999450683594,201.44000244140625,199.10000610351562,198.0751495361328
2018-08-29,2488000,201.11000061035156,201.67999267578125,201.99000549316406,200.7100067138672,200.4807586669922
2018-08-28,3516300,202.3000030517578,201.97000122070312,202.4199981689453,200.6300048828125,199.7451629638672
2018-08-27,2521300,202.8300018310547,201.97999572753906,202.9499969482422,201.19000244140625,199.7550506591797
2018-08-24,3054300,200.35000610351562,201.3000030517578,202.5,200.0,199.08255004882812
2018-08-23,3595000,199.38999938964844,200.16000366210938,201.41000366210938,199.13999938964844,197.95510864257812
2018-08-22,5007000,200.8000030517578,198.97000122070312,203.5500030517578,198.64999389648438,196.77821350097656
2018-08-21,4124600,198.8300018310547,200.22999572753906,200.74000549316406,198.41000366210938,198.02432250976562
2018-08-20,2956700,195.83999633789062,197.92999267578125,198.44000244140625,195.39999389648438,195.74964904785156
2018-08-17,3885800,195.60000610351562,195.55999755859375,195.97999572753906,194.82000732421875,193.40577697753906
2018-08-16,5690100,194.02000427246094,195.38999938964844,196.08999633789062,193.72000122070312,193.23764038085938
2018-08-15,6049300,191.75,193.99000549316406,194.17999267578125,191.08999633789062,191.8530731201172
2018-08-14,11488000,195.1699981689453,193.10000610351562,195.97999572753906,191.27000427246094,190.97288513183594
2018-08-13,5242500,196.3000030517578,194.13999938964844,197.58999633789062,194.0,192.0014190673828
2018-08-10,2873000,197.33999633789062,196.3000030517578,197.92999267578125,195.63999938964844,194.13763427734375
2018-08-09,2453400,199.0,198.0800018310547,199.74000549316406,198.0399932861328,195.8980255126953
2018-08-08,2176700,197.44000244140625,198.02000427246094,198.91000366210938,197.3000030517578,195.83868408203125
2018-08-07,3052500,196.35000610351562,197.0500030517578,197.1999969482422,195.63999938964844,194.87936401367188
2018-08-06,2515700,195.6199951171875,195.69000244140625,196.05999755859375,195.11000061035156,193.5343475341797
2018-08-03,2309000,196.02999877929688,195.63999938964844,196.39999389648438,195.25,193.48489379882812
2018-08-02,3543500,195.10000610351562,195.66000366210938,195.83999633789062,193.5500030517578,193.5046844482422
2018-08-01,3086800,196.86000061035156,196.3000030517578,197.74000549316406,195.60000610351562,194.13763427734375
2018-07-31,2795900,197.69000244140625,197.52000427246094,198.02999877929688,196.8699951171875,195.3441925048828
2018-07-30,2331100,196.52999877929688,197.27999877929688,197.57000732421875,196.39999389648438,195.10682678222656
2018-07-27,3871200,200.2100067138672,197.13999938964844,200.49000549316406,196.67999267578125,194.96836853027344
2018-07-26,4280000,201.52999877929688,199.39999389648438,202.1199951171875,198.91000366210938,197.20347595214844
2018-07-25,4382700,201.39999389648438,201.0,202.2899932861328,199.07000732421875,198.7858428955078
2018-07-24,5058100,203.52999877929688,201.99000549316406,204.25,201.35000610351562,199.76495361328125
2018-07-23,2264300,202.4600067138672,202.22999572753906,203.38999938964844,201.89999389648438,200.00230407714844
2018-07-20,3564100,202.0800018310547,202.4499969482422,203.75999450683594,201.82000732421875,200.21987915039062
2018-07-19,3691100,200.88999938964844,202.6300048828125,203.22999572753906,200.5500030517578,200.3979034423828
2018-07-18,3787800,201.02000427246094,200.97000122070312,201.9199981689453,200.19000244140625,198.7561798095703
2018-07-17,4662800,198.6300048828125,201.10000610351562,201.42999267578125,198.6300048828125,198.88475036621094
2018-07-16,2530500,199.13999938964844,198.8800048828125,199.22000122070312,197.88999938964844,196.689208984375
2018-07-13,2308100,198.4600067138672,198.69000244140625,199.92999267578125,198.4600067138672,196.5012969970703
2018-07-12,2709200,198.1999969482422,197.9499969482422,198.47999572753906,197.0,195.7694549560547
2018-07-11,3309300,197.22000122070312,196.9499969482422,197.75999450683594,195.9499969482422,194.78045654296875
2018-07-10,2842400,196.55999755859375,197.61000061035156,197.75999450683594,196.3800048828125,195.43319702148438
2018-07-09,2575100,195.6999969482422,196.0800018310547,196.7100067138672,195.02999877929688,193.9200439453125
2018-07-06,2552400,194.5800018310547,194.47999572753906,195.35000610351562,192.9499969482422,192.33767700195312
2018-07-05,3040600,194.49000549316406,194.41000366210938,194.74000549316406,193.1300048828125,192.26844787597656
2018-07-03,1608400,194.44000244140625,193.6199951171875,195.7100067138672,193.41000366210938,191.4871368408203
2018-07-02,3822800,193.82000732421875,194.02000427246094,194.17999267578125,192.1199951171875,191.8827362060547
2018-06-29,4106600,195.86000061035156,195.10000610351562,198.8300018310547,194.99000549316406,192.9508514404297
2018-06-28,2994000,195.0,195.2100067138672,196.00999450683594,193.50999450683594,193.05963134765625
2018-06-27,3771700,196.66000366210938,195.02000427246094,197.99000549316406,195.00999450683594,192.87171936035156
2018-06-26,3270600,196.5800018310547,196.36000061035156,197.3300018310547,195.60000610351562,194.19696044921875
2018-06-25,5127200,197.41000366210938,196.3800048828125,197.83999633789062,195.05999755859375,194.21673583984375
2018-06-22,6785800,200.7899932861328,197.41000366210938,201.1999969482422,197.1699981689453,195.2353973388672
2018-06-21,4695100,199.2100067138672,200.30999755859375,200.94000244140625,198.61000061035156,198.10345458984375
2018-06-20,3389600,200.0,199.0800018310547,200.1300048828125,198.1199951171875,196.88699340820312
2018-06-19,5501100,198.2100067138672,199.2100067138672,199.89999389648438,198.10000610351562,197.0155792236328
2018-06-18,3396300,198.94000244140625,200.69000244140625,200.91000366210938,198.11000061035156,198.47926330566406
2018-06-15,7820900,198.9499969482422,200.5399932861328,201.60000610351562,198.5,198.33090209960938
2018-06-14,4305900,200.25999450683594,199.6699981689453,201.0,198.16000366210938,197.47048950195312
2018-06-13,5128100,201.3000030517578,200.30999755859375,201.5800018310547,199.66000366210938,198.10345458984375
2018-06-12,4616700,199.83999633789062,201.30999755859375,201.33999633789062,199.50999450683594,199.09242248535156
2018-06-11,4243000,198.91000366210938,199.63999938964844,200.52000427246094,198.33999633789062,197.44082641601562
2018-06-08,4006200,195.8699951171875,198.3300018310547,198.5,195.00999450683594,196.14527893066406
2018-06-07,4378700,193.8300018310547,196.1699981689453,197.1999969482422,193.8300018310547,194.00904846191406
2018-06-06,4134700,193.07000732421875,193.58999633789062,193.58999633789062,191.2100067138672,191.4574737548828
2018-06-05,4231300,190.44000244140625,191.94000244140625,192.3800048828125,189.6999969482422,189.82566833496094
2018-06-04,4103300,188.22000122070312,191.36000061035156,191.5399932861328,187.97000122070312,189.25204467773438
2018-06-01,3706200,187.2100067138672,187.35000610351562,188.8300018310547,186.52000427246094,185.2862091064453
2018-05-31,4839900,187.16000366210938,186.5500030517578,187.36000061035156,185.25,184.49502563476562
2018-05-30,3976000,184.8300018310547,187.08999633789062,187.8000030517578,184.00999450683594,185.02908325195312
2018-05-29,4725500,185.5500030517578,185.0,186.8300018310547,184.25,181.94345092773438
2018-05-25,2730400,186.7100067138672,186.85000610351562,187.8300018310547,186.0500030517578,183.7628936767578
2018-05-24,3941300,186.7899932861328,187.14999389648438,187.41000366210938,184.6699981689453,184.05792236328125
2018-05-23,7382600,187.10000610351562,186.6699981689453,187.32000732421875,184.97999572753906,183.58584594726562
2018-05-22,4585600,190.05999755859375,186.8699951171875,190.77999877929688,186.52000427246094,183.7825469970703
2018-05-21,4147800,188.1999969482422,189.7899932861328,190.6699981689453,188.0,186.654296875
2018-05-18,4697900,185.75,187.4199981689453,188.2100067138672,185.5500030517578,184.32345581054688
2018-05-17,4227700,186.25,185.3300018310547,187.17999267578125,184.8699951171875,182.26800537109375
2018-05-16,5044800,189.27999877929688,186.3800048828125,189.27999877929688,185.89999389648438,183.3006591796875
2018-05-15,10147000,189.5,187.97999572753906,189.69000244140625,186.10000610351562,184.87420654296875
2018-05-14,7035900,191.5,191.0800018310547,191.64999389648438,189.86000061035156,187.92300415039062
2018-05-11,5355100,187.6300048828125,190.30999755859375,190.8000030517578,187.35000610351562,187.1657257080078
2018-05-10,3850100,185.97000122070312,187.16000366210938,187.97000122070312,185.8800048828125,184.06776428222656
2018-05-09,3392300,185.02999877929688,186.36000061035156,186.5,183.57000732421875,183.28097534179688
2018-05-08,4168200,183.4499969482422,185.0399932861328,185.3000030517578,182.5,181.9827880859375
2018-05-07,3582300,185.39999389648438,183.55999755859375,185.5,182.6699981689453,180.52723693847656
2018-05-04,3896200,182.75,185.02999877929688,186.35000610351562,181.83999633789062,181.9729461669922
2018-05-03,4123900,184.8699951171875,183.19000244140625,184.89999389648438,181.1999969482422,180.16336059570312
2018-05-02,3866500,184.49000549316406,185.91000366210938,187.1199951171875,183.75,182.83840942382812
2018-05-01,3423900,184.72999572753906,184.6300048828125,184.72999572753906,181.39999389648438,181.57955932617188
2018-04-30,4173200,186.99000549316406,184.8000030517578,187.8000030517578,184.8000030517578,181.74676513671875
2018-04-27,4382400,185.49000549316406,186.4600067138672,187.0399932861328,183.8699951171875,183.37933349609375
2018-04-26,8782500,178.4600067138672,185.72000122070312,185.92999267578125,178.0800018310547,182.6515655517578
2018-04-25,5587300,176.0800018310547,177.38999938964844,178.07000732421875,174.5500030517578,174.4591827392578
2018-04-24,4435400,179.3000030517578,176.25999450683594,180.0,175.0500030517578,173.3478546142578
2018-04-23,2987700,177.6199951171875,177.66000366210938,178.3800048828125,176.1300048828125,174.72471618652344
2018-04-20,5008600,177.85000610351562,177.00999450683594,178.88999938964844,176.32000732421875,174.08546447753906
2018-04-19,5407300,179.5,177.0800018310547,179.6999969482422,175.77000427246094,174.154296875
2018-04-18,5858900,175.0,179.85000610351562,180.25,174.99000549316406,176.8785400390625
2018-04-17,3106500,175.75999450683594,174.91000366210938,176.24000549316406,174.10000610351562,172.02015686035156
2018-04-16,3534200,174.22999572753906,174.42999267578125,175.60000610351562,173.32000732421875,171.54808044433594
2018-04-13,4311200,174.49000549316406,172.8000030517578,175.50999450683594,172.22999572753906,169.94500732421875
2018-04-12,3396700,173.30999755859375,173.36000061035156,174.24000549316406,172.89999389648438,170.49575805664062
2018-04-11,4228400,172.0,172.86000061035156,175.05999755859375,171.8000030517578,170.00401306152344
2018-04-10,4783000,174.02999877929688,173.49000549316406,174.19000244140625,172.24000549316406,170.6236114501953
2018-04-09,5079800,175.05999755859375,172.50999450683594,175.35000610351562,172.3699951171875,169.65980529785156
2018-04-06,5236900,177.97999572753906,174.4499969482422,178.52000427246094,173.35000610351562,171.5677490234375
2018-04-05,3799900,178.0,179.1300048828125,180.0399932861328,177.30999755859375,176.17044067382812
2018-04-04,4757300,170.8000030517578,177.44000244140625,177.83999633789062,170.4199981689453,174.50836181640625
2018-04-03,5283300,172.77999877929688,173.75999450683594,174.94000244140625,172.42999267578125,170.88914489746094
2018-04-02,7229300,177.14999389648438,172.89999389648438,177.69000244140625,170.4199981689453,170.04335021972656
2018-03-29,4423500,175.6999969482422,178.24000549316406,178.63999938964844,175.5,175.29513549804688
2018-03-28,4318600,175.24000549316406,174.75999450683594,177.52999877929688,173.9199981689453,171.8726348876953
2018-03-27,4713900,177.3800048828125,174.67999267578125,178.72999572753906,173.60000610351562,171.79396057128906
2018-03-26,7323600,174.11000061035156,176.3800048828125,176.8000030517578,173.52000427246094,173.4658660888672
2018-03-23,6021300,176.24000549316406,171.8000030517578,177.05999755859375,171.55999755859375,168.9615478515625
2018-03-22,5255100,177.4199981689453,175.2899932861328,178.55999755859375,175.0800018310547,172.3938751220703
2018-03-21,3494400,178.35000610351562,178.02000427246094,180.13999938964844,177.67999267578125,175.07876586914062
2018-03-20,4148300,177.63999938964844,178.16000366210938,178.88999938964844,177.16000366210938,175.2164764404297
2018-03-19,4744500,178.64999389648438,177.10000610351562,179.32000732421875,176.0,174.17398071289062
2018-03-16,8410900,178.42999267578125,178.9600067138672,180.39999389648438,177.97000122070312,176.0032501220703
2018-03-15,3936700,177.69000244140625,178.07000732421875,179.86000061035156,176.72000122070312,175.12796020507812
2018-03-14,4531500,179.10000610351562,177.41000366210938,179.66000366210938,175.88999938964844,174.47886657714844
2018-03-13,6128100,179.58999633789062,178.35000610351562,180.9499969482422,177.86000061035156,175.40333557128906
2018-03-12,4993300,182.42999267578125,179.7100067138672,183.05999755859375,179.5500030517578,176.74087524414062
2018-03-09,4477200,179.0,182.16000366210938,182.24000549316406,177.9199981689453,179.150390625
2018-03-08,4750700,179.44000244140625,177.94000244140625,179.97999572753906,176.72999572753906,175.00009155273438
2018-03-07,4799200,178.82000732421875,178.5800018310547,180.0,176.82000732421875,175.6295166015625
2018-03-06,5306800,182.75,181.63999938964844,183.0,179.50999450683594,177.62599182128906
2018-03-05,5748600,177.86000061035156,181.74000549316406,182.25999450683594,177.6999969482422,177.72378540039062
2018-03-02,5671000,177.72000122070312,178.4600067138672,179.19000244140625,176.33999633789062,174.51626586914062
2018-03-01,6123900,182.75,179.63999938964844,184.39999389648438,178.25,175.670166015625
2018-02-28,6419900,184.41000366210938,182.27000427246094,186.64999389648438,182.27000427246094,178.24208068847656
2018-02-27,4618800,188.8699951171875,184.97999572753906,189.25,184.9600067138672,180.8921661376953
2018-02-26,4648000,189.1699981689453,188.4600067138672,189.7899932861328,187.86000061035156,184.2952880859375
2018-02-23,4315400,186.1999969482422,188.35000610351562,188.41000366210938,185.6199951171875,184.1876983642578
2018-02-22,5653900,183.72000122070312,185.47000122070312,186.22000122070312,182.91000366210938,181.37135314941406
2018-02-21,7527200,187.2100067138672,183.05999755859375,187.97999572753906,182.86000061035156,179.0146026611328
2018-02-20,8922100,189.89999389648438,186.7100067138672,191.44000244140625,186.30999755859375,182.58395385742188
2018-02-16,7619200,185.05999755859375,186.97000122070312,187.99000549316406,184.86000061035156,182.83819580078125
2018-02-15,5113300,186.74000549316406,185.27000427246094,187.19000244140625,183.25999450683594,181.17576599121094
2018-02-14,6767000,181.8800048828125,184.69000244140625,185.05999755859375,181.0500030517578,180.60858154296875
2018-02-13,4273800,183.22999572753906,183.72000122070312,183.99000549316406,180.88999938964844,179.6600341796875
2018-02-12,6783700,186.5500030517578,184.05999755859375,187.00999450683594,183.41000366210938,179.9925079345703
2018-02-09,9059200,183.25,184.1199951171875,186.0,175.7899932861328,180.05116271972656
2018-02-08,7241800,191.13999938964844,181.22000122070312,191.13999938964844,180.92999267578125,177.21527099609375
2018-02-07,6016800,190.72999572753906,191.2899932861328,194.52000427246094,189.72000122070312,187.06272888183594
2018-02-06,11682700,178.6199951171875,191.0399932861328,191.9600067138672,175.4199981689453,186.81825256347656
2018-02-05,10618500,190.07000732421875,183.11000061035156,194.3000030517578,180.3800048828125,179.06349182128906
2018-02-02,6179000,199.25,193.97000122070312,199.3000030517578,193.44000244140625,189.68350219726562
2018-02-01,3553800,199.33999633789062,199.89999389648438,202.25,198.27999877929688,195.48245239257812
2018-01-31,4547300,203.22000122070312,200.89999389648438,205.0800018310547,200.22999572753906,196.46035766601562
2018-01-30,5979600,201.47000122070312,201.80999755859375,203.14999389648438,191.57000732421875,197.35025024414062
2018-01-29,3632900,207.22999572753906,204.9199981689453,207.61000061035156,204.7100067138672,200.3915252685547
2018-01-26,3778100,205.60000610351562,207.22999572753906,207.30999755859375,204.44000244140625,202.6504669189453
2018-01-25,3537700,206.8000030517578,205.3699951171875,206.8300018310547,203.83999633789062,200.83157348632812
2018-01-24,4370700,205.1999969482422,206.22000122070312,207.10000610351562,204.5500030517578,201.6627960205078
2018-01-23,3621700,204.88999938964844,204.89999389648438,206.35000610351562,204.14999389648438,200.37196350097656
2018-01-22,4857700,201.60000610351562,204.4600067138672,204.47000122070312,201.50999450683594,199.9416961669922
2018-01-19,5809600,199.80999755859375,201.3300018310547,201.3300018310547,199.1300048828125,196.880859375
2018-01-18,4474600,199.77999877929688,198.3300018310547,200.24000549316406,197.66000366210938,193.94715881347656
2018-01-17,3988100,197.5,199.82000732421875,199.82000732421875,196.83999633789062,195.40423583984375
2018-01-16,5692700,197.86000061035156,196.30999755859375,198.9499969482422,195.6999969482422,191.97177124023438
2018-01-12,6748400,195.5,196.4199981689453,199.4199981689453,194.82000732421875,192.07936096191406
2018-01-11,3899200,191.67999267578125,194.67999267578125,194.72999572753906,191.39999389648438,190.3778076171875
2018-01-10,3119500,192.75999450683594,191.8000030517578,193.22000122070312,191.64999389648438,187.5614471435547
2018-01-09,3012300,192.6999969482422,193.10000610351562,193.47000122070312,191.63999938964844,188.83273315429688
2018-01-08,3508500,191.72000122070312,192.0399932861328,193.72000122070312,191.60000610351562,187.796142578125
2018-01-05,4224800,190.92999267578125,192.5,192.5399932861328,190.50999450683594,188.24598693847656
2018-01-04,4047400,189.8699951171875,190.50999450683594,190.8699951171875,188.47000122070312,186.2999725341797
2018-01-03,4530500,188.0,189.00999450683594,189.36000061035156,187.82000732421875,184.83309936523438
2018-01-02,4684700,190.2100067138672,188.02999877929688,190.72000122070312,188.00999450683594,183.87477111816406
2017-12-29,4637800,190.74000549316406,189.52999877929688,190.74000549316406,189.52999877929688,185.3416290283203
2017-12-28,3175700,190.91000366210938,189.77999877929688,190.97999572753906,189.63999938964844,185.5861053466797
2017-12-27,5912600,190.60000610351562,190.19000244140625,191.49000549316406,190.00999450683594,185.98704528808594
2017-12-26,2969200,188.52999877929688,190.36000061035156,190.4199981689453,188.33999633789062,186.1532745361328
2017-12-22,3256600,188.4600067138672,188.1300048828125,188.4600067138672,187.27000427246094,183.97256469726562
2017-12-21,5859100,187.88999938964844,188.0800018310547,188.83999633789062,187.44000244140625,183.9236602783203
2017-12-20,5383700,187.0,187.30999755859375,187.89999389648438,186.0399932861328,183.17068481445312
2017-12-19,4576300,185.24000549316406,185.97999572753906,186.72000122070312,184.60000610351562,181.8700714111328
2017-12-18,5011900,183.5,184.72999572753906,185.47000122070312,183.5,180.647705078125
2017-12-15,8202200,182.99000549316406,182.5800018310547,183.2100067138672,182.1300048828125,178.54522705078125
2017-12-14,3542500,183.58999633789062,182.1300048828125,184.0,182.05999755859375,178.10516357421875
2017-12-13,5177400,182.00999450683594,183.02999877929688,183.6699981689453,182.0,178.98526000976562
2017-12-12,5275500,182.75,181.8000030517578,183.2100067138672,181.66000366210938,177.78245544433594
2017-12-11,6038900,181.86000061035156,182.25,182.9600067138672,181.1199951171875,178.2224884033203
2017-12-08,5092100,182.5,183.41000366210938,183.89999389648438,182.16000366210938,179.35687255859375
2017-12-07,5484300,180.0500030517578,182.0,182.5800018310547,179.77000427246094,177.97802734375
2017-12-06,6892500,180.25,180.8000030517578,182.14999389648438,178.67999267578125,176.80453491210938
2017-12-05,6347600,182.72000122070312,182.85000610351562,184.91000366210938,182.25999450683594,178.8092498779297
2017-12-04,6193800,183.19000244140625,184.89999389648438,186.30999755859375,183.19000244140625,180.81394958496094
2017-12-01,4683400,180.32000732421875,180.4199981689453,180.60000610351562,176.6999969482422,176.43295288085938
2017-11-30,9180700,178.07000732421875,179.82000732421875,180.6699981689453,177.41000366210938,175.84620666503906
2017-11-29,4902200,176.57000732421875,177.25,178.42999267578125,175.67999267578125,173.33299255371094
2017-11-28,6049000,174.88999938964844,176.57000732421875,176.77000427246094,172.99000549316406,171.79769897460938
2017-11-27,4539100,172.8699951171875,174.16000366210938,174.91000366210938,172.3800048828125,169.45285034179688
2017-11-24,1853600,172.11000061035156,172.3300018310547,173.10000610351562,171.74000549316406,167.6722869873047
2017-11-22,4133500,172.88999938964844,172.05999755859375,172.94000244140625,172.0399932861328,167.40957641601562
2017-11-21,6229000,170.52999877929688,172.86000061035156,172.86000061035156,170.14999389648438,168.18797302246094
2017-11-20,4699900,168.13999938964844,170.4499969482422,170.69000244140625,167.8000030517578,165.84310913085938
2017-11-17,4530100,167.0,167.74000549316406,168.42999267578125,166.05999755859375,163.2063751220703
2017-11-16,4587900,166.67999267578125,167.5,167.75999450683594,166.05999755859375,162.97283935546875
2017-11-15,5534500,167.44000244140625,165.47000122070312,167.44000244140625,165.35000610351562,160.99769592285156
2017-11-14,10284000,163.6199951171875,168.05999755859375,168.13999938964844,163.14999389648438,163.5177001953125
2017-11-13,7189300,164.63999938964844,165.35000610351562,166.63999938964844,164.25,160.88096618652344
2017-11-10,3554900,163.33999633789062,164.11000061035156,164.5800018310547,162.92999267578125,159.67446899414062
2017-11-09,3405200,164.10000610351562,163.27000427246094,164.13999938964844,162.27999877929688,158.857177734375
2017-11-08,2912900,163.33999633789062,164.0500030517578,164.67999267578125,163.27000427246094,159.6160888671875
2017-11-07,3198100,164.08999633789062,163.66000366210938,164.39999389648438,162.8300018310547,159.23663330078125
2017-11-06,3275500,164.8000030517578,164.22000122070312,164.8800048828125,163.00999450683594,159.781494140625
2017-11-03,3080900,163.00999450683594,164.38999938964844,164.99000549316406,162.67999267578125,159.9468994140625
2017-11-02,6518900,165.00999450683594,162.7100067138672,165.00999450683594,160.52999877929688,158.3123016357422
2017-11-01,3568300,166.4199981689453,165.3800048828125,166.74000549316406,165.1199951171875,160.91014099121094
2017-10-31,2922400,165.39999389648438,165.77999877929688,166.33999633789062,165.10000610351562,161.29933166503906
2017-10-30,3906300,166.99000549316406,165.30999755859375,166.99000549316406,164.8800048828125,160.84202575683594
2017-10-27,3720400,166.8000030517578,167.33999633789062,167.75,166.4600067138672,162.81716918945312
2017-10-26,3750500,166.38999938964844,167.64999389648438,167.94000244140625,166.11000061035156,163.11878967285156
2017-10-25,4189400,166.11000061035156,166.07000732421875,166.9499969482422,165.3800048828125,161.5814971923828
2017-10-24,3686700,164.6699981689453,166.02999877929688,166.4600067138672,164.64999389648438,161.5425567626953
2017-10-23,3995100,164.0399932861328,164.74000549316406,166.27000427246094,163.75,160.28744506835938
2017-10-20,4166500,163.97000122070312,163.42999267578125,164.14999389648438,162.74000549316406,159.01283264160156
2017-10-19,2676100,163.5,163.24000549316406,164.11000061035156,162.77000427246094,158.82797241210938
2017-10-18,2757900,163.4199981689453,163.4499969482422,164.24000549316406,163.35000610351562,159.0323028564453
2017-10-17,4189200,164.22000122070312,163.35000610351562,164.9199981689453,161.50999450683594,158.9350128173828
2017-10-16,2586700,164.47000122070312,164.22000122070312,164.6699981689453,163.25999450683594,159.781494140625
2017-10-13,3259000,164.9199981689453,164.47000122070312,166.07000732421875,164.35000610351562,160.02474975585938
2017-10-12,3397800,165.41000366210938,164.58999633789062,165.41000366210938,164.47000122070312,160.1414794921875
2017-10-11,2319300,165.19000244140625,165.25,165.8699951171875,164.4499969482422,160.78366088867188
2017-10-10,2755400,165.6999969482422,165.16000366210938,165.8000030517578,164.63999938964844,160.6960906982422
2017-10-09,2131800,166.13999938964844,165.7100067138672,166.6300048828125,165.4199981689453,161.23121643066406
2017-10-06,2916300,166.17999267578125,165.85000610351562,166.6300048828125,165.74000549316406,161.367431640625
2017-10-05,3504900,165.07000732421875,166.1199951171875,166.25,164.25999450683594,161.63015747070312
2017-10-04,2746500,165.49000549316406,165.2899932861328,166.0800018310547,164.91000366210938,160.8225555419922
2017-10-03,3046400,164.05999755859375,165.1699981689453,165.27999877929688,164.0,160.70582580566406
2017-10-02,2721400,164.1999969482422,164.02000427246094,164.25,163.22000122070312,159.58688354492188
2017-09-29,3467400,162.5,163.55999755859375,163.61000061035156,162.14999389648438,159.1393280029297
2017-09-28,4614100,160.72000122070312,162.36000061035156,162.4499969482422,160.66000366210938,157.97177124023438
2017-09-27,3966200,161.3800048828125,160.9199981689453,161.69000244140625,160.13999938964844,156.57066345214844
2017-09-26,3222600,161.5500030517578,161.25999450683594,162.0,160.7899932861328,156.9014892578125
2017-09-25,4897700,160.0500030517578,161.10000610351562,161.42999267578125,159.75,156.74583435058594
2017-09-22,3576500,159.13999938964844,159.97000122070312,160.08999633789062,159.00999450683594,155.6463623046875
2017-09-21,3082100,158.8699951171875,159.19000244140625,159.55999755859375,158.72000122070312,154.887451171875
2017-09-20,4599200,157.57000732421875,158.67999267578125,159.38999938964844,157.36000061035156,154.39120483398438
2017-09-19,3713400,157.8000030517578,157.66000366210938,158.32000732421875,157.16000366210938,153.3988037109375
2017-09-18,4010600,159.0,157.80999755859375,159.0,157.69000244140625,153.54473876953125
2017-09-15,9124200,159.97999572753906,158.39999389648438,159.99000549316406,158.2899932861328,154.11880493164062
2017-09-14,5290800,160.35000610351562,159.3800048828125,160.85000610351562,159.3300018310547,155.07229614257812
2017-09-13,4713700,160.38999938964844,160.02000427246094,161.3800048828125,159.5500030517578,155.69500732421875
2017-09-12,5794600,159.05999755859375,159.91000366210938,160.92999267578125,158.7100067138672,155.58798217773438
2017-09-11,8847900,158.4199981689453,158.3699951171875,158.74000549316406,156.22000122070312,154.089599609375
2017-09-08,10088600,159.08999633789062,159.66000366210938,160.69000244140625,157.52000427246094,155.34474182128906
2017-09-07,8273100,158.1699981689453,157.92999267578125,159.27999877929688,156.7899932861328,153.66148376464844
2017-09-06,8126000,154.86000061035156,156.55999755859375,157.02999877929688,154.14999389648438,152.32852172851562
2017-09-05,7488800,151.7100067138672,152.92999267578125,153.9199981689453,151.6999969482422,148.79661560058594
2017-09-01,3383000,150.25999450683594,150.77999877929688,150.94000244140625,149.75999450683594,146.70474243164062
2017-08-31,6083300,150.61000061035156,149.8699951171875,150.92999267578125,149.85000610351562,145.8193359375
2017-08-30,3641000,150.0,150.0,150.25,149.27999877929688,145.94583129882812
2017-08-29,5368700,150.07000732421875,149.83999633789062,150.89999389648438,149.02999877929688,145.7901611328125
2017-08-28,6845400,151.94000244140625,151.38999938964844,152.38999938964844,150.42999267578125,146.4323272705078
2017-08-25,3048000,148.50999450683594,149.64999389648438,150.52999877929688,148.39999389648438,144.749267578125
2017-08-24,3736000,149.72999572753906,148.25,150.60000610351562,147.97999572753906,143.39515686035156
2017-08-23,5235400,148.5800018310547,149.10000610351562,149.47999572753906,147.42999267578125,144.21731567382812
2017-08-22,3268100,149.2899932861328,149.91000366210938,150.5800018310547,149.2899932861328,145.00079345703125
2017-08-21,4222500,147.10000610351562,149.1999969482422,149.8800048828125,146.88999938964844,144.3140411376953
2017-08-18,6989100,149.61000061035156,147.49000549316406,149.61000061035156,146.9600067138672,142.66001892089844
2017-08-17,4460900,151.80999755859375,149.6699981689453,152.14999389648438,149.61000061035156,144.76866149902344
2017-08-16,6043900,151.4499969482422,152.25,152.9499969482422,151.16000366210938,147.26412963867188
2017-08-15,13528700,154.27999877929688,150.1699981689453,154.8000030517578,148.25999450683594,145.2522430419922
2017-08-14,6454500,156.0399932861328,154.25999450683594,156.0500030517578,153.55999755859375,149.2082977294922
2017-08-11,3650500,154.11000061035156,154.8800048828125,155.72000122070312,153.97999572753906,149.80804443359375
2017-08-10,4433700,155.19000244140625,153.8800048828125,155.97999572753906,153.8800048828125,148.8407745361328
2017-08-09,3844900,153.35000610351562,155.25999450683594,155.57000732421875,153.32000732421875,150.1755828857422
2017-08-08,3218900,153.32000732421875,153.35000610351562,154.1999969482422,153.0800018310547,148.328125
2017-08-07,3833600,152.8300018310547,153.35000610351562,154.47000122070312,152.47000122070312,148.328125
2017-08-04,3258600,151.00999450683594,152.75,152.75,150.8000030517578,147.74777221679688
2017-08-03,5146600,150.6999969482422,150.7899932861328,152.02999877929688,150.5,145.85194396972656
2017-08-02,3754200,149.94000244140625,150.5,150.86000061035156,149.9199981689453,145.5714569091797
2017-08-01,4110600,150.24000549316406,149.85000610351562,150.38999938964844,148.9499969482422,144.9427490234375
2017-07-31,5253300,148.0,149.60000610351562,149.97999572753906,147.5399932861328,144.70094299316406
2017-07-28,3421100,147.89999389648438,148.0800018310547,148.27000427246094,147.32000732421875,143.23072814941406
2017-07-27,5399000,146.17999267578125,147.72999572753906,147.86000061035156,145.88999938964844,142.89218139648438
2017-07-26,2836000,146.86000061035156,146.69000244140625,147.25,145.9600067138672,141.88621520996094
2017-07-25,5002400,145.74000549316406,146.97000122070312,147.39999389648438,145.27999877929688,142.1570587158203
2017-07-24,7295900,146.61000061035156,144.5800018310547,146.69000244140625,144.25,139.84530639648438
2017-07-21,9120200,147.02999877929688,146.64999389648438,147.4600067138672,146.1300048828125,141.84751892089844
2017-07-20,18264100,152.55999755859375,147.02999877929688,152.57000732421875,145.61000061035156,142.21510314941406
2017-07-19,2808400,152.5500030517578,153.3000030517578,154.0,152.5500030517578,148.27975463867188
2017-07-18,3783600,153.75,152.1699981689453,153.86000061035156,151.97999572753906,147.18678283691406
2017-07-17,4166600,152.89999389648438,153.88999938964844,154.5,152.72000122070312,148.85044860839844
2017-07-14,3588400,153.22000122070312,152.8800048828125,153.6699981689453,151.82000732421875,147.87351989746094
2017-07-13,3288000,152.82000732421875,153.2899932861328,154.1300048828125,152.60000610351562,148.2700958251953
2017-07-12,4275900,151.4600067138672,152.58999633789062,153.13999938964844,151.08999633789062,147.593017578125
2017-07-11,5642000,151.4499969482422,150.60000610351562,151.80999755859375,150.5,145.6681671142578
2017-07-10,5081100,152.22000122070312,151.17999267578125,152.25999450683594,151.0,146.22918701171875
2017-07-07,3775400,152.0399932861328,152.22999572753906,152.8699951171875,151.89999389648438,147.24481201171875
2017-07-06,3408500,151.77000427246094,152.0500030517578,152.47999572753906,151.22000122070312,147.07070922851562
2017-07-05,4432500,154.00999450683594,152.69000244140625,154.2899932861328,151.4600067138672,147.6897430419922
2017-07-03,1658500,154.38999938964844,154.00999450683594,154.7899932861328,153.7100067138672,148.9665069580078
2017-06-30,3640900,152.50999450683594,153.39999389648438,154.0,152.27000427246094,148.37649536132812
2017-06-29,2855400,152.77000427246094,152.16000366210938,153.0,151.52000427246094,147.17710876464844
2017-06-28,5087000,152.75,153.22999572753906,153.4499969482422,152.36000061035156,148.21205139160156
2017-06-27,4567100,151.05999755859375,152.24000549316406,153.25,150.75,147.25450134277344
2017-06-26,4128500,151.6699981689453,151.4199981689453,151.97000122070312,151.1300048828125,146.46131896972656
2017-06-23,11422200,155.16000366210938,151.30999755859375,155.22999572753906,150.91000366210938,146.35491943359375
2017-06-22,3347400,156.44000244140625,155.47999572753906,157.07000732421875,155.47000122070312,150.3883819580078
2017-06-21,4071300,157.91000366210938,156.58999633789062,158.52999877929688,156.42999267578125,151.46202087402344
2017-06-20,4201200,158.72999572753906,157.6699981689453,159.22000122070312,157.60000610351562,152.50665283203125
2017-06-19,5196100,156.91000366210938,158.80999755859375,159.02999877929688,156.38999938964844,153.60931396484375
2017-06-16,9105400,156.25,156.63999938964844,156.69000244140625,155.41000366210938,151.51040649414062
2017-06-15,3972300,156.1300048828125,156.77000427246094,157.27000427246094,154.9199981689453,151.63613891601562
2017-06-14,5999400,154.5,156.75999450683594,157.27999877929688,153.9600067138672,151.62643432617188
2017-06-13,3753800,152.30999755859375,153.99000549316406,154.0399932861328,152.05999755859375,148.94717407226562
2017-06-12,4473900,152.8000030517578,152.17999267578125,153.3000030517578,151.72999572753906,147.19642639160156
2017-06-09,4705300,154.0,152.9600067138672,154.0,152.77999877929688,147.9508819580078
2017-06-08,4014000,154.9600067138672,153.5,155.22999572753906,153.3800048828125,148.4732208251953
2017-06-07,3159000,154.69000244140625,154.9600067138672,155.3000030517578,154.35000610351562,149.88540649414062
2017-06-06,3260300,154.44000244140625,154.1999969482422,154.66000366210938,153.64999389648438,149.15028381347656
2017-06-05,2651800,155.52999877929688,154.7899932861328,155.6199951171875,154.22999572753906,149.720947265625
2017-06-02,3485600,154.7899932861328,155.35000610351562,155.86000061035156,154.4199981689453,150.2626495361328
2017-06-01,3385100,153.52000427246094,155.14999389648438,155.16000366210938,152.74000549316406,150.0691680908203
2017-05-31,7158400,154.36000061035156,153.50999450683594,154.3800048828125,153.27999877929688,148.4828643798828
2017-05-30,3504300,154.0,153.8800048828125,154.55999755859375,153.52000427246094,148.8407745361328
2017-05-26,4284700,156.10000610351562,154.89999389648438,156.4199981689453,154.63999938964844,148.9665069580078
2017-05-25,3110800,156.1999969482422,156.4600067138672,156.69000244140625,155.35000610351562,150.4667510986328
2017-05-24,4558700,154.6999969482422,155.0,155.42999267578125,153.2899932861328,149.0626678466797
2017-05-23,4640900,155.91000366210938,154.8300018310547,156.42999267578125,154.67999267578125,148.89920043945312
2017-05-22,3802100,156.49000549316406,155.9600067138672,157.0,155.8000030517578,149.9859161376953
2017-05-19,4781800,156.0399932861328,156.3000030517578,156.74000549316406,155.32000732421875,150.31288146972656
2017-05-18,4858600,155.47999572753906,155.6999969482422,156.6699981689453,155.24000549316406,149.73585510253906
2017-05-17,5937000,158.25999450683594,156.08999633789062,158.25999450683594,155.88999938964844,150.11093139648438
2017-05-16,10120900,160.11000061035156,158.25999450683594,160.86000061035156,158.0500030517578,152.1977996826172
2017-05-15,6068900,157.27999877929688,157.3300018310547,157.83999633789062,156.66000366210938,151.3034210205078
2017-05-12,2926400,156.38999938964844,156.9199981689453,157.1999969482422,155.75,150.9091339111328
2017-05-11,3929100,157.35000610351562,156.1999969482422,157.6999969482422,155.3300018310547,150.2167205810547
2017-05-10,2617600,157.52000427246094,158.1300048828125,158.14999389648438,157.3000030517578,152.0727996826172
2017-05-09,3004400,157.0399932861328,157.67999267578125,157.74000549316406,156.2899932861328,151.64002990722656
2017-05-08,3184600,155.85000610351562,156.88999938964844,157.16000366210938,155.49000549316406,150.88031005859375
2017-05-05,2500600,155.33999633789062,155.72999572753906,155.75,154.08999633789062,149.76470947265625
2017-05-04,3793100,155.4600067138672,154.86000061035156,155.63999938964844,154.25999450683594,148.9280242919922
2017-05-03,2445500,155.16000366210938,155.0,155.38999938964844,154.58999633789062,149.0626678466797
2017-05-02,3295100,154.49000549316406,154.9499969482422,155.16000366210938,153.75999450683594,149.0146026611328
2017-05-01,3152900,156.22000122070312,154.2100067138672,156.27000427246094,154.2100067138672,148.30294799804688
2017-04-28,4959600,156.00999450683594,156.10000610351562,156.25,154.10000610351562,150.1205291748047
2017-04-27,5881400,154.69000244140625,156.1199951171875,156.27000427246094,153.88999938964844,150.13978576660156
2017-04-26,5120200,153.11000061035156,154.22000122070312,154.80999755859375,152.39999389648438,148.3125457763672
2017-04-25,5496500,152.7899932861328,153.02999877929688,154.64999389648438,152.7899932861328,147.1681365966797
2017-04-24,5077200,151.0800018310547,151.88999938964844,152.05999755859375,150.85000610351562,146.07180786132812
2017-04-21,5019900,148.49000549316406,150.0,150.14999389648438,148.39999389648438,144.25418090820312
2017-04-20,3700500,147.66000366210938,148.72000122070312,149.0500030517578,147.44000244140625,143.0232391357422
2017-04-19,3461000,147.92999267578125,147.22000122070312,148.39999389648438,147.02000427246094,141.58067321777344
2017-04-18,2969400,147.05999755859375,147.75999450683594,148.17999267578125,146.77000427246094,142.10000610351562
2017-04-17,3467700,145.89999389648438,147.30999755859375,147.30999755859375,145.75999450683594,141.66726684570312
2017-04-13,2346900,146.4199981689453,145.91000366210938,147.00999450683594,145.8699951171875,140.32089233398438
2017-04-12,4445600,147.4199981689453,146.5399932861328,147.57000732421875,146.3699951171875,140.9267578125
2017-04-11,2844800,147.91000366210938,148.1999969482422,148.64999389648438,147.10000610351562,142.52316284179688
2017-04-10,5044500,146.9600067138672,148.2100067138672,149.0,146.75,142.53277587890625
2017-04-07,2869100,147.10000610351562,147.1300048828125,147.8000030517578,146.89999389648438,141.49415588378906
2017-04-06,2699100,147.0399932861328,147.24000549316406,147.9600067138672,147.0,141.59991455078125
2017-04-05,3390400,146.6300048828125,146.63999938964844,148.44000244140625,146.5800018310547,141.0229034423828
2017-04-04,3124200,146.5,146.33999633789062,146.89999389648438,146.0500030517578,140.734375
2017-04-03,3775300,146.94000244140625,146.6199951171875,147.1999969482422,146.08999633789062,141.003662109375
2017-03-31,3248700,146.8699951171875,146.8300018310547,147.17999267578125,146.64999389648438,141.2056427001953
2017-03-30,2450800,146.72000122070312,146.9499969482422,147.3800048828125,146.42999267578125,141.32106018066406
2017-03-29,3730000,146.3699951171875,147.0399932861328,147.4199981689453,145.9600067138672,141.40757751464844
2017-03-28,4635600,147.2899932861328,147.1999969482422,147.35000610351562,145.94000244140625,141.56146240234375
2017-03-27,2943000,147.07000732421875,146.8699951171875,147.67999267578125,146.25999450683594,141.2440643310547
2017-03-24,4735400,147.85000610351562,147.7100067138672,150.14999389648438,147.00999450683594,142.0519256591797
2017-03-23,3219400,147.27999877929688,147.99000549316406,148.41000366210938,147.02999877929688,142.3212127685547
2017-03-22,3169000,146.72999572753906,147.36000061035156,147.92999267578125,146.05999755859375,141.71533203125
2017-03-21,4530000,148.3300018310547,146.61000061035156,148.6999969482422,146.25999450683594,140.9940643310547
2017-03-20,5906100,149.3800048828125,147.8000030517578,149.58999633789062,147.6999969482422,142.13848876953125
2017-03-17,9002000,149.39999389648438,149.60000610351562,149.99000549316406,148.1300048828125,143.86953735351562
2017-03-16,3544500,148.39999389648438,148.72999572753906,149.19000244140625,148.00999450683594,143.03285217285156
2017-03-15,3670500,147.35000610351562,147.9499969482422,148.3800048828125,146.75999450683594,142.28271484375
2017-03-14,3272500,147.27000427246094,147.16000366210938,147.58999633789062,146.4600067138672,141.52301025390625
2017-03-13,2933300,147.3300018310547,147.42999267578125,147.6699981689453,146.5,141.7826385498047
2017-03-10,3123200,147.24000549316406,146.85000610351562,147.4600067138672,146.4499969482422,141.2248992919922
2017-03-09,3594000,147.0800018310547,146.6199951171875,147.16000366210938,146.52999877929688,141.003662109375
2017-03-08,3614500,146.22000122070312,146.9199981689453,147.1199951171875,145.9199981689453,141.2921905517578
2017-03-07,3996300,146.3300018310547,146.02000427246094,146.9499969482422,145.8300018310547,140.4266815185547
2017-03-06,3998000,147.1300048828125,147.1300048828125,147.50999450683594,146.5800018310547,140.63824462890625
2017-03-03,3412300,147.9499969482422,147.80999755859375,148.25999450683594,146.82000732421875,141.28822326660156
2017-03-02,4053400,147.0800018310547,147.9499969482422,148.22999572753906,146.38999938964844,141.42202758789062
2017-03-01,6213500,146.72000122070312,146.67999267578125,147.6999969482422,145.88999938964844,140.2080841064453
2017-02-28,4211900,144.97999572753906,144.91000366210938,145.6300048828125,144.47000122070312,138.5161895751953
2017-02-27,4388400,145.8699951171875,145.3000030517578,146.00999450683594,144.8000030517578,138.88897705078125
2017-02-24,3516900,144.64999389648438,145.9499969482422,146.0800018310547,144.64999389648438,139.51031494140625
2017-02-23,4184000,146.11000061035156,144.7100067138672,146.3300018310547,144.50999450683594,138.3250274658203
2017-02-22,5037800,145.0500030517578,145.25,145.47000122070312,143.97000122070312,138.84117126464844
2017-02-21,9275900,145.60000610351562,145.02000427246094,145.64999389648438,143.25,138.621337890625
2017-02-17,5108400,141.36000061035156,143.0,143.1199951171875,141.0,136.6904754638672
2017-02-16,4295800,142.38999938964844,141.5399932861328,142.99000549316406,140.89999389648438,135.2948760986328
2017-02-15,4343500,141.27000427246094,142.19000244140625,142.66000366210938,140.9499969482422,135.9161834716797
2017-02-14,4761100,139.9499969482422,141.36000061035156,141.3699951171875,139.33999633789062,135.122802734375
2017-02-13,2753000,140.47999572753906,139.8699951171875,140.64999389648438,139.0500030517578,133.6985626220703
2017-02-10,3297000,138.60000610351562,139.85000610351562,140.57000732421875,138.25,133.67942810058594
2017-02-09,2931900,137.8800048828125,138.7100067138672,139.14999389648438,137.41000366210938,132.58975219726562
2017-02-08,2882700,136.88999938964844,137.8800048828125,137.91000366210938,136.82000732421875,131.79638671875
2017-02-07,3242000,137.16000366210938,136.64999389648438,137.6999969482422,136.3300018310547,130.62059020996094
2017-02-06,3864100,137.42999267578125,136.49000549316406,137.89999389648438,136.4499969482422,130.4676971435547
2017-02-03,2654700,137.25999450683594,137.97999572753906,138.47000122070312,136.97000122070312,131.89193725585938
2017-02-02,2197600,137.47000122070312,136.9499969482422,137.5500030517578,136.55999755859375,130.9073944091797
2017-02-01,2968800,137.66000366210938,137.44000244140625,137.9600067138672,136.52999877929688,131.3757781982422
2017-01-31,3227000,137.6300048828125,137.5800018310547,138.6199951171875,136.85000610351562,131.5095977783203
2017-01-30,2705000,137.99000549316406,138.47000122070312,138.49000549316406,136.86000061035156,132.36033630371094
2017-01-27,3149500,138.8000030517578,138.3300018310547,138.8300018310547,137.6999969482422,132.2265167236328
2017-01-26,2931200,138.00999450683594,138.4600067138672,139.17999267578125,137.7100067138672,132.35076904296875
2017-01-25,3631700,138.4499969482422,137.47999572753906,139.3699951171875,137.42999267578125,131.41400146484375
2017-01-24,4055100,137.8800048828125,138.05999755859375,138.3800048828125,137.3000030517578,131.96841430664062
2017-01-23,7056200,135.30999755859375,138.07000732421875,138.27000427246094,135.0,131.97799682617188
2017-01-20,4853900,135.25999450683594,135.60000610351562,136.0,134.60000610351562,129.61697387695312
2017-01-19,5078700,136.0,135.38999938964844,136.77999877929688,134.92999267578125,129.41624450683594
2017-01-18,3869700,135.89999389648438,136.16000366210938,136.2899932861328,134.9199981689453,130.1522674560547
2017-01-17,3974700,135.08999633789062,135.92999267578125,136.47999572753906,134.75999450683594,129.932373046875
2017-01-13,3117600,134.9199981689453,135.0399932861328,135.75,134.75999450683594,129.0816650390625
2017-01-12,3600000,135.50999450683594,135.07000732421875,135.52999877929688,133.94000244140625,129.11036682128906
2017-01-11,4643700,136.10000610351562,135.6999969482422,136.38999938964844,134.74000549316406,129.71253967285156
2017-01-10,5928300,134.0,136.10000610351562,136.3800048828125,133.77000427246094,130.09490966796875
2017-01-09,4307400,133.22000122070312,134.30999755859375,134.75999450683594,133.13999938964844,128.38388061523438
2017-01-06,3827500,133.97000122070312,133.52999877929688,134.3300018310547,133.0500030517578,127.6383056640625
2017-01-05,3821100,134.97999572753906,133.89999389648438,135.4600067138672,133.77999877929688,127.99195861816406
2017-01-04,4055300,134.33999633789062,135.5,135.94000244140625,134.2100067138672,129.52137756347656
2017-01-03,5299700,135.10000610351562,134.30999755859375,135.50999450683594,133.58999633789062,128.38388061523438
2016-12-30,4149100,135.63999938964844,134.0800018310547,135.82000732421875,133.8300018310547,128.16403198242188
2016-12-29,2761700,135.02000427246094,135.10000610351562,135.85000610351562,134.6300048828125,129.13900756835938
2016-12-28,3369400,135.57000732421875,135.07000732421875,135.86000061035156,134.66000366210938,129.11036682128906
2016-12-27,2254900,134.75999450683594,135.25999450683594,135.72000122070312,134.7100067138672,129.29196166992188
2016-12-23,2337300,135.64999389648438,135.0500030517578,135.99000549316406,134.7899932861328,129.09121704101562
2016-12-22,4094800,136.25,135.42999267578125,137.0,135.17999267578125,129.45449829101562
2016-12-21,2704700,136.92999267578125,136.8300018310547,137.24000549316406,136.55999755859375,130.7926788330078
2016-12-20,4301500,135.64999389648438,137.11000061035156,137.24000549316406,135.42999267578125,131.06031799316406
2016-12-19,3463600,135.05999755859375,135.44000244140625,136.5,134.7899932861328,129.4640350341797
2016-12-16,9243700,136.11000061035156,135.11000061035156,136.61000061035156,135.0500030517578,129.14859008789062
2016-12-15,5839800,136.50999450683594,135.83999633789062,137.32000732421875,135.77000427246094,129.84637451171875
2016-12-14,7036300,136.0500030517578,135.97999572753906,136.8800048828125,135.75,129.98019409179688
2016-12-13,6886300,134.5500030517578,136.5399932861328,136.88999938964844,134.5500030517578,130.5154571533203
2016-12-12,6276500,133.1300048828125,134.5800018310547,134.66000366210938,133.1300048828125,128.6419677734375
2016-12-09,5174600,132.50999450683594,133.38999938964844,133.39999389648438,131.10000610351562,127.50447845458984
2016-12-08,4975400,132.2100067138672,132.52999877929688,133.1300048828125,131.5800018310547,126.68243408203125
2016-12-07,6987300,128.75,132.4600067138672,133.05999755859375,128.75,126.61552429199219
2016-12-06,4292600,130.1300048828125,128.74000549316406,130.13999938964844,128.67999267578125,123.05965423583984
2016-12-05,4065400,130.32000732421875,129.67999267578125,130.4600067138672,129.55999755859375,123.95816802978516
2016-12-02,3738300,129.0399932861328,129.8699951171875,130.6199951171875,128.91000366210938,124.13978576660156
2016-12-01,5398700,129.33999633789062,129.47000122070312,130.35000610351562,129.0,123.7574462890625
2016-11-30,6973800,129.33999633789062,129.39999389648438,130.32000732421875,128.80999755859375,123.69052124023438
2016-11-29,4127100,130.35000610351562,129.6199951171875,130.77999877929688,129.25,123.90081787109375
2016-11-28,4859000,131.25,130.63999938964844,131.64999389648438,130.1699981689453,124.21625518798828
2016-11-25,2545800,131.86000061035156,131.57000732421875,132.13999938964844,131.07000732421875,125.10053253173828
2016-11-23,3582700,131.36000061035156,131.2100067138672,131.99000549316406,130.86000061035156,124.75823211669922
2016-11-22,5535800,128.3800048828125,130.97999572753906,131.3000030517578,128.3800048828125,124.53955078125
2016-11-21,4072100,128.27999877929688,128.22000122070312,128.89999389648438,127.41000366210938,121.91525268554688
2016-11-18,4428900,128.92999267578125,128.3300018310547,129.36000061035156,127.72000122070312,122.01984405517578
2016-11-17,6801200,125.87000274658203,128.92999267578125,129.13999938964844,125.69999694824219,122.59032440185547
2016-11-16,9767500,123.5999984741211,125.33000183105469,125.69999694824219,123.27999877929688,119.1673583984375
2016-11-15,13445400,127.06999969482422,124.4000015258789,127.66999816894531,122.91999816894531,118.28308868408203
2016-11-14,11405400,130.5,127.66999816894531,130.63999938964844,126.94000244140625,121.39229583740234
2016-11-11,5496100,129.05999755859375,129.85000610351562,130.1300048828125,128.72000122070312,123.46509552001953
2016-11-10,8737000,126.72000122070312,129.02999877929688,130.10000610351562,126.51000213623047,122.68541717529297
2016-11-09,8052500,120.94999694824219,126.0199966430664,126.26000213623047,120.31999969482422,119.82342529296875
2016-11-08,6094500,123.94999694824219,124.25,125.41999816894531,123.5999984741211,118.14045715332031
2016-11-07,5510400,122.5,123.75,123.9800033569336,122.30999755859375,117.66505432128906
2016-11-04,4607600,120.54000091552734,120.91000366210938,121.9000015258789,120.05999755859375,114.96470642089844
2016-11-03,5113500,120.33999633789062,120.18000030517578,120.93000030517578,120.08000183105469,114.27058410644531
2016-11-02,4846000,119.93000030517578,120.29000091552734,121.29000091552734,119.81999969482422,114.37518310546875
2016-11-01,7492600,121.69000244140625,119.88999938964844,122.25,119.19999694824219,113.99484252929688
2016-10-31,5671500,123.3499984741211,122.01000213623047,123.5,121.62000274658203,116.01061248779297
2016-10-28,4497700,122.69999694824219,123.58000183105469,124.08999633789062,122.20999908447266,117.50341796875
2016-10-27,4261600,122.70999908447266,122.26000213623047,123.45999908447266,121.8499984741211,116.2483139038086
2016-10-26,5456100,122.83000183105469,122.70999908447266,123.75,122.4000015258789,116.67617797851562
2016-10-25,8731900,126.2699966430664,123.33999633789062,126.2699966430664,123.29000091552734,117.27520751953125
2016-10-24,3824800,127.2300033569336,127.77999877929688,128.13999938964844,127.2300033569336,121.49689483642578
2016-10-21,3234100,125.30999755859375,126.5999984741211,126.80000305175781,125.25,120.37490844726562
2016-10-20,3543200,125.94999694824219,126.25,127.08000183105469,125.56999969482422,120.04212951660156
2016-10-19,4094800,125.76000213623047,125.88999938964844,126.08999633789062,124.51000213623047,119.69982147216797
2016-10-18,3496300,126.1500015258789,125.73999786376953,126.25,125.1500015258789,119.55718994140625
2016-10-17,3753000,126.18000030517578,125.13999938964844,126.80000305175781,124.87999725341797,118.98670196533203
2016-10-14,4462100,126.9000015258789,126.41999816894531,127.55999755859375,126.41999816894531,120.20375061035156
2016-10-13,3655700,126.25,126.29000091552734,126.66000366210938,125.16999816894531,120.08013916015625
2016-10-12,3545900,125.8499984741211,126.69000244140625,127.16000366210938,125.70999908447266,120.46049499511719
2016-10-11,5113900,126.8499984741211,125.8499984741211,127.08000183105469,125.45999908447266,119.66178894042969
2016-10-10,4337500,128.4499969482422,127.25,128.94000244140625,127.25,120.99293518066406
2016-10-07,5511900,129.8300018310547,128.30999755859375,130.41000366210938,127.87999725341797,122.0008316040039
2016-10-06,7472400,126.87000274658203,130.19000244140625,130.4499969482422,126.43000030517578,123.78839111328125
2016-10-05,4115400,128.32000732421875,127.58000183105469,129.02999877929688,127.5199966430664,121.30672454833984
2016-10-04,4848600,128.52999877929688,128.1999969482422,129.9199981689453,127.94999694824219,121.89623260498047
2016-10-03,3652700,128.1999969482422,128.5,128.82000732421875,127.97000122070312,122.18148040771484
2016-09-30,6044600,127.87000274658203,128.67999267578125,129.24000549316406,127.62999725341797,122.35263061523438
2016-09-29,5987500,128.5,127.93000030517578,130.74000549316406,127.91000366210938,121.63951110839844
2016-09-28,5751100,127.20999908447266,128.27000427246094,128.52999877929688,127.05999755859375,121.96279907226562
2016-09-27,4433600,125.80000305175781,126.81999969482422,126.98999786376953,125.36000061035156,120.58409118652344
2016-09-26,5338500,127.0999984741211,125.44999694824219,127.2300033569336,125.3499984741211,119.28145599365234
2016-09-23,4464700,128.6300048828125,127.79000091552734,129.1999969482422,127.79000091552734,121.50638580322266
2016-09-22,4099700,128.82000732421875,128.75,129.64999389648438,128.72000122070312,122.419189453125
2016-09-21,5367400,127.5199966430664,128.11000061035156,128.58999633789062,126.55000305175781,121.81065368652344
2016-09-20,3627100,126.86000061035156,126.83000183105469,127.33000183105469,126.33000183105469,120.5936050415039
2016-09-19,4467400,126.68000030517578,126.29000091552734,127.37000274658203,126.16999816894531,120.08013916015625
2016-09-16,6941200,127.0199966430664,126.11000061035156,127.0199966430664,125.69999694824219,119.90900421142578
2016-09-15,5100700,125.97000122070312,126.95999908447266,127.63999938964844,125.70999908447266,120.71719360351562
2016-09-14,4313900,125.61000061035156,126.26000213623047,126.94999694824219,125.56999969482422,120.05162048339844
2016-09-13,6376300,127.73999786376953,125.72000122070312,128.0,125.43000030517578,119.5381851196289
2016-09-12,7882600,126.5,128.58999633789062,128.85000610351562,126.0,122.26705932617188
2016-09-09,6315000,130.63999938964844,127.73999786376953,130.88999938964844,127.7300033569336,121.4588623046875
2016-09-08,5001400,131.5500030517578,131.25999450683594,132.94000244140625,131.1199951171875,124.8057861328125
2016-09-07,4676000,133.3000030517578,132.7899932861328,133.8699951171875,132.16000366210938,126.26054382324219
2016-09-06,4220400,134.9600067138672,134.10000610351562,135.72000122070312,133.8800048828125,127.5061264038086
2016-09-02,3402600,134.77000427246094,135.14999389648438,135.8800048828125,134.5500030517578,128.50448608398438
2016-09-01,3851800,134.47999572753906,134.22999572753906,135.05999755859375,133.66000366210938,127.62970733642578
2016-08-31,4650600,133.88999938964844,134.1199951171875,134.67999267578125,133.60000610351562,127.52513122558594
2016-08-30,3440600,134.8000030517578,134.10000610351562,135.0500030517578,133.6300048828125,127.5061264038086
2016-08-29,3189300,134.86000061035156,135.24000549316406,135.3000030517578,134.5800018310547,127.93399810791016
2016-08-26,4193400,135.42999267578125,134.36000061035156,136.17999267578125,133.9199981689453,127.10152435302734
2016-08-25,3168900,134.72999572753906,135.42999267578125,136.16000366210938,134.3699951171875,128.11375427246094
2016-08-24,4113000,135.77000427246094,135.05999755859375,136.25,134.80999755859375,127.76370239257812
2016-08-23,2961100,135.92999267578125,136.22000122070312,136.5500030517578,135.92999267578125,128.86105346679688
2016-08-22,2752500,135.60000610351562,135.33999633789062,135.85000610351562,135.02000427246094,128.02859497070312
2016-08-19,3959000,134.4199981689453,135.4600067138672,135.75999450683594,134.32000732421875,128.14212036132812
2016-08-18,4430800,136.02999877929688,134.8000030517578,136.14999389648438,134.44000244140625,127.51776885986328
2016-08-17,5222200,135.5,136.14999389648438,136.47000122070312,134.75,128.7948455810547
2016-08-16,7286100,137.64999389648438,136.22999572753906,138.64999389648438,135.66000366210938,128.87051391601562
2016-08-15,6327400,137.11000061035156,137.05999755859375,137.97000122070312,136.92999267578125,129.65567016601562
2016-08-12,4090000,136.0,136.57000732421875,137.38999938964844,135.6300048828125,129.19215393066406
2016-08-11,4158000,136.30999755859375,137.0399932861328,137.5,135.1699981689453,129.6367645263672
2016-08-10,3438000,136.3000030517578,135.60000610351562,136.88999938964844,135.05999755859375,128.27456665039062
2016-08-09,3180400,136.27000427246094,136.11000061035156,137.08999633789062,135.33999633789062,128.7570037841797
2016-08-08,3182800,136.91000366210938,136.2100067138672,137.39999389648438,136.16000366210938,128.85159301757812
2016-08-05,3022100,137.0,136.91000366210938,137.74000549316406,136.60000610351562,129.5137939453125
2016-08-04,3788000,135.7899932861328,136.0500030517578,137.1999969482422,135.4600067138672,128.7002410888672
2016-08-03,3642600,137.1300048828125,137.05999755859375,137.22000122070312,135.6999969482422,129.65567016601562
2016-08-02,3898100,138.91000366210938,137.22000122070312,139.0,136.82000732421875,129.80703735351562
2016-08-01,3157800,138.05999755859375,138.77000427246094,138.94000244140625,137.85000610351562,131.27328491210938
2016-07-29,3662600,137.4600067138672,138.24000549316406,138.72000122070312,137.44000244140625,130.77194213867188
2016-07-28,3230000,136.19000244140625,137.9600067138672,138.1199951171875,136.10000610351562,130.50706481933594
2016-07-27,3019600,137.00999450683594,136.30999755859375,137.69000244140625,135.9600067138672,128.94619750976562
2016-07-26,2575600,136.5,136.75,137.50999450683594,136.05999755859375,129.3624267578125
2016-07-25,3352600,136.5500030517578,136.5,136.85000610351562,136.14999389648438,129.12591552734375
2016-07-22,2627200,136.41000366210938,136.52000427246094,136.63999938964844,135.9600067138672,129.14486694335938
2016-07-21,4938100,136.75999450683594,136.07000732421875,137.13999938964844,135.47000122070312,128.71914672851562
2016-07-20,3092000,137.39999389648438,137.41000366210938,137.4499969482422,136.77000427246094,129.9867706298828
2016-07-19,3831500,136.07000732421875,136.97999572753906,137.0500030517578,135.55999755859375,129.5800018310547
2016-07-18,3730900,135.4600067138672,136.33999633789062,136.47999572753906,134.80999755859375,128.97457885742188
2016-07-15,5323000,135.1199951171875,134.77999877929688,135.58999633789062,134.64999389648438,127.49884033203125
2016-07-14,3122300,134.39999389648438,134.5399932861328,134.7899932861328,133.8300018310547,127.27179718017578
2016-07-13,4235500,134.83999633789062,133.55999755859375,135.1999969482422,133.10000610351562,126.34476470947266
2016-07-12,3615800,135.24000549316406,134.83999633789062,135.99000549316406,134.3000030517578,127.55561065673828
2016-07-11,4577000,134.8300018310547,135.14999389648438,135.8800048828125,134.4499969482422,127.8488540649414
2016-07-08,4806200,132.3300018310547,134.33999633789062,134.36000061035156,132.25,127.0826187133789
2016-07-07,3970300,131.25,131.16000366210938,132.17999267578125,130.55999755859375,124.07443237304688
2016-07-06,4933200,129.1999969482422,131.57000732421875,131.61000061035156,129.02999877929688,124.46227264404297
2016-07-05,4096600,129.60000610351562,129.35000610351562,130.47999572753906,128.5,122.36219024658203
2016-07-01,5645200,128.2899932861328,129.6199951171875,130.22999572753906,128.1199951171875,122.61760711669922
2016-06-30,6642000,127.2699966430664,127.69000244140625,127.86000061035156,126.0999984741211,120.7918701171875
2016-06-29,5782100,127.9000015258789,127.37000274658203,128.47000122070312,126.9000015258789,120.4891586303711
2016-06-28,5385000,125.88999938964844,127.52999877929688,127.52999877929688,125.5999984741211,120.64049530029297
2016-06-27,5656900,125.33999633789062,124.66999816894531,125.75,123.62000274658203,117.93501281738281
2016-06-24,8979800,126.0999984741211,126.4000015258789,127.80000305175781,125.5,119.57154846191406
2016-06-23,4784500,128.97999572753906,128.2899932861328,129.10000610351562,127.44999694824219,121.35943603515625
2016-06-22,3723700,127.69000244140625,127.5999984741211,128.97000122070312,127.4000015258789,120.70672607421875
2016-06-21,3600900,127.95999908447266,127.73999786376953,128.30999755859375,127.29000091552734,120.83917236328125
2016-06-20,3880300,128.1300048828125,127.62000274658203,128.85000610351562,127.41999816894531,120.72564697265625
2016-06-17,7541900,127.5199966430664,127.13999938964844,127.77999877929688,126.7300033569336,120.27156829833984
2016-06-16,4431800,126.05000305175781,127.36000061035156,127.54000091552734,125.66000366210938,120.47969818115234
2016-06-15,5140000,125.73999786376953,126.52999877929688,127.75,125.48999786376953,119.69453430175781
2016-06-14,7303500,127.30999755859375,125.23999786376953,127.44000244140625,124.70999908447266,118.47422790527344
2016-06-13,4830900,128.94000244140625,127.83000183105469,129.4499969482422,127.79000091552734,120.92430877685547
2016-06-10,3926000,128.4499969482422,128.8300018310547,129.22999572753906,128.2100067138672,121.87029266357422
2016-06-09,3450500,129.27000427246094,129.3000030517578,129.83999633789062,129.0399932861328,122.31488800048828
2016-06-08,3742400,130.00999450683594,129.58999633789062,130.2899932861328,129.25,122.58921813964844
2016-06-07,4434000,129.3800048828125,129.9199981689453,130.8000030517578,129.32000732421875,122.90139770507812
2016-06-06,8051700,130.82000732421875,129.19000244140625,130.8699951171875,128.47000122070312,122.2108383178711
2016-06-03,4155900,132.52999877929688,131.74000549316406,132.72999572753906,130.9199981689453,124.62307739257812
2016-06-02,3855700,131.85000610351562,132.41000366210938,132.6999969482422,131.3300018310547,125.25689697265625
2016-06-01,4744300,132.1199951171875,131.8300018310547,132.1199951171875,131.14999389648438,124.70821380615234
2016-05-31,6366900,133.57000732421875,132.1199951171875,133.8000030517578,131.72000122070312,124.9825439453125
2016-05-27,4025300,134.07000732421875,133.94000244140625,134.89999389648438,133.3800048828125,126.051513671875
2016-05-26,3950200,133.1300048828125,134.0500030517578,134.36000061035156,132.86000061035156,126.15501403808594
2016-05-25,5017500,133.4600067138672,133.1999969482422,134.52000427246094,133.0500030517578,125.35511779785156
2016-05-24,5181500,132.17999267578125,133.36000061035156,133.8699951171875,132.0500030517578,125.50565338134766
2016-05-23,3842700,131.83999633789062,131.4199981689453,132.47999572753906,131.3000030517578,123.6799087524414
2016-05-20,5089800,131.88999938964844,131.85000610351562,133.05999755859375,131.75,124.08460998535156
2016-05-19,4577200,131.4499969482422,131.72999572753906,132.1300048828125,130.77999877929688,123.97167205810547
2016-05-18,8258900,131.02999877929688,131.77000427246094,132.77000427246094,130.02000427246094,124.00930786132812
2016-05-17,15989600,133.14999389648438,132.0,134.49000549316406,131.10000610351562,124.22576141357422
2016-05-16,8394800,133.83999633789062,135.33999633789062,136.5500030517578,133.0800018310547,127.3690414428711
2016-05-13,5295800,133.80999755859375,133.1300048828125,135.3300018310547,133.02999877929688,125.28922271728516
2016-05-12,5355600,135.0,134.19000244140625,135.0,133.10000610351562,126.28678894042969
2016-05-11,6058400,136.8000030517578,134.3000030517578,137.0500030517578,134.0399932861328,126.39031219482422
2016-05-10,3650600,136.32000732421875,137.50999450683594,137.82000732421875,136.3000030517578,129.41123962402344
2016-05-09,3552300,135.58999633789062,136.24000549316406,136.47000122070312,135.24000549316406,128.21603393554688
2016-05-06,3356800,134.47999572753906,135.6999969482422,135.80999755859375,134.30999755859375,127.70783233642578
2016-05-05,3474900,134.8699951171875,134.6699981689453,135.3699951171875,133.75,126.73849487304688
2016-05-04,3192100,133.58999633789062,135.16000366210938,135.39999389648438,133.1300048828125,127.19963836669922
2016-05-03,3408700,135.4499969482422,134.5399932861328,135.83999633789062,134.0399932861328,126.61614990234375
2016-05-02,4284400,134.3699951171875,136.0500030517578,136.25,134.30999755859375,128.0372314453125
2016-04-29,4610100,132.7100067138672,133.88999938964844,134.3000030517578,131.75,126.00444030761719
2016-04-28,5553600,134.80999755859375,132.72999572753906,135.44000244140625,132.49000549316406,124.91275024414062
2016-04-27,3488100,135.3699951171875,135.75,136.27999877929688,134.75999450683594,127.75489807128906
2016-04-26,3507200,135.08999633789062,135.33999633789062,136.24000549316406,134.8800048828125,127.3690414428711
2016-04-25,2835400,135.17999267578125,135.64999389648438,135.72999572753906,134.27999877929688,127.66081237792969
2016-04-22,4180900,134.85000610351562,135.66000366210938,135.67999267578125,133.41000366210938,127.67020416259766
2016-04-21,3542200,135.22999572753906,134.60000610351562,135.49000549316406,134.38999938964844,126.6726303100586
2016-04-20,4760200,135.75,135.19000244140625,136.0800018310547,134.47999572753906,127.22789001464844
2016-04-19,4649500,136.8000030517578,135.44000244140625,137.0,134.85000610351562,127.4631576538086
2016-04-18,3964300,134.80999755859375,136.8000030517578,136.8000030517578,134.74000549316406,128.74307250976562
2016-04-15,3508900,134.41000366210938,135.00999450683594,135.27999877929688,133.97000122070312,127.05848693847656
2016-04-14,4171400,133.5,134.3699951171875,134.7100067138672,132.8800048828125,126.45619201660156
2016-04-13,4324800,134.86000061035156,133.83999633789062,134.86000061035156,133.22000122070312,125.95740509033203
2016-04-12,4207200,133.3000030517578,134.3800048828125,134.72000122070312,133.11000061035156,126.46558380126953
2016-04-11,3472700,133.5800018310547,133.00999450683594,135.0800018310547,132.9600067138672,125.17626953125
2016-04-08,2924400,134.6199951171875,133.6199951171875,134.6199951171875,133.05999755859375,125.75035095214844
2016-04-07,3953700,134.72999572753906,133.8699951171875,135.24000549316406,133.1199951171875,125.9856185913086
2016-04-06,3364800,134.25,135.44000244140625,135.74000549316406,133.82000732421875,127.4631576538086
2016-04-05,4068600,134.1999969482422,134.5800018310547,135.6999969482422,133.89999389648438,126.65380859375
2016-04-04,3547600,136.07000732421875,134.85000610351562,136.22999572753906,134.35000610351562,126.90790557861328
2016-04-01,4259400,133.10000610351562,134.85000610351562,135.1999969482422,133.10000610351562,126.90790557861328
2016-03-31,3685900,133.55999755859375,133.42999267578125,134.2899932861328,133.0,125.57154083251953
2016-03-30,3138300,133.11000061035156,133.4199981689453,133.92999267578125,132.83999633789062,125.56214904785156
2016-03-29,3388900,131.0,132.47000122070312,132.89999389648438,130.7100067138672,124.6680679321289
2016-03-28,2621100,130.60000610351562,131.0800018310547,131.80999755859375,130.49000549316406,123.35994720458984
2016-03-24,3448700,129.5399932861328,130.4600067138672,130.75999450683594,129.4600067138672,122.7764663696289
2016-03-23,3625300,130.58999633789062,130.22000122070312,131.17999267578125,129.9499969482422,122.55059814453125
2016-03-22,3946500,130.61000061035156,130.58999633789062,131.22000122070312,129.9199981689453,122.89879608154297
2016-03-21,3817000,131.52999877929688,131.00999450683594,132.1300048828125,130.27000427246094,123.29405975341797
2016-03-18,8069200,131.13999938964844,131.35000610351562,132.08999633789062,130.8300018310547,123.61404418945312
2016-03-17,4130900,130.10000610351562,130.8800048828125,131.19000244140625,129.32000732421875,123.17174530029297
2016-03-16,3609600,129.6300048828125,130.4499969482422,131.11000061035156,128.80999755859375,122.76705932617188
2016-03-15,4033900,128.77999877929688,129.7100067138672,130.47999572753906,128.6199951171875,122.07064819335938
2016-03-14,3653200,128.42999267578125,128.83999633789062,129.66000366210938,128.10000610351562,121.25188446044922
2016-03-11,4626600,126.97000122070312,128.4600067138672,128.75999450683594,126.7300033569336,120.8942642211914
2016-03-10,4500000,126.19999694824219,125.88999938964844,127.0,124.30999755859375,118.47561645507812
2016-03-09,4047000,127.02999877929688,126.02999877929688,127.5199966430664,125.33000183105469,118.60736846923828
2016-03-08,5280900,125.22000122070312,126.72000122070312,128.1999969482422,125.0,119.25672149658203
2016-03-07,4161200,125.01000213623047,126.16999816894531,126.54000091552734,125.01000213623047,118.08976745605469
2016-03-04,6448200,127.37000274658203,125.55999755859375,127.5,125.16000366210938,117.51882934570312
2016-03-03,4978000,125.19999694824219,126.80000305175781,127.26000213623047,124.77999877929688,118.67942810058594
2016-03-02,3967500,125.4800033569336,125.58999633789062,125.87000274658203,124.45999908447266,117.54690551757812
2016-03-01,4916900,124.77999877929688,125.69999694824219,125.97000122070312,123.9800033569336,117.64985656738281
2016-02-29,5575300,126.26000213623047,124.12000274658203,126.98999786376953,124.05000305175781,116.17105102539062
2016-02-26,4608200,127.58999633789062,126.26000213623047,127.75,125.93000030517578,118.17398071289062
2016-02-25,4731800,125.76000213623047,126.86000061035156,126.86000061035156,124.88999938964844,118.7355728149414
2016-02-24,7935500,124.05000305175781,125.61000061035156,125.77999877929688,122.91999816894531,117.56562805175781
2016-02-23,11168700,127.0,124.52999877929688,127.19000244140625,123.3499984741211,116.5547866821289
2016-02-22,7796900,123.0,122.8499984741211,124.47000122070312,122.12999725341797,114.98238372802734
2016-02-19,5435500,119.81999969482422,121.69000244140625,121.69999694824219,118.75,113.89669036865234
2016-02-18,4460700,120.93000030517578,119.97000122070312,121.11000061035156,119.55999755859375,112.28683471679688
2016-02-17,5970700,120.44999694824219,121.20999908447266,121.68000030517578,119.87000274658203,113.44741821289062
2016-02-16,6966400,118.12000274658203,119.43000030517578,120.0,117.69999694824219,111.78140258789062
2016-02-12,5361600,114.87999725341797,116.31999969482422,116.43000030517578,113.5199966430664,108.87057495117188
2016-02-11,6447100,113.08000183105469,113.2699966430664,114.19000244140625,112.22000122070312,106.01590728759766
2016-02-10,5307600,114.5,114.33000183105469,116.16000366210938,114.05000305175781,107.00802612304688
2016-02-09,7502100,110.94000244140625,113.86000061035156,115.29000091552734,110.68000030517578,106.56813049316406
2016-02-08,11286600,114.93000030517578,111.8499984741211,115.97000122070312,109.62000274658203,104.68685150146484
2016-02-05,8117700,120.88999938964844,116.43000030517578,121.0,115.69000244140625,108.97354125976562
2016-02-04,9082100,123.6500015258789,121.11000061035156,123.9000015258789,119.44999694824219,113.35382080078125
2016-02-03,7485700,126.0199966430664,123.79000091552734,126.16000366210938,121.54000091552734,115.86219787597656
2016-02-02,5832200,125.41000366210938,125.2699966430664,126.43000030517578,124.70999908447266,117.24739074707031
2016-02-01,4674100,124.91999816894531,126.51000213623047,127.08999633789062,123.98999786376953,118.40798950195312
2016-01-29,7616200,123.16999816894531,125.76000213623047,125.76000213623047,122.75,117.7060317993164
2016-01-28,4871600,121.97000122070312,122.27999877929688,122.69000244140625,120.30999755859375,114.44888305664062
2016-01-27,5431000,122.45999908447266,121.56999969482422,124.31999969482422,120.86000061035156,113.78437042236328
2016-01-26,4469100,121.7300033569336,122.19999694824219,122.44999694824219,120.63999938964844,114.37400817871094
2016-01-25,4854700,123.37999725341797,121.70999908447266,123.8499984741211,121.55999755859375,113.91539001464844
2016-01-22,6554500,121.63999938964844,122.76000213623047,124.66999816894531,121.58000183105469,114.89815521240234
2016-01-21,8993900,117.37999725341797,120.22000122070312,121.94000244140625,117.13999938964844,112.52079772949219
2016-01-20,11331400,117.88999938964844,116.45999908447266,118.66000366210938,113.58999633789062,109.00161743164062
2016-01-19,6350700,120.54000091552734,119.76000213623047,121.88999938964844,118.80000305175781,112.09027862548828
2016-01-15,10515000,117.12000274658203,119.2300033569336,121.1500015258789,116.0999984741211,111.59422302246094
2016-01-14,13389100,121.29000091552734,119.62000274658203,121.5199966430664,118.19999694824219,111.959228515625
2016-01-13,8932200,127.47000122070312,121.4000015258789,127.47000122070312,120.97000122070312,113.625244140625
2016-01-12,5695700,126.77999877929688,127.48999786376953,128.8000030517578,125.83000183105469,119.32522583007812
2016-01-11,6771300,124.87000274658203,125.77999877929688,126.08000183105469,124.08999633789062,117.72473907470703
2016-01-08,7104500,126.44000244140625,123.9000015258789,126.52999877929688,123.5,115.96514129638672
2016-01-07,12551000,126.93000030517578,125.4000015258789,127.87999725341797,124.69999694824219,117.36907196044922
2016-01-06,8199600,129.0,129.0800018310547,129.89999389648438,128.55999755859375,120.81340789794922
2016-01-05,5320900,131.14999389648438,130.42999267578125,131.94000244140625,130.0500030517578,122.07693481445312
2016-01-04,8050900,130.11000061035156,131.07000732421875,131.07000732421875,129.4499969482422,122.67595672607422
2015-12-31,3178700,133.0800018310547,132.25,133.57000732421875,132.24000549316406,123.78038787841797
2015-12-30,2484700,133.5800018310547,133.35000610351562,134.05999755859375,133.27999877929688,124.8099594116211
2015-12-29,3037400,133.3699951171875,133.6999969482422,134.3300018310547,133.27999877929688,125.13752746582031
2015-12-28,2607200,132.25,132.67999267578125,132.89999389648438,131.88999938964844,124.18284606933594
2015-12-24,1517100,132.8000030517578,132.89999389648438,133.47999572753906,132.66000366210938,124.38875579833984
2015-12-23,3244800,132.49000549316406,133.11000061035156,133.33999633789062,131.8800048828125,124.58531188964844
2015-12-22,3384900,131.3699951171875,131.8800048828125,132.27999877929688,130.4600067138672,123.43406677246094
2015-12-21,3414800,131.0,131.30999755859375,131.61000061035156,130.17999267578125,122.90057373046875
2015-12-18,9840600,130.72999572753906,130.2899932861328,131.30999755859375,130.00999450683594,121.94591522216797
2015-12-17,4345800,133.05999755859375,131.35000610351562,133.5399932861328,131.0,122.93804168701172
2015-12-16,4711700,132.1699981689453,132.89999389648438,133.27999877929688,130.36000061035156,124.38875579833984
2015-12-15,4921800,132.6199951171875,131.2899932861328,133.49000549316406,131.19000244140625,122.8818588256836
2015-12-14,5911900,131.08999633789062,132.00999450683594,132.1300048828125,130.7100067138672,123.55575561523438
2015-12-11,5300800,132.5399932861328,130.44000244140625,132.5399932861328,130.30999755859375,122.08629608154297
2015-12-10,4185600,131.9600067138672,132.5399932861328,133.58999633789062,131.8000030517578,124.05179595947266
2015-12-09,5055600,133.2100067138672,131.89999389648438,134.77999877929688,131.50999450683594,123.45279693603516
2015-12-08,4731400,132.7100067138672,133.83999633789062,134.55999755859375,132.41000366210938,125.26856231689453
2015-12-07,5444300,134.0,133.92999267578125,134.7899932861328,133.19000244140625,125.352783203125
2015-12-04,5387100,131.5500030517578,134.52999877929688,134.8300018310547,131.35000610351562,125.91436004638672
2015-12-03,6688000,133.52000427246094,130.92999267578125,134.1199951171875,130.8000030517578,122.544921875
2015-12-02,5022700,134.55999755859375,133.80999755859375,134.64999389648438,133.57000732421875,125.24047088623047
2015-12-01,5267600,133.52000427246094,134.42999267578125,134.6300048828125,133.25999450683594,125.82074737548828
2015-11-30,8057900,135.1999969482422,133.8800048828125,135.32000732421875,133.00999450683594,124.75379943847656
2015-11-27,3337700,134.80999755859375,134.74000549316406,135.47000122070312,134.52999877929688,125.5551528930664
2015-11-25,5300900,133.69000244140625,134.64999389648438,135.24000549316406,133.5500030517578,125.47128295898438
2015-11-24,6672700,131.92999267578125,133.60000610351562,133.92999267578125,131.74000549316406,124.49288940429688
2015-11-23,6329700,130.2100067138672,132.5,132.63999938964844,130.2100067138672,123.46784973144531
2015-11-20,8191900,127.36000061035156,130.2100067138672,130.2100067138672,127.08999633789062,121.333984375
2015-11-19,4662200,126.52999877929688,126.86000061035156,127.62000274658203,125.94999694824219,118.21231079101562
2015-11-18,6502000,126.44000244140625,126.54000091552734,126.7300033569336,124.66000366210938,117.91413879394531
2015-11-17,10517100,124.86000061035156,126.18000030517578,126.33999633789062,123.0999984741211,117.57867431640625
2015-11-16,7785700,120.05000305175781,120.83999633789062,121.02999877929688,118.61000061035156,112.60266876220703
2015-11-13,8728800,123.0999984741211,120.0,123.25,119.9000015258789,111.81993865966797
2015-11-12,4285700,124.18000030517578,123.80999755859375,124.97000122070312,123.05999755859375,115.37022399902344
2015-11-11,3240200,125.43000030517578,124.70999908447266,125.43000030517578,124.5199966430664,116.2088851928711
2015-11-10,3872900,124.48999786376953,125.26000213623047,125.41000366210938,124.04000091552734,116.72138977050781
2015-11-09,4988800,125.80000305175781,124.5,126.12000274658203,123.70999908447266,116.01319885253906
2015-11-06,3752000,125.2699966430664,125.9800033569336,126.11000061035156,124.81999969482422,117.39230346679688
2015-11-05,3059400,125.45999908447266,125.72000122070312,126.01000213623047,124.94999694824219,117.15003204345703
2015-11-04,4101200,125.4800033569336,125.37999725341797,125.87000274658203,124.62000274658203,116.83320617675781
2015-11-03,4313700,124.2300033569336,125.66000366210938,126.04000091552734,123.80999755859375,117.09413146972656
2015-11-02,3715600,124.23999786376953,124.41000366210938,124.63999938964844,123.37999725341797,115.92931365966797
2015-10-30,4991500,123.2699966430664,123.63999938964844,124.75,123.2699966430664,115.2118148803711
2015-10-29,4562700,123.41999816894531,123.62999725341797,124.06999969482422,122.75,115.20249938964844
2015-10-28,6821500,124.37999725341797,123.81999969482422,124.58999633789062,122.22000122070312,115.37954711914062
2015-10-27,3674800,124.51000213623047,124.47000122070312,125.08999633789062,123.81999969482422,115.98524475097656
2015-10-26,4550200,124.55000305175781,125.01000213623047,125.66000366210938,124.0199966430664,116.4884262084961
2015-10-23,5281600,125.01000213623047,124.61000061035156,125.75,122.97000122070312,116.1156997680664
2015-10-22,5855300,123.9000015258789,124.36000061035156,124.4800033569336,122.87999725341797,115.88272857666016
2015-10-21,3491800,123.29000091552734,123.30000305175781,124.0199966430664,122.75,114.89498901367188
2015-10-20,3279100,122.88999938964844,122.8499984741211,123.16999816894531,122.3499984741211,114.47566986083984
2015-10-19,3097700,122.61000061035156,123.0999984741211,123.19999694824219,122.19999694824219,114.70863342285156
2015-10-16,4068800,121.62999725341797,122.73999786376953,122.81999969482422,121.62999725341797,114.37315368652344
2015-10-15,3448900,120.62000274658203,121.80999755859375,122.02999877929688,120.4000015258789,113.50655364990234
2015-10-14,5200400,121.33000183105469,120.2699966430664,121.87999725341797,119.55999755859375,112.071533203125
2015-10-13,2971400,121.7699966430664,121.61000061035156,122.29000091552734,121.13999938964844,113.32019805908203
2015-10-12,2861900,121.48999786376953,121.9000015258789,122.44999694824219,121.0,113.59042358398438
2015-10-09,3893500,121.2699966430664,121.33000183105469,121.5,120.47000122070312,113.05928802490234
2015-10-08,4958200,119.30999755859375,121.05999755859375,121.2300033569336,119.1500015258789,112.80767822265625
2015-10-07,4680100,119.19999694824219,119.6500015258789,119.83999633789062,118.48999786376953,111.49380493164062
2015-10-06,5275400,119.0999984741211,118.68000030517578,119.19999694824219,117.97000122070312,110.58992004394531
2015-10-05,4528700,118.75,119.19999694824219,119.29000091552734,117.91000366210938,111.07447814941406
2015-10-02,4359800,115.55999755859375,117.80999755859375,117.9000015258789,114.70999908447266,109.77922821044922
2015-10-01,5215200,116.2300033569336,117.02999877929688,117.12999725341797,114.73999786376953,109.0523910522461
2015-09-30,5372100,114.37000274658203,115.48999786376953,115.62999725341797,114.0,107.61737823486328
2015-09-29,7908800,114.20999908447266,112.91000366210938,114.93000030517578,111.80000305175781,105.2132568359375
2015-09-28,5994600,116.52999877929688,114.0999984741211,117.37999725341797,113.8499984741211,106.32212829589844
2015-09-25,5478900,117.2300033569336,116.73999786376953,118.16999816894531,116.04000091552734,108.78216552734375
2015-09-24,5172300,115.33999633789062,116.33999633789062,116.6500015258789,114.83999633789062,108.409423828125
2015-09-23,4084900,115.8499984741211,116.16999816894531,116.55000305175781,115.66000366210938,108.25102233886719
2015-09-22,4631600,115.4000015258789,115.80000305175781,116.38999938964844,114.88999938964844,107.90624237060547
2015-09-21,5201100,115.95999908447266,116.58000183105469,117.11000061035156,115.2699966430664,108.63307189941406
2015-09-18,11263400,116.51000213623047,115.12000274658203,117.19999694824219,114.9800033569336,107.27261352539062
2015-09-17,6607100,118.33000183105469,117.91000366210938,119.81999969482422,117.2699966430664,109.87240600585938
2015-09-16,5285100,116.08000183105469,117.81999969482422,118.02999877929688,115.97000122070312,109.78854370117188
2015-09-15,4983800,114.77999877929688,116.18000030517578,116.62999725341797,113.9000015258789,108.26033782958984
2015-09-14,4248700,115.5,114.7300033569336,115.68000030517578,114.41999816894531,106.9092025756836
2015-09-11,4472800,113.97000122070312,115.44000244140625,115.45999908447266,113.69999694824219,107.57079315185547
2015-09-10,5259100,114.0,114.48999786376953,115.41000366210938,113.69000244140625,106.68553161621094
2015-09-09,5260700,117.11000061035156,113.97000122070312,117.47000122070312,113.69999694824219,106.20099639892578
2015-09-08,5775800,115.69000244140625,116.43000030517578,116.63999938964844,114.7300033569336,108.49330139160156
2015-09-04,5752000,114.68000030517578,114.41999816894531,115.69000244140625,113.48999786376953,106.62030792236328
2015-09-03,5302900,117.02999877929688,116.5999984741211,118.08000183105469,116.18000030517578,108.6517105102539
2015-09-02,6487400,114.83000183105469,116.4800033569336,116.4800033569336,114.31999969482422,108.5398941040039
2015-09-01,7392900,113.98999786376953,113.06999969482422,114.75,112.55999755859375,105.36233520507812
2015-08-31,5401700,117.01000213623047,116.45999908447266,117.48999786376953,115.93000030517578,107.9714584350586
2015-08-28,5016000,117.43000030517578,117.5199966430664,118.45999908447266,116.91999816894531,108.9542007446289
2015-08-27,7579100,117.5,117.66000366210938,118.08999633789062,115.33000183105469,109.08399963378906
2015-08-26,9313200,114.05999755859375,115.93000030517578,116.02999877929688,112.08000183105469,107.48009490966797
2015-08-25,10221100,117.0,110.97000122070312,117.0,110.88999938964844,102.88163757324219
2015-08-24,13983100,110.05000305175781,112.54000091552734,115.87999725341797,92.16999816894531,104.33720397949219
2015-08-21,10190700,119.54000091552734,116.16000366210938,120.36000061035156,116.1500015258789,107.69335174560547
2015-08-20,5555500,121.9800033569336,120.54000091552734,122.52999877929688,120.54000091552734,111.75408935546875
2015-08-19,6490300,122.66999816894531,122.76000213623047,123.79000091552734,122.12999725341797,113.81229400634766
2015-08-18,11021900,121.83000183105469,122.80000305175781,123.80000305175781,121.1500015258789,113.84937286376953
2015-08-17,7255600,119.0999984741211,119.69999694824219,120.75,118.7300033569336,110.97531127929688
2015-08-14,5133700,119.30000305175781,119.75,119.88999938964844,118.45999908447266,111.02167510986328
2015-08-13,6255500,118.0,119.0199966430664,120.13999938964844,117.79000091552734,110.34488677978516
2015-08-12,4575800,117.12999725341797,117.69000244140625,117.87999725341797,115.69999694824219,109.11181640625
2015-08-11,3761900,117.0199966430664,117.69000244140625,118.13999938964844,116.76000213623047,109.11181640625
2015-08-10,3408900,117.52999877929688,117.5999984741211,118.33999633789062,117.36000061035156,109.02838897705078
2015-08-07,3986100,116.69999694824219,116.93000030517578,117.16000366210938,115.77999877929688,108.40721893310547
2015-08-06,4768900,118.38999938964844,116.55999755859375,118.5,116.06999969482422,108.0641860961914
2015-08-05,4299100,118.37999725341797,118.0,118.52999877929688,117.0999984741211,109.39921569824219
2015-08-04,3008200,116.62999725341797,117.52999877929688,117.81999969482422,116.25,108.9634780883789
2015-08-03,3645000,117.62000274658203,116.88999938964844,117.69999694824219,116.16000366210938,108.37012481689453
2015-07-31,4301200,116.9800033569336,117.02999877929688,118.12999725341797,116.37000274658203,108.49993133544922
2015-07-30,3291100,115.94000244140625,116.45999908447266,116.73999786376953,115.3499984741211,107.9714584350586
2015-07-29,5104000,115.16000366210938,116.37000274658203,116.76000213623047,115.11000061035156,107.88804626464844
2015-07-28,4176800,113.76000213623047,114.83999633789062,115.02999877929688,113.18000030517578,106.46954345703125
2015-07-27,4468200,113.37000274658203,113.06999969482422,113.88999938964844,112.70999908447266,104.82858276367188
2015-07-24,4427800,114.73999786376953,113.58999633789062,115.2300033569336,113.43000030517578,105.31065368652344
2015-07-23,4308900,115.20999908447266,114.58999633789062,116.11000061035156,114.43000030517578,106.23778533935547
2015-07-22,5485200,113.95999908447266,114.9000015258789,115.08000183105469,113.80000305175781,106.52518463134766
2015-07-21,4660600,113.41000366210938,113.86000061035156,113.97000122070312,112.68000030517578,105.56098937988281
2015-07-20,6107500,112.25,113.41000366210938,114.11000061035156,112.16999816894531,105.1437759399414
2015-07-17,5497600,114.48999786376953,114.47000122070312,115.0,114.0,106.12650299072266
2015-07-16,5234800,115.87000274658203,114.7300033569336,115.91000366210938,113.83000183105469,106.3675765991211
2015-07-15,3364600,115.41999816894531,115.58000183105469,116.1500015258789,115.06999969482422,107.15562438964844
2015-07-14,3688900,114.5,115.36000061035156,115.52999877929688,114.38999938964844,106.95166015625
2015-07-13,4171900,114.20999908447266,114.9000015258789,115.0199966430664,114.06999969482422,106.52518463134766
2015-07-10,4631400,112.66999816894531,113.0999984741211,113.4800033569336,112.08999633789062,104.85637664794922
2015-07-09,3643700,112.31999969482422,111.37999725341797,112.58999633789062,111.19999694824219,103.26174926757812
2015-07-08,3794100,111.72000122070312,111.0,112.45999908447266,110.80000305175781,102.909423828125
2015-07-07,5515900,111.72000122070312,112.4000015258789,112.63999938964844,110.69999694824219,104.20738220214844
2015-07-06,3864700,110.2699966430664,111.31999969482422,111.93000030517578,110.16999816894531,103.20612335205078
2015-07-02,3845000,112.58000183105469,111.48999786376953,112.75,111.0999984741211,103.36372375488281
2015-07-01,4216200,112.44999694824219,112.06999969482422,112.80999755859375,111.47000122070312,103.90144348144531
2015-06-30,5938800,111.1500015258789,111.12999725341797,111.76000213623047,110.58999633789062,103.02997589111328
2015-06-29,5187400,111.55999755859375,110.54000091552734,112.31999969482422,110.45999908447266,102.48297119140625
2015-06-26,4208500,112.7699966430664,112.5999984741211,113.33999633789062,112.2300033569336,104.392822265625
2015-06-25,4466300,113.23999786376953,112.23999786376953,113.70999908447266,112.23999786376953,104.05907440185547
2015-06-24,3716100,112.94000244140625,112.3499984741211,113.68000030517578,112.3499984741211,104.16104125976562
2015-06-23,3075900,113.23999786376953,113.18000030517578,113.58999633789062,112.93000030517578,104.93055725097656
2015-06-22,3190200,112.93000030517578,113.06999969482422,113.62000274658203,112.77999877929688,104.82858276367188
2015-06-19,9255100,111.63999938964844,112.43000030517578,113.30000305175781,111.44000244140625,104.23521423339844
2015-06-18,7222600,111.05999755859375,111.8499984741211,112.30000305175781,110.76000213623047,103.69746398925781
2015-06-17,5722200,110.7300033569336,110.47000122070312,111.29000091552734,109.95999908447266,102.41806030273438
2015-06-16,3466600,109.9000015258789,110.2300033569336,110.44999694824219,109.75,102.19556427001953
2015-06-15,3965200,110.2300033569336,110.01000213623047,110.45999908447266,109.55000305175781,101.99160766601562
2015-06-12,4301900,110.88999938964844,110.5999984741211,111.58999633789062,110.41999816894531,102.53860473632812
2015-06-11,3642800,111.0,111.29000091552734,112.33000183105469,111.0,103.17830657958984
2015-06-10,3967900,109.9000015258789,110.9800033569336,111.19000244140625,109.38999938964844,102.89090728759766
2015-06-09,3659000,109.79000091552734,109.52999877929688,110.25,109.02999877929688,101.54659271240234
2015-06-08,3449000,110.13999938964844,109.93000030517578,110.80999755859375,109.83000183105469,101.91743469238281
2015-06-05,4505400,111.33999633789062,110.37000274658203,111.36000061035156,110.2699966430664,102.32537078857422
2015-06-04,4328600,112.5199966430664,111.45999908447266,113.16000366210938,111.16999816894531,103.33592987060547
2015-06-03,6337500,111.72000122070312,113.16000366210938,113.4800033569336,111.44999694824219,104.9120101928711
2015-06-02,6086200,110.75,111.58999633789062,112.18000030517578,110.63999938964844,103.4564437866211
2015-06-01,5114500,111.97000122070312,111.66999816894531,112.33999633789062,111.25,102.9836196899414
2015-05-29,5106300,111.83999633789062,111.41999816894531,112.58999633789062,111.37000274658203,102.7530517578125
2015-05-28,2806100,111.91000366210938,112.19000244140625,112.69999694824219,111.86000061035156,103.4631576538086
2015-05-27,4147800,111.04000091552734,112.16000366210938,112.52999877929688,110.80999755859375,103.43550872802734
2015-05-26,4612600,112.0,110.93000030517578,112.18000030517578,110.69000244140625,102.30118560791016
2015-05-22,3694000,111.87000274658203,112.16000366210938,112.52999877929688,111.45999908447266,103.43550872802734
2015-05-21,4238600,111.9800033569336,112.01000213623047,112.33000183105469,111.62000274658203,103.29717254638672
2015-05-20,7004500,112.19000244140625,112.0999984741211,112.88999938964844,111.22000122070312,103.38015747070312
2015-05-19,11133200,116.12000274658203,112.33999633789062,116.4800033569336,112.33999633789062,103.60149383544922
2015-05-18,6836400,113.87000274658203,114.33000183105469,114.5999984741211,113.16000366210938,105.43671417236328
2015-05-15,4575800,111.91999816894531,113.3499984741211,113.4000015258789,111.81999969482422,104.53292846679688
2015-05-14,3815700,112.05000305175781,111.94000244140625,112.22000122070312,110.83000183105469,103.23262023925781
2015-05-13,4340700,112.91999816894531,111.19000244140625,112.94999694824219,111.0999984741211,102.54096221923828
2015-05-12,4053800,111.12000274658203,112.5199966430664,112.81999969482422,110.83000183105469,103.76749420166016
2015-05-11,3725200,112.23999786376953,111.9000015258789,112.91000366210938,111.80999755859375,103.19572448730469
2015-05-08,6435300,112.4000015258789,112.47000122070312,113.4800033569336,112.11000061035156,103.72137451171875
2015-05-07,5400200,108.4000015258789,110.04000091552734,110.72000122070312,108.25,101.48041534423828
2015-05-06,3996600,108.19999694824219,108.30999755859375,108.91000366210938,107.23999786376953,99.88497161865234
2015-05-05,4164800,109.19999694824219,108.05999755859375,109.87999725341797,107.9800033569336,99.6544189453125
2015-05-04,3366800,109.94000244140625,110.05999755859375,110.44999694824219,109.31999969482422,101.49884796142578
2015-05-01,6696900,106.9800033569336,109.55000305175781,109.79000091552734,106.8499984741211,101.02853393554688
2015-04-30,9041600,108.55999755859375,106.9800033569336,109.20999908447266,106.62000274658203,98.65843200683594
2015-04-29,7238900,110.16999816894531,108.70999908447266,110.30999755859375,108.06999969482422,100.25385284423828
2015-04-28,5743300,110.9000015258789,110.58000183105469,111.7699966430664,110.05000305175781,101.9783935546875
2015-04-27,5618000,114.05000305175781,111.38999938964844,114.11000061035156,111.27999877929688,102.72539520263672
2015-04-24,2878300,113.87999725341797,113.69999694824219,114.04000091552734,112.9000015258789,104.8556900024414
2015-04-23,3945300,112.73999786376953,113.95999908447266,114.51000213623047,112.55999755859375,105.09548950195312
2015-04-22,4065500,113.19999694824219,112.98999786376953,113.30999755859375,112.19000244140625,104.20093536376953
2015-04-21,3899500,113.5,113.16999816894531,113.9800033569336,112.5,104.3669204711914
2015-04-20,4396300,113.0,112.86000061035156,113.69000244140625,112.68000030517578,104.08106231689453
2015-04-17,6245200,112.91000366210938,112.0999984741211,113.11000061035156,111.7699966430664,103.38015747070312
2015-04-16,4013000,113.33999633789062,113.37000274658203,113.98999786376953,113.0199966430664,104.55138397216797
2015-04-15,4210800,114.58000183105469,113.44999694824219,115.20999908447266,113.37999725341797,104.6251449584961
2015-04-14,3988200,114.19999694824219,114.05000305175781,114.9800033569336,113.11000061035156,105.17847442626953
2015-04-13,2982000,114.95999908447266,114.44000244140625,115.43000030517578,114.3499984741211,105.53814697265625
2015-04-10,3658100,114.47000122070312,115.23999786376953,115.6500015258789,114.41999816894531,106.27592468261719
2015-04-09,4674000,115.45999908447266,114.56999969482422,116.25,114.13999938964844,105.65803527832031
2015-04-08,3753500,113.97000122070312,115.58999633789062,115.80999755859375,113.83000183105469,106.59869384765625
2015-04-07,3188300,114.83000183105469,114.30000305175781,115.79000091552734,114.2300033569336,105.40904998779297
2015-04-06,3248900,113.44999694824219,114.94999694824219,115.55000305175781,113.41000366210938,106.00846099853516
2015-04-02,4064800,112.61000061035156,114.54000091552734,114.91999816894531,112.5199966430664,105.63037109375
2015-04-01,4733600,113.87999725341797,113.12999725341797,114.0,112.43000030517578,104.33003997802734
2015-03-31,4128800,113.69999694824219,113.61000061035156,115.37000274658203,113.55000305175781,104.77271270751953
2015-03-30,3968400,114.95999908447266,114.62999725341797,116.05000305175781,114.52999877929688,105.7133560180664
2015-03-27,3867500,112.08000183105469,113.86000061035156,114.2300033569336,112.0,105.00325775146484
2015-03-26,5409600,113.36000061035156,112.37000274658203,113.43000030517578,111.58000183105469,103.62918090820312
2015-03-25,4725800,115.95999908447266,113.68000030517578,116.61000061035156,113.63999938964844,104.83726501464844
2015-03-24,4026900,116.19999694824219,116.1500015258789,117.83000183105469,116.04000091552734,107.1151123046875
2015-03-23,4084900,117.04000091552734,116.06999969482422,117.75,116.06999969482422,107.0413589477539
2015-03-20,8446000,115.55000305175781,117.48999786376953,117.98999786376953,115.33000183105469,108.35089874267578
2015-03-19,3545600,116.20999908447266,115.16000366210938,116.43000030517578,115.06999969482422,106.20214080810547
2015-03-18,4771300,115.41000366210938,116.08000183105469,116.41999816894531,113.30999755859375,107.05058288574219
2015-03-17,3714600,115.44999694824219,115.58000183105469,116.08000183105469,115.13999938964844,106.58946990966797
2015-03-16,4820300,115.33000183105469,116.5,116.61000061035156,115.31999969482422,107.43789672851562
2015-03-13,4626900,115.98999786376953,114.81999969482422,116.30999755859375,114.0,105.88858032226562
2015-03-12,5742000,113.8499984741211,116.0999984741211,116.45999908447266,113.7699966430664,107.06903076171875
2015-03-11,4356500,112.68000030517578,113.06999969482422,113.80000305175781,112.41000366210938,104.27471160888672
2015-03-10,5670600,113.8499984741211,112.55999755859375,114.33999633789062,112.55999755859375,103.80438232421875
2015-03-09,5351200,114.37999725341797,115.25,115.4800033569336,114.37000274658203,105.74102783203125
2015-03-06,5169200,115.95999908447266,114.44999694824219,115.95999908447266,114.0,105.00704193115234
2015-03-05,4088700,115.2300033569336,115.91000366210938,116.0999984741211,115.05999755859375,106.34657287597656
2015-03-04,3797000,115.38999938964844,114.76000213623047,115.47000122070312,114.25,105.29145812988281
2015-03-03,3784800,116.11000061035156,116.06999969482422,116.12000274658203,114.80000305175781,106.49337768554688
2015-03-02,5971900,114.86000061035156,116.12000274658203,117.05999755859375,114.86000061035156,106.53925323486328
2015-02-27,5732600,115.19000244140625,114.75,115.66999816894531,114.55999755859375,105.28227233886719
2015-02-26,5649900,116.0,115.37999725341797,116.41999816894531,115.19999694824219,105.86030578613281
2015-02-25,7328200,117.3499984741211,116.30999755859375,117.3499984741211,115.8499984741211,106.71357727050781
2015-02-24,12766600,117.5,116.75,117.91999816894531,115.12999725341797,107.11726379394531
2015-02-23,5638000,112.98999786376953,112.27999877929688,113.16000366210938,111.80000305175781,103.01608276367188
2015-02-20,7276100,110.80999755859375,112.23999786376953,112.25,110.05000305175781,102.9793701171875
2015-02-19,5910600,112.01000213623047,110.94000244140625,112.44999694824219,110.63999938964844,101.7866439819336
2015-02-18,3726500,111.5999984741211,111.98999786376953,112.16999816894531,111.0,102.75
2015-02-17,6028600,111.69000244140625,112.0,112.2300033569336,110.62000274658203,102.75919342041016
2015-02-13,5098600,112.01000213623047,111.88999938964844,112.38999938964844,111.30000305175781,102.65824890136719
2015-02-12,4592200,110.80999755859375,112.16000366210938,112.19999694824219,110.20999908447266,102.90599060058594
2015-02-11,4552900,110.5999984741211,110.30999755859375,110.80000305175781,109.80999755859375,101.20863342285156
2015-02-10,5414400,108.79000091552734,110.66999816894531,110.8499984741211,108.66000366210938,101.5389175415039
2015-02-09,4243800,108.87999725341797,108.33999633789062,109.45999908447266,108.04000091552734,99.40113830566406
2015-02-06,4178800,109.27999877929688,109.04000091552734,109.73999786376953,108.45999908447266,100.04339599609375
2015-02-05,4471800,108.9800033569336,108.98999786376953,109.33999633789062,108.1500015258789,99.99752044677734
2015-02-04,6765200,107.08999633789062,108.41000366210938,109.0,106.75,99.46537780761719
2015-02-03,5969200,104.88999938964844,107.23999786376953,107.31999969482422,104.80999755859375,98.39189910888672
2015-02-02,5012800,104.77999877929688,104.43000030517578,105.0,101.56999969482422,95.81375122070312
2015-01-30,7000000,106.36000061035156,104.41999816894531,106.86000061035156,104.37999725341797,95.80458068847656
2015-01-29,6529300,105.13999938964844,107.62000274658203,107.73999786376953,104.51000213623047,98.74055480957031
2015-01-28,4917300,105.30999755859375,104.73999786376953,107.43000030517578,104.5999984741211,96.09819030761719
2015-01-27,4606500,104.77999877929688,105.16000366210938,105.80999755859375,104.4000015258789,96.4835205078125
2015-01-26,4189700,105.36000061035156,106.36000061035156,106.5,105.05999755859375,97.58452606201172
2015-01-23,4072300,106.20999908447266,105.37000274658203,106.4800033569336,105.30999755859375,96.67620849609375
2015-01-22,5804100,104.37999725341797,106.06999969482422,106.30999755859375,103.54000091552734,97.31845092773438
2015-01-21,5899200,103.05000305175781,103.52999877929688,104.05999755859375,102.5,94.9880142211914
2015-01-20,5331300,104.83999633789062,103.25,104.94999694824219,102.3499984741211,94.73110961914062
2015-01-16,6403800,100.86000061035156,104.12000274658203,104.30999755859375,100.23999786376953,95.52933502197266
2015-01-15,6895000,103.31999969482422,101.01000213623047,103.6500015258789,100.81999969482422,92.67593383789062
2015-01-14,5384400,102.41999816894531,102.63999938964844,103.41000366210938,101.87999725341797,94.17145538330078
2015-01-13,5395200,105.41000366210938,103.7300033569336,106.04000091552734,103.1500015258789,95.17150115966797
2015-01-12,4990400,105.16999816894531,104.41999816894531,105.29000091552734,104.05999755859375,95.80458068847656
2015-01-09,5717100,106.87999725341797,104.88999938964844,106.87999725341797,104.81999969482422,96.23579406738281
2015-01-08,6464600,105.37000274658203,106.72000122070312,106.98999786376953,105.0199966430664,97.91482543945312
2015-01-07,5091000,102.29000091552734,104.41000366210938,104.47000122070312,102.0,95.79541015625
2015-01-06,4910100,102.06999969482422,100.94999694824219,102.06999969482422,100.33999633789062,92.62088012695312
2015-01-05,5878100,102.77999877929688,101.26000213623047,102.77999877929688,100.79000091552734,92.90531158447266
2015-01-02,4323700,105.16000366210938,103.43000030517578,105.66000366210938,102.66999816894531,94.8962631225586
2014-12-31,5821600,104.75,104.97000122070312,106.0199966430664,104.55999755859375,96.30921173095703
2014-12-30,2927800,104.44000244140625,104.2699966430664,104.73999786376953,103.8499984741211,95.6669692993164
2014-12-29,3492700,103.58000183105469,104.52999877929688,104.80000305175781,103.26000213623047,95.90550231933594
2014-12-26,2594900,103.9800033569336,103.75,104.31999969482422,103.4800033569336,95.18986511230469
2014-12-24,1819000,104.05000305175781,103.55999755859375,104.37999725341797,103.55999755859375,95.01555633544922
2014-12-23,4067700,103.66000366210938,103.76000213623047,104.19999694824219,103.31999969482422,95.19903564453125
2014-12-22,5418900,102.25,103.5,103.56999969482422,102.2300033569336,94.96048736572266
2014-12-19,12500600,100.91999816894531,101.93000030517578,102.0,100.80999755859375,93.52001190185547
2014-12-18,6594000,100.33999633789062,100.66999816894531,100.69000244140625,99.30000305175781,92.36398315429688
2014-12-17,6096400,97.58999633789062,98.94000244140625,99.13999938964844,97.08999633789062,90.77671813964844
2014-12-16,7829300,99.37999725341797,97.05999755859375,100.2300033569336,96.98999786376953,89.05184173583984
2014-12-15,5488300,100.01000213623047,100.05000305175781,101.23999786376953,99.29000091552734,91.7951431274414
2014-12-12,5983300,99.69000244140625,99.77999877929688,101.25,99.38999938964844,91.54742431640625
2014-12-11,6864000,99.27999877929688,100.2699966430664,101.4000015258789,99.1500015258789,91.99697875976562
2014-12-10,5357000,99.36000061035156,98.94000244140625,100.2300033569336,98.81999969482422,90.77671813964844
2014-12-09,5280500,99.69000244140625,99.63999938964844,99.9800033569336,98.58999633789062,91.41896057128906
2014-12-08,6624300,99.70999908447266,100.43000030517578,100.94999694824219,99.66000366210938,92.1437759399414
2014-12-05,4649100,98.7699966430664,99.63999938964844,99.68000030517578,98.66000366210938,91.41896057128906
2014-12-04,5220000,98.1500015258789,98.94999694824219,99.11000061035156,97.77999877929688,90.78590393066406
2014-12-03,4357200,98.0999984741211,98.58999633789062,98.73999786376953,98.04000091552734,90.45559692382812
2014-12-02,4677700,98.62000274658203,98.16000366210938,99.0,97.98999786376953,90.06109619140625
2014-12-01,4393700,99.48999786376953,98.87999725341797,99.61000061035156,98.30999755859375,90.29044342041016
2014-11-28,3305800,98.05999755859375,99.4000015258789,99.80000305175781,98.0,90.76527404785156
2014-11-26,4337900,97.05999755859375,97.69999694824219,97.70999908447266,97.01000213623047,89.21293640136719
2014-11-25,7992000,98.63999938964844,97.01000213623047,98.87000274658203,96.41000366210938,88.58290100097656
2014-11-24,5043600,98.68000030517578,98.4000015258789,98.9000015258789,98.22000122070312,89.8521499633789
2014-11-21,6806800,98.9800033569336,98.27999877929688,99.0999984741211,97.81999969482422,89.74258422851562
2014-11-20,4958800,96.08000183105469,97.56999969482422,97.97000122070312,96.0199966430664,89.09425354003906
2014-11-19,6831100,96.55000305175781,96.69999694824219,97.30999755859375,96.0,88.29983520507812
2014-11-18,10384400,97.1500015258789,95.9800033569336,97.70999908447266,95.9800033569336,87.64238739013672
2014-11-17,8581600,98.16999816894531,98.02999877929688,98.94999694824219,97.80000305175781,89.51428985595703
2014-11-14,4085500,98.9000015258789,98.23999786376953,99.0,98.0199966430664,89.70606231689453
2014-11-13,3182800,98.9000015258789,99.0,99.36000061035156,98.33999633789062,90.4000244140625
2014-11-12,4629400,98.30000305175781,98.48999786376953,98.69999694824219,97.61000061035156,89.93434143066406
2014-11-11,3818400,98.45999908447266,98.13999938964844,98.75,97.87999725341797,89.61473846435547
2014-11-10,3662300,97.63999938964844,98.16000366210938,98.16999816894531,97.0,89.63300323486328
2014-11-07,3429600,97.16999816894531,97.6500015258789,97.75,96.69000244140625,89.16729736328125
2014-11-06,4016900,96.3499984741211,97.29000091552734,97.51000213623047,96.01000213623047,88.83856201171875
2014-11-05,5002700,96.58999633789062,95.77999877929688,96.8499984741211,95.1500015258789,87.45975494384766
2014-11-04,5349600,96.05999755859375,95.95999908447266,96.18000030517578,95.19000244140625,87.62411499023438
2014-11-03,7614200,96.80999755859375,96.08999633789062,96.83000183105469,95.9800033569336,87.7428207397461
2014-10-31,6335900,98.77999877929688,97.5199966430664,99.26000213623047,97.33000183105469,89.048583984375
2014-10-30,4115800,96.12000274658203,97.5199966430664,97.80000305175781,96.02999877929688,89.048583984375
2014-10-29,4275400,96.62000274658203,96.41999816894531,97.25,95.80000305175781,88.04414367675781
2014-10-28,5260100,95.91000366210938,96.58999633789062,96.5999984741211,95.5,88.19937133789062
2014-10-27,4465100,94.95999908447266,95.47000122070312,95.68000030517578,94.70999908447266,87.17666625976562
2014-10-24,4825200,94.5999984741211,94.98999786376953,95.19000244140625,94.12999725341797,86.7383804321289
2014-10-23,5923100,94.5,94.80000305175781,95.5199966430664,94.44000244140625,86.56488037109375
2014-10-22,5908900,94.30000305175781,93.33999633789062,94.98999786376953,93.23999786376953,85.23170471191406
2014-10-21,6604700,92.52999877929688,94.19999694824219,94.37000274658203,92.12000274658203,86.01700592041016
2014-10-20,5609400,89.87000274658203,91.8499984741211,92.06999969482422,89.7699966430664,83.87113952636719
2014-10-17,7007300,89.30000305175781,90.23999786376953,91.12000274658203,89.05000305175781,82.40097045898438
2014-10-16,7147600,86.3499984741211,88.87999725341797,89.72000122070312,86.3499984741211,81.15911865234375
2014-10-15,12987500,88.08999633789062,87.8499984741211,89.16999816894531,86.62000274658203,80.21859741210938
2014-10-14,9711300,90.37000274658203,90.0999984741211,90.52999877929688,88.5199966430664,82.27315521240234
2014-10-13,7372200,92.87999725341797,90.5999984741211,92.94000244140625,90.43000030517578,82.729736328125
2014-10-10,6349800,93.2300033569336,92.55000305175781,93.86000061035156,92.54000091552734,84.51034545898438
2014-10-09,6674700,93.91000366210938,93.06999969482422,94.79000091552734,93.0199966430664,84.98516845703125
2014-10-08,6618900,92.56999969482422,94.08999633789062,94.16000366210938,92.23999786376953,85.91654205322266
2014-10-07,5030300,93.04000091552734,92.47000122070312,93.55999755859375,92.44000244140625,84.43730163574219
2014-10-06,4951700,93.72000122070312,93.26000213623047,94.25,93.05999755859375,85.15866088867188
2014-10-03,6200100,92.5199966430664,93.54000091552734,93.68000030517578,92.33999633789062,85.4143295288086
2014-10-02,5991200,91.30999755859375,92.23999786376953,92.45999908447266,91.06999969482422,84.2272720336914
2014-10-01,5970700,92.13999938964844,91.0199966430664,92.33999633789062,90.91999816894531,83.11323547363281
2014-09-30,6773000,93.02999877929688,91.73999786376953,93.20999908447266,91.4000015258789,83.77069091796875
2014-09-29,3894600,92.37000274658203,92.87999725341797,93.16999816894531,91.94999694824219,84.81165313720703
2014-09-26,4571400,92.29000091552734,92.83999633789062,93.0,91.80000305175781,84.77513122558594
2014-09-25,4972100,92.80000305175781,91.9000015258789,93.0,91.55000305175781,83.91677856445312
2014-09-24,6381400,91.68000030517578,93.0199966430664,93.11000061035156,91.3499984741211,84.93951416015625
2014-09-23,6330000,91.79000091552734,91.48999786376953,92.22000122070312,91.44999694824219,83.54241943359375
2014-09-22,5208800,91.9800033569336,91.88999938964844,92.41999816894531,91.68000030517578,83.90764617919922
2014-09-19,12498800,92.8499984741211,92.33999633789062,93.75,92.19999694824219,84.31857299804688
2014-09-18,6025100,91.83000183105469,92.08999633789062,92.44000244140625,91.19999694824219,84.09029388427734
2014-09-17,7068800,90.62999725341797,91.22000122070312,91.54000091552734,89.94000244140625,83.2958755493164
2014-09-16,5045100,89.2699966430664,90.2699966430664,90.73999786376953,88.52999877929688,82.4283676147461
2014-09-15,3935000,89.18000030517578,89.37999725341797,89.54000091552734,88.5999984741211,81.61572265625
2014-09-12,4593700,89.37999725341797,88.83999633789062,89.5,88.45999908447266,81.12261199951172
2014-09-11,4537800,89.06999969482422,89.22000122070312,89.41999816894531,88.62000274658203,81.4696044921875
2014-09-10,6245400,88.66000366210938,89.25,89.4000015258789,88.33000183105469,81.49700164794922
2014-09-09,8103000,90.20999908447266,88.93000030517578,90.33000183105469,88.77999877929688,81.20480346679688
2014-09-08,4885900,91.37999725341797,90.81999969482422,91.77999877929688,90.56999969482422,82.93061065673828
2014-09-05,7746400,89.66000366210938,91.61000061035156,91.63999938964844,89.27999877929688,83.65199279785156
2014-09-04,8452200,89.0,89.93000030517578,90.75,89.0,82.11793518066406
2014-09-03,15410400,91.11000061035156,89.0,91.30999755859375,88.9800033569336,81.26870727539062
2014-09-02,20753200,93.04000091552734,91.1500015258789,93.30999755859375,89.8499984741211,83.23194122314453
2014-08-29,7672200,92.73999786376953,93.5,93.5199966430664,92.61000061035156,84.94861602783203
2014-08-28,7575700,91.4000015258789,92.51000213623047,92.7300033569336,91.2699966430664,84.04917907714844
2014-08-27,4320200,91.68000030517578,91.87000274658203,91.95999908447266,91.30999755859375,83.46770477294922
2014-08-26,5396400,90.9800033569336,91.62999725341797,91.83000183105469,90.9000015258789,83.2496566772461
2014-08-25,7328700,91.25,91.19999694824219,91.81999969482422,90.94999694824219,82.85899353027344
2014-08-22,6939200,90.73999786376953,91.02999877929688,91.33000183105469,90.6500015258789,82.70453643798828
2014-08-21,8315900,90.68000030517578,91.1500015258789,91.80999755859375,90.66999816894531,82.81356048583984
2014-08-20,13394200,88.16999816894531,90.75,91.06999969482422,88.08000183105469,82.45013427734375
2014-08-19,18244600,86.9000015258789,88.2300033569336,88.98999786376953,86.56999969482422,80.16062927246094
2014-08-18,9475300,84.20999908447266,83.58999633789062,84.62000274658203,83.29000091552734,75.94499206542969
2014-08-15,5383500,84.04000091552734,83.69000244140625,84.08999633789062,82.8499984741211,76.03584289550781
2014-08-14,4923000,83.08999633789062,83.86000061035156,83.97000122070312,82.73999786376953,76.19027709960938
2014-08-13,4498700,82.9800033569336,83.12000274658203,83.38999938964844,82.73999786376953,75.51795196533203
2014-08-12,3657100,82.75,82.91999816894531,83.08999633789062,82.68000030517578,75.33626556396484
2014-08-11,3952000,82.61000061035156,82.87999725341797,83.06999969482422,82.5,75.2999038696289
2014-08-08,7226500,81.06999969482422,82.43000030517578,82.45999908447266,80.87999725341797,74.89108276367188
2014-08-07,4045900,80.75,80.47000122070312,81.06999969482422,80.29000091552734,73.1103515625
2014-08-06,4228200,79.94000244140625,80.5199966430664,81.0199966430664,79.8499984741211,73.15576934814453
2014-08-05,5895500,79.77999877929688,80.02999877929688,80.86000061035156,79.77999877929688,72.7105712890625
2014-08-04,7025000,79.69999694824219,80.02999877929688,80.25,79.66000366210938,72.7105712890625
2014-08-01,8708000,80.55999755859375,79.75,81.08000183105469,79.73999786376953,72.45619201660156
2014-07-31,5748900,81.08999633789062,80.8499984741211,81.58000183105469,80.8499984741211,73.45557403564453
2014-07-30,5807300,81.5,81.76000213623047,81.8499984741211,81.06999969482422,74.28235626220703
2014-07-29,4536500,81.20999908447266,80.9800033569336,81.80999755859375,80.88999938964844,73.57369995117188
2014-07-28,3441600,81.19999694824219,81.06999969482422,81.33999633789062,80.66000366210938,73.65546417236328
2014-07-25,4680100,81.0999984741211,81.02999877929688,81.30000305175781,80.88999938964844,73.61910247802734
2014-07-24,4359600,81.19000244140625,81.19999694824219,81.54000091552734,80.88999938964844,73.7735595703125
2014-07-23,3669200,80.45999908447266,81.0199966430664,81.08999633789062,80.20999908447266,73.61003875732422
2014-07-22,6336100,80.36000061035156,80.54000091552734,80.75,80.19999694824219,73.17393493652344
2014-07-21,4112800,80.01000213623047,79.70999908447266,80.02999877929688,79.52999877929688,72.41983795166016
2014-07-18,5323200,79.80000305175781,80.08000183105469,80.27999877929688,79.44999694824219,72.75599670410156
2014-07-17,7697300,79.44999694824219,79.55000305175781,79.87999725341797,79.2300033569336,72.27446746826172
2014-07-16,9033700,80.04000091552734,79.66000366210938,80.23999786376953,79.37999725341797,72.37442779541016
2014-07-15,6051900,79.5,79.86000061035156,80.05999755859375,79.41999816894531,72.55612182617188
2014-07-14,7657200,79.91999816894531,79.45999908447266,80.05999755859375,79.19000244140625,72.19269561767578
2014-07-11,4746400,79.58999633789062,79.61000061035156,79.9000015258789,79.20999908447266,72.32899475097656
2014-07-10,11530900,79.05000305175781,79.4000015258789,79.58000183105469,77.94999694824219,72.1382064819336
2014-07-09,6980600,81.11000061035156,80.7300033569336,81.2300033569336,80.18000030517578,73.3465576171875
2014-07-08,7322900,81.41999816894531,80.76000213623047,81.52999877929688,80.55000305175781,73.37380981445312
2014-07-07,6071000,81.7300033569336,81.41999816894531,82.08999633789062,81.13999938964844,73.97344970703125
2014-07-03,2764000,82.06999969482422,82.05000305175781,82.3499984741211,81.80000305175781,74.54582977294922
2014-07-02,4185700,81.83999633789062,81.9800033569336,82.18000030517578,81.62000274658203,74.48223114013672
2014-07-01,5234600,81.31999969482422,81.81999969482422,81.97000122070312,81.22000122070312,74.33686828613281
2014-06-30,5045300,81.0199966430664,80.95999908447266,81.2300033569336,80.4800033569336,73.55551147460938
2014-06-27,5011000,80.6500015258789,81.12999725341797,81.47000122070312,80.62999725341797,73.70996856689453
2014-06-26,5165200,80.44999694824219,80.75,80.97000122070312,80.12000274658203,73.36473083496094
2014-06-25,4486300,80.36000061035156,80.52999877929688,80.61000061035156,80.12000274658203,73.16484069824219
2014-06-24,5579300,80.37999725341797,80.43000030517578,80.83000183105469,79.83000183105469,73.07398986816406
2014-06-23,4920400,80.16000366210938,80.63999938964844,80.80000305175781,79.97000122070312,73.26477813720703
2014-06-20,13661000,80.69000244140625,80.16999816894531,80.80000305175781,79.86000061035156,72.83775329589844
2014-06-19,5095400,80.70999908447266,80.44000244140625,80.8499984741211,79.94999694824219,73.08309173583984
2014-06-18,8071500,80.02999877929688,80.70999908447266,80.76000213623047,79.79000091552734,73.32837677001953
2014-06-17,9587300,78.83999633789062,80.0199966430664,80.45999908447266,78.7300033569336,72.70149230957031
2014-06-16,7164400,77.95999908447266,78.9000015258789,79.08999633789062,77.95999908447266,71.6839370727539
2014-06-13,7971800,78.48999786376953,78.06999969482422,78.58999633789062,77.75,70.92984008789062
2014-06-12,7643300,79.7300033569336,78.43000030517578,79.77999877929688,78.19999694824219,71.25691986083984
2014-06-11,4918100,80.45999908447266,79.80999755859375,80.7300033569336,79.76000213623047,72.51069641113281
2014-06-10,4249500,80.26000213623047,80.73999786376953,80.8499984741211,80.22000122070312,73.35563659667969
2014-06-09,3718600,80.62999725341797,80.61000061035156,81.31999969482422,80.41999816894531,73.23753356933594
2014-06-06,4460300,80.58000183105469,80.63999938964844,81.2699966430664,80.51000213623047,73.26477813720703
2014-06-05,5666400,80.66999816894531,80.37999725341797,80.86000061035156,80.27999877929688,73.02857208251953
2014-06-04,4961600,80.31999969482422,80.54000091552734,80.88999938964844,80.05999755859375,73.17393493652344
2014-06-03,5477700,80.19000244140625,80.66999816894531,80.87999725341797,80.1500015258789,73.29204559326172
2014-06-02,6817700,80.25,80.83999633789062,81.05999755859375,80.16999816894531,73.01948547363281
2014-05-30,4528000,79.7699966430664,80.2300033569336,80.2699966430664,79.58000183105469,72.46849822998047
2014-05-29,4408900,79.87999725341797,79.9000015258789,79.98999786376953,79.44000244140625,72.17041015625
2014-05-28,4002200,79.75,79.68000030517578,80.0,79.2699966430664,71.9717025756836
2014-05-27,4760600,79.37999725341797,79.69000244140625,80.0,79.30000305175781,71.98074340820312
2014-05-23,5003100,78.7699966430664,79.18000030517578,79.4000015258789,78.51000213623047,71.52006530761719
2014-05-22,5265900,77.76000213623047,78.77999877929688,79.05000305175781,77.76000213623047,71.15877532958984
2014-05-21,6693900,78.25,78.08000183105469,78.51000213623047,77.75,70.52648162841797
2014-05-20,15432200,77.91999816894531,77.95999908447266,78.81999969482422,77.4000015258789,70.4180908203125
2014-05-19,7733800,76.58000183105469,76.5,77.06999969482422,76.37000274658203,69.09933471679688
2014-05-16,7039400,76.79000091552734,77.36000061035156,77.37000274658203,76.66000366210938,69.87612915039062
2014-05-15,6304700,76.05000305175781,76.23999786376953,76.29000091552734,75.31999969482422,68.86448669433594
2014-05-14,6870000,77.33000183105469,76.30999755859375,77.37000274658203,76.16999816894531,68.92772674560547
2014-05-13,5455500,78.36000061035156,77.2699966430664,78.68000030517578,77.04000091552734,69.79483795166016
2014-05-12,4324200,77.81999969482422,78.2699966430664,78.44000244140625,77.75,70.6980972290039
2014-05-09,4345800,77.05999755859375,77.70999908447266,77.75,76.80999755859375,70.19227600097656
2014-05-08,5485100,76.94000244140625,77.05000305175781,77.7300033569336,76.66000366210938,69.59613037109375
2014-05-07,5378600,77.8499984741211,77.08000183105469,77.95999908447266,76.5199966430664,69.62322235107422
2014-05-06,6475800,78.63999938964844,77.41999816894531,78.76000213623047,77.3499984741211,69.93031311035156
2014-05-05,3521000,79.04000091552734,78.69000244140625,79.18000030517578,78.55999755859375,71.0774917602539
2014-05-02,3738400,79.31999969482422,79.4000015258789,80.16000366210938,79.16000366210938,71.71879577636719
2014-05-01,3936700,79.51000213623047,79.33000183105469,79.6500015258789,78.94999694824219,71.65556335449219
2014-04-30,8524700,79.73999786376953,79.51000213623047,79.73999786376953,78.7300033569336,71.8181381225586
2014-04-29,5146500,80.31999969482422,79.5199966430664,80.31999969482422,79.5199966430664,71.82718658447266
2014-04-28,14562400,79.52999877929688,80.16999816894531,81.1500015258789,79.33000183105469,72.4142837524414
2014-04-25,6381400,79.41000366210938,79.37999725341797,79.69999694824219,79.02999877929688,71.70072174072266
2014-04-24,7271600,78.97000122070312,79.7699966430664,79.80999755859375,78.72000122070312,72.05298614501953
2014-04-23,7497000,79.87000274658203,78.5199966430664,80.05000305175781,78.44000244140625,70.92391204833984
2014-04-22,11188400,78.73999786376953,79.66999816894531,80.2300033569336,78.62999725341797,71.9626693725586
2014-04-21,6253300,78.3499984741211,77.95999908447266,78.3499984741211,77.66999816894531,70.4180908203125
2014-04-17,6875000,76.26000213623047,77.08999633789062,77.68000030517578,75.91000366210938,69.63227081298828
2014-04-16,6104700,76.41999816894531,76.58000183105469,76.58000183105469,75.80000305175781,69.17159271240234
2014-04-15,7022900,76.29000091552734,75.88999938964844,76.4000015258789,74.61000061035156,68.54833984375
2014-04-14,8677200,76.30000305175781,75.97000122070312,76.86000061035156,75.51000213623047,68.62062072753906
2014-04-11,8399100,76.62000274658203,75.69999694824219,77.05999755859375,75.6500015258789,68.3767318725586
2014-04-10,6201500,77.62000274658203,76.77999877929688,78.22000122070312,76.69999694824219,69.35224151611328
2014-04-09,8027600,77.23999786376953,77.76000213623047,77.93000030517578,77.13999938964844,70.23743438720703
2014-04-08,7371000,76.91000366210938,77.11000061035156,77.44000244140625,76.41999816894531,69.65031433105469
2014-04-07,11121300,78.69000244140625,77.12999725341797,78.69000244140625,77.02999877929688,69.66838836669922
2014-04-04,6422000,79.63999938964844,78.72000122070312,79.69999694824219,78.48999786376953,71.10457611083984
2014-04-03,5505400,79.94999694824219,79.4000015258789,80.0199966430664,78.9800033569336,71.71879577636719
2014-04-02,6611700,79.54000091552734,79.94999694824219,80.76000213623047,79.48999786376953,72.21558380126953
2014-04-01,6697600,79.23999786376953,79.37999725341797,80.29000091552734,79.23999786376953,71.70072174072266
2014-03-31,5736200,79.20999908447266,79.12999725341797,79.33000183105469,78.83999633789062,71.47491455078125
2014-03-28,5132700,78.91999816894531,78.72000122070312,79.5,78.48999786376953,71.10457611083984
2014-03-27,5803300,78.62999725341797,78.68000030517578,79.0199966430664,78.37000274658203,71.06843566894531
2014-03-26,6364600,79.48999786376953,78.87000274658203,79.77999877929688,78.69999694824219,71.24007415771484
2014-03-25,5375500,80.05000305175781,79.47000122070312,80.08999633789062,79.16000366210938,71.78201293945312
2014-03-24,7574200,80.41000366210938,79.66000366210938,80.45999908447266,79.19999694824219,71.95364379882812
2014-03-21,10086100,80.77999877929688,80.41999816894531,81.9000015258789,80.25,72.6401138305664
2014-03-20,5097800,79.70999908447266,80.08999633789062,80.23999786376953,79.47000122070312,72.342041015625
2014-03-19,6568400,79.97000122070312,79.75,80.48999786376953,79.4000015258789,72.0349349975586
2014-03-18,5032600,79.6500015258789,79.81999969482422,80.55999755859375,79.62000274658203,72.09815216064453
2014-03-17,5547600,79.56999969482422,79.58000183105469,80.19000244140625,79.25,71.8813705444336
2014-03-14,6739000,78.81999969482422,79.37999725341797,79.87999725341797,78.79000091552734,71.70072174072266
2014-03-13,7665800,81.05999755859375,78.80000305175781,81.05999755859375,78.72000122070312,71.17684936523438
2014-03-12,7048700,80.7300033569336,80.55999755859375,80.8499984741211,80.23999786376953,72.76655578613281
2014-03-11,4667900,81.69000244140625,81.29000091552734,81.8499984741211,81.05000305175781,73.42596435546875
2014-03-10,4139000,82.44000244140625,82.18000030517578,82.54000091552734,81.7300033569336,73.80531311035156
2014-03-07,5287700,82.61000061035156,82.55000305175781,82.66999816894531,82.04000091552734,74.13763427734375
2014-03-06,6168400,82.77999877929688,82.41000366210938,82.88999938964844,82.2300033569336,74.01189422607422
2014-03-05,5069900,82.91000366210938,82.91000366210938,83.19999694824219,82.58000183105469,74.4609375
2014-03-04,6367600,82.88999938964844,82.87000274658203,83.19999694824219,82.70999908447266,74.42501831054688
2014-03-03,8359500,80.7300033569336,82.0,82.02999877929688,80.62000274658203,73.64366149902344
2014-02-28,7239600,81.88999938964844,82.02999877929688,83.0999984741211,81.38999938964844,73.67060852050781
2014-02-27,6040900,81.66000366210938,81.97000122070312,82.19999694824219,80.61000061035156,73.6167221069336
2014-02-26,9737800,80.98999786376953,81.69999694824219,82.70999908447266,80.79000091552734,73.3742446899414
2014-02-25,13421700,79.68000030517578,80.9800033569336,81.0,79.33000183105469,72.72762298583984
2014-02-24,11739500,77.83999633789062,77.87000274658203,78.25,77.45999908447266,69.93453216552734
2014-02-21,7764500,77.36000061035156,77.73999786376953,78.04000091552734,77.36000061035156,69.81778717041016
2014-02-20,5852200,76.58999633789062,77.4800033569336,77.55999755859375,76.54000091552734,69.58427429199219
2014-02-19,7767800,77.25,76.44999694824219,77.5199966430664,76.4000015258789,68.65924835205078
2014-02-18,4954700,77.91999816894531,77.56999969482422,78.08000183105469,77.06999969482422,69.66510009765625
2014-02-14,4752300,77.75,77.93000030517578,78.12999725341797,77.31999969482422,69.98841857910156
2014-02-13,6586900,77.33999633789062,77.58999633789062,77.87000274658203,76.94000244140625,69.68305969238281
2014-02-12,7345900,76.91000366210938,77.27999877929688,77.33000183105469,76.66999816894531,69.4046630859375
2014-02-11,6292900,76.44000244140625,76.69999694824219,76.98999786376953,76.16999816894531,68.8837661743164
2014-02-10,6343600,76.55999755859375,76.41000366210938,76.58999633789062,75.87999725341797,68.62332916259766
2014-02-07,6194200,76.16999816894531,76.44999694824219,76.5999984741211,75.8499984741211,68.65924835205078
2014-02-06,6107100,75.19000244140625,76.16000366210938,76.19999694824219,75.16999816894531,68.39878845214844
2014-02-05,10080300,74.7300033569336,75.26000213623047,75.55000305175781,73.95999908447266,67.59051513671875
2014-02-04,9573400,75.51000213623047,74.97000122070312,75.8499984741211,74.16999816894531,67.3300552368164
2014-02-03,9527000,76.63999938964844,75.08999633789062,76.7300033569336,74.93000030517578,67.43782043457031
2014-01-31,10592200,76.19999694824219,76.8499984741211,77.47000122070312,75.8499984741211,69.01846313476562
2014-01-30,6820900,77.2300033569336,76.93000030517578,77.76000213623047,76.6500015258789,69.09031677246094
2014-01-29,9195300,78.27999877929688,76.68000030517578,78.75,76.62999725341797,68.86579895019531
2014-01-28,10586500,78.41999816894531,78.54000091552734,78.93000030517578,77.81999969482422,70.53627014160156
2014-01-27,6591200,78.86000061035156,78.94000244140625,79.16999816894531,78.5199966430664,70.89549255371094
2014-01-24,7118300,79.61000061035156,79.16000366210938,80.0,79.16000366210938,71.09307098388672
2014-01-23,6387000,79.62000274658203,80.23999786376953,80.30000305175781,79.19000244140625,72.06301879882812
2014-01-22,5821600,80.66000366210938,80.19999694824219,80.80999755859375,79.91999816894531,72.02708435058594
2014-01-21,6932800,81.30000305175781,80.45999908447266,81.5,79.80999755859375,72.26060485839844
2014-01-17,6178000,81.31999969482422,81.0,81.3499984741211,80.6500015258789,72.74556732177734
2014-01-16,4871200,80.9000015258789,81.26000213623047,81.37999725341797,80.77999877929688,72.97907257080078
2014-01-15,5196800,80.8499984741211,81.06999969482422,81.43000030517578,80.73999786376953,72.80844116210938
2014-01-14,5217300,81.27999877929688,81.01000213623047,81.48999786376953,80.61000061035156,72.7545394897461
2014-01-13,6952400,81.61000061035156,80.97000122070312,82.12999725341797,80.95999908447266,72.71863555908203
2014-01-10,4981000,81.72000122070312,82.01000213623047,82.04000091552734,81.41999816894531,73.65265655517578
2014-01-09,4966000,81.9000015258789,81.56999969482422,81.94000244140625,80.97000122070312,73.2574691772461
2014-01-08,4662300,81.54000091552734,81.93000030517578,81.94000244140625,81.02999877929688,73.58079528808594
2014-01-07,4630900,81.30999755859375,81.5,81.91999816894531,81.08000183105469,73.19462585449219
2014-01-06,11188800,81.6500015258789,81.0999984741211,81.9800033569336,81.0999984741211,72.83538055419922
2014-01-03,3897900,81.91000366210938,81.88999938964844,82.4800033569336,81.83000183105469,73.54486846923828
2014-01-02,4253400,82.11000061035156,82.0199966430664,82.56999969482422,81.80000305175781,73.66162872314453
2013-12-31,4493600,81.98999786376953,82.33999633789062,82.47000122070312,81.72000122070312,73.94902038574219
2013-12-30,3526400,81.66999816894531,81.94000244140625,81.9800033569336,81.45999908447266,73.58977508544922
2013-12-27,3961900,81.6500015258789,81.63999938964844,82.23999786376953,81.22000122070312,73.32034301757812
2013-12-26,3848800,80.83999633789062,81.55000305175781,81.73999786376953,80.80999755859375,73.23951721191406
2013-12-24,1819800,80.55999755859375,80.63999938964844,80.95999908447266,80.55999755859375,72.4222412109375
2013-12-23,3941300,80.06999969482422,80.55999755859375,80.91999816894531,80.04000091552734,72.35040283203125
2013-12-20,11232900,80.18000030517578,80.04000091552734,80.83000183105469,80.04000091552734,71.8833999633789
2013-12-19,6620800,80.08000183105469,79.94999694824219,80.47000122070312,79.63999938964844,71.80257415771484
2013-12-18,8170300,78.80000305175781,80.05000305175781,80.05999755859375,78.30999755859375,71.89237213134766
2013-12-17,6226000,79.30999755859375,78.62000274658203,79.37000274658203,78.61000061035156,70.60811614990234
2013-12-16,7099700,79.20999908447266,79.0999984741211,79.76000213623047,78.93000030517578,71.03916931152344
2013-12-13,6027100,79.08999633789062,79.01000213623047,79.56999969482422,78.5199966430664,70.9583740234375
2013-12-12,8535200,78.98999786376953,78.52999877929688,79.19999694824219,78.27999877929688,70.52728271484375
2013-12-11,7834500,78.37999725341797,79.0,79.80999755859375,78.37999725341797,70.94937133789062
2013-12-10,7448400,79.31999969482422,78.61000061035156,79.93000030517578,78.4000015258789,70.59911346435547
2013-12-09,5799800,79.91000366210938,79.5999984741211,80.5999984741211,79.52999877929688,71.48823547363281
2013-12-06,5094600,79.08000183105469,79.83999633789062,80.05000305175781,78.80999755859375,71.70378112792969
2013-12-05,6264900,78.31999969482422,78.54000091552734,79.54000091552734,78.2699966430664,70.53627014160156
2013-12-04,7148800,78.1500015258789,78.4000015258789,78.75,77.69999694824219,70.41050720214844
2013-12-03,7276900,78.95999908447266,78.70999908447266,79.4800033569336,78.30999755859375,70.6889419555664
2013-12-02,5915600,80.44999694824219,79.7699966430664,80.75,79.5199966430664,71.2906494140625
2013-11-29,3372600,80.87999725341797,80.66999816894531,81.38999938964844,80.62999725341797,72.09498596191406
2013-11-27,5450000,80.33999633789062,80.66000366210938,80.75,80.12000274658203,72.08604431152344
2013-11-26,9360700,80.20999908447266,80.3499984741211,80.9000015258789,80.08999633789062,71.80901336669922
2013-11-25,5496100,79.30000305175781,79.75,80.04000091552734,79.30000305175781,71.27278900146484
2013-11-22,7786200,79.5999984741211,79.18000030517578,79.81999969482422,78.77999877929688,70.76336669921875
2013-11-21,5618600,80.05999755859375,79.83000183105469,80.05999755859375,79.36000061035156,71.34427642822266
2013-11-20,7236900,80.7300033569336,79.75,80.7300033569336,79.37999725341797,71.27278900146484
2013-11-19,12236700,82.22000122070312,80.37999725341797,82.2699966430664,80.26000213623047,71.8358154296875
2013-11-18,8613000,80.0,79.66999816894531,80.47000122070312,79.19000244140625,71.20128631591797
2013-11-15,10414800,78.83999633789062,80.02999877929688,80.08999633789062,78.55999755859375,71.52301788330078
2013-11-14,6843800,78.13999938964844,78.94000244140625,79.33999633789062,78.05999755859375,70.54888916015625
2013-11-13,7064700,75.69000244140625,77.5999984741211,77.69000244140625,75.69000244140625,69.35133361816406
2013-11-12,6629200,75.83999633789062,76.18000030517578,76.58999633789062,75.72000122070312,68.082275390625
2013-11-11,5774000,75.2699966430664,75.37000274658203,75.66999816894531,74.93000030517578,67.35836791992188
2013-11-08,9229700,75.27999877929688,75.4800033569336,75.70999908447266,74.77999877929688,67.4566650390625
2013-11-07,5424600,76.81999969482422,75.69000244140625,77.19000244140625,75.66999816894531,67.64434051513672
2013-11-06,5059600,76.72000122070312,76.41999816894531,76.79000091552734,75.91000366210938,68.29676055908203
2013-11-05,6035300,76.77999877929688,76.6500015258789,76.80000305175781,76.06999969482422,68.5022964477539
2013-11-04,3906500,77.18000030517578,77.0,77.41999816894531,76.61000061035156,68.81509399414062
2013-11-01,7178300,77.9800033569336,76.98999786376953,78.02999877929688,76.83999633789062,68.80613708496094
2013-10-31,7577600,77.98999786376953,77.88999938964844,78.44999694824219,77.5199966430664,69.61048889160156
2013-10-30,7251900,77.68000030517578,77.87999725341797,78.5999984741211,77.5199966430664,69.6015625
2013-10-29,7248000,76.44999694824219,77.5,77.55000305175781,76.38999938964844,69.26194763183594
2013-10-28,7728100,76.1500015258789,76.05999755859375,76.4000015258789,75.80000305175781,67.97502899169922
2013-10-25,5944200,76.55000305175781,76.25,76.61000061035156,76.01000213623047,68.14482116699219
2013-10-24,7927400,75.41999816894531,76.77999877929688,76.83999633789062,75.41000366210938,68.61846923828125
2013-10-23,5526100,74.54000091552734,75.08000183105469,75.41000366210938,74.51000213623047,67.09918975830078
2013-10-22,6867000,75.04000091552734,74.86000061035156,75.12999725341797,74.58999633789062,66.90257263183594
2013-10-21,7578700,74.5999984741211,74.62000274658203,74.80000305175781,74.1500015258789,66.6880874633789
2013-10-18,14334800,75.26000213623047,74.69000244140625,75.5,73.73999786376953,66.75064086914062
2013-10-17,7176400,74.51000213623047,75.73999786376953,75.80999755859375,74.51000213623047,67.68902587890625
2013-10-16,12877900,75.44000244140625,74.94000244140625,75.58999633789062,74.56999969482422,66.97408294677734
2013-10-15,6645400,76.13999938964844,75.18000030517578,76.23999786376953,75.08999633789062,67.18854522705078
2013-10-14,4119000,75.73999786376953,76.3499984741211,76.5199966430664,75.58999633789062,68.23419952392578
2013-10-11,6936700,75.44999694824219,76.31999969482422,76.62999725341797,75.41999816894531,68.2073745727539
2013-10-10,6092800,75.04000091552734,75.51000213623047,75.51000213623047,74.73999786376953,67.4834976196289
2013-10-09,6817600,74.3499984741211,74.13999938964844,74.63999938964844,73.9000015258789,66.25910186767578
2013-10-08,8997900,75.0199966430664,74.2699966430664,75.2699966430664,74.16999816894531,66.37528228759766
2013-10-07,5087000,75.4000015258789,75.12999725341797,75.8499984741211,75.08999633789062,67.14386749267578
2013-10-04,4855800,75.80000305175781,75.77999877929688,76.25,75.4800033569336,67.72479248046875
2013-10-03,6979700,76.4000015258789,75.87999725341797,76.83000183105469,75.51000213623047,67.81414031982422
2013-10-02,5118400,75.86000061035156,76.31999969482422,76.37999725341797,75.44000244140625,68.2073745727539
2013-10-01,4411700,75.87999725341797,76.26000213623047,76.41999816894531,75.63999938964844,68.15377044677734
2013-09-30,6276200,75.18000030517578,75.8499984741211,76.08000183105469,74.95999908447266,67.78734588623047
2013-09-27,4058700,75.6500015258789,75.95999908447266,76.08999633789062,75.37999725341797,67.88563537597656
2013-09-26,3798200,75.62000274658203,76.06999969482422,76.41999816894531,75.62000274658203,67.98396301269531
2013-09-25,6785600,75.87999725341797,75.5199966430664,76.30999755859375,75.26000213623047,67.49242401123047
2013-09-24,5412700,75.80000305175781,76.04000091552734,76.79000091552734,75.58000183105469,67.95713806152344
2013-09-23,6248800,76.45999908447266,75.91000366210938,76.76000213623047,75.7699966430664,67.8409652709961
2013-09-20,14158300,78.80999755859375,77.0,78.80999755859375,77.0,68.81509399414062
2013-09-19,7693700,77.83999633789062,78.51000213623047,78.72000122070312,77.63999938964844,70.16459655761719
2013-09-18,10594300,75.7699966430664,77.37000274658203,77.9800033569336,75.3499984741211,69.145751953125
2013-09-17,6825600,75.63999938964844,75.80000305175781,76.1500015258789,75.56999969482422,67.74267578125
2013-09-16,8054400,76.05000305175781,75.54000091552734,76.29000091552734,75.19999694824219,67.51029205322266
2013-09-13,4888400,75.33000183105469,75.11000061035156,75.41000366210938,74.83999633789062,67.1259994506836
2013-09-12,6872200,75.18000030517578,75.4000015258789,75.73999786376953,74.97000122070312,67.38518524169922
2013-09-11,6441500,74.66000366210938,75.04000091552734,75.11000061035156,74.16000366210938,67.06346130371094
2013-09-10,6438700,73.95999908447266,74.5999984741211,74.6500015258789,73.73999786376953,66.67021942138672
2013-09-09,5781800,72.9800033569336,73.58000183105469,73.79000091552734,72.9000015258789,65.7586441040039
2013-09-06,9968400,73.55000305175781,72.69999694824219,73.55999755859375,72.20999908447266,64.97217559814453
2013-09-05,11039000,74.06999969482422,72.98999786376953,74.20999908447266,72.83999633789062,65.2313461303711
2013-09-04,8271600,73.9800033569336,74.13999938964844,74.51000213623047,73.73999786376953,66.25910186767578
2013-09-03,7802800,74.83000183105469,73.9000015258789,75.25,73.68000030517578,66.04463195800781
2013-08-30,6331300,75.12000274658203,74.48999786376953,75.12999725341797,74.18000030517578,66.2233657836914
2013-08-29,5704200,74.97000122070312,75.05000305175781,75.66000366210938,74.80000305175781,66.72120666503906
2013-08-28,7076000,74.11000061035156,75.02999877929688,75.31999969482422,74.01000213623047,66.70343017578125
2013-08-27,8264200,74.8499984741211,74.12000274658203,75.2300033569336,73.94999694824219,65.89441680908203
2013-08-26,10362900,73.83000183105469,75.43000030517578,76.1500015258789,73.81999969482422,67.05904388427734
2013-08-23,7730800,74.1500015258789,73.88999938964844,74.19999694824219,73.11000061035156,65.68992614746094
2013-08-22,6668700,73.91000366210938,74.0,74.19999694824219,73.3499984741211,65.78775024414062
2013-08-21,10788400,74.5999984741211,73.7300033569336,75.33000183105469,73.43000030517578,65.54769897460938
2013-08-20,17038100,77.04000091552734,74.29000091552734,77.5,73.6500015258789,66.04557037353516
2013-08-19,9184100,75.48999786376953,75.20999908447266,76.44000244140625,75.18000030517578,66.86345672607422
2013-08-16,9138200,75.19000244140625,75.37999725341797,76.3499984741211,74.93000030517578,67.01460266113281
2013-08-15,13702000,76.4800033569336,75.13999938964844,76.5999984741211,74.86000061035156,66.80122375488281
2013-08-14,8648100,79.1500015258789,77.44000244140625,79.2300033569336,77.18000030517578,68.84598541259766
2013-08-13,6956400,79.13999938964844,79.44000244140625,79.63999938964844,78.08000183105469,70.6240234375
2013-08-12,3844400,78.62000274658203,79.19999694824219,79.54000091552734,78.58000183105469,70.4106674194336
2013-08-09,5299300,79.68000030517578,78.97000122070312,79.7300033569336,78.52999877929688,70.2061996459961
2013-08-08,4467900,79.43000030517578,80.04000091552734,80.22000122070312,79.08999633789062,71.15744018554688
2013-08-07,5322200,79.55999755859375,78.83000183105469,79.56999969482422,78.5999984741211,70.08172607421875
2013-08-06,6311100,79.62000274658203,80.05000305175781,80.33000183105469,78.73999786376953,71.16632080078125
2013-08-05,3578500,79.94999694824219,79.66000366210938,79.94999694824219,79.37000274658203,70.81962585449219
2013-08-02,5964400,78.63999938964844,80.2300033569336,80.5,78.5,71.32636260986328
2013-08-01,6727400,79.5199966430664,78.63999938964844,79.97000122070312,78.61000061035156,69.91281127929688
2013-07-31,5915000,78.69000244140625,79.02999877929688,79.7300033569336,78.69000244140625,70.25950622558594
2013-07-30,4813400,79.16999816894531,78.5999984741211,79.2699966430664,78.5199966430664,69.87727355957031
2013-07-29,5179000,78.63999938964844,78.66999816894531,78.9800033569336,78.37000274658203,69.93949127197266
2013-07-26,5577600,78.41999816894531,78.73999786376953,79.37000274658203,78.25,70.00171661376953
2013-07-25,9967600,80.08999633789062,78.98999786376953,80.0999984741211,77.88999938964844,70.2239761352539
2013-07-24,4813300,80.44999694824219,80.2699966430664,80.47000122070312,79.58000183105469,71.36192321777344
2013-07-23,4985800,80.13999938964844,80.19000244140625,80.47000122070312,79.86000061035156,71.29080963134766
2013-07-22,5957900,79.9800033569336,80.0,80.05999755859375,79.25,71.12189483642578
2013-07-19,5886200,79.94999694824219,79.88999938964844,80.12000274658203,79.41999816894531,71.02407836914062
2013-07-18,5297800,80.33000183105469,80.0199966430664,80.44999694824219,79.95999908447266,71.13966369628906
2013-07-17,5700200,80.76000213623047,80.44000244140625,81.2300033569336,80.38999938964844,71.5130615234375
2013-07-16,5031500,80.41000366210938,80.22000122070312,80.69000244140625,79.83999633789062,71.31746673583984
2013-07-15,5041400,80.62999725341797,80.4000015258789,81.1500015258789,80.16999816894531,71.47750091552734
2013-07-12,5178300,79.91999816894531,80.54000091552734,80.75,79.91999816894531,71.60195922851562
2013-07-11,6845700,80.2699966430664,79.86000061035156,80.68000030517578,79.58000183105469,70.9974136352539
2013-07-10,5459400,79.66999816894531,79.4000015258789,79.69999694824219,78.61000061035156,70.58847045898438
2013-07-09,4986400,79.54000091552734,79.69999694824219,80.1500015258789,79.33000183105469,70.85518646240234
2013-07-08,6051200,78.55999755859375,79.22000122070312,79.54000091552734,78.54000091552734,70.42845153808594
2013-07-05,4991500,77.91000366210938,78.29000091552734,78.55999755859375,77.4000015258789,69.60166931152344
2013-07-03,3025600,76.98999786376953,77.7300033569336,77.98999786376953,76.91999816894531,69.10380554199219
2013-07-02,6886300,77.29000091552734,77.30999755859375,78.12000274658203,76.95999908447266,68.73040008544922
2013-07-01,7471000,77.62999725341797,76.87000274658203,77.80999755859375,76.62999725341797,68.33924102783203
2013-06-28,12475000,76.16000366210938,77.47000122070312,77.79000091552734,75.91999816894531,68.87265014648438
2013-06-27,6674500,75.98999786376953,76.2699966430664,76.81999969482422,75.80000305175781,67.80581665039062
2013-06-26,7390100,74.79000091552734,75.66999816894531,75.87000274658203,74.58000183105469,67.27239227294922
2013-06-25,8520800,74.06999969482422,74.13999938964844,74.72000122070312,73.80000305175781,65.91220092773438
2013-06-24,10214400,72.9000015258789,73.51000213623047,74.0199966430664,72.41000366210938,65.35213470458984
2013-06-21,15552500,74.48999786376953,73.81999969482422,74.69000244140625,73.0199966430664,65.6277084350586
2013-06-20,12373500,75.43000030517578,73.87000274658203,75.43000030517578,73.80000305175781,65.67217254638672
2013-06-19,8027600,77.06999969482422,75.93000030517578,77.2699966430664,75.91999816894531,67.50355529785156
2013-06-18,6421500,76.12000274658203,77.19000244140625,77.37000274658203,76.12000274658203,68.62374114990234
2013-06-17,9315500,77.08000183105469,76.13999938964844,77.4800033569336,75.69000244140625,67.69024658203125
2013-06-14,8613100,76.22000122070312,76.58999633789062,76.94999694824219,76.06999969482422,68.09030151367188
2013-06-13,9194600,76.3499984741211,76.52999877929688,76.83000183105469,76.08000183105469,68.03697204589844
2013-06-12,7360200,78.04000091552734,76.4000015258789,78.30000305175781,76.36000061035156,67.92140197753906
2013-06-11,5979700,77.2300033569336,77.61000061035156,78.52999877929688,76.95999908447266,68.99711608886719
2013-06-10,7627800,78.94000244140625,77.7300033569336,79.68000030517578,77.52999877929688,69.10380554199219
2013-06-07,6555900,77.7300033569336,78.73999786376953,78.97000122070312,77.58999633789062,70.00171661376953
2013-06-06,11515700,75.0199966430664,77.26000213623047,77.37000274658203,75.01000213623047,68.68597412109375
2013-06-05,8761500,76.11000061035156,75.0999984741211,76.8499984741211,74.9000015258789,66.76568603515625
2013-06-04,8791700,78.5,76.62999725341797,78.81999969482422,76.08000183105469,68.1258773803711
2013-06-03,6191400,78.6500015258789,79.08000183105469,79.08000183105469,78.05000305175781,69.95726776123047
2013-05-31,6905600,79.54000091552734,78.66000366210938,80.37999725341797,78.66000366210938,69.5857162475586
2013-05-30,5449100,79.55000305175781,79.44000244140625,80.0999984741211,79.12999725341797,70.27574157714844
2013-05-29,7127000,79.37999725341797,79.48999786376953,79.87000274658203,79.08999633789062,70.3199691772461
2013-05-28,7715800,79.94000244140625,79.81999969482422,80.62999725341797,79.48999786376953,70.61190032958984
2013-05-24,6188200,78.5,78.98999786376953,79.38999938964844,78.30999755859375,69.87763977050781
2013-05-23,9634900,78.88999938964844,78.91000366210938,79.25,77.79000091552734,69.80686950683594
2013-05-22,14832400,79.26000213623047,79.69000244140625,81.55999755859375,79.18000030517578,70.49689483642578
2013-05-21,14108500,79.33000183105469,78.70999908447266,79.47000122070312,78.05999755859375,69.62994384765625
2013-05-20,8867700,76.7699966430664,76.76000213623047,77.0,76.5,67.90489196777344
2013-05-17,8735000,76.33999633789062,76.86000061035156,77.1500015258789,76.19999694824219,67.99337005615234
2013-05-16,8299200,77.5,76.75,78.54000091552734,76.69000244140625,67.89604187011719
2013-05-15,6706200,77.5999984741211,77.87999725341797,78.25,77.44000244140625,68.89569854736328
2013-05-14,6071700,76.77999877929688,77.31999969482422,77.41999816894531,76.75,68.40028381347656
2013-05-13,4466100,76.01000213623047,76.66999816894531,76.8499984741211,75.94999694824219,67.82528686523438
2013-05-10,5169700,76.13999938964844,76.01000213623047,76.19999694824219,75.41000366210938,67.24140930175781
2013-05-09,6338300,75.36000061035156,75.87000274658203,76.18000030517578,75.36000061035156,67.11758422851562
2013-05-08,6536600,75.19000244140625,75.41999816894531,75.5,74.91999816894531,66.71947479248047
2013-05-07,5582300,75.23999786376953,75.06999969482422,75.27999877929688,74.5999984741211,66.40985870361328
2013-05-06,5731200,73.87999725341797,75.26000213623047,75.37000274658203,73.87999725341797,66.57794952392578
2013-05-03,4953100,73.72000122070312,73.95999908447266,74.41000366210938,73.72000122070312,65.42792510986328
2013-05-02,3722900,72.7699966430664,73.33000183105469,73.4800033569336,72.52999877929688,64.8705825805664
2013-05-01,5554700,73.18000030517578,72.76000213623047,73.58999633789062,72.63999938964844,64.36634063720703
2013-04-30,6601900,73.5,73.3499984741211,74.01000213623047,73.22000122070312,64.88825988769531
2013-04-29,4518700,73.44000244140625,73.66999816894531,74.0199966430664,73.38999938964844,65.17135620117188
2013-04-26,4983000,73.23999786376953,73.3499984741211,73.69000244140625,73.12999725341797,64.88825988769531
2013-04-25,5645200,73.30999755859375,73.37000274658203,73.79000091552734,73.19999694824219,64.90596771240234
2013-04-24,6248300,73.55000305175781,73.27999877929688,73.8499984741211,73.26000213623047,64.82635498046875
2013-04-23,7898800,74.13999938964844,73.37999725341797,74.58999633789062,72.62999725341797,64.91480255126953
2013-04-22,7223500,73.91999816894531,73.86000061035156,74.22000122070312,73.23999786376953,65.33946990966797
2013-04-19,9579900,72.91999816894531,74.0,74.27999877929688,72.72000122070312,65.46330261230469
2013-04-18,7549200,72.66999816894531,72.4800033569336,72.9000015258789,72.29000091552734,64.11863708496094
2013-04-17,8838600,72.22000122070312,72.80000305175781,72.97000122070312,71.94000244140625,64.40172576904297
2013-04-16,8119700,72.55000305175781,72.45999908447266,72.80000305175781,72.02999877929688,64.10093688964844
2013-04-15,8360600,73.3499984741211,72.2300033569336,74.19000244140625,72.20999908447266,63.897499084472656
2013-04-12,10493000,72.41000366210938,73.62000274658203,73.66000366210938,72.1500015258789,65.12712097167969
2013-04-11,7627800,71.83000183105469,71.9000015258789,72.5999984741211,71.7300033569336,63.60555648803711
2013-04-10,5423200,71.4000015258789,71.69000244140625,71.79000091552734,70.97000122070312,63.419769287109375
2013-04-09,5994800,71.2300033569336,71.19999694824219,71.56999969482422,70.94999694824219,62.986297607421875
2013-04-08,6097200,69.77999877929688,71.22000122070312,71.25,69.77999877929688,63.00400161743164
2013-04-05,6986100,70.0,70.05999755859375,70.25,69.61000061035156,61.977813720703125
2013-04-04,6613700,70.36000061035156,70.69000244140625,70.80000305175781,70.08000183105469,62.53512954711914
2013-04-03,7796000,70.8499984741211,70.36000061035156,70.94000244140625,70.0199966430664,62.24321746826172
2013-04-02,7291600,69.9000015258789,71.0199966430664,71.05000305175781,69.83000183105469,62.82705307006836
2013-04-01,5357700,69.51000213623047,69.66999816894531,70.7699966430664,69.51000213623047,61.6328125
2013-03-28,6752100,69.44000244140625,69.77999877929688,69.95999908447266,69.33000183105469,61.73011779785156
2013-03-27,4156300,69.20999908447266,69.6500015258789,69.69999694824219,69.0,61.6151123046875
2013-03-26,4661200,69.66000366210938,70.05000305175781,70.4000015258789,69.55000305175781,61.96897888183594
2013-03-25,7027100,69.80000305175781,69.47000122070312,70.36000061035156,69.2699966430664,61.455875396728516
2013-03-22,5291800,69.2300033569336,69.55999755859375,69.56999969482422,68.80000305175781,61.53548049926758
2013-03-21,8045600,68.6500015258789,68.94999694824219,69.30999755859375,68.41999816894531,60.9958610534668
2013-03-20,6112000,69.38999938964844,68.87999725341797,69.55000305175781,68.83999633789062,60.9339485168457
2013-03-19,7657600,69.55000305175781,68.79000091552734,69.73999786376953,68.55999755859375,60.85432434082031
2013-03-18,6011200,68.44999694824219,69.3499984741211,69.91000366210938,68.44999694824219,61.3497200012207
2013-03-15,11275100,70.02999877929688,69.05000305175781,70.19000244140625,69.05000305175781,61.08433532714844
2013-03-14,6308900,70.87000274658203,70.23999786376953,70.95999908447266,70.18000030517578,62.137046813964844
2013-03-13,5826700,70.79000091552734,70.76000213623047,70.94000244140625,70.3499984741211,62.59706497192383
2013-03-12,4450400,70.9000015258789,70.75,71.13999938964844,70.45999908447266,62.58821105957031
2013-03-11,4902500,71.31999969482422,71.31999969482422,71.37999725341797,71.0,62.747440338134766
2013-03-08,6470300,70.58999633789062,71.37000274658203,71.44999694824219,70.38999938964844,62.791446685791016
2013-03-07,4998300,70.4000015258789,70.25,70.5,69.94000244140625,61.80605697631836
2013-03-06,5276600,70.47000122070312,70.4800033569336,70.95999908447266,70.27999877929688,62.0084228515625
2013-03-05,8323800,70.58000183105469,70.47000122070312,70.95999908447266,70.12000274658203,61.9996223449707
2013-03-04,8375900,68.94999694824219,70.29000091552734,70.30000305175781,68.93000030517578,61.841270446777344
2013-03-01,6241800,68.37999725341797,69.02999877929688,69.11000061035156,68.08999633789062,60.73270034790039
2013-02-28,8705100,67.91000366210938,68.5,69.19000244140625,67.86000061035156,60.26640701293945
2013-02-27,14180400,67.58000183105469,68.05999755859375,68.27999877929688,67.37000274658203,59.87929153442383
2013-02-26,22792900,65.55999755859375,67.55999755859375,68.0,65.48999786376953,59.43939971923828
2013-02-25,10268800,65.95999908447266,63.91999816894531,66.55000305175781,63.81999969482422,56.23691940307617
2013-02-22,7500700,64.80000305175781,65.58000183105469,65.73999786376953,64.5,57.6973991394043
2013-02-21,10622400,65.86000061035156,64.37999725341797,65.91999816894531,64.29000091552734,56.641632080078125
2013-02-20,5598400,67.44000244140625,66.44000244140625,67.5999984741211,66.37000274658203,58.45402145385742
2013-02-19,5455500,67.62999725341797,67.55000305175781,67.91999816894531,66.94999694824219,59.43060302734375
2013-02-15,8131200,67.5199966430664,67.5199966430664,67.98999786376953,66.80000305175781,59.404197692871094
2013-02-14,5439700,67.12999725341797,67.33999633789062,67.47000122070312,66.95999908447266,59.245845794677734
2013-02-13,3668900,67.5199966430664,67.44999694824219,67.66999816894531,67.18000030517578,59.34260940551758
2013-02-12,4932500,66.69999694824219,67.31999969482422,67.43000030517578,66.5199966430664,59.228240966796875
2013-02-11,3953500,66.87000274658203,66.37999725341797,66.9800033569336,66.22000122070312,58.40122985839844
2013-02-08,4459000,66.55000305175781,67.01000213623047,67.0199966430664,66.41000366210938,58.955501556396484
2013-02-07,5743500,66.6500015258789,66.30999755859375,66.69999694824219,65.83000183105469,58.33963394165039
2013-02-06,5187000,66.04000091552734,66.66999816894531,66.72000122070312,66.0,58.65636444091797
2013-02-05,7112000,66.62999725341797,66.38999938964844,66.93000030517578,66.30999755859375,58.4100341796875
2013-02-04,4741000,66.86000061035156,66.36000061035156,67.22000122070312,66.31999969482422,58.383644104003906
2013-02-01,4983300,67.62000274658203,67.30000305175781,67.73999786376953,67.20999908447266,59.21065139770508
2013-01-31,5615900,67.2300033569336,66.91999816894531,67.55999755859375,66.91999816894531,58.87632751464844
2013-01-30,5102200,67.22000122070312,67.23999786376953,67.58000183105469,67.01000213623047,59.157867431640625
2013-01-29,6504300,67.5,67.19999694824219,67.80000305175781,66.97000122070312,59.12266159057617
2013-01-28,6561200,68.1500015258789,67.58000183105469,68.1500015258789,67.26000213623047,59.456993103027344
2013-01-25,7494700,67.61000061035156,67.81999969482422,68.12999725341797,67.29000091552734,59.66814041137695
2013-01-24,8484600,66.55999755859375,67.3499984741211,67.69000244140625,66.55999755859375,59.254642486572266
2013-01-23,6795500,65.47000122070312,66.45999908447266,66.4800033569336,65.30999755859375,58.47162628173828
2013-01-22,6574000,65.38999938964844,65.75,65.98999786376953,65.22000122070312,57.84695816040039
2013-01-18,6534400,65.1500015258789,65.47000122070312,65.4800033569336,64.95999908447266,57.60062026977539
2013-01-17,7796000,64.19000244140625,65.05000305175781,65.29000091552734,64.04000091552734,57.231109619140625
2013-01-16,3915400,63.63999938964844,63.86000061035156,64.0,63.54999923706055,56.18412780761719
2013-01-15,5119400,63.5,63.95000076293945,64.01000213623047,63.45000076293945,56.263309478759766
2013-01-14,4532200,63.65999984741211,63.47999954223633,63.900001525878906,63.38999938964844,55.84981155395508
2013-01-11,4567100,63.470001220703125,63.70000076293945,63.7599983215332,63.34000015258789,56.043373107910156
2013-01-10,6714100,63.380001068115234,63.619998931884766,63.619998931884766,62.779998779296875,55.97298049926758
2013-01-09,4712400,63.5099983215332,63.16999816894531,63.630001068115234,63.0099983215332,55.577064514160156
2013-01-08,5433000,62.75,63.220001220703125,63.459999084472656,62.72999954223633,55.62105178833008
2013-01-07,5466500,62.599998474121094,62.84000015258789,63.0,62.380001068115234,55.28672790527344
2013-01-04,4779100,63.209999084472656,63.18000030517578,63.369998931884766,63.0,55.58586502075195
2013-01-03,6056800,63.779998779296875,63.29999923706055,63.93000030517578,63.08000183105469,55.69144058227539
2013-01-02,9067200,63.56999969482422,63.47999954223633,63.709999084472656,62.61000061035156,55.84981155395508
2012-12-31,7880800,60.40999984741211,61.849998474121094,61.869998931884766,60.33000183105469,54.41572952270508
2012-12-28,6508700,60.61000061035156,60.650001525878906,61.52000045776367,60.27000045776367,53.35997009277344
2012-12-27,7184600,61.029998779296875,61.06999969482422,61.41999816894531,60.209999084472656,53.72948455810547
2012-12-26,4453800,61.52000045776367,61.13999938964844,61.70000076293945,61.0,53.791072845458984
2012-12-24,3022600,61.0099983215332,61.56999969482422,61.970001220703125,61.0,54.16938781738281
2012-12-21,15929900,61.31999969482422,61.31999969482422,61.720001220703125,60.54999923706055,53.949440002441406
2012-12-20,8436700,61.45000076293945,61.970001220703125,61.97999954223633,61.22999954223633,54.52132034301758
2012-12-19,7597900,63.130001068115234,61.77000045776367,63.13999938964844,61.75,54.34535598754883
2012-12-18,7751400,63.38999938964844,63.0,63.38999938964844,62.70000076293945,55.42750549316406
2012-12-17,8188700,62.150001525878906,63.310001373291016,63.34000015258789,61.9900016784668,55.70024108886719
2012-12-14,5783500,62.33000183105469,62.060001373291016,62.41999816894531,61.790000915527344,54.600502014160156
2012-12-13,5875900,63.040000915527344,62.40999984741211,63.279998779296875,62.349998474121094,54.908416748046875
2012-12-12,7216500,63.189998626708984,62.93000030517578,63.2400016784668,62.650001525878906,55.36592102050781
2012-12-11,6880200,63.27000045776367,62.88999938964844,63.5,62.75,55.33073806762695
2012-12-10,8150000,64.33999633789062,63.040000915527344,64.33999633789062,63.029998779296875,55.46269226074219
2012-12-07,6092800,64.5999984741211,64.44999694824219,64.75,64.04000091552734,56.703216552734375
2012-12-06,5837400,64.05999755859375,64.33999633789062,64.44999694824219,63.63999938964844,56.60643005371094
2012-12-05,6050500,64.16999816894531,64.0199966430664,64.4800033569336,63.45000076293945,56.324893951416016
2012-12-04,7787600,64.93000030517578,64.23999786376953,64.98999786376953,64.2300033569336,56.5184440612793
2012-12-03,6696200,65.0,64.9800033569336,65.91999816894531,64.9000015258789,57.169517517089844
2012-11-30,9271800,64.4000015258789,65.06999969482422,65.2300033569336,64.04000091552734,57.24869918823242
2012-11-29,7629200,64.55999755859375,64.23999786376953,65.0199966430664,64.0999984741211,56.5184440612793
2012-11-28,7759600,63.869998931884766,64.83000183105469,64.8499984741211,63.369998931884766,57.037540435791016
2012-11-27,8234300,64.01000213623047,64.16000366210938,64.45999908447266,63.54999923706055,56.44807434082031
2012-11-26,6719200,64.5999984741211,64.66999816894531,64.88999938964844,64.16000366210938,56.641632080078125
2012-11-23,3721900,64.27999877929688,64.81999969482422,64.83000183105469,64.12000274658203,56.773014068603516
2012-11-21,5574000,63.65999984741211,64.08999633789062,64.18000030517578,63.5,56.13362503051758
2012-11-20,8560400,63.220001220703125,63.81999969482422,63.869998931884766,63.150001525878906,55.89716339111328
2012-11-19,10036100,62.4900016784668,63.33000183105469,63.34000015258789,62.29999923706055,55.46798324584961
2012-11-16,9059100,61.029998779296875,62.119998931884766,62.279998779296875,61.029998779296875,54.408199310302734
2012-11-15,8204600,61.27000045776367,61.25,61.880001068115234,61.040000915527344,53.64619445800781
2012-11-14,13379700,63.2400016784668,61.470001220703125,63.5,61.31999969482422,53.83889389038086
2012-11-13,21441300,62.349998474121094,63.380001068115234,64.44000244140625,62.150001525878906,55.511783599853516
2012-11-12,8353500,61.2400016784668,61.15999984741211,61.43000030517578,60.5,53.56737518310547
2012-11-09,6562300,60.65999984741211,60.959999084472656,61.349998474121094,60.310001373291016,53.392208099365234
2012-11-08,7251300,61.79999923706055,60.86000061035156,61.9900016784668,60.84000015258789,53.30461120605469
2012-11-07,8778000,62.34000015258789,61.9900016784668,62.369998931884766,61.43000030517578,54.29433822631836
2012-11-06,7017900,62.59000015258789,62.619998931884766,62.900001525878906,62.33000183105469,54.84612274169922
2012-11-05,4904200,62.02000045776367,62.380001068115234,62.529998779296875,61.93000030517578,54.63591766357422
2012-11-02,8905700,62.54999923706055,62.02000045776367,62.90999984741211,61.97999954223633,54.32061004638672
2012-11-01,6879900,61.95000076293945,62.2599983215332,62.38999938964844,61.720001220703125,54.53081130981445
2012-10-31,13817800,62.7599983215332,61.380001068115234,63.0,60.88999938964844,53.76007080078125
2012-10-26,10458600,60.380001068115234,60.040000915527344,60.459999084472656,59.439998626708984,52.586421966552734
2012-10-25,9604000,61.70000076293945,60.47999954223633,61.88999938964844,60.310001373291016,52.9717903137207
2012-10-24,7187200,61.95000076293945,61.279998779296875,62.22999954223633,61.22999954223633,53.67247009277344
2012-10-23,8273900,61.54999923706055,61.75,61.779998779296875,61.060001373291016,54.084129333496094
2012-10-22,7785800,61.75,62.040000915527344,62.04999923706055,61.43000030517578,54.3381233215332
2012-10-19,10798800,61.7599983215332,61.88999938964844,62.029998779296875,61.5099983215332,54.20676040649414
2012-10-18,9420000,61.38999938964844,61.79999923706055,61.900001525878906,61.349998474121094,54.1279182434082
2012-10-17,11372700,61.290000915527344,61.38999938964844,62.119998931884766,61.150001525878906,53.76881408691406
2012-10-16,7162400,60.86000061035156,60.86000061035156,61.0,60.43000030517578,53.30461120605469
2012-10-15,8072200,59.880001068115234,60.650001525878906,60.75,59.75,53.12069320678711
2012-10-12,6554400,59.25,59.560001373291016,59.81999969482422,59.15999984741211,52.16600036621094
2012-10-11,10431000,59.95000076293945,59.0099983215332,59.9900016784668,58.75,51.684288024902344
2012-10-10,15262700,60.5099983215332,59.7400016784668,61.060001373291016,59.61000061035156,52.32366943359375
2012-10-09,9707700,61.59000015258789,60.95000076293945,61.66999816894531,60.95000076293945,53.38343811035156
2012-10-08,9770300,62.97999954223633,61.880001068115234,63.099998474121094,61.7400016784668,54.19799041748047
2012-10-05,9672400,61.970001220703125,63.20000076293945,63.20000076293945,61.900001525878906,55.35411834716797
2012-10-04,8722300,61.84000015258789,61.7400016784668,62.41999816894531,61.52000045776367,54.07537078857422
2012-10-03,8468300,60.45000076293945,61.77000045776367,61.779998779296875,60.380001068115234,54.10164260864258
2012-10-02,6573100,60.869998931884766,60.33000183105469,60.88999938964844,60.150001525878906,52.84041213989258
2012-10-01,8537400,60.77000045776367,60.56999969482422,60.849998474121094,60.34000015258789,53.05062484741211
2012-09-28,7740800,59.68000030517578,60.369998931884766,60.41999816894531,59.400001525878906,52.87544250488281
2012-09-27,5824200,59.41999816894531,59.880001068115234,60.20000076293945,59.2400016784668,52.446285247802734
2012-09-26,8583300,59.58000183105469,59.16999816894531,59.95000076293945,59.130001068115234,51.824424743652344
2012-09-25,9723100,59.83000183105469,59.720001220703125,60.58000183105469,59.619998931884766,52.30614471435547
2012-09-24,5589200,59.349998474121094,59.38999938964844,59.52000045776367,58.880001068115234,52.01710891723633
2012-09-21,9011000,59.58000183105469,59.41999816894531,59.93000030517578,59.310001373291016,52.04338836669922
2012-09-20,6362100,59.189998626708984,59.279998779296875,59.29999923706055,58.7599983215332,51.9207763671875
2012-09-19,6648700,59.18000030517578,59.470001220703125,60.0,59.0,52.087181091308594
2012-09-18,5216500,58.970001220703125,58.86000061035156,59.04999923706055,58.5099983215332,51.55290985107422
2012-09-17,7985900,59.20000076293945,58.90999984741211,59.470001220703125,58.66999816894531,51.5966911315918
2012-09-14,12476500,58.720001220703125,59.459999084472656,59.709999084472656,58.65999984741211,52.07841491699219
2012-09-13,10772200,57.06999969482422,58.29999923706055,58.38999938964844,56.810001373291016,51.06243133544922
2012-09-12,7774400,56.849998474121094,57.04999923706055,57.099998474121094,56.43000030517578,49.96760177612305
2012-09-11,7490100,57.22999954223633,56.720001220703125,57.29999923706055,56.61000061035156,49.67857360839844
2012-09-10,6903700,57.47999954223633,57.29999923706055,57.880001068115234,57.220001220703125,50.18656539916992
2012-09-07,6808700,57.7599983215332,57.2599983215332,57.88999938964844,57.040000915527344,50.15153121948242
2012-09-06,7706900,56.5,57.650001525878906,57.66999816894531,56.5,50.493125915527344
2012-09-05,6068500,56.970001220703125,56.540000915527344,57.31999969482422,56.369998931884766,49.520912170410156
2012-09-04,5914100,56.790000915527344,56.790000915527344,57.0,56.470001220703125,49.73988723754883
2012-08-31,7446700,56.810001373291016,56.75,56.970001220703125,56.54999923706055,49.7048454284668
2012-08-30,5846200,56.709999084472656,56.619998931884766,56.79999923706055,56.470001220703125,49.590980529785156
2012-08-29,4593900,56.689998626708984,56.84000015258789,57.0099983215332,56.540000915527344,49.78367614746094
2012-08-28,4758300,56.2400016784668,56.529998779296875,56.849998474121094,56.20000076293945,49.512149810791016
2012-08-27,7164000,57.08000183105469,56.66999816894531,57.08000183105469,56.41999816894531,49.38078689575195
2012-08-24,5784000,56.38999938964844,56.959999084472656,57.0,56.38999938964844,49.633480072021484
2012-08-23,6613200,56.58000183105469,56.54999923706055,56.93000030517578,56.45000076293945,49.276206970214844
2012-08-22,6677800,56.29999923706055,56.63999938964844,56.91999816894531,56.220001220703125,49.35463333129883
2012-08-21,8382600,56.66999816894531,56.31999969482422,56.900001525878906,56.119998931884766,49.075801849365234
2012-08-20,8435300,56.56999969482422,56.56999969482422,56.66999816894531,55.97999954223633,49.29363250732422
2012-08-17,11263000,56.2599983215332,56.72999954223633,57.18000030517578,56.06999969482422,49.43305969238281
2012-08-16,10150600,55.0,56.310001373291016,56.470001220703125,54.970001220703125,49.06708908081055
2012-08-15,9630600,54.75,55.0,55.34000015258789,54.68000030517578,47.92559814453125
2012-08-14,19528000,54.150001525878906,54.709999084472656,54.97999954223633,53.720001220703125,47.672889709472656
2012-08-13,9982500,53.150001525878906,52.81999969482422,53.22999954223633,52.650001525878906,46.0259895324707
2012-08-10,9086700,52.95000076293945,53.060001373291016,53.09000015258789,52.58000183105469,46.2351188659668
2012-08-09,8324900,52.540000915527344,53.150001525878906,53.41999816894531,52.4900016784668,46.31354904174805
2012-08-08,5398200,52.130001068115234,52.790000915527344,52.849998474121094,51.95000076293945,45.999855041503906
2012-08-07,6519100,52.25,52.400001525878906,52.529998779296875,51.779998779296875,45.66001510620117
2012-08-06,7471600,52.40999984741211,52.0,52.7400016784668,51.939998626708984,45.311458587646484
2012-08-03,7484300,52.20000076293945,52.290000915527344,52.34000015258789,51.86000061035156,45.56415939331055
2012-08-02,9536700,51.540000915527344,51.38999938964844,52.08000183105469,51.209999084472656,44.77991485595703
2012-08-01,8327200,52.310001373291016,51.68000030517578,52.529998779296875,51.54999923706055,45.03262710571289
2012-07-31,11606100,52.97999954223633,52.18000030517578,53.0,52.119998931884766,45.46830749511719
2012-07-30,9024400,53.459999084472656,53.25,53.7599983215332,52.810001373291016,46.40068817138672
2012-07-27,9140400,52.9900016784668,53.709999084472656,54.279998779296875,52.90999984741211,46.801509857177734
2012-07-26,12548400,51.7400016784668,52.90999984741211,52.959999084472656,51.7400016784668,46.10441207885742
2012-07-25,8365500,51.4900016784668,51.06999969482422,51.849998474121094,51.0,44.50109100341797
2012-07-24,8847100,50.959999084472656,51.16999816894531,51.29999923706055,50.61000061035156,44.58823013305664
2012-07-23,10575800,50.11000061035156,50.959999084472656,51.2400016784668,49.77000045776367,44.40523910522461
2012-07-20,8926100,50.880001068115234,50.70000076293945,51.08000183105469,50.599998474121094,44.178680419921875
2012-07-19,10630900,51.0099983215332,50.959999084472656,51.380001068115234,50.5,44.40523910522461
2012-07-18,9222600,50.59000015258789,50.90999984741211,51.029998779296875,50.31999969482422,44.36167526245117
2012-07-17,16519200,50.91999816894531,50.720001220703125,51.09000015258789,50.279998779296875,44.19610595703125
2012-07-16,8484000,51.810001373291016,51.45000076293945,51.810001373291016,50.93000030517578,44.83220672607422
2012-07-13,7970300,51.86000061035156,52.09000015258789,52.20000076293945,51.70000076293945,45.389888763427734
2012-07-12,9535000,51.06999969482422,51.54999923706055,51.849998474121094,50.86000061035156,44.919342041015625
2012-07-11,10075500,52.209999084472656,51.66999816894531,52.61000061035156,51.380001068115234,45.02391052246094
2012-07-10,8368700,52.439998626708984,52.220001220703125,52.75,52.060001373291016,45.50316619873047
2012-07-09,6132600,52.20000076293945,52.119998931884766,52.29999923706055,51.72999954223633,45.4160270690918
2012-07-06,7127700,51.790000915527344,52.150001525878906,52.27000045776367,51.689998626708984,45.442176818847656
2012-07-05,9036100,51.36000061035156,52.11000061035156,52.290000915527344,51.310001373291016,45.407318115234375
2012-07-03,13270600,51.869998931884766,51.650001525878906,51.970001220703125,50.869998931884766,45.00648880004883
2012-07-02,9738900,52.959999084472656,53.0099983215332,53.2400016784668,52.5099983215332,46.191551208496094
2012-06-29,9688100,52.2599983215332,52.9900016784668,52.9900016784668,52.189998626708984,46.17412567138672
2012-06-28,11017000,51.380001068115234,51.689998626708984,51.86000061035156,50.88999938964844,45.041343688964844
2012-06-27,12224000,51.900001525878906,51.54999923706055,51.93000030517578,51.41999816894531,44.919342041015625
2012-06-26,9202500,51.630001068115234,51.880001068115234,52.220001220703125,51.310001373291016,45.2068977355957
2012-06-25,10104700,51.59000015258789,51.52000045776367,51.720001220703125,51.209999084472656,44.89320373535156
2012-06-22,22946500,51.70000076293945,52.02000045776367,52.02000045776367,51.400001525878906,45.32888412475586
2012-06-21,20047000,52.810001373291016,51.2599983215332,53.0,51.2400016784668,44.666648864746094
2012-06-20,9376400,53.099998474121094,52.83000183105469,53.279998779296875,52.34000015258789,46.03470230102539
2012-06-19,10420400,52.75,52.970001220703125,53.220001220703125,52.540000915527344,46.15668869018555
2012-06-18,11636100,51.93000030517578,52.31999969482422,52.630001068115234,51.650001525878906,45.590309143066406
2012-06-15,17480700,52.09000015258789,51.869998931884766,52.5,51.61000061035156,45.19818115234375
2012-06-14,16512900,51.45000076293945,52.15999984741211,52.56999969482422,51.27000045776367,45.45087814331055
2012-06-13,14524800,51.779998779296875,50.970001220703125,51.900001525878906,50.810001373291016,44.413944244384766
2012-06-12,9006300,51.540000915527344,52.2400016784668,52.29999923706055,51.400001525878906,45.52058792114258
2012-06-11,11729100,52.59000015258789,51.349998474121094,52.689998626708984,51.279998779296875,44.74506759643555
2012-06-08,13338300,51.209999084472656,52.349998474121094,52.36000061035156,51.04999923706055,45.61644744873047
2012-06-07,20693300,51.119998931884766,51.2400016784668,51.619998931884766,50.90999984741211,44.64921951293945
2012-06-06,19333500,49.5,50.599998474121094,50.599998474121094,49.34000015258789,44.09153747558594
2012-06-05,9457500,48.47999954223633,48.91999816894531,49.08000183105469,48.279998779296875,42.62763595581055
2012-06-04,15969800,47.90999984741211,48.7599983215332,48.880001068115234,47.75,42.48821258544922
2012-06-01,12638700,48.849998474121094,47.959999084472656,49.25,47.91999816894531,41.791114807128906
2012-05-31,14217000,49.619998931884766,49.34000015258789,49.77000045776367,49.15999984741211,42.993621826171875
2012-05-30,11996300,49.54999923706055,49.709999084472656,49.779998779296875,48.90999984741211,43.31601333618164
2012-05-29,8582600,49.619998931884766,49.779998779296875,49.91999816894531,49.27000045776367,43.37701416015625
2012-05-25,9819200,49.75,49.439998626708984,50.09000015258789,49.31999969482422,42.82804489135742
2012-05-24,9702000,48.83000183105469,49.709999084472656,49.720001220703125,48.66999816894531,43.06193542480469
2012-05-23,13489900,47.97999954223633,48.7400016784668,48.79999923706055,47.83000183105469,42.22166061401367
2012-05-22,15028300,47.9900016784668,48.2599983215332,48.58000183105469,47.68000030517578,41.80585861206055
2012-05-21,12713000,46.4900016784668,47.61000061035156,47.81999969482422,46.369998931884766,41.24277877807617
2012-05-18,12962200,47.0,47.04999923706055,47.540000915527344,46.720001220703125,40.7576789855957
2012-05-17,15699100,48.689998626708984,47.02000045776367,48.70000076293945,47.0099983215332,40.731685638427734
2012-05-16,14756500,48.900001525878906,48.77000045776367,49.31999969482422,48.75,42.24765396118164
2012-05-15,28826600,47.900001525878906,48.66999816894531,49.5,47.22999954223633,42.16102981567383
2012-05-14,12329400,50.13999938964844,49.880001068115234,50.59000015258789,49.720001220703125,43.209197998046875
2012-05-11,10489700,50.25,50.34000015258789,50.880001068115234,50.04999923706055,43.60768127441406
2012-05-10,16080300,50.52000045776367,50.619998931884766,50.75,50.369998931884766,43.85024642944336
2012-05-09,17577400,50.189998626708984,50.11000061035156,50.369998931884766,49.849998474121094,43.40843963623047
2012-05-08,15807200,51.220001220703125,50.619998931884766,51.279998779296875,49.810001373291016,43.85024642944336
2012-05-07,8532000,51.599998474121094,51.38999938964844,51.83000183105469,51.36000061035156,44.51725769042969
2012-05-04,8564700,52.290000915527344,51.959999084472656,52.36000061035156,51.70000076293945,45.01103210449219
2012-05-03,10470300,52.70000076293945,52.470001220703125,52.880001068115234,52.2400016784668,45.452823638916016
2012-05-02,10109100,52.189998626708984,52.709999084472656,52.849998474121094,52.13999938964844,45.660728454589844
2012-05-01,8474800,51.93000030517578,52.31999969482422,52.75,51.58000183105469,45.3228874206543
2012-04-30,6800700,51.900001525878906,51.790000915527344,51.959999084472656,51.58000183105469,44.86376190185547
2012-04-27,11022100,52.0099983215332,51.95000076293945,52.38999938964844,51.290000915527344,45.00236892700195
2012-04-26,7361400,51.79999923706055,51.869998931884766,52.04999923706055,51.400001525878906,44.933067321777344
2012-04-25,6529100,51.4900016784668,51.90999984741211,52.029998779296875,51.45000076293945,44.967716217041016
2012-04-24,6437400,51.2400016784668,51.22999954223633,51.66999816894531,50.86000061035156,44.378658294677734
2012-04-23,6801100,51.150001525878906,51.099998474121094,51.2599983215332,50.65999984741211,44.266029357910156
2012-04-20,11027600,51.79999923706055,51.459999084472656,51.93000030517578,51.2599983215332,44.57788848876953
2012-04-19,10894800,51.79999923706055,51.560001373291016,51.970001220703125,51.290000915527344,44.66453552246094
2012-04-18,7051600,51.86000061035156,51.810001373291016,51.959999084472656,51.5,44.8810920715332
2012-04-17,9054400,51.790000915527344,52.029998779296875,52.150001525878906,51.2599983215332,45.0716667175293
2012-04-16,10239000,51.439998626708984,51.689998626708984,51.849998474121094,50.939998626708984,44.77714157104492
2012-04-13,10430600,50.599998474121094,50.959999084472656,51.279998779296875,50.599998474121094,44.14476776123047
2012-04-12,10472200,49.849998474121094,50.630001068115234,50.68000030517578,49.65999984741211,43.85890197753906
2012-04-11,7631100,49.68000030517578,49.75,49.939998626708984,49.61000061035156,43.096580505371094
2012-04-10,13245100,50.31999969482422,49.36000061035156,50.86000061035156,49.36000061035156,42.75873947143555
2012-04-09,8302700,49.869998931884766,50.58000183105469,50.689998626708984,49.869998931884766,43.81559371948242
2012-04-05,9558500,49.689998626708984,50.619998931884766,50.66999816894531,49.560001373291016,43.85024642944336
2012-04-04,6280000,49.790000915527344,49.849998474121094,50.0099983215332,49.560001373291016,43.18321228027344
2012-04-03,8669600,49.83000183105469,50.0,50.2400016784668,49.709999084472656,43.31315994262695
2012-04-02,8435800,50.099998474121094,49.9900016784668,50.25,49.7599983215332,43.30449676513672
2012-03-30,7713000,50.0,50.310001373291016,50.41999816894531,50.0,43.58169937133789
2012-03-29,5491400,49.5,49.90999984741211,49.939998626708984,49.400001525878906,43.23518371582031
2012-03-28,7982700,49.88999938964844,49.90999984741211,50.25,49.599998474121094,43.23518371582031
2012-03-27,7785700,50.04999923706055,50.040000915527344,50.349998474121094,50.0,43.34780502319336
2012-03-26,11740100,49.709999084472656,50.130001068115234,50.150001525878906,49.70000076293945,43.4257698059082
2012-03-23,8655700,49.380001068115234,49.540000915527344,49.58000183105469,48.75,42.9146728515625
2012-03-22,7195700,49.470001220703125,49.68000030517578,49.880001068115234,49.34000015258789,43.03595733642578
2012-03-21,10347800,49.380001068115234,49.790000915527344,49.93000030517578,49.310001373291016,43.13124084472656
2012-03-20,7629300,48.560001373291016,49.380001068115234,49.5,48.560001373291016,42.77606964111328
2012-03-19,9028200,48.90999984741211,48.83000183105469,48.9900016784668,48.47999954223633,42.299617767333984
2012-03-16,13267200,49.45000076293945,49.04999923706055,49.52000045776367,48.849998474121094,42.49020004272461
2012-03-15,8869200,49.40999984741211,49.20000076293945,49.439998626708984,48.869998931884766,42.62014389038086
2012-03-14,10076400,49.41999816894531,49.470001220703125,49.709999084472656,49.22999954223633,42.854034423828125
2012-03-13,10853100,48.70000076293945,49.13999938964844,49.16999816894531,48.599998474121094,42.56816864013672
2012-03-12,9458800,48.06999969482422,48.59000015258789,48.65999984741211,48.0,42.09171676635742
2012-03-09,8799200,47.91999816894531,48.099998474121094,48.18000030517578,47.83000183105469,41.66725158691406
2012-03-08,10433000,47.529998779296875,47.81999969482422,47.9900016784668,47.459999084472656,41.42469024658203
2012-03-07,10648900,46.40999984741211,47.38999938964844,47.5,46.36000061035156,41.05220031738281
2012-03-06,9087000,46.63999938964844,46.38999938964844,46.720001220703125,46.119998931884766,40.18594741821289
2012-03-05,9044600,47.279998779296875,47.38999938964844,47.68000030517578,46.939998626708984,40.80098342895508
2012-03-02,5916700,47.439998626708984,47.40999984741211,47.630001068115234,47.27000045776367,40.818214416503906
2012-03-01,7940900,47.529998779296875,47.459999084472656,47.88999938964844,47.290000915527344,40.86125946044922
2012-02-29,11348600,47.209999084472656,47.56999969482422,47.79999923706055,47.20000076293945,40.95595932006836
2012-02-28,7947700,47.189998626708984,47.22999954223633,47.33000183105469,46.83000183105469,40.66323471069336
2012-02-27,9804600,46.70000076293945,46.93000030517578,47.369998931884766,46.59000015258789,40.404937744140625
2012-02-24,9730700,47.0,46.97999954223633,47.13999938964844,46.779998779296875,40.44800567626953
2012-02-23,9232100,46.540000915527344,46.95000076293945,47.20000076293945,46.52000045776367,40.42217254638672
2012-02-22,11639500,46.79999923706055,46.56999969482422,47.2400016784668,46.45000076293945,40.095008850097656
2012-02-21,20475700,48.060001373291016,46.91999816894531,48.06999969482422,46.63999938964844,40.39632797241211
2012-02-17,11555900,46.150001525878906,46.709999084472656,46.720001220703125,46.09000015258789,40.21553039550781
2012-02-16,7453800,45.88999938964844,45.93000030517578,46.22999954223633,45.720001220703125,39.54398727416992
2012-02-15,7486800,45.7599983215332,45.709999084472656,46.16999816894531,45.650001525878906,39.354576110839844
2012-02-14,7717100,45.86000061035156,46.060001373291016,46.209999084472656,45.68000030517578,39.65591812133789
2012-02-13,9184000,45.52000045776367,45.93000030517578,46.11000061035156,45.45000076293945,39.54398727416992
2012-02-10,5026100,44.970001220703125,45.33000183105469,45.33000183105469,44.93000030517578,39.027408599853516
2012-02-09,5356700,45.27000045776367,45.27000045776367,45.369998931884766,44.83000183105469,38.97576141357422
2012-02-08,7578800,45.459999084472656,45.16999816894531,45.470001220703125,44.849998474121094,38.889652252197266
2012-02-07,9725400,45.130001068115234,45.459999084472656,45.58000183105469,45.099998474121094,39.13934326171875
2012-02-06,8091400,45.04999923706055,45.20000076293945,45.279998779296875,44.9900016784668,38.91547775268555
2012-02-03,10422700,44.81999969482422,45.16999816894531,45.27000045776367,44.81999969482422,38.889652252197266
2012-02-02,8963500,44.54999923706055,44.459999084472656,44.619998931884766,44.29999923706055,38.278377532958984
2012-02-01,10906400,44.689998626708984,44.470001220703125,44.90999984741211,44.41999816894531,38.2869873046875
2012-01-31,10343500,44.869998931884766,44.38999938964844,45.25,44.2599983215332,38.21809768676758
2012-01-30,6724600,44.58000183105469,44.77000045776367,44.790000915527344,44.220001220703125,38.54526138305664
2012-01-27,7924800,44.72999954223633,44.869998931884766,45.0,44.40999984741211,38.63136672973633
2012-01-26,11174400,45.349998474121094,44.95000076293945,45.349998474121094,44.470001220703125,38.700233459472656
2012-01-25,9930000,44.83000183105469,45.2599983215332,45.40999984741211,44.599998474121094,38.96714782714844
2012-01-24,10953000,44.70000076293945,44.959999084472656,45.130001068115234,44.560001373291016,38.70885467529297
2012-01-23,13779200,44.31999969482422,44.880001068115234,44.9900016784668,43.97999954223633,38.63998031616211
2012-01-20,12589200,45.45000076293945,44.5099983215332,45.5,44.310001373291016,38.321414947509766
2012-01-19,15722900,44.869998931884766,45.40999984741211,45.41999816894531,44.45000076293945,39.096290588378906
2012-01-18,13147000,43.720001220703125,44.880001068115234,44.9900016784668,43.70000076293945,38.63998031616211
2012-01-17,7709100,43.61000061035156,43.7400016784668,43.959999084472656,43.52000045776367,37.65848159790039
2012-01-13,8076200,43.11000061035156,43.5099983215332,43.529998779296875,42.91999816894531,37.46044921875
2012-01-12,8449900,43.59000015258789,43.38999938964844,43.65999984741211,43.130001068115234,37.35715103149414
2012-01-11,8222100,43.52000045776367,43.459999084472656,43.599998474121094,43.15999984741211,37.41740798950195
2012-01-10,7497500,43.529998779296875,43.529998779296875,43.599998474121094,43.119998931884766,37.47767639160156
2012-01-09,7346600,43.18000030517578,43.22999954223633,43.29999923706055,42.75,37.219390869140625
2012-01-06,7285500,43.0,43.20000076293945,43.29999923706055,42.79999923706055,37.19355773925781
2012-01-05,10245500,42.630001068115234,43.09000015258789,43.20000076293945,42.38999938964844,37.098854064941406
2012-01-04,11085800,42.060001373291016,42.7400016784668,42.91999816894531,41.91999816894531,36.797515869140625
2012-01-03,8452900,42.40999984741211,42.13999938964844,42.900001525878906,42.06999969482422,36.280941009521484
2011-12-30,4773800,42.150001525878906,42.040000915527344,42.31999969482422,42.0099983215332,36.194854736328125
2011-12-29,6297000,41.709999084472656,42.0099983215332,42.029998779296875,41.58000183105469,36.169010162353516
2011-12-28,5136600,42.22999954223633,41.529998779296875,42.38999938964844,41.52000045776367,35.755760192871094
2011-12-27,4763300,41.9900016784668,42.220001220703125,42.470001220703125,41.91999816894531,36.349830627441406
2011-12-23,4353700,41.97999954223633,42.09000015258789,42.130001068115234,41.689998626708984,36.237892150878906
2011-12-22,9880000,41.93000030517578,41.91999816894531,42.13999938964844,41.650001525878906,36.09152603149414
2011-12-21,12073900,41.91999816894531,42.0,42.04999923706055,41.560001373291016,36.160404205322266
2011-12-20,20396200,40.779998779296875,41.95000076293945,41.9900016784668,40.779998779296875,36.11735916137695
2011-12-19,8901900,40.310001373291016,40.20000076293945,40.810001373291016,40.11000061035156,34.61068344116211
2011-12-16,20212600,39.75,40.41999816894531,40.540000915527344,39.7400016784668,34.80008316040039
2011-12-15,10784900,39.619998931884766,39.41999816894531,39.959999084472656,39.380001068115234,33.939125061035156
2011-12-14,12084800,39.369998931884766,39.13999938964844,39.56999969482422,38.84000015258789,33.698062896728516
2011-12-13,11351400,40.220001220703125,39.5099983215332,40.25,39.36000061035156,34.016605377197266
2011-12-12,11089400,39.849998474121094,40.04999923706055,40.11000061035156,39.310001373291016,34.481536865234375
2011-12-09,10311000,40.119998931884766,40.22999954223633,40.40999984741211,39.9900016784668,34.636497497558594
2011-12-08,12008200,40.4900016784668,39.90999984741211,40.79999923706055,39.84000015258789,34.36100387573242
2011-12-07,12196100,40.08000183105469,40.72999954223633,40.93000030517578,40.040000915527344,35.06698226928711
2011-12-06,12500900,40.09000015258789,40.31999969482422,40.720001220703125,39.970001220703125,34.713993072509766
2011-12-05,13964300,40.130001068115234,40.22999954223633,40.59000015258789,39.790000915527344,34.636497497558594
2011-12-02,17909600,39.689998626708984,39.939998626708984,40.459999084472656,39.66999816894531,34.38682556152344
2011-12-01,9621900,38.86000061035156,39.34000015258789,39.560001373291016,38.790000915527344,33.870243072509766
2011-11-30,19655000,39.45000076293945,39.220001220703125,39.790000915527344,38.59000015258789,33.76694107055664
2011-11-29,20793800,37.400001525878906,38.959999084472656,39.099998474121094,37.2599983215332,33.5430793762207
2011-11-28,8060800,37.189998626708984,37.29999923706055,37.720001220703125,37.06999969482422,31.864213943481445
2011-11-25,3616800,36.4900016784668,36.470001220703125,36.95000076293945,36.40999984741211,31.15516471862793
2011-11-23,6710500,36.779998779296875,36.52000045776367,36.88999938964844,36.470001220703125,31.19788360595703
2011-11-22,8235700,37.0099983215332,37.099998474121094,37.470001220703125,36.779998779296875,31.693355560302734
2011-11-21,11602100,37.5,37.060001373291016,37.849998474121094,36.689998626708984,31.659181594848633
2011-11-18,11816000,37.83000183105469,37.880001068115234,37.95000076293945,37.290000915527344,32.35969161987305
2011-11-17,11376300,37.84000015258789,37.619998931884766,38.09000015258789,37.2400016784668,32.13756561279297
2011-11-16,11800000,37.650001525878906,37.84000015258789,38.75,37.58000183105469,32.32551193237305
2011-11-15,15280400,38.58000183105469,38.06999969482422,38.7400016784668,37.849998474121094,32.522003173828125
2011-11-14,13926600,38.150001525878906,38.25,38.540000915527344,37.95000076293945,32.675758361816406
2011-11-11,10185600,37.5,38.060001373291016,38.380001068115234,37.5,32.513450622558594
2011-11-10,7287700,37.470001220703125,37.20000076293945,37.540000915527344,37.04999923706055,31.778778076171875
2011-11-09,10918000,37.45000076293945,37.15999984741211,37.779998779296875,37.029998779296875,31.74460792541504
2011-11-08,9872600,37.560001373291016,37.939998626708984,38.0,37.279998779296875,32.410945892333984
2011-11-07,12573600,36.709999084472656,37.34000015258789,37.41999816894531,36.56999969482422,31.898378372192383
2011-11-04,6245200,36.130001068115234,36.38999938964844,36.41999816894531,35.849998474121094,31.086833953857422
2011-11-03,9028600,36.2400016784668,36.45000076293945,36.5,35.689998626708984,31.138078689575195
2011-11-02,9894700,36.11000061035156,35.9900016784668,36.20000076293945,35.7599983215332,30.745121002197266
2011-11-01,13087000,34.7400016784668,35.540000915527344,35.97999954223633,34.58000183105469,30.360698699951172
2011-10-31,10288000,35.84000015258789,35.79999923706055,36.02000045776367,35.68000030517578,30.58280372619629
2011-10-28,14076900,36.91999816894531,36.119998931884766,37.18000030517578,36.029998779296875,30.856172561645508
2011-10-27,11760900,37.540000915527344,37.220001220703125,37.650001525878906,36.790000915527344,31.795869827270508
2011-10-26,11159200,36.400001525878906,36.54999923706055,36.65999984741211,35.650001525878906,31.223495483398438
2011-10-25,10883800,36.52000045776367,36.040000915527344,36.75,35.970001220703125,30.78783416748047
2011-10-24,11163800,37.119998931884766,36.70000076293945,37.349998474121094,36.560001373291016,31.351640701293945
2011-10-21,14116400,36.150001525878906,36.86000061035156,36.86000061035156,35.9900016784668,31.488330841064453
2011-10-20,9481300,35.599998474121094,35.72999954223633,35.849998474121094,35.15999984741211,30.52300453186035
2011-10-19,9948800,35.790000915527344,35.400001525878906,36.02000045776367,35.290000915527344,30.24109649658203
2011-10-18,15042600,34.7400016784668,35.95000076293945,36.20000076293945,34.43000030517578,30.71094512939453
2011-10-17,8837700,34.849998474121094,34.650001525878906,35.47999954223633,34.59000015258789,29.600393295288086
2011-10-14,7648700,34.81999969482422,35.04999923706055,35.08000183105469,34.4900016784668,29.942106246948242
2011-10-13,8943700,34.52000045776367,34.40999984741211,34.709999084472656,34.04999923706055,29.39537239074707
2011-10-12,10671200,34.90999984741211,34.720001220703125,35.09000015258789,34.709999084472656,29.660192489624023
2011-10-11,8010300,34.599998474121094,34.709999084472656,34.81999969482422,34.22999954223633,29.651653289794922
2011-10-10,8757300,34.290000915527344,34.65999984741211,34.65999984741211,34.16999816894531,29.60894012451172
2011-10-07,12809500,33.63999938964844,33.91999816894531,34.34000015258789,33.47999954223633,28.976778030395508
2011-10-06,9052800,32.5099983215332,33.380001068115234,33.400001525878906,32.400001525878906,28.515472412109375
2011-10-05,16324600,31.84000015258789,32.83000183105469,33.040000915527344,31.75,28.045629501342773
2011-10-04,15100000,31.1299991607666,32.470001220703125,32.54999923706055,31.030000686645508,27.73809051513672
2011-10-03,17929700,32.79999923706055,31.59000015258789,33.0,31.579999923706055,26.98633575439453
2011-09-30,10915500,33.25,32.869998931884766,33.650001525878906,32.84000015258789,28.079801559448242
2011-09-29,14233100,34.040000915527344,33.790000915527344,34.47999954223633,33.04999923706055,28.865732192993164
2011-09-28,9723100,34.029998779296875,33.599998474121094,34.29999923706055,33.56999969482422,28.703413009643555
2011-09-27,13172200,34.58000183105469,33.880001068115234,34.65999984741211,33.689998626708984,28.942611694335938
2011-09-26,17329700,33.7400016784668,34.0,34.0,32.97999954223633,29.045116424560547
2011-09-23,12993800,32.97999954223633,33.720001220703125,33.86000061035156,32.90999984741211,28.805927276611328
2011-09-22,19984900,32.79999923706055,33.04999923706055,33.77000045776367,32.58000183105469,28.233562469482422
2011-09-21,11896600,34.880001068115234,33.84000015258789,35.029998779296875,33.790000915527344,28.90843391418457
2011-09-20,13980300,34.5,34.810001373291016,35.33000183105469,34.209999084472656,29.73708152770996
2011-09-19,8805400,34.060001373291016,34.349998474121094,34.4900016784668,33.83000183105469,29.344120025634766
2011-09-16,20791300,34.630001068115234,34.61000061035156,35.0,34.47999954223633,29.566225051879883
2011-09-15,12017900,33.88999938964844,34.279998779296875,34.29999923706055,33.689998626708984,29.284313201904297
2011-09-14,15407500,32.72999954223633,33.540000915527344,34.0,32.68000030517578,28.652156829833984
2011-09-13,12607700,32.369998931884766,32.65999984741211,32.84000015258789,32.13999938964844,27.900405883789062
2011-09-12,12102200,31.190000534057617,32.349998474121094,32.369998931884766,31.170000076293945,27.635578155517578
2011-09-09,11734600,32.060001373291016,31.8700008392334,32.349998474121094,31.540000915527344,27.225526809692383
2011-09-08,9915100,32.70000076293945,32.459999084472656,32.88999938964844,32.29999923706055,27.729549407958984
2011-09-07,13313200,32.59000015258789,32.869998931884766,32.869998931884766,32.349998474121094,28.079801559448242
2011-09-06,12043700,31.149999618530273,32.04999923706055,32.119998931884766,31.079999923706055,27.379297256469727
2011-09-02,12277400,32.27000045776367,32.18000030517578,32.58000183105469,31.920000076293945,27.49034881591797
2011-09-01,15358200,33.529998779296875,32.93000030517578,33.779998779296875,32.869998931884766,28.131052017211914
2011-08-31,17507500,33.84000015258789,33.380001068115234,33.90999984741211,33.18000030517578,28.515472412109375
2011-08-30,16123400,33.72999954223633,33.56999969482422,33.83000183105469,33.29999923706055,28.67778205871582
2011-08-29,14713500,34.47999954223633,33.9900016784668,34.47999954223633,33.79999923706055,28.823009490966797
2011-08-26,18409800,34.099998474121094,34.0,34.470001220703125,33.61000061035156,28.831491470336914
2011-08-25,15470400,34.459999084472656,33.84000015258789,34.7599983215332,33.619998931884766,28.69581413269043
2011-08-24,19880300,32.97999954223633,34.369998931884766,34.459999084472656,32.880001068115234,29.145248413085938
2011-08-23,12545000,32.459999084472656,33.11000061035156,33.150001525878906,32.25,28.076780319213867
2011-08-22,12720900,32.400001525878906,32.279998779296875,32.61000061035156,32.029998779296875,27.372953414916992
2011-08-19,15469100,31.850000381469727,31.8799991607666,32.86000061035156,31.790000915527344,27.033763885498047
2011-08-18,18497300,32.41999816894531,32.15999984741211,32.810001373291016,31.75,27.271198272705078
2011-08-17,16303100,33.54999923706055,33.40999984741211,33.9900016784668,32.91999816894531,28.331172943115234
2011-08-16,28972400,33.029998779296875,33.119998931884766,33.40999984741211,32.68000030517578,28.08526611328125
2011-08-15,15899400,30.65999984741211,31.459999084472656,31.469999313354492,30.469999313354492,26.6776065826416
2011-08-12,18736700,30.239999771118164,30.579999923706055,30.649999618530273,29.790000915527344,25.931377410888672
2011-08-11,20127300,28.329999923706055,30.049999237060547,30.399999618530273,28.31999969482422,25.481956481933594
2011-08-10,23457600,29.31999969482422,28.510000228881836,29.65999984741211,28.440000534057617,24.176050186157227
2011-08-09,26132600,29.280000686645508,30.149999618530273,30.260000228881836,28.1299991607666,25.566743850708008
2011-08-08,38047000,30.1200008392334,28.93000030517578,30.350000381469727,28.920000076293945,24.53220558166504
2011-08-05,36483500,32.06999969482422,30.739999771118164,32.150001525878906,30.6200008392334,26.067062377929688
2011-08-04,18946100,32.40999984741211,31.700000762939453,32.720001220703125,31.690000534057617,26.881126403808594
2011-08-03,14224700,32.86000061035156,32.95000076293945,32.97999954223633,32.349998474121094,27.94110679626465
2011-08-02,18396800,33.86000061035156,32.81999969482422,34.0,32.790000915527344,27.830867767333984
2011-08-01,14037800,35.06999969482422,34.25,35.06999969482422,33.880001068115234,29.043489456176758
2011-07-29,12097800,34.7599983215332,34.93000030517578,35.2400016784668,34.630001068115234,29.620121002197266
2011-07-28,13821200,35.630001068115234,35.150001525878906,36.11000061035156,35.060001373291016,29.806673049926758
2011-07-27,12291900,36.310001373291016,35.630001068115234,36.36000061035156,35.54999923706055,30.21370506286621
2011-07-26,9886700,36.59000015258789,36.38999938964844,36.959999084472656,36.369998931884766,30.858184814453125
2011-07-25,8622300,36.369998931884766,36.650001525878906,36.970001220703125,36.2400016784668,31.078649520874023
2011-07-22,8011500,36.70000076293945,36.52000045776367,36.81999969482422,36.369998931884766,30.968414306640625
2011-07-21,12431800,36.56999969482422,36.720001220703125,37.209999084472656,36.529998779296875,31.138002395629883
2011-07-20,11320700,36.22999954223633,36.40999984741211,36.58000183105469,35.91999816894531,30.875139236450195
2011-07-19,9689400,35.849998474121094,36.11000061035156,36.27000045776367,35.72999954223633,30.62074089050293
2011-07-18,6908300,35.81999969482422,35.689998626708984,35.95000076293945,35.34000015258789,30.264583587646484
2011-07-15,9923500,36.09000015258789,35.90999984741211,36.09000015258789,35.4900016784668,30.451139450073242
2011-07-14,10861100,36.20000076293945,35.959999084472656,36.540000915527344,35.81999969482422,30.493545532226562
2011-07-13,10563600,36.34000015258789,36.130001068115234,36.630001068115234,36.060001373291016,30.6377010345459
2011-07-12,8931500,36.400001525878906,36.11000061035156,36.75,36.099998474121094,30.62074089050293
2011-07-11,8283800,36.2599983215332,36.36000061035156,36.65999984741211,36.15999984741211,30.832740783691406
2011-07-08,9822700,36.61000061035156,36.619998931884766,36.689998626708984,36.310001373291016,31.053207397460938
2011-07-07,9850200,36.81999969482422,37.04999923706055,37.25,36.75,31.4178409576416
2011-07-06,7031700,36.45000076293945,36.56999969482422,36.7400016784668,36.31999969482422,31.010826110839844
2011-07-05,9938900,36.630001068115234,36.59000015258789,36.849998474121094,36.43000030517578,31.02777862548828
2011-07-01,9777900,36.290000915527344,36.72999954223633,36.959999084472656,36.2599983215332,31.146486282348633
2011-06-30,11945200,36.189998626708984,36.220001220703125,36.310001373291016,35.939998626708984,30.714019775390625
2011-06-29,12298200,36.150001525878906,35.97999954223633,36.310001373291016,35.790000915527344,30.5105037689209
2011-06-28,17004200,35.34000015258789,36.060001373291016,36.279998779296875,35.2599983215332,30.578340530395508
2011-06-27,8424900,35.029998779296875,35.20000076293945,35.38999938964844,34.68000030517578,29.84907341003418
2011-06-24,15738100,35.619998931884766,35.08000183105469,35.689998626708984,35.08000183105469,29.747316360473633
2011-06-23,17098000,34.56999969482422,35.650001525878906,35.66999816894531,34.540000915527344,30.230669021606445
2011-06-22,9901700,35.27000045776367,34.93000030517578,35.400001525878906,34.88999938964844,29.620121002197266
2011-06-21,14805200,34.88999938964844,35.43000030517578,35.459999084472656,34.599998474121094,30.044103622436523
2011-06-20,7866600,34.290000915527344,34.77000045776367,34.97999954223633,34.279998779296875,29.48444175720215
2011-06-17,18322400,34.709999084472656,34.529998779296875,34.93000030517578,34.310001373291016,29.280921936035156
2011-06-16,14084900,34.06999969482422,34.5,34.779998779296875,34.0099983215332,29.255481719970703
2011-06-15,14608600,34.349998474121094,33.880001068115234,34.470001220703125,33.81999969482422,28.729740142822266
2011-06-14,17534700,33.86000061035156,34.75,34.83000183105469,33.709999084472656,29.467485427856445
2011-06-13,11743300,33.459999084472656,33.5099983215332,33.880001068115234,33.40999984741211,28.2039794921875
2011-06-10,12388200,34.16999816894531,33.470001220703125,34.25,33.41999816894531,28.170318603515625
2011-06-09,6934100,34.130001068115234,34.33000183105469,34.560001373291016,34.11000061035156,28.894145965576172
2011-06-08,9432400,34.20000076293945,34.099998474121094,34.31999969482422,34.02000045776367,28.700557708740234
2011-06-07,9335000,34.459999084472656,34.33000183105469,35.02000045776367,34.310001373291016,28.894145965576172
2011-06-06,7485400,34.529998779296875,34.290000915527344,34.810001373291016,34.290000915527344,28.86048126220703
2011-06-03,8840300,34.619998931884766,34.630001068115234,34.86000061035156,34.43000030517578,29.146636962890625
2011-06-02,11346600,35.25,35.09000015258789,35.310001373291016,34.709999084472656,29.5338077545166
2011-06-01,10483000,36.119998931884766,35.400001525878906,36.2599983215332,35.400001525878906,29.794713973999023
2011-05-31,8628100,36.18000030517578,36.279998779296875,36.279998779296875,36.02000045776367,30.535375595092773
2011-05-27,9596500,36.36000061035156,36.0,36.41999816894531,35.90999984741211,30.299718856811523
2011-05-26,8083300,36.45000076293945,36.189998626708984,36.66999816894531,36.11000061035156,30.45962905883789
2011-05-25,12316900,36.54999923706055,36.630001068115234,36.709999084472656,36.31999969482422,30.8299560546875
2011-05-24,10580400,36.869998931884766,36.54999923706055,36.88999938964844,36.459999084472656,30.762619018554688
2011-05-23,9662800,36.689998626708984,36.81999969482422,37.0,36.529998779296875,30.9898681640625
2011-05-20,8154000,37.31999969482422,37.04999923706055,37.369998931884766,36.900001525878906,31.183456420898438
2011-05-19,7015200,37.45000076293945,37.38999938964844,37.45000076293945,37.09000015258789,31.469619750976562
2011-05-18,9069300,37.34000015258789,37.459999084472656,37.540000915527344,37.150001525878906,31.52853775024414
2011-05-17,17428400,37.349998474121094,37.400001525878906,37.939998626708984,37.189998626708984,31.47802734375
2011-05-16,11603500,36.689998626708984,36.97999954223633,37.310001373291016,36.54999923706055,31.124544143676758
2011-05-13,8666600,37.310001373291016,37.0099983215332,37.36000061035156,36.779998779296875,31.149791717529297
2011-05-12,9749400,37.150001525878906,37.290000915527344,37.43000030517578,36.880001068115234,31.38545799255371
2011-05-11,9594900,37.0099983215332,37.22999954223633,37.34000015258789,36.91999816894531,31.334945678710938
2011-05-10,6818400,36.88999938964844,37.27000045776367,37.369998931884766,36.88999938964844,31.368616104125977
2011-05-09,6550000,36.93000030517578,36.959999084472656,37.09000015258789,36.70000076293945,31.10770606994629
2011-05-06,10677800,37.34000015258789,36.9900016784668,37.47999954223633,36.77000045776367,31.132957458496094
2011-05-05,13661700,37.0,37.0099983215332,37.43000030517578,36.779998779296875,31.149791717529297
2011-05-04,11319900,37.29999923706055,37.189998626708984,37.619998931884766,37.099998474121094,31.301288604736328
2011-05-03,8833000,37.08000183105469,37.349998474121094,37.41999816894531,37.060001373291016,31.43596076965332
2011-05-02,7918500,37.439998626708984,37.349998474121094,37.66999816894531,37.18000030517578,31.43596076965332
2011-04-29,15945000,37.459999084472656,37.150001525878906,37.560001373291016,37.02000045776367,31.26761245727539
2011-04-28,9730800,37.16999816894531,37.470001220703125,37.66999816894531,37.15999984741211,31.536949157714844
2011-04-27,12615000,37.29999923706055,37.31999969482422,37.54999923706055,36.97999954223633,31.410703659057617
2011-04-26,14100000,37.279998779296875,37.209999084472656,37.54999923706055,36.939998626708984,31.3181095123291
2011-04-25,8594000,37.61000061035156,37.560001373291016,37.709999084472656,37.290000915527344,31.612703323364258
2011-04-21,8406800,38.06999969482422,37.79999923706055,38.16999816894531,37.540000915527344,31.814699172973633
2011-04-20,8887400,38.279998779296875,37.939998626708984,38.5099983215332,37.84000015258789,31.932519912719727
2011-04-19,7023300,37.88999938964844,37.77000045776367,38.02000045776367,37.56999969482422,31.789445877075195
2011-04-18,8250600,37.779998779296875,37.7599983215332,37.81999969482422,37.209999084472656,31.781030654907227
2011-04-15,10440600,37.95000076293945,38.16999816894531,38.400001525878906,37.939998626708984,32.126102447509766
2011-04-14,6608300,37.599998474121094,37.84000015258789,37.970001220703125,37.45000076293945,31.848358154296875
2011-04-13,10337800,37.84000015258789,37.66999816894531,37.970001220703125,37.16999816894531,31.70528793334961
2011-04-12,8542600,37.41999816894531,37.7599983215332,37.9900016784668,37.36000061035156,31.781030654907227
2011-04-11,7032900,37.45000076293945,37.599998474121094,37.939998626708984,37.400001525878906,31.64636993408203
2011-04-08,9848100,37.900001525878906,37.459999084472656,37.959999084472656,37.2400016784668,31.52853775024414
2011-04-07,10395700,37.439998626708984,37.83000183105469,37.900001525878906,37.2400016784668,31.839946746826172
2011-04-06,10077900,37.70000076293945,37.5,37.790000915527344,37.209999084472656,31.562196731567383
2011-04-05,10098700,37.27000045776367,37.599998474121094,37.84000015258789,37.25,31.64636993408203
2011-04-04,6571700,37.47999954223633,37.470001220703125,37.72999954223633,37.22999954223633,31.536949157714844
2011-04-01,9247500,37.119998931884766,37.560001373291016,37.869998931884766,36.959999084472656,31.612703323364258
2011-03-31,8917300,37.290000915527344,37.060001373291016,37.459999084472656,36.810001373291016,31.191862106323242
2011-03-30,7722000,37.560001373291016,37.56999969482422,37.84000015258789,37.209999084472656,31.621118545532227
2011-03-29,18370800,37.369998931884766,37.70000076293945,37.810001373291016,37.150001525878906,31.730527877807617
2011-03-28,8585300,37.459999084472656,36.650001525878906,37.5099983215332,36.619998931884766,30.84679412841797
2011-03-25,7611400,37.40999984741211,37.41999816894531,37.81999969482422,37.34000015258789,31.494874954223633
2011-03-24,9999300,36.849998474121094,37.36000061035156,37.75,36.790000915527344,31.444366455078125
2011-03-23,8496900,36.08000183105469,36.619998931884766,36.68000030517578,36.029998779296875,30.8215389251709
2011-03-22,6506200,36.36000061035156,36.290000915527344,36.619998931884766,36.2599983215332,30.543794631958008
2011-03-21,7704500,36.290000915527344,36.43000030517578,36.70000076293945,36.279998779296875,30.661623001098633
2011-03-18,11368200,36.040000915527344,36.0,36.27000045776367,35.7599983215332,30.299718856811523
2011-03-17,9726300,36.06999969482422,35.7599983215332,36.130001068115234,35.5099983215332,30.097702026367188
2011-03-16,13998700,36.13999938964844,35.68000030517578,36.2599983215332,35.43000030517578,30.030384063720703
2011-03-15,8897300,35.900001525878906,36.290000915527344,36.560001373291016,35.81999969482422,30.543794631958008
2011-03-14,8729100,36.91999816894531,36.68000030517578,36.939998626708984,36.279998779296875,30.872039794921875
2011-03-11,7729400,37.029998779296875,37.13999938964844,37.349998474121094,36.66999816894531,31.259206771850586
2011-03-10,8897300,37.349998474121094,37.06999969482422,37.5,36.939998626708984,31.20028305053711
2011-03-09,9339800,37.09000015258789,37.66999816894531,37.779998779296875,36.90999984741211,31.70528793334961
2011-03-08,14254200,36.720001220703125,37.040000915527344,37.2599983215332,36.540000915527344,31.17503547668457
2011-03-07,8888200,37.2599983215332,36.869998931884766,37.70000076293945,36.83000183105469,30.821535110473633
2011-03-04,9269600,37.45000076293945,37.220001220703125,37.86000061035156,36.779998779296875,31.114126205444336
2011-03-03,8060300,37.02000045776367,37.54999923706055,37.619998931884766,36.95000076293945,31.389978408813477
2011-03-02,12677300,36.599998474121094,36.65999984741211,36.9900016784668,36.33000183105469,30.645994186401367
2011-03-01,10015500,37.13999938964844,36.7599983215332,37.720001220703125,36.689998626708984,30.72957992553711
2011-02-28,9736700,37.150001525878906,37.470001220703125,37.540000915527344,37.060001373291016,31.32311248779297
2011-02-25,9723700,37.20000076293945,37.08000183105469,37.47999954223633,36.779998779296875,30.997089385986328
2011-02-24,9342800,37.22999954223633,37.13999938964844,37.66999816894531,36.779998779296875,31.047252655029297
2011-02-23,15127800,38.0099983215332,37.29999923706055,38.279998779296875,36.900001525878906,31.181001663208008
2011-02-22,20604500,39.29999923706055,38.09000015258789,39.380001068115234,37.7599983215332,31.841402053833008
2011-02-18,12894800,38.130001068115234,38.47999954223633,38.5,37.9900016784668,32.16741943359375
2011-02-17,8196500,37.83000183105469,38.18000030517578,38.220001220703125,37.61000061035156,31.916641235351562
2011-02-16,6801500,37.7400016784668,37.86000061035156,38.09000015258789,37.59000015258789,31.649139404296875
2011-02-15,6538400,37.59000015258789,37.689998626708984,37.72999954223633,37.31999969482422,31.507017135620117
2011-02-14,9070800,37.470001220703125,37.58000183105469,37.65999984741211,37.27000045776367,31.415067672729492
2011-02-11,10053400,37.029998779296875,37.47999954223633,37.47999954223633,36.66999816894531,31.33147430419922
2011-02-10,6009500,37.13999938964844,37.310001373291016,37.45000076293945,37.060001373291016,31.18937110900879
2011-02-09,6812400,37.06999969482422,37.16999816894531,37.20000076293945,36.970001220703125,31.072317123413086
2011-02-08,6137400,36.630001068115234,37.15999984741211,37.27000045776367,36.40999984741211,31.0639705657959
2011-02-07,7046400,36.79999923706055,36.599998474121094,36.880001068115234,36.56999969482422,30.595829010009766
2011-02-04,7559900,36.7599983215332,36.79999923706055,37.150001525878906,36.52000045776367,30.763029098510742
2011-02-03,5664700,36.58000183105469,36.70000076293945,37.04999923706055,36.470001220703125,30.679431915283203
2011-02-02,7782400,36.709999084472656,36.560001373291016,36.959999084472656,36.380001068115234,30.562406539916992
2011-02-01,9623200,36.939998626708984,36.9900016784668,37.130001068115234,36.5,30.921865463256836
2011-01-31,11189800,37.130001068115234,36.77000045776367,37.18000030517578,36.54999923706055,30.737945556640625
2011-01-28,12588000,37.88999938964844,36.70000076293945,37.959999084472656,36.630001068115234,30.679431915283203
2011-01-27,10722100,37.5099983215332,37.97999954223633,38.119998931884766,37.40999984741211,31.749448776245117
2011-01-26,14228300,37.16999816894531,37.41999816894531,37.97999954223633,37.150001525878906,31.281320571899414
2011-01-25,14228300,36.5099983215332,37.15999984741211,37.18000030517578,36.380001068115234,31.0639705657959
2011-01-24,8884200,36.459999084472656,36.650001525878906,36.650001525878906,36.29999923706055,30.637632369995117
2011-01-21,11886200,36.81999969482422,36.5099983215332,36.9900016784668,36.470001220703125,30.52059555053711
2011-01-20,13483000,35.7400016784668,36.4900016784668,36.63999938964844,35.72999954223633,30.503877639770508
2011-01-19,9110300,36.0,35.630001068115234,36.0,35.47999954223633,29.784955978393555
2011-01-18,10765000,35.970001220703125,36.02000045776367,36.209999084472656,35.86000061035156,30.110979080200195
2011-01-14,13844200,35.11000061035156,35.88999938964844,36.0,35.02000045776367,30.002304077148438
2011-01-13,10713100,34.810001373291016,35.27000045776367,35.279998779296875,34.709999084472656,29.48401641845703
2011-01-12,8963300,34.79999923706055,34.83000183105469,35.06999969482422,34.65999984741211,29.116195678710938
2011-01-11,12408600,34.61000061035156,34.86000061035156,35.209999084472656,34.4900016784668,29.14127540588379
2011-01-10,9825600,34.15999984741211,34.38999938964844,34.470001220703125,34.06999969482422,28.74837875366211
2011-01-07,11735800,34.41999816894531,34.380001068115234,34.599998474121094,34.18000030517578,28.74002456665039
2011-01-06,11526700,34.630001068115234,34.41999816894531,34.79999923706055,34.2400016784668,28.773460388183594
2011-01-05,11479400,34.619998931884766,34.560001373291016,34.869998931884766,34.43000030517578,28.89048957824707
2011-01-04,14359700,35.27000045776367,34.66999816894531,35.560001373291016,34.63999938964844,28.982444763183594
2011-01-03,7464300,35.20000076293945,35.310001373291016,35.56999969482422,35.189998626708984,29.517457962036133
2010-12-31,5411300,34.7400016784668,35.060001373291016,35.08000183105469,34.630001068115234,29.308467864990234
2010-12-30,6563300,34.790000915527344,34.86000061035156,35.060001373291016,34.75,29.14127540588379
2010-12-29,6126800,35.06999969482422,34.88999938964844,35.29999923706055,34.88999938964844,29.166351318359375
2010-12-28,4081700,35.220001220703125,35.09000015258789,35.29999923706055,34.970001220703125,29.33354949951172
2010-12-27,5111100,34.939998626708984,35.2400016784668,35.40999984741211,34.75,29.458940505981445
2010-12-23,6238800,35.130001068115234,35.09000015258789,35.400001525878906,35.029998779296875,29.33354949951172
2010-12-22,6448100,35.15999984741211,35.18000030517578,35.349998474121094,35.0099983215332,29.408781051635742
2010-12-21,7002600,35.36000061035156,35.08000183105469,35.4900016784668,35.06999969482422,29.325183868408203
2010-12-20,8956500,35.25,35.20000076293945,35.4900016784668,35.060001373291016,29.425504684448242
2010-12-17,17797200,34.9900016784668,35.099998474121094,35.27000045776367,34.93000030517578,29.34189796447754
2010-12-16,11193300,34.84000015258789,35.119998931884766,35.220001220703125,34.689998626708984,29.35861587524414
2010-12-15,13972800,34.56999969482422,34.790000915527344,35.09000015258789,34.54999923706055,29.082759857177734
2010-12-14,11134100,34.61000061035156,34.720001220703125,34.900001525878906,34.470001220703125,29.024250030517578
2010-12-13,12755700,34.400001525878906,34.560001373291016,34.650001525878906,34.34000015258789,28.89048957824707
2010-12-10,11475700,34.41999816894531,34.400001525878906,34.529998779296875,34.150001525878906,28.756736755371094
2010-12-09,15158700,34.599998474121094,34.31999969482422,34.75,33.880001068115234,28.689868927001953
2010-12-08,11406300,33.439998626708984,34.029998779296875,34.150001525878906,33.40999984741211,28.44744300842285
2010-12-07,12615800,33.66999816894531,33.54999923706055,33.93000030517578,33.52000045776367,28.046178817749023
2010-12-06,9357000,33.45000076293945,33.34000015258789,33.54999923706055,33.29999923706055,27.870630264282227
2010-12-03,16353500,33.18000030517578,33.47999954223633,33.560001373291016,33.0,27.987668991088867
2010-12-02,25843400,31.6200008392334,33.36000061035156,33.529998779296875,31.6200008392334,27.88735008239746
2010-12-01,17102400,30.600000381469727,31.610000610351562,31.75,30.600000381469727,26.42443084716797
2010-11-30,12889600,30.059999465942383,30.209999084472656,30.610000610351562,29.979999542236328,25.254106521606445
2010-11-29,11838700,30.8700008392334,30.690000534057617,30.920000076293945,30.329999923706055,25.457862854003906
2010-11-26,4182200,30.920000076293945,31.0,31.15999984741211,30.850000381469727,25.715009689331055
2010-11-24,9748600,31.18000030517578,31.15999984741211,31.350000381469727,31.079999923706055,25.847740173339844
2010-11-23,11698400,30.979999542236328,30.90999984741211,31.0,30.829999923706055,25.640356063842773
2010-11-22,23205700,31.049999237060547,31.09000015258789,31.350000381469727,30.8799991607666,25.789669036865234
2010-11-19,25364400,30.799999237060547,31.219999313354492,31.219999313354492,30.799999237060547,25.897506713867188
2010-11-18,26258300,30.989999771118164,30.8700008392334,31.09000015258789,30.75,25.607181549072266
2010-11-17,19411800,31.65999984741211,30.829999923706055,31.709999084472656,30.670000076293945,25.573999404907227
2010-11-16,25568500,31.700000762939453,31.709999084472656,32.81999969482422,31.540000915527344,26.303972244262695
2010-11-15,9645900,31.43000030517578,31.389999389648438,31.969999313354492,31.350000381469727,26.03852653503418
2010-11-12,10594800,31.469999313354492,31.440000534057617,31.760000228881836,31.350000381469727,26.079998016357422
2010-11-11,9226300,31.3700008392334,31.700000762939453,31.93000030517578,31.329999923706055,26.295682907104492
2010-11-10,11175200,31.479999542236328,31.68000030517578,31.700000762939453,31.25,26.27907943725586
2010-11-09,10268600,31.479999542236328,31.469999313354492,31.510000228881836,31.18000030517578,26.104887008666992
2010-11-08,9696400,31.6299991607666,31.489999771118164,31.639999389648438,31.200000762939453,26.12148094177246
2010-11-05,10750000,31.950000762939453,31.920000076293945,32.290000915527344,31.770000457763672,26.478168487548828
2010-11-04,11096000,31.829999923706055,31.940000534057617,31.979999542236328,31.760000228881836,26.494760513305664
2010-11-03,9073300,31.610000610351562,31.459999084472656,31.649999618530273,31.040000915527344,26.096593856811523
2010-11-02,15092700,31.0,31.510000228881836,31.969999313354492,30.979999542236328,26.138072967529297
2010-11-01,8229900,31.0,30.709999084472656,31.309999465942383,30.559999465942383,25.474454879760742
2010-10-29,9499200,31.09000015258789,30.899999618530273,31.18000030517578,30.8700008392334,25.632068634033203
2010-10-28,7932400,31.18000030517578,31.190000534057617,31.280000686645508,30.8799991607666,25.87262535095215
2010-10-27,11575100,31.049999237060547,30.899999618530273,31.049999237060547,30.450000762939453,25.632068634033203
2010-10-26,9277900,31.270000457763672,31.290000915527344,31.510000228881836,31.0,25.955577850341797
2010-10-25,8561300,31.420000076293945,31.399999618530273,31.829999923706055,31.31999969482422,26.04682159423828
2010-10-22,9102000,31.770000457763672,31.479999542236328,31.81999969482422,31.399999618530273,26.113182067871094
2010-10-21,22203300,30.889999389648438,31.809999465942383,32.040000915527344,30.8799991607666,26.38692283630371
2010-10-20,18500800,30.520000457763672,30.729999542236328,30.969999313354492,30.329999923706055,25.491043090820312
2010-10-19,12047100,30.299999237060547,30.40999984741211,30.770000457763672,30.25,25.22559928894043
2010-10-18,10701300,30.65999984741211,30.530000686645508,30.75,30.18000030517578,25.32513999938965
2010-10-15,12945300,31.0,30.700000762939453,31.079999923706055,30.420000076293945,25.466157913208008
2010-10-14,11242500,31.06999969482422,30.809999465942383,31.190000534057617,30.510000228881836,25.557403564453125
2010-10-13,15267600,31.6299991607666,31.0,31.649999618530273,30.940000534057617,25.715009689331055
2010-10-12,12539000,31.739999771118164,31.40999984741211,31.780000686645508,31.25,26.05512237548828
2010-10-11,8358700,31.889999389648438,31.790000915527344,31.889999389648438,31.6299991607666,26.370332717895508
2010-10-08,10578500,31.829999923706055,31.889999389648438,32.13999938964844,31.700000762939453,26.453285217285156
2010-10-07,13163400,31.84000015258789,31.739999771118164,32.11000061035156,31.59000015258789,26.328857421875
2010-10-06,9957300,31.770000457763672,31.739999771118164,31.8700008392334,31.540000915527344,26.328857421875
2010-10-05,15975000,31.350000381469727,31.739999771118164,31.93000030517578,31.25,26.328857421875
2010-10-04,10321100,31.709999084472656,31.670000076293945,31.979999542236328,31.530000686645508,26.270793914794922
2010-10-01,8648800,31.809999465942383,31.81999969482422,32.040000915527344,31.649999618530273,26.39521598815918
2010-09-30,11401200,31.8799991607666,31.68000030517578,32.22999954223633,31.6200008392334,26.27907943725586
2010-09-29,9178300,31.739999771118164,31.809999465942383,31.93000030517578,31.65999984741211,26.38692283630371
2010-09-28,12505200,31.639999389648438,31.809999465942383,32.04999923706055,31.360000610351562,26.38692283630371
2010-09-27,7991000,31.709999084472656,31.600000381469727,31.850000381469727,31.440000534057617,26.212724685668945
2010-09-24,11421600,31.270000457763672,31.639999389648438,31.690000534057617,31.239999771118164,26.245908737182617
2010-09-23,16047000,30.610000610351562,30.84000015258789,31.09000015258789,30.579999923706055,25.582294464111328
2010-09-22,11663500,30.739999771118164,30.8799991607666,31.219999313354492,30.739999771118164,25.615476608276367
2010-09-21,13833500,30.790000915527344,30.90999984741211,31.270000457763672,30.690000534057617,25.640356063842773
2010-09-20,11541200,30.040000915527344,30.649999618530273,30.739999771118164,29.899999618530273,25.4246883392334
2010-09-17,13015200,30.049999237060547,29.889999389648438,30.190000534057617,29.799999237060547,24.79425621032715
2010-09-16,9352500,29.8799991607666,29.950000762939453,30.049999237060547,29.700000762939453,24.844026565551758
2010-09-15,9804100,29.780000686645508,29.940000534057617,30.010000228881836,29.649999618530273,24.835725784301758
2010-09-14,14073800,30.030000686645508,29.969999313354492,30.229999542236328,29.8799991607666,24.860614776611328
2010-09-13,9961400,29.940000534057617,29.989999771118164,30.149999618530273,29.770000457763672,24.8772029876709
2010-09-10,7330900,29.479999542236328,29.68000030517578,29.780000686645508,29.450000762939453,24.620059967041016
2010-09-09,7879000,29.780000686645508,29.40999984741211,29.889999389648438,29.299999237060547,24.396089553833008
2010-09-08,9560100,29.31999969482422,29.450000762939453,29.610000610351562,29.280000686645508,24.42926788330078
2010-09-07,8605900,29.65999984741211,29.329999923706055,29.799999237060547,29.280000686645508,24.32972526550293
2010-09-03,12769800,29.90999984741211,29.850000381469727,30.31999969482422,29.520000457763672,24.761064529418945
2010-09-02,14321400,28.760000228881836,29.40999984741211,29.549999237060547,28.739999771118164,24.396089553833008
2010-09-01,12772500,28.079999923706055,28.670000076293945,28.739999771118164,28.059999465942383,23.782238006591797
2010-08-31,12408200,27.6299991607666,27.81999969482422,28.079999923706055,27.549999237060547,23.077152252197266
2010-08-30,9632800,28.739999771118164,27.989999771118164,28.799999237060547,27.979999542236328,23.022199630737305
2010-08-27,12750900,28.520000457763672,28.739999771118164,28.84000015258789,28.260000228881836,23.639081954956055
2010-08-26,12712200,28.389999389648438,28.3799991607666,28.559999465942383,28.270000457763672,23.342979431152344
2010-08-25,14357500,27.59000015258789,28.329999923706055,28.5,27.59000015258789,23.30185317993164
2010-08-24,16615700,27.549999237060547,27.780000686645508,28.079999923706055,27.100000381469727,22.849468231201172
2010-08-23,11447300,28.559999465942383,27.829999923706055,28.639999389648438,27.799999237060547,22.89059066772461
2010-08-20,12430300,28.079999923706055,28.170000076293945,28.31999969482422,27.889999389648438,23.170249938964844
2010-08-19,14149300,28.559999465942383,28.219999313354492,28.850000381469727,27.969999313354492,23.211376190185547
2010-08-18,13733000,28.350000381469727,28.860000610351562,29.0,28.31999969482422,23.737783432006836
2010-08-17,22537900,28.030000686645508,28.309999465942383,28.799999237060547,27.709999084472656,23.285402297973633
2010-08-16,12152400,27.5,27.3799991607666,28.06999969482422,27.280000686645508,22.520463943481445
2010-08-13,9316000,27.510000228881836,27.309999465942383,27.709999084472656,27.270000457763672,22.4628849029541
2010-08-12,9886800,27.530000686645508,27.610000610351562,27.75,27.309999465942383,22.709640502929688
2010-08-11,11672600,27.93000030517578,27.709999084472656,28.059999465942383,27.600000381469727,22.79189682006836
2010-08-10,13866400,28.399999618530273,28.239999771118164,28.520000457763672,28.020000457763672,23.227827072143555
2010-08-09,8354900,28.770000457763672,28.700000762939453,28.969999313354492,28.68000030517578,23.60618019104004
2010-08-06,11372800,28.530000686645508,28.68000030517578,28.68000030517578,28.209999084472656,23.589736938476562
2010-08-05,9101200,28.520000457763672,28.709999084472656,28.93000030517578,28.329999923706055,23.614408493041992
2010-08-04,10987700,28.610000610351562,28.719999313354492,28.93000030517578,28.510000228881836,23.62263298034668
2010-08-03,11724700,29.09000015258789,28.450000762939453,29.18000030517578,28.40999984741211,23.400554656982422
2010-08-02,17882200,28.81999969482422,29.1200008392334,29.239999771118164,28.68000030517578,23.95163917541504
2010-07-30,14837700,27.75,28.510000228881836,28.559999465942383,27.6299991607666,23.44990348815918
2010-07-29,15504300,28.270000457763672,28.049999237060547,28.520000457763672,27.770000457763672,23.071548461914062
2010-07-28,13917900,28.579999923706055,28.079999923706055,28.950000762939453,28.0,23.096223831176758
2010-07-27,14851100,29.229999542236328,28.579999923706055,29.3700008392334,28.540000915527344,23.50748634338379
2010-07-26,16149800,28.239999771118164,28.989999771118164,29.06999969482422,28.229999542236328,23.844717025756836
2010-07-23,18979200,28.139999389648438,28.25,28.360000610351562,27.899999618530273,23.236051559448242
2010-07-22,26142700,27.709999084472656,28.219999313354492,28.469999313354492,27.709999084472656,23.211376190185547
2010-07-21,17161300,27.780000686645508,27.469999313354492,28.010000228881836,27.350000381469727,22.594491958618164
2010-07-20,23279400,26.75,27.93000030517578,28.030000686645508,26.6200008392334,22.972854614257812
2010-07-19,17061600,27.15999984741211,27.06999969482422,27.260000228881836,26.850000381469727,22.265483856201172
2010-07-16,21870900,28.149999618530273,27.110000610351562,28.280000686645508,27.049999237060547,22.298391342163086
2010-07-15,13535300,28.219999313354492,28.34000015258789,28.40999984741211,27.920000076293945,23.310087203979492
2010-07-14,13638600,28.549999237060547,28.280000686645508,28.549999237060547,28.09000015258789,23.26072883605957
2010-07-13,22058600,28.489999771118164,28.639999389648438,28.940000534057617,28.290000915527344,23.556833267211914
2010-07-12,14259400,28.229999542236328,28.309999465942383,28.760000228881836,28.229999542236328,23.285402297973633
2010-07-09,13507400,28.100000381469727,28.260000228881836,28.31999969482422,27.93000030517578,23.244274139404297
2010-07-08,15975800,28.350000381469727,28.149999618530273,28.3799991607666,27.719999313354492,23.15380096435547
2010-07-07,21796200,27.489999771118164,28.010000228881836,28.09000015258789,27.309999465942383,23.03864097595215
2010-07-06,18300200,27.989999771118164,27.34000015258789,28.1299991607666,27.100000381469727,22.487565994262695
2010-07-02,15404500,28.010000228881836,27.760000228881836,28.010000228881836,27.579999923706055,22.833023071289062
2010-07-01,27119600,28.40999984741211,27.920000076293945,28.5,27.489999771118164,22.964616775512695
2010-06-30,20940900,28.530000686645508,28.06999969482422,28.860000610351562,27.989999771118164,23.08799934387207
2010-06-29,22817400,29.149999618530273,28.6299991607666,29.149999618530273,28.420000076293945,23.54861068725586
2010-06-28,15451400,30.149999618530273,29.59000015258789,30.229999542236328,29.579999923706055,24.338226318359375
2010-06-25,43592400,29.579999923706055,30.200000762939453,30.25,29.579999923706055,24.83995246887207
2010-06-24,28837400,30.139999389648438,29.670000076293945,30.190000534057617,29.56999969482422,24.404022216796875
2010-06-23,24796400,30.579999923706055,30.5,30.790000915527344,30.270000457763672,25.08670997619629
2010-06-22,22902300,31.459999084472656,30.610000610351562,31.600000381469727,30.530000686645508,25.177188873291016
2010-06-21,16599700,32.16999816894531,31.43000030517578,32.20000076293945,31.239999771118164,25.851655960083008
2010-06-18,19785600,31.950000762939453,31.940000534057617,32.290000915527344,31.790000915527344,26.27113151550293
2010-06-17,23934100,32.189998626708984,31.90999984741211,32.29999923706055,31.450000762939453,26.2464542388916
2010-06-16,16321600,31.959999084472656,32.13999938964844,32.2599983215332,31.68000030517578,26.435638427734375
2010-06-15,19748300,32.09000015258789,32.2599983215332,32.380001068115234,31.549999237060547,26.534337997436523
2010-06-14,20280100,32.47999954223633,32.060001373291016,32.63999938964844,31.989999771118164,26.36983871459961
2010-06-11,13693000,32.310001373291016,32.220001220703125,32.5,31.780000686645508,26.501436233520508
2010-06-10,15343000,32.2400016784668,32.720001220703125,32.7599983215332,32.09000015258789,26.912696838378906
2010-06-09,15788600,31.8700008392334,31.760000228881836,32.400001525878906,31.6200008392334,26.123077392578125
2010-06-08,16153400,31.530000686645508,31.809999465942383,31.860000610351562,31.25,26.164201736450195
2010-06-07,20853000,32.2599983215332,31.549999237060547,32.41999816894531,31.5,25.95035171508789
2010-06-04,20061800,32.880001068115234,32.150001525878906,32.900001525878906,31.940000534057617,26.443864822387695
2010-06-03,15651600,33.900001525878906,33.43000030517578,34.060001373291016,33.16999816894531,27.496679306030273
2010-06-02,14262300,33.619998931884766,33.869998931884766,33.880001068115234,33.38999938964844,27.85858726501465
2010-06-01,17273700,33.41999816894531,33.540000915527344,34.16999816894531,33.220001220703125,27.587162017822266
2010-05-28,17549000,34.56999969482422,33.86000061035156,34.63999938964844,33.81999969482422,27.656047821044922
2010-05-27,16379300,34.5099983215332,34.54999923706055,34.68000030517578,34.18000030517578,28.21961784362793
2010-05-26,25393100,34.54999923706055,34.040000915527344,34.95000076293945,33.93000030517578,27.803064346313477
2010-05-25,30507700,32.540000915527344,33.97999954223633,34.040000915527344,32.41999816894531,27.754051208496094
2010-05-24,24263400,32.849998474121094,33.220001220703125,33.56999969482422,32.7599983215332,27.133304595947266
2010-05-21,36007500,32.2599983215332,33.02000045776367,33.47999954223633,32.25,26.969945907592773
2010-05-20,29536800,33.65999984741211,32.88999938964844,33.88999938964844,32.790000915527344,26.863767623901367
2010-05-19,27200100,34.380001068115234,34.380001068115234,34.56999969482422,33.650001525878906,28.080772399902344
2010-05-18,49088700,35.810001373291016,34.72999954223633,36.29999923706055,34.22999954223633,28.366634368896484
2010-05-17,33494400,34.970001220703125,35.59000015258789,35.689998626708984,34.08000183105469,29.069063186645508
2010-05-14,22621300,35.2599983215332,35.20000076293945,35.470001220703125,34.7599983215332,28.75052261352539
2010-05-13,20229800,35.849998474121094,35.27000045776367,36.0,35.119998931884766,28.80769157409668
2010-05-12,19130600,35.66999816894531,35.88999938964844,35.939998626708984,35.380001068115234,29.314098358154297
2010-05-11,26625400,35.130001068115234,35.630001068115234,35.959999084472656,35.06999969482422,29.101726531982422
2010-05-10,21683400,34.63999938964844,35.290000915527344,35.400001525878906,34.58000183105469,28.82402992248535
2010-05-07,28620700,33.7400016784668,33.43000030517578,34.31999969482422,32.630001068115234,27.304828643798828
2010-05-06,31183100,34.91999816894531,33.959999084472656,35.380001068115234,32.06999969482422,27.73771858215332
2010-05-05,24373800,35.22999954223633,35.2400016784668,35.66999816894531,35.029998779296875,28.783193588256836
2010-05-04,25531100,35.560001373291016,35.41999816894531,35.59000015258789,34.790000915527344,28.930212020874023
2010-05-03,12644500,35.38999938964844,35.869998931884766,36.060001373291016,35.16999816894531,29.297758102416992
2010-04-30,15800700,35.70000076293945,35.22999954223633,35.9900016784668,35.22999954223633,28.775020599365234
2010-04-29,16263800,35.45000076293945,35.560001373291016,35.959999084472656,35.400001525878906,29.04456329345703
2010-04-28,19371600,35.43000030517578,35.189998626708984,35.650001525878906,35.029998779296875,28.742355346679688
2010-04-27,20588400,36.380001068115234,35.290000915527344,36.380001068115234,35.209999084472656,28.82402992248535
2010-04-26,22057300,36.52000045776367,36.4900016784668,37.029998779296875,36.459999084472656,29.80417251586914
2010-04-23,21336400,35.7599983215332,36.38999938964844,36.439998626708984,35.70000076293945,29.722496032714844
2010-04-22,21648900,35.150001525878906,35.720001220703125,35.88999938964844,35.029998779296875,29.17523956298828
2010-04-21,19597400,35.150001525878906,35.27000045776367,35.439998626708984,35.09000015258789,28.80769157409668
2010-04-20,14848400,35.31999969482422,35.18000030517578,35.4900016784668,35.0099983215332,28.73418426513672
2010-04-19,17571800,34.91999816894531,35.16999816894531,35.27000045776367,34.7400016784668,28.726015090942383
2010-04-16,28512200,34.9900016784668,35.0099983215332,35.08000183105469,34.709999084472656,28.595327377319336
2010-04-15,17975700,34.939998626708984,35.13999938964844,35.150001525878906,34.7400016784668,28.701513290405273
2010-04-14,24720700,34.31999969482422,34.97999954223633,35.06999969482422,34.29999923706055,28.570829391479492
2010-04-13,30322500,33.40999984741211,34.34000015258789,34.619998931884766,33.40999984741211,28.0481014251709
2010-04-12,12251500,33.220001220703125,33.47999954223633,33.56999969482422,33.13999938964844,27.345670700073242
2010-04-09,13060700,33.029998779296875,33.25,33.400001525878906,32.84000015258789,27.15780258178711
2010-04-08,13825000,32.459999084472656,32.970001220703125,33.08000183105469,32.400001525878906,26.92911720275879
2010-04-07,11070100,32.5,32.61000061035156,32.720001220703125,32.380001068115234,26.63507652282715
2010-04-06,9399600,32.619998931884766,32.54999923706055,32.72999954223633,32.41999816894531,26.58606719970703
2010-04-05,11381200,32.349998474121094,32.65999984741211,32.7400016784668,32.15999984741211,26.675914764404297
2010-04-01,9432500,32.40999984741211,32.380001068115234,32.630001068115234,32.15999984741211,26.447216033935547
2010-03-31,10342100,32.540000915527344,32.349998474121094,32.63999938964844,32.20000076293945,26.422712326049805
2010-03-30,8666400,32.560001373291016,32.689998626708984,32.880001068115234,32.5,26.70041275024414
2010-03-29,8929400,32.779998779296875,32.599998474121094,32.88999938964844,32.5,26.626901626586914
2010-03-26,12346300,32.66999816894531,32.75,32.97999954223633,32.630001068115234,26.749420166015625
2010-03-25,12956600,32.5,32.619998931884766,32.91999816894531,32.459999084472656,26.643238067626953
2010-03-24,11804400,32.439998626708984,32.31999969482422,32.599998474121094,32.2400016784668,26.398210525512695
2010-03-23,11511400,32.59000015258789,32.59000015258789,32.630001068115234,32.27000045776367,26.618732452392578
2010-03-22,11737300,32.13999938964844,32.66999816894531,32.790000915527344,32.13999938964844,26.684078216552734
2010-03-19,22430600,32.36000061035156,32.36000061035156,32.56999969482422,32.099998474121094,26.43087387084961
2010-03-18,17763500,32.45000076293945,32.400001525878906,32.560001373291016,32.22999954223633,26.463550567626953
2010-03-17,14730700,32.4900016784668,32.52000045776367,32.63999938964844,32.34000015258789,26.561559677124023
2010-03-16,13690400,32.61000061035156,32.54999923706055,32.810001373291016,32.349998474121094,26.58606719970703
2010-03-15,12049100,32.4900016784668,32.689998626708984,32.709999084472656,32.279998779296875,26.70041275024414
2010-03-12,14953600,32.22999954223633,32.45000076293945,32.599998474121094,32.119998931884766,26.50438690185547
2010-03-11,15316800,31.579999923706055,32.130001068115234,32.220001220703125,31.520000457763672,26.24302101135254
2010-03-10,10532400,31.59000015258789,31.709999084472656,31.8799991607666,31.450000762939453,25.899974822998047
2010-03-09,15127700,31.700000762939453,31.68000030517578,31.950000762939453,31.670000076293945,25.875463485717773
2010-03-08,11048000,31.68000030517578,31.959999084472656,32.040000915527344,31.68000030517578,25.911205291748047
2010-03-05,18768700,31.549999237060547,31.799999237060547,31.90999984741211,31.489999771118164,25.781484603881836
2010-03-04,13777600,31.540000915527344,31.440000534057617,31.579999923706055,31.299999237060547,25.48961639404297
2010-03-03,13900900,31.43000030517578,31.469999313354492,31.809999465942383,31.31999969482422,25.51394271850586
2010-03-02,15189500,31.389999389648438,31.360000610351562,31.579999923706055,31.270000457763672,25.42476463317871
2010-03-01,14182000,31.239999771118164,31.43000030517578,31.549999237060547,31.09000015258789,25.481517791748047
2010-02-26,13879200,31.360000610351562,31.200000762939453,31.360000610351562,30.950000762939453,25.295047760009766
2010-02-25,15049200,31.06999969482422,31.360000610351562,31.450000762939453,30.989999771118164,25.42476463317871
2010-02-24,22937500,30.780000686645508,31.360000610351562,31.420000076293945,30.739999771118164,25.42476463317871
2010-02-23,35770100,30.559999465942383,30.75,31.030000686645508,30.350000381469727,24.93021011352539
2010-02-22,16101000,30.399999618530273,30.31999969482422,30.549999237060547,30.200000762939453,24.58159065246582
2010-02-19,18576300,30.209999084472656,30.149999618530273,30.450000762939453,30.0,24.44376564025879
2010-02-18,16564800,30.020000457763672,30.299999237060547,30.3799991607666,29.8700008392334,24.565380096435547
2010-02-17,21524600,29.760000228881836,30.020000457763672,30.059999465942383,29.75,24.338369369506836
2010-02-16,13317200,29.1200008392334,29.440000534057617,29.5,28.93000030517578,23.86814308166504
2010-02-12,15027700,28.75,29.0,29.0,28.549999237060547,23.511415481567383
2010-02-11,14614200,28.709999084472656,28.989999771118164,29.06999969482422,28.540000915527344,23.503313064575195
2010-02-10,14481500,28.84000015258789,28.649999618530273,28.959999084472656,28.399999618530273,23.22765350341797
2010-02-09,18057700,28.8700008392334,28.8700008392334,29.09000015258789,28.56999969482422,23.406024932861328
2010-02-08,26005400,28.530000686645508,28.59000015258789,28.940000534057617,28.469999313354492,23.179018020629883
2010-02-05,20229400,27.850000381469727,27.979999542236328,28.06999969482422,27.530000686645508,22.684467315673828
2010-02-04,19813600,28.239999771118164,27.93000030517578,28.530000686645508,27.84000015258789,22.64393424987793
2010-02-03,19437300,28.940000534057617,28.469999313354492,28.940000534057617,28.260000228881836,23.081724166870117
2010-02-02,19640800,28.389999389648438,29.030000686645508,29.049999237060547,28.299999237060547,23.53573989868164
2010-02-01,17172100,28.010000228881836,28.389999389648438,28.450000762939453,27.90999984741211,23.016868591308594
2010-01-29,22453800,27.56999969482422,28.010000228881836,28.09000015258789,27.3799991607666,22.708778381347656
2010-01-28,19430400,27.93000030517578,27.34000015258789,27.950000762939453,27.190000534057617,22.16559410095215
2010-01-27,12821800,27.6200008392334,27.84000015258789,27.920000076293945,27.489999771118164,22.570968627929688
2010-01-26,13275800,27.5,27.729999542236328,27.950000762939453,27.5,22.48178482055664
2010-01-25,11098400,27.950000762939453,27.6200008392334,27.950000762939453,27.510000228881836,22.39259910583496
2010-01-22,16696600,28.239999771118164,27.719999313354492,28.549999237060547,27.68000030517578,22.473674774169922
2010-01-21,18900600,28.6299991607666,28.479999542236328,29.059999465942383,28.31999969482422,23.08983039855957
2010-01-20,13256400,28.700000762939453,28.65999984741211,28.84000015258789,28.350000381469727,23.23577117919922
2010-01-19,14170100,28.459999084472656,28.8799991607666,28.950000762939453,28.350000381469727,23.414127349853516
2010-01-15,23013500,28.309999465942383,28.56999969482422,28.690000534057617,28.0,23.162805557250977
2010-01-14,13208200,28.1200008392334,28.299999237060547,28.440000534057617,28.1200008392334,22.94390296936035
2010-01-13,15639100,28.0,28.1299991607666,28.25,28.0,22.806074142456055
2010-01-12,23075800,28.149999618530273,27.979999542236328,28.350000381469727,27.889999389648438,22.684467315673828
2010-01-11,23670500,29.0,28.15999984741211,29.020000457763672,28.079999923706055,22.830402374267578
2010-01-08,15609800,29.0,28.979999542236328,29.239999771118164,28.690000534057617,23.495201110839844
2010-01-07,12058200,28.860000610351562,29.1200008392334,29.219999313354492,28.729999542236328,23.608707427978516
2010-01-06,8833200,28.8799991607666,28.780000686645508,29.0,28.700000762939453,23.333053588867188
2010-01-05,15594300,28.729999542236328,28.8799991607666,28.989999771118164,28.290000915527344,23.414127349853516
2010-01-04,13120900,29.149999618530273,28.670000076293945,29.149999618530273,28.549999237060547,23.243867874145508
2009-12-31,7437100,29.09000015258789,28.93000030517578,29.3700008392334,28.889999389648438,23.454662322998047
2009-12-30,5703100,29.100000381469727,29.1299991607666,29.280000686645508,28.989999771118164,23.61681365966797
2009-12-29,6991500,29.15999984741211,29.270000457763672,29.309999465942383,28.790000915527344,23.730321884155273
2009-12-28,7299800,29.219999313354492,29.18000030517578,29.440000534057617,28.969999313354492,23.65735626220703
2009-12-24,3790100,29.18000030517578,29.170000076293945,29.239999771118164,28.989999771118164,23.649246215820312
2009-12-23,9789800,29.34000015258789,29.0,29.3799991607666,28.790000915527344,23.511415481567383
2009-12-22,11790600,29.049999237060547,29.290000915527344,29.420000076293945,28.959999084472656,23.746532440185547
2009-12-21,10009100,28.709999084472656,28.959999084472656,29.25,28.709999084472656,23.478988647460938
2009-12-18,17315800,28.979999542236328,28.649999618530273,29.020000457763672,28.420000076293945,23.22765350341797
2009-12-17,11472300,28.850000381469727,28.799999237060547,29.1200008392334,28.770000457763672,23.34926414489746
2009-12-16,13734200,29.1299991607666,28.959999084472656,29.3700008392334,28.899999618530273,23.478988647460938
2009-12-15,17012400,28.610000610351562,29.020000457763672,29.209999084472656,28.610000610351562,23.527631759643555
2009-12-14,11488900,28.81999969482422,28.8700008392334,29.0,28.600000381469727,23.406024932861328
2009-12-11,16327200,28.149999618530273,28.489999771118164,28.530000686645508,28.149999618530273,23.09794044494629
2009-12-10,11865000,27.780000686645508,27.989999771118164,28.100000381469727,27.760000228881836,22.69257354736328
2009-12-09,12481400,27.700000762939453,27.549999237060547,27.729999542236328,27.43000030517578,22.33584976196289
2009-12-08,15120500,28.079999923706055,27.670000076293945,28.110000610351562,27.540000915527344,22.43313980102539
2009-12-07,12664800,28.040000915527344,28.219999313354492,28.299999237060547,28.040000915527344,22.879043579101562
2009-12-04,16845500,28.43000030517578,28.079999923706055,28.5,27.950000762939453,22.765541076660156
2009-12-03,15502800,28.34000015258789,27.93000030517578,28.34000015258789,27.850000381469727,22.64393424987793
2009-12-02,17298300,28.030000686645508,28.329999923706055,28.479999542236328,28.0,22.968225479125977
2009-12-01,20488700,27.489999771118164,28.0,28.290000915527344,27.350000381469727,22.700681686401367
2009-11-30,16716700,27.59000015258789,27.360000610351562,27.75,26.959999084472656,21.999387741088867
2009-11-27,7517800,27.15999984741211,27.610000610351562,27.799999237060547,27.110000610351562,22.200410842895508
2009-11-25,11451600,27.56999969482422,27.850000381469727,27.889999389648438,27.280000686645508,22.393388748168945
2009-11-24,11705100,27.5,27.559999465942383,27.670000076293945,27.3799991607666,22.160200119018555
2009-11-23,18224600,27.3700008392334,27.510000228881836,27.600000381469727,27.229999542236328,22.1199951171875
2009-11-20,17600400,26.979999542236328,27.18000030517578,27.270000457763672,26.739999771118164,21.854656219482422
2009-11-19,11302700,27.209999084472656,27.110000610351562,27.239999771118164,26.799999237060547,21.798376083374023
2009-11-18,17834400,26.860000610351562,27.290000915527344,27.309999465942383,26.850000381469727,21.943111419677734
2009-11-17,31046300,27.100000381469727,26.989999771118164,27.299999237060547,26.350000381469727,21.701885223388672
2009-11-16,18782200,27.6299991607666,27.649999618530273,27.950000762939453,27.399999618530273,22.232568740844727
2009-11-13,14179800,27.260000228881836,27.34000015258789,27.549999237060547,26.8799991607666,21.983312606811523
2009-11-12,18713500,27.329999923706055,27.239999771118164,27.790000915527344,27.170000076293945,21.90290069580078
2009-11-11,18716700,27.149999618530273,27.309999465942383,27.450000762939453,27.049999237060547,21.959186553955078
2009-11-10,14851300,26.809999465942383,26.81999969482422,26.989999771118164,26.5,21.565189361572266
2009-11-09,13331200,26.309999465942383,26.809999465942383,26.8700008392334,26.200000762939453,21.557153701782227
2009-11-06,15066700,25.8700008392334,26.079999923706055,26.290000915527344,25.799999237060547,20.970178604125977
2009-11-05,15410500,25.18000030517578,25.6299991607666,25.809999465942383,25.1299991607666,20.60834503173828
2009-11-04,18645200,25.270000457763672,24.959999084472656,25.5,24.899999618530273,20.069618225097656
2009-11-03,17426600,24.90999984741211,25.0,25.280000686645508,24.469999313354492,20.10177993774414
2009-11-02,15585500,25.139999389648438,25.059999465942383,25.670000076293945,24.709999084472656,20.15003204345703
2009-10-30,19426300,25.829999923706055,25.09000015258789,25.899999618530273,24.959999084472656,20.174150466918945
2009-10-29,12980200,25.5,25.90999984741211,26.09000015258789,25.25,20.83348846435547
2009-10-28,22498500,25.989999771118164,25.209999084472656,26.0,25.15999984741211,20.270633697509766
2009-10-27,16016300,26.100000381469727,26.0,26.389999389648438,25.969999313354492,20.905855178833008
2009-10-26,17852200,26.299999237060547,26.100000381469727,26.540000915527344,26.0,20.986265182495117
2009-10-23,16329000,26.639999389648438,26.270000457763672,26.739999771118164,26.170000076293945,21.122953414916992
2009-10-22,14882100,26.209999084472656,26.719999313354492,26.850000381469727,26.049999237060547,21.48478126525879
2009-10-21,23488900,26.889999389648438,26.31999969482422,27.229999542236328,26.219999313354492,21.163158416748047
2009-10-20,12902600,27.329999923706055,26.969999313354492,27.670000076293945,26.860000610351562,21.68580436706543
2009-10-19,8302000,27.280000686645508,27.6299991607666,27.690000534057617,27.219999313354492,22.21648597717285
2009-10-16,12072000,27.149999618530273,27.260000228881836,27.3700008392334,26.84000015258789,21.918983459472656
2009-10-15,13350200,27.280000686645508,27.299999237060547,27.3700008392334,27.049999237060547,21.95114517211914
2009-10-14,17510700,27.760000228881836,27.3799991607666,28.020000457763672,27.31999969482422,22.015470504760742
2009-10-13,13896000,27.020000457763672,27.530000686645508,27.610000610351562,26.860000610351562,22.136083602905273
2009-10-12,11015900,27.100000381469727,27.040000915527344,27.440000534057617,27.010000228881836,21.742090225219727
2009-10-09,11117900,26.850000381469727,26.959999084472656,27.010000228881836,26.649999618530273,21.677757263183594
2009-10-08,16128300,26.40999984741211,26.889999389648438,27.059999465942383,26.3799991607666,21.62148094177246
2009-10-07,13455700,26.270000457763672,26.139999389648438,26.420000076293945,26.06999969482422,21.01842498779297
2009-10-06,14352000,26.309999465942383,26.290000915527344,26.479999542236328,26.18000030517578,21.139036178588867
2009-10-05,10168400,26.15999984741211,26.149999618530273,26.329999923706055,26.0,21.026464462280273
2009-10-02,13849200,26.149999618530273,26.030000686645508,26.270000457763672,25.8700008392334,20.929973602294922
2009-10-01,16260800,26.649999618530273,26.31999969482422,26.649999618530273,26.110000610351562,21.163158416748047
2009-09-30,16564800,26.940000534057617,26.639999389648438,26.940000534057617,26.31999969482422,21.420459747314453
2009-09-29,13765400,27.31999969482422,26.829999923706055,27.440000534057617,26.68000030517578,21.573230743408203
2009-09-28,6862900,26.950000762939453,27.260000228881836,27.43000030517578,26.899999618530273,21.918983459472656
2009-09-25,11859300,26.8799991607666,26.850000381469727,27.229999542236328,26.549999237060547,21.589313507080078
2009-09-24,12037700,27.520000457763672,27.040000915527344,27.540000915527344,26.889999389648438,21.742090225219727
2009-09-23,14091100,27.719999313354492,27.350000381469727,27.950000762939453,27.309999465942383,21.991352081298828
2009-09-22,14328500,28.239999771118164,27.6200008392334,28.309999465942383,27.479999542236328,22.208450317382812
2009-09-21,8915700,27.959999084472656,28.139999389648438,28.399999618530273,27.84000015258789,22.626562118530273
2009-09-18,15767900,28.010000228881836,28.229999542236328,28.440000534057617,28.0,22.698936462402344
2009-09-17,13318200,28.40999984741211,27.920000076293945,28.43000030517578,27.75,22.449665069580078
2009-09-16,17815700,27.639999389648438,28.059999465942383,28.209999084472656,27.559999465942383,22.562238693237305
2009-09-15,10045700,27.59000015258789,27.40999984741211,27.700000762939453,27.25,22.039592742919922
2009-09-14,8349400,27.15999984741211,27.510000228881836,27.65999984741211,27.09000015258789,22.1199951171875
2009-09-11,14667900,27.5,27.34000015258789,27.520000457763672,26.989999771118164,21.983312606811523
2009-09-10,9446400,27.399999618530273,27.530000686645508,27.59000015258789,27.219999313354492,22.136083602905273
2009-09-09,10679500,27.440000534057617,27.3799991607666,27.5,27.219999313354492,22.015470504760742
2009-09-08,12253300,27.229999542236328,27.479999542236328,27.56999969482422,27.040000915527344,22.095874786376953
2009-09-04,8150000,26.93000030517578,27.030000686645508,27.15999984741211,26.760000228881836,21.73404884338379
2009-09-03,9733200,26.610000610351562,26.899999618530273,26.90999984741211,26.43000030517578,21.629518508911133
2009-09-02,10684100,26.6200008392334,26.530000686645508,26.81999969482422,26.350000381469727,21.332012176513672
2009-09-01,15738800,27.010000228881836,26.739999771118164,27.479999542236328,26.6299991607666,21.500864028930664
2009-08-31,13091300,27.5,27.290000915527344,27.600000381469727,27.100000381469727,21.762191772460938
2009-08-28,12841400,27.68000030517578,27.690000534057617,27.760000228881836,27.239999771118164,22.08116912841797
2009-08-27,13446800,27.600000381469727,27.549999237060547,27.690000534057617,27.200000762939453,21.969520568847656
2009-08-26,15608400,27.280000686645508,27.56999969482422,27.940000534057617,27.219999313354492,21.9854736328125
2009-08-25,21848800,27.219999313354492,27.31999969482422,27.729999542236328,27.0,21.786113739013672
2009-08-24,16237900,27.729999542236328,27.030000686645508,27.729999542236328,26.940000534057617,21.554855346679688
2009-08-21,18664100,26.940000534057617,27.5,27.530000686645508,26.65999984741211,21.92965316772461
2009-08-20,14196700,26.790000915527344,26.68000030517578,26.809999465942383,26.5,21.275754928588867
2009-08-19,19453600,26.75,26.75,26.93000030517578,26.469999313354492,21.331573486328125
2009-08-18,35350300,26.950000762939453,26.93000030517578,27.299999237060547,26.56999969482422,21.475109100341797
2009-08-17,30714600,25.920000076293945,26.110000610351562,26.440000534057617,25.43000030517578,20.821203231811523
2009-08-14,15928500,27.670000076293945,27.139999389648438,27.75,26.899999618530273,21.6425724029541
2009-08-13,19973100,27.420000076293945,27.68000030517578,27.809999465942383,27.0,22.073190689086914
2009-08-12,13269600,26.799999237060547,27.200000762939453,27.530000686645508,26.75,21.690420150756836
2009-08-11,9524200,27.030000686645508,26.889999389648438,27.110000610351562,26.729999542236328,21.443212509155273
2009-08-10,10407600,27.18000030517578,27.100000381469727,27.239999771118164,26.770000457763672,21.61067771911621
2009-08-07,16415900,26.729999542236328,27.260000228881836,27.479999542236328,26.610000610351562,21.738264083862305
2009-08-06,13755000,26.399999618530273,26.540000915527344,26.739999771118164,26.170000076293945,21.164104461669922
2009-08-05,9996600,26.299999237060547,26.329999923706055,26.459999084472656,25.959999084472656,20.996644973754883
2009-08-04,10411100,26.15999984741211,26.290000915527344,26.440000534057617,26.079999923706055,20.964750289916992
2009-08-03,12022400,26.18000030517578,26.31999969482422,26.3799991607666,25.670000076293945,20.98866844177246
2009-07-31,11709000,25.84000015258789,25.940000534057617,26.190000534057617,25.799999237060547,20.685644149780273
2009-07-30,13545300,25.700000762939453,25.850000381469727,26.15999984741211,25.530000686645508,20.61387062072754
2009-07-29,11970200,25.3700008392334,25.389999389648438,25.649999618530273,25.1200008392334,20.24704933166504
2009-07-28,11689700,25.079999923706055,25.389999389648438,25.399999618530273,24.959999084472656,20.24704933166504
2009-07-27,13443900,25.25,25.15999984741211,25.31999969482422,24.780000686645508,20.063636779785156
2009-07-24,11246800,25.229999542236328,25.31999969482422,25.43000030517578,24.950000762939453,20.19123077392578
2009-07-23,20780700,24.760000228881836,25.280000686645508,25.510000228881836,24.510000228881836,20.15933609008789
2009-07-22,11348400,24.3700008392334,24.770000457763672,24.899999618530273,24.270000457763672,19.75263786315918
2009-07-21,13716300,24.8700008392334,24.459999084472656,24.899999618530273,24.1299991607666,19.505435943603516
2009-07-20,10165600,24.65999984741211,24.799999237060547,24.860000610351562,24.489999771118164,19.77655792236328
2009-07-17,15283300,24.600000381469727,24.670000076293945,24.75,24.31999969482422,19.67289161682129
2009-07-16,13633700,24.06999969482422,24.399999618530273,24.520000457763672,23.81999969482422,19.457584381103516
2009-07-15,13914400,23.8799991607666,24.079999923706055,24.139999389648438,23.639999389648438,19.202402114868164
2009-07-14,15595800,23.09000015258789,23.68000030517578,23.690000534057617,22.950000762939453,18.883424758911133
2009-07-13,17804800,22.510000228881836,23.110000610351562,23.139999389648438,22.270000457763672,18.428882598876953
2009-07-10,9814600,22.579999923706055,22.520000457763672,22.81999969482422,22.329999923706055,17.958393096923828
2009-07-09,14322200,22.850000381469727,22.68000030517578,22.969999313354492,22.329999923706055,18.085981369018555
2009-07-08,14710700,22.3799991607666,22.65999984741211,22.75,22.290000915527344,18.070032119750977
2009-07-07,15007900,22.90999984741211,22.399999618530273,22.90999984741211,22.31999969482422,17.86269187927246
2009-07-06,12638500,22.760000228881836,22.8799991607666,23.139999389648438,22.520000457763672,18.245468139648438
2009-07-02,13532900,23.3700008392334,22.809999465942383,23.709999084472656,22.75,18.18964958190918
2009-07-01,13277900,23.799999237060547,23.709999084472656,23.940000534057617,23.479999542236328,18.90734100341797
2009-06-30,12676800,23.920000076293945,23.6299991607666,24.010000228881836,23.350000381469727,18.843549728393555
2009-06-29,12322400,23.65999984741211,23.8700008392334,24.15999984741211,23.559999465942383,19.03493881225586
2009-06-26,18879400,23.469999313354492,23.610000610351562,24.059999465942383,23.420000076293945,18.827604293823242
2009-06-25,18940500,22.670000076293945,23.56999969482422,23.75,22.649999618530273,18.795705795288086
2009-06-24,14555600,23.149999618530273,22.68000030517578,23.15999984741211,22.530000686645508,18.085981369018555
2009-06-23,15209400,23.239999771118164,22.8799991607666,23.25,22.719999313354492,18.245468139648438
2009-06-22,12930800,23.3700008392334,23.25,23.639999389648438,23.15999984741211,18.540529251098633
2009-06-19,15209600,23.469999313354492,23.520000457763672,23.709999084472656,23.360000610351562,18.755830764770508
2009-06-18,11365200,23.729999542236328,23.350000381469727,23.760000228881836,23.260000228881836,18.620269775390625
2009-06-17,19015600,23.239999771118164,23.649999618530273,24.040000915527344,23.010000228881836,18.85950469970703
2009-06-16,17023400,23.860000610351562,23.200000762939453,23.979999542236328,23.170000076293945,18.500652313232422
2009-06-15,13946900,23.940000534057617,23.850000381469727,24.0,23.520000457763672,19.018991470336914
2009-06-12,18283600,24.190000534057617,24.149999618530273,24.239999771118164,23.829999923706055,19.258220672607422
2009-06-11,17911500,24.389999389648438,24.229999542236328,24.639999389648438,24.15999984741211,19.32201385498047
2009-06-10,24352000,25.059999465942383,24.389999389648438,25.1200008392334,24.190000534057617,19.449607849121094
2009-06-09,13033200,24.34000015258789,24.350000381469727,24.59000015258789,24.079999923706055,19.41771125793457
2009-06-08,13184500,24.239999771118164,24.559999465942383,24.780000686645508,24.0,19.405750274658203
2009-06-05,14749000,24.780000686645508,24.170000076293945,24.889999389648438,23.969999313354492,19.097597122192383
2009-06-04,15777400,24.389999389648438,24.56999969482422,24.649999618530273,23.75,19.413650512695312
2009-06-03,14453400,24.389999389648438,24.3700008392334,24.809999465942383,24.09000015258789,19.2556209564209
2009-06-02,18364400,23.959999084472656,24.5,24.799999237060547,23.829999923706055,19.35833168029785
2009-06-01,18094400,23.59000015258789,24.15999984741211,24.43000030517578,23.389999389648438,19.089689254760742
2009-05-29,18681600,22.989999771118164,23.15999984741211,23.190000534057617,22.649999618530273,18.299562454223633
2009-05-28,27154200,23.6299991607666,22.700000762939453,23.6299991607666,22.329999923706055,17.936094284057617
2009-05-27,18507500,23.899999618530273,23.329999923706055,24.209999084472656,23.209999084472656,18.433883666992188
2009-05-26,20313100,22.670000076293945,23.799999237060547,23.969999313354492,22.579999923706055,18.80524444580078
2009-05-22,15133800,23.200000762939453,22.860000610351562,23.239999771118164,22.600000381469727,18.062522888183594
2009-05-21,25534300,23.489999771118164,22.889999389648438,23.829999923706055,22.639999389648438,18.086217880249023
2009-05-20,31471700,24.850000381469727,23.829999923706055,25.0,23.559999465942383,18.828947067260742
2009-05-19,39888600,25.389999389648438,24.6299991607666,25.399999618530273,24.0,19.4610595703125
2009-05-18,26101700,25.65999984741211,26.020000457763672,26.149999618530273,25.360000610351562,20.559354782104492
2009-05-15,20385500,24.450000762939453,24.399999618530273,24.920000076293945,24.219999313354492,19.279327392578125
2009-05-14,15822700,25.020000457763672,24.530000686645508,25.15999984741211,24.479999542236328,19.382047653198242
2009-05-13,32337000,24.950000762939453,24.829999923706055,25.139999389648438,24.219999313354492,19.619091033935547
2009-05-12,19437700,25.110000610351562,24.639999389648438,25.229999542236328,24.270000457763672,19.468957901000977
2009-05-11,17525200,24.809999465942383,24.93000030517578,25.25,24.540000915527344,19.69809913635254
2009-05-08,18467600,25.780000686645508,25.5,25.780000686645508,24.75,20.148479461669922
2009-05-07,20582800,26.190000534057617,25.610000610351562,26.34000015258789,25.309999465942383,20.235389709472656
2009-05-06,13892300,26.309999465942383,26.040000915527344,26.510000228881836,25.559999465942383,20.57514762878418
2009-05-05,11348800,26.18000030517578,26.190000534057617,26.399999618530273,25.93000030517578,20.69367218017578
2009-05-04,18075500,26.139999389648438,26.209999084472656,26.770000457763672,25.829999923706055,20.709470748901367
2009-05-01,15045800,26.579999923706055,25.770000457763672,26.579999923706055,25.510000228881836,20.361812591552734
2009-04-30,18251600,26.549999237060547,26.31999969482422,27.06999969482422,26.270000457763672,20.796384811401367
2009-04-29,21349300,26.270000457763672,26.34000015258789,26.850000381469727,26.020000457763672,20.81218910217285
2009-04-28,14949200,25.56999969482422,26.06999969482422,26.479999542236328,25.350000381469727,20.598861694335938
2009-04-27,14868400,25.899999618530273,25.8799991607666,26.299999237060547,25.600000381469727,20.448732376098633
2009-04-24,21857600,25.93000030517578,26.309999465942383,26.81999969482422,25.559999465942383,20.788488388061523
2009-04-23,17975100,25.959999084472656,25.760000228881836,26.219999313354492,25.309999465942383,20.35390853881836
2009-04-22,23918400,25.6299991607666,26.170000076293945,26.920000076293945,25.479999542236328,20.677865982055664
2009-04-21,20556600,25.200000762939453,25.8700008392334,26.049999237060547,24.780000686645508,20.440832138061523
2009-04-20,17480600,25.719999313354492,25.149999618530273,25.8700008392334,24.90999984741211,19.87192726135254
2009-04-17,21671300,26.15999984741211,26.100000381469727,26.469999313354492,25.25,20.62255859375
2009-04-16,16673900,25.780000686645508,25.969999313354492,26.15999984741211,25.280000686645508,20.51984214782715
2009-04-15,17464000,25.219999313354492,25.670000076293945,25.75,25.100000381469727,20.28280258178711
2009-04-14,14961600,25.59000015258789,25.34000015258789,25.68000030517578,25.049999237060547,20.022050857543945
2009-04-13,11593400,25.6299991607666,25.959999084472656,26.100000381469727,25.579999923706055,20.511934280395508
2009-04-09,20316000,25.559999465942383,25.899999618530273,25.959999084472656,25.440000534057617,20.464529037475586
2009-04-08,18547600,24.690000534057617,25.1200008392334,25.309999465942383,24.690000534057617,19.848224639892578
2009-04-07,16837400,24.469999313354492,24.3700008392334,24.639999389648438,24.1299991607666,19.2556209564209
2009-04-06,17140400,24.780000686645508,24.850000381469727,25.030000686645508,24.459999084472656,19.634885787963867
2009-04-03,20294400,24.690000534057617,25.0,25.1299991607666,24.34000015258789,19.753408432006836
2009-04-02,30264800,24.309999465942383,24.770000457763672,25.239999771118164,24.239999771118164,19.571678161621094
2009-04-01,21365000,23.149999618530273,23.829999923706055,23.889999389648438,22.920000076293945,18.828947067260742
2009-03-31,27463300,23.520000457763672,23.559999465942383,23.770000457763672,22.639999389648438,18.615610122680664
2009-03-30,21579600,23.239999771118164,23.3799991607666,23.459999084472656,22.65999984741211,18.473384857177734
2009-03-27,18856900,23.81999969482422,23.6299991607666,24.100000381469727,23.329999923706055,18.67091941833496
2009-03-26,28080900,23.809999465942383,24.139999389648438,24.360000610351562,23.530000686645508,19.07389259338379
2009-03-25,33358900,23.270000457763672,23.280000686645508,23.950000762939453,22.770000457763672,18.394378662109375
2009-03-24,20462800,23.030000686645508,22.950000762939453,23.469999313354492,22.8799991607666,18.133625030517578
2009-03-23,22873800,22.43000030517578,23.25,23.280000686645508,22.170000076293945,18.37067413330078
2009-03-20,22361800,22.59000015258789,22.15999984741211,22.729999542236328,21.760000228881836,17.509429931640625
2009-03-19,22955200,22.520000457763672,22.440000534057617,22.84000015258789,22.200000762939453,17.730663299560547
2009-03-18,31811800,21.299999237060547,22.579999923706055,22.84000015258789,21.049999237060547,17.841276168823242
2009-03-17,25333900,20.5,21.479999542236328,21.489999771118164,20.34000015258789,16.972131729125977
2009-03-16,17034600,20.729999542236328,20.139999389648438,21.059999465942383,20.059999465942383,15.913345336914062
2009-03-13,22210800,20.440000534057617,20.709999084472656,21.0,19.799999237060547,16.363723754882812
2009-03-12,17504200,19.649999618530273,20.329999923706055,20.450000762939453,19.280000686645508,16.063474655151367
2009-03-11,21666600,19.420000076293945,19.68000030517578,19.920000076293945,19.200000762939453,15.549882888793945
2009-03-10,25527600,18.34000015258789,19.420000076293945,19.579999923706055,18.260000228881836,15.344446182250977
2009-03-09,28387300,17.739999771118164,18.229999542236328,18.950000762939453,17.489999771118164,14.226408958435059
2009-03-06,25862900,18.299999237060547,18.0,18.600000381469727,17.540000915527344,14.046916961669922
2009-03-05,23774300,18.510000228881836,18.149999618530273,19.18000030517578,18.0,14.163973808288574
2009-03-04,22093200,18.989999771118164,19.010000228881836,19.3700008392334,18.700000762939453,14.835105895996094
2009-03-03,29268800,19.579999923706055,18.889999389648438,19.950000762939453,18.760000228881836,14.741460800170898
2009-03-02,25493600,20.350000381469727,19.920000076293945,20.950000762939453,19.84000015258789,15.545254707336426
2009-02-27,23320600,20.170000076293945,20.889999389648438,21.280000686645508,20.170000076293945,16.302234649658203
2009-02-26,22728900,20.549999237060547,20.639999389648438,20.889999389648438,20.329999923706055,16.107131958007812
2009-02-25,27022900,20.350000381469727,20.309999465942383,20.780000686645508,20.010000228881836,15.849608421325684
2009-02-24,37719500,19.649999618530273,20.670000076293945,20.780000686645508,19.440000534057617,16.130544662475586
2009-02-23,26930200,19.43000030517578,18.709999084472656,19.84000015258789,18.239999771118164,14.600991249084473
2009-02-20,29576700,19.68000030517578,19.459999084472656,20.25,19.170000076293945,15.186274528503418
2009-02-19,20353800,19.950000762939453,20.15999984741211,20.440000534057617,19.93000030517578,15.7325439453125
2009-02-18,23374800,20.25,19.799999237060547,20.260000228881836,19.43000030517578,15.451608657836914
2009-02-17,35715200,20.700000762939453,19.940000534057617,20.75,19.860000610351562,15.560863494873047
2009-02-13,18598200,21.780000686645508,21.219999313354492,22.15999984741211,21.200000762939453,16.559757232666016
2009-02-12,23454000,21.700000762939453,21.979999542236328,22.059999465942383,21.149999618530273,17.152847290039062
2009-02-11,17896200,22.360000610351562,22.139999389648438,22.5,21.899999618530273,17.277708053588867
2009-02-10,21897800,22.899999618530273,22.209999084472656,23.229999542236328,22.0,17.332334518432617
2009-02-09,16315200,23.469999313354492,23.09000015258789,23.6299991607666,22.559999465942383,18.019079208374023
2009-02-06,31085500,22.389999389648438,23.530000686645508,23.850000381469727,22.3700008392334,18.362443923950195
2009-02-05,24668100,21.479999542236328,22.399999618530273,22.450000762939453,21.360000610351562,17.480606079101562
2009-02-04,18486300,21.6299991607666,21.729999542236328,22.06999969482422,21.5,16.957752227783203
2009-02-03,17471100,21.969999313354492,21.920000076293945,22.040000915527344,20.829999923706055,17.10601806640625
2009-02-02,17971800,21.209999084472656,21.56999969482422,22.09000015258789,21.110000610351562,16.8328857421875
2009-01-30,27041800,22.219999313354492,21.530000686645508,22.350000381469727,21.350000381469727,16.80167579650879
2009-01-29,18030700,22.5,22.0,23.079999923706055,21.90999984741211,17.168453216552734
2009-01-28,20543500,22.59000015258789,23.0,23.229999542236328,22.299999237060547,17.948833465576172
2009-01-27,21691000,22.739999771118164,22.1200008392334,22.889999389648438,21.809999465942383,17.262102127075195
2009-01-26,34329500,22.100000381469727,22.729999542236328,23.139999389648438,22.049999237060547,17.73813247680664
2009-01-23,20867100,21.3799991607666,21.719999313354492,21.979999542236328,21.299999237060547,16.949949264526367
2009-01-22,22725600,21.90999984741211,21.969999313354492,22.350000381469727,21.489999771118164,17.145042419433594
2009-01-21,19667200,22.290000915527344,22.280000686645508,22.440000534057617,21.600000381469727,17.386962890625
2009-01-20,20339500,22.899999618530273,21.989999771118164,23.200000762939453,21.84000015258789,17.1606502532959
2009-01-16,20942600,23.34000015258789,23.200000762939453,23.3799991607666,22.56999969482422,18.104917526245117
2009-01-15,25999400,21.920000076293945,22.809999465942383,23.309999465942383,21.65999984741211,17.80056381225586
2009-01-14,20531200,22.149999618530273,21.90999984741211,22.260000228881836,21.68000030517578,17.098222732543945
2009-01-13,20440300,22.959999084472656,22.510000228881836,23.100000381469727,22.25,17.566452026367188
2009-01-12,23560200,23.850000381469727,22.969999313354492,23.959999084472656,22.6200008392334,17.92542266845703
2009-01-09,16927400,24.479999542236328,23.860000610351562,24.479999542236328,23.540000915527344,18.61997413635254
2009-01-08,17319800,24.1200008392334,24.389999389648438,24.459999084472656,23.700000762939453,19.0335750579834
2009-01-07,19857300,24.8700008392334,24.56999969482422,25.15999984741211,24.43000030517578,19.174043655395508
2009-01-06,22856600,24.940000534057617,25.260000228881836,25.489999771118164,24.6200008392334,19.71250343322754
2009-01-05,22570900,24.020000457763672,24.709999084472656,24.8799991607666,23.809999465942383,19.283296585083008
2009-01-02,14902500,23.06999969482422,24.1299991607666,24.190000534057617,22.959999084472656,18.83067512512207
2008-12-31,15143500,23.139999389648438,23.020000457763672,23.799999237060547,22.969999313354492,17.964445114135742
2008-12-30,14896900,23.5,23.110000610351562,23.690000534057617,22.690000534057617,18.034679412841797
2008-12-29,8461500,23.540000915527344,23.360000610351562,23.700000762939453,23.0,18.229774475097656
2008-12-26,4461200,23.610000610351562,23.559999465942383,24.0,23.40999984741211,18.38585090637207
2008-12-24,3976000,23.690000534057617,23.729999542236328,24.110000610351562,23.6200008392334,18.518522262573242
2008-12-23,13559600,23.59000015258789,23.6200008392334,23.989999771118164,23.489999771118164,18.432676315307617
2008-12-22,13244400,24.09000015258789,23.729999542236328,24.1299991607666,23.15999984741211,18.518522262573242
2008-12-19,23095200,24.81999969482422,24.219999313354492,25.0,23.829999923706055,18.90090560913086
2008-12-18,22105800,24.799999237060547,24.450000762939453,25.06999969482422,24.049999237060547,19.08039665222168
2008-12-17,20068300,24.010000228881836,24.700000762939453,25.110000610351562,23.899999618530273,19.275487899780273
2008-12-16,26188100,23.729999542236328,24.31999969482422,24.59000015258789,22.8799991607666,18.978940963745117
2008-12-15,14736800,23.6200008392334,23.40999984741211,23.8700008392334,23.040000915527344,18.268800735473633
2008-12-12,20831300,22.309999465942383,23.469999313354492,23.719999313354492,22.15999984741211,18.31561851501465
2008-12-11,18390900,23.8700008392334,22.989999771118164,24.1299991607666,22.799999237060547,17.9410343170166
2008-12-10,18719700,23.389999389648438,24.290000915527344,24.43000030517578,23.010000228881836,18.955535888671875
2008-12-09,26321100,23.889999389648438,23.200000762939453,24.739999771118164,22.850000381469727,18.104917526245117
2008-12-08,28815400,24.969999313354492,24.25,25.190000534057617,24.049999237060547,18.924312591552734
2008-12-05,32975900,22.829999923706055,24.399999618530273,24.540000915527344,22.700000762939453,19.041379928588867
2008-12-04,30083600,22.469999313354492,23.219999313354492,24.31999969482422,22.280000686645508,18.120513916015625
2008-12-03,32948500,21.31999969482422,22.760000228881836,22.8799991607666,21.059999465942383,17.761545181274414
2008-12-02,23835800,21.520000457763672,21.850000381469727,21.950000762939453,20.649999618530273,17.051395416259766
2008-12-01,26816900,22.549999237060547,21.209999084472656,23.0,21.1299991607666,16.376367568969727
2008-11-28,10272300,23.40999984741211,23.110000610351562,23.790000915527344,22.729999542236328,17.843366622924805
2008-11-26,25401900,21.549999237060547,23.549999237060547,23.780000686645508,21.549999237060547,18.183090209960938
2008-11-25,31618500,21.6299991607666,22.25,22.450000762939453,21.200000762939453,17.179357528686523
2008-11-24,31820400,19.6200008392334,21.420000076293945,21.90999984741211,18.860000610351562,16.538511276245117
2008-11-21,38361300,18.81999969482422,19.290000915527344,19.34000015258789,17.459999084472656,14.8939208984375
2008-11-20,32825000,19.440000534057617,18.520000457763672,20.290000915527344,18.309999465942383,14.29940128326416
2008-11-19,21970500,20.479999542236328,19.760000228881836,21.260000228881836,19.600000381469727,15.256816864013672
2008-11-18,32638500,20.65999984741211,20.709999084472656,21.420000076293945,19.940000534057617,15.99030590057373
2008-11-17,22643100,19.920000076293945,20.0,20.989999771118164,19.739999771118164,15.442121505737305
2008-11-14,24957300,21.739999771118164,20.540000915527344,22.639999389648438,20.31999969482422,15.859055519104004
2008-11-13,28059400,19.889999389648438,22.229999542236328,22.3700008392334,19.149999618530273,17.163909912109375
2008-11-12,18189400,19.860000610351562,19.799999237060547,20.34000015258789,19.6200008392334,15.287694931030273
2008-11-11,17405400,20.389999389648438,20.510000228881836,21.469999313354492,19.940000534057617,15.835890769958496
2008-11-10,14073700,21.530000686645508,20.739999771118164,21.709999084472656,20.459999084472656,16.013477325439453
2008-11-07,19600100,21.049999237060547,21.059999465942383,21.790000915527344,20.700000762939453,16.260549545288086
2008-11-06,25524300,21.899999618530273,20.93000030517578,22.809999465942383,20.68000030517578,16.160175323486328
2008-11-05,22260700,23.0,22.149999618530273,23.329999923706055,22.059999465942383,17.10214614868164
2008-11-04,24131800,22.690000534057617,23.389999389648438,23.489999771118164,22.15999984741211,18.05955696105957
2008-11-03,17940200,23.479999542236328,22.219999313354492,23.59000015258789,22.110000610351562,17.156185150146484
2008-10-31,21720300,22.700000762939453,23.59000015258789,24.030000686645508,22.299999237060547,18.21398162841797
2008-10-30,21072800,22.219999313354492,22.719999313354492,22.93000030517578,21.889999389648438,17.542247772216797
2008-10-29,32328400,21.25,21.649999618530273,23.18000030517578,20.739999771118164,16.71609115600586
2008-10-28,28156400,19.170000076293945,21.56999969482422,21.639999389648438,18.670000076293945,16.65431785583496
2008-10-27,21744700,18.010000228881836,18.90999984741211,19.5,18.010000228881836,14.600520133972168
2008-10-24,22524500,17.899999618530273,18.510000228881836,19.0,17.579999923706055,14.291677474975586
2008-10-23,29497600,19.459999084472656,19.059999465942383,19.799999237060547,18.010000228881836,14.716337203979492
2008-10-22,23827700,20.040000915527344,19.469999313354492,20.229999542236328,18.969999313354492,15.032896995544434
2008-10-21,15135300,20.5,20.520000457763672,21.459999084472656,20.309999465942383,15.843613624572754
2008-10-20,18408800,20.469999313354492,20.780000686645508,21.0,20.110000610351562,16.04435920715332
2008-10-17,26629800,19.18000030517578,20.209999084472656,20.700000762939453,18.959999084472656,15.604259490966797
2008-10-16,38445400,19.5,19.700000762939453,20.010000228881836,18.020000457763672,15.210487365722656
2008-10-15,26416300,20.8700008392334,19.829999923706055,21.18000030517578,19.5,15.310855865478516
2008-10-14,26867500,22.649999618530273,21.06999969482422,22.799999237060547,20.389999389648438,16.268268585205078
2008-10-13,24678100,20.510000228881836,21.709999084472656,21.809999465942383,20.25,16.762418746948242
2008-10-10,49333700,18.700000762939453,19.75,21.309999465942383,17.049999237060547,15.2490873336792
2008-10-09,29596900,21.309999465942383,19.93000030517578,21.479999542236328,19.709999084472656,15.388068199157715
2008-10-08,35105500,21.15999984741211,21.170000076293945,22.459999084472656,20.760000228881836,16.345481872558594
2008-10-07,34193300,23.1200008392334,21.889999389648438,23.719999313354492,21.68000030517578,16.90139389038086
2008-10-06,36436400,23.139999389648438,22.81999969482422,23.399999618530273,21.770000457763672,17.61944580078125
2008-10-03,27243600,25.100000381469727,23.809999465942383,25.309999465942383,23.719999313354492,18.38383674621582
2008-10-02,18545900,25.709999084472656,24.860000610351562,26.059999465942383,24.68000030517578,19.19455337524414
2008-10-01,20739900,25.520000457763672,25.920000076293945,26.09000015258789,25.299999237060547,20.012983322143555
2008-09-30,23152800,25.65999984741211,25.889999389648438,25.950000762939453,24.709999084472656,19.989816665649414
2008-09-29,28057100,25.989999771118164,24.989999771118164,26.6200008392334,24.440000534057617,19.294921875
2008-09-26,17008500,24.93000030517578,26.459999084472656,26.489999771118164,24.93000030517578,20.429922103881836
2008-09-25,22970800,25.25,25.799999237060547,25.940000534057617,25.020000457763672,19.920333862304688
2008-09-24,20665700,25.520000457763672,25.020000457763672,25.56999969482422,24.579999923706055,19.31808853149414
2008-09-23,22392700,25.670000076293945,25.260000228881836,26.25,25.149999618530273,19.50339126586914
2008-09-22,24649000,27.40999984741211,25.6200008392334,27.719999313354492,25.290000915527344,19.78134536743164
2008-09-19,32616200,29.110000610351562,27.3700008392334,29.690000534057617,26.149999618530273,21.13253402709961
2008-09-18,42121100,26.0,26.950000762939453,27.5,24.450000762939453,20.80825424194336
2008-09-17,42981300,26.84000015258789,25.6200008392334,26.989999771118164,25.559999465942383,19.78134536743164
2008-09-16,42932600,27.889999389648438,27.579999923706055,28.399999618530273,27.469999313354492,21.2946834564209
2008-09-15,27620000,27.520000457763672,28.5,29.079999923706055,27.520000457763672,22.005014419555664
2008-09-12,25732100,29.170000076293945,28.799999237060547,29.31999969482422,28.5,22.236648559570312
2008-09-11,27556200,28.549999237060547,29.5,29.520000457763672,28.360000610351562,22.777118682861328
2008-09-10,19819300,29.34000015258789,29.100000381469727,29.530000686645508,28.770000457763672,22.468276977539062
2008-09-09,35965400,30.18000030517578,29.149999618530273,30.610000610351562,29.1299991607666,22.50688362121582
2008-09-08,41467300,29.799999237060547,30.15999984741211,30.739999771118164,29.709999084472656,23.28670883178711
2008-09-05,25053100,28.31999969482422,28.59000015258789,28.790000915527344,28.030000686645508,22.07450294494629
2008-09-04,31607400,28.950000762939453,28.56999969482422,29.170000076293945,28.459999084472656,22.059064865112305
2008-09-03,39057000,27.940000534057617,29.329999923706055,29.399999618530273,27.90999984741211,22.645862579345703
2008-09-02,27655200,27.649999618530273,28.06999969482422,28.68000030517578,27.649999618530273,21.67300796508789
2008-08-29,12520800,27.219999313354492,27.1200008392334,27.479999542236328,27.020000457763672,20.765789031982422
2008-08-28,13626200,27.40999984741211,27.420000076293945,27.639999389648438,26.989999771118164,20.995492935180664
2008-08-27,13091000,27.020000457763672,27.170000076293945,27.479999542236328,26.600000381469727,20.804065704345703
2008-08-26,16797600,26.530000686645508,27.020000457763672,27.079999923706055,26.149999618530273,20.6892147064209
2008-08-25,13088300,26.979999542236328,26.559999465942383,27.040000915527344,26.510000228881836,20.336992263793945
2008-08-22,13319700,26.690000534057617,27.110000610351562,27.149999618530273,26.579999923706055,20.758127212524414
2008-08-21,18816700,25.600000381469727,26.56999969482422,26.68000030517578,25.510000228881836,20.344650268554688
2008-08-20,19012500,26.010000228881836,25.969999313354492,26.440000534057617,25.670000076293945,19.885231018066406
2008-08-19,30629300,26.979999542236328,25.959999084472656,27.079999923706055,25.93000030517578,19.877573013305664
2008-08-18,22175300,27.760000228881836,26.959999084472656,28.100000381469727,26.56999969482422,20.64327049255371
2008-08-15,23269100,27.200000762939453,27.530000686645508,27.739999771118164,27.100000381469727,21.07972526550293
2008-08-14,17365400,26.229999542236328,27.170000076293945,27.850000381469727,26.209999084472656,20.804065704345703
2008-08-13,21870300,27.31999969482422,26.520000457763672,27.489999771118164,26.1200008392334,20.306364059448242
2008-08-12,27222900,27.350000381469727,27.479999542236328,27.760000228881836,27.18000030517578,21.04142951965332
2008-08-11,53932100,26.260000228881836,27.510000228881836,28.75,26.049999237060547,21.064401626586914
2008-08-08,25506600,24.5,26.3700008392334,26.520000457763672,24.5,20.191513061523438
2008-08-07,13603900,24.700000762939453,24.479999542236328,24.899999618530273,24.31999969482422,18.744335174560547
2008-08-06,15075400,24.5,24.899999618530273,25.0,24.399999618530273,19.06592559814453
2008-08-05,14371000,24.100000381469727,24.889999389648438,24.940000534057617,24.100000381469727,19.058277130126953
2008-08-04,10556200,23.81999969482422,23.889999389648438,24.18000030517578,23.510000228881836,18.292573928833008
2008-08-01,11920700,24.030000686645508,23.899999618530273,24.209999084472656,22.81999969482422,18.300230026245117
2008-07-31,18557500,23.579999923706055,23.829999923706055,24.549999237060547,23.489999771118164,18.246625900268555
2008-07-30,19262100,24.700000762939453,23.739999771118164,25.0,23.299999237060547,18.177719116210938
2008-07-29,15479200,23.299999237060547,24.329999923706055,24.440000534057617,23.239999771118164,18.62947654724121
2008-07-28,11420200,23.440000534057617,23.15999984741211,24.09000015258789,23.06999969482422,17.733610153198242
2008-07-25,14512500,24.110000610351562,23.799999237060547,24.8799991607666,23.559999465942383,18.223661422729492
2008-07-24,16362800,25.0,24.020000457763672,25.1299991607666,23.93000030517578,18.392114639282227
2008-07-23,26441300,23.760000228881836,25.030000686645508,25.850000381469727,23.760000228881836,19.165475845336914
2008-07-22,17808300,23.0,23.950000762939453,24.100000381469727,22.860000610351562,18.338512420654297
2008-07-21,13685300,23.6200008392334,23.1200008392334,23.790000915527344,22.920000076293945,17.702985763549805
2008-07-18,15882800,23.81999969482422,23.440000534057617,23.81999969482422,22.700000762939453,17.9480037689209
2008-07-17,22340200,22.790000915527344,23.3799991607666,23.709999084472656,22.049999237060547,17.90206527709961
2008-07-16,19572400,21.530000686645508,22.68000030517578,22.729999542236328,21.209999084472656,17.366079330444336
2008-07-15,20546400,21.389999389648438,21.459999084472656,21.889999389648438,20.760000228881836,16.431921005249023
2008-07-14,12911800,21.899999618530273,21.530000686645508,22.0,21.299999237060547,16.48552131652832
2008-07-11,27126500,21.579999923706055,21.579999923706055,22.1299991607666,21.0,16.52381134033203
2008-07-10,18560300,22.40999984741211,21.8700008392334,22.510000228881836,21.709999084472656,16.74585723876953
2008-07-09,13390800,23.110000610351562,22.3700008392334,23.110000610351562,22.299999237060547,17.128713607788086
2008-07-08,17205000,22.309999465942383,23.040000915527344,23.06999969482422,22.299999237060547,17.6417293548584
2008-07-07,20770400,22.649999618530273,22.31999969482422,23.190000534057617,22.020000457763672,17.090423583984375
2008-07-03,11321500,22.670000076293945,22.540000915527344,22.959999084472656,22.350000381469727,17.258880615234375
2008-07-02,22753400,23.25,22.520000457763672,23.5,22.469999313354492,17.243566513061523
2008-07-01,21993700,23.110000610351562,23.209999084472656,23.389999389648438,22.520000457763672,17.771902084350586
2008-06-30,19582700,24.020000457763672,23.420000076293945,24.360000610351562,23.31999969482422,17.932693481445312
2008-06-27,22343700,24.65999984741211,24.020000457763672,24.700000762939453,23.90999984741211,18.392114639282227
2008-06-26,18896500,25.229999542236328,24.65999984741211,25.3700008392334,24.610000610351562,18.882160186767578
2008-06-25,19925800,25.40999984741211,25.469999313354492,26.3799991607666,25.260000228881836,19.50237274169922
2008-06-24,18579100,25.09000015258789,25.309999465942383,25.75,24.829999923706055,19.379867553710938
2008-06-23,22900000,26.399999618530273,25.059999465942383,26.399999618530273,24.899999618530273,19.18844223022461
2008-06-20,17186900,27.030000686645508,26.25,27.18000030517578,26.1200008392334,20.099628448486328
2008-06-19,16005900,26.559999465942383,27.18000030517578,27.290000915527344,26.559999465942383,20.811729431152344
2008-06-18,13989600,26.65999984741211,26.549999237060547,26.8700008392334,26.31999969482422,20.329336166381836
2008-06-17,12272500,27.549999237060547,26.8700008392334,27.729999542236328,26.799999237060547,20.574363708496094
2008-06-16,12418600,27.469999313354492,27.5,27.68000030517578,27.139999389648438,21.056745529174805
2008-06-13,16052200,26.690000534057617,27.530000686645508,27.579999923706055,26.649999618530273,21.07972526550293
2008-06-12,15099500,26.040000915527344,26.479999542236328,26.8799991607666,26.040000915527344,20.275737762451172
2008-06-11,19163100,26.709999084472656,25.90999984741211,26.81999969482422,25.850000381469727,19.83928680419922
2008-06-10,17878700,26.389999389648438,26.709999084472656,26.950000762939453,26.09000015258789,20.45184326171875
2008-06-09,17695600,27.219999313354492,26.540000915527344,27.649999618530273,26.420000076293945,20.32167625427246
2008-06-06,19366500,27.450000762939453,27.18000030517578,27.690000534057617,27.100000381469727,20.811729431152344
2008-06-05,20265500,27.420000076293945,27.90999984741211,28.1299991607666,27.399999618530273,21.370683670043945
2008-06-04,17537800,27.06999969482422,27.18000030517578,27.5,26.8700008392334,20.811729431152344
2008-06-03,15232800,27.049999237060547,27.09000015258789,27.25,26.709999084472656,20.742809295654297
2008-06-02,15497700,27.40999984741211,27.15999984741211,27.600000381469727,26.799999237060547,20.624135971069336
2008-05-30,11714900,27.75,27.360000610351562,27.75,27.350000381469727,20.776002883911133
2008-05-29,13855400,27.350000381469727,27.709999084472656,27.8700008392334,27.290000915527344,21.041776657104492
2008-05-28,13242200,27.59000015258789,27.43000030517578,27.850000381469727,27.219999313354492,20.82915687561035
2008-05-27,21412600,26.899999618530273,27.280000686645508,27.530000686645508,26.709999084472656,20.715248107910156
2008-05-23,17324800,26.84000015258789,26.770000457763672,26.989999771118164,26.280000686645508,20.327980041503906
2008-05-22,15894100,26.84000015258789,26.90999984741211,27.190000534057617,26.709999084472656,20.434289932250977
2008-05-21,29274700,27.31999969482422,26.93000030517578,27.489999771118164,26.799999237060547,20.449478149414062
2008-05-20,39809400,28.040000915527344,27.3700008392334,28.190000534057617,27.0,20.78359603881836
2008-05-19,13893700,28.649999618530273,28.8700008392334,29.3799991607666,28.520000457763672,21.922636032104492
2008-05-16,13246300,29.850000381469727,29.100000381469727,29.850000381469727,28.75,22.09727668762207
2008-05-15,11044900,29.09000015258789,29.530000686645508,29.549999237060547,28.760000228881836,22.423809051513672
2008-05-14,12094200,28.8799991607666,29.1200008392334,29.530000686645508,28.75,22.112468719482422
2008-05-13,10391900,28.65999984741211,28.75,28.969999313354492,28.5,21.83150863647461
2008-05-12,12314100,28.010000228881836,28.639999389648438,28.709999084472656,28.010000228881836,21.747982025146484
2008-05-09,13031400,27.81999969482422,27.979999542236328,28.440000534057617,27.6299991607666,21.246807098388672
2008-05-08,19465900,28.610000610351562,27.920000076293945,28.780000686645508,27.790000915527344,21.201244354248047
2008-05-07,14745400,29.25,28.559999465942383,29.479999542236328,28.479999542236328,21.687232971191406
2008-05-06,14309000,29.280000686645508,29.280000686645508,29.329999923706055,28.709999084472656,22.233970642089844
2008-05-05,15897800,29.889999389648438,29.3700008392334,30.040000915527344,29.229999542236328,22.30231285095215
2008-05-02,19294300,30.399999618530273,30.1200008392334,30.5,29.829999923706055,22.871829986572266
2008-05-01,26628800,29.09000015258789,29.8700008392334,30.459999084472656,29.010000228881836,22.68199348449707
2008-04-30,15221000,29.360000610351562,28.799999237060547,29.649999618530273,28.739999771118164,21.869470596313477
2008-04-29,10969000,29.6299991607666,29.360000610351562,29.969999313354492,29.1200008392334,22.294713973999023
2008-04-28,13374300,29.610000610351562,29.729999542236328,30.15999984741211,29.219999313354492,22.575681686401367
2008-04-25,19656600,29.010000228881836,29.780000686645508,29.809999465942383,28.799999237060547,22.61363983154297
2008-04-24,21726200,28.1200008392334,28.920000076293945,29.25,28.1200008392334,21.96059799194336
2008-04-23,15925000,28.68000030517578,28.1299991607666,28.690000534057617,28.020000457763672,21.360706329345703
2008-04-22,20109900,28.899999618530273,28.520000457763672,29.239999771118164,28.270000457763672,21.656858444213867
2008-04-21,16470500,28.5,28.979999542236328,29.170000076293945,28.110000610351562,22.006162643432617
2008-04-18,12670000,28.209999084472656,28.68000030517578,28.8799991607666,28.209999084472656,21.77835464477539
2008-04-17,9241200,28.0,28.1200008392334,28.209999084472656,27.860000610351562,21.35311508178711
2008-04-16,12137900,28.049999237060547,28.020000457763672,28.219999313354492,27.649999618530273,21.277172088623047
2008-04-15,9872000,28.100000381469727,27.93000030517578,28.100000381469727,27.5,21.208837509155273
2008-04-14,8104500,28.110000610351562,27.90999984741211,28.3799991607666,27.84000015258789,21.193647384643555
2008-04-11,12688100,27.989999771118164,28.170000076293945,28.670000076293945,27.989999771118164,21.391082763671875
2008-04-10,19890600,27.6200008392334,28.3799991607666,28.850000381469727,27.6200008392334,21.5505428314209
2008-04-09,13431800,28.149999618530273,27.670000076293945,28.25,27.399999618530273,21.01140594482422
2008-04-08,11547400,28.200000762939453,28.18000030517578,28.43000030517578,27.959999084472656,21.398677825927734
2008-04-07,10883600,28.950000762939453,28.5,29.09000015258789,28.350000381469727,21.641674041748047
2008-04-04,13520500,29.010000228881836,28.790000915527344,29.389999389648438,28.6200008392334,21.86188316345215
2008-04-03,11648300,29.020000457763672,29.219999313354492,29.489999771118164,28.670000076293945,22.188400268554688
2008-04-02,16090000,29.450000762939453,29.15999984741211,30.0,28.969999313354492,22.14284324645996
2008-04-01,20263800,28.200000762939453,29.489999771118164,29.579999923706055,28.100000381469727,22.393428802490234
2008-03-31,15593400,27.389999389648438,27.969999313354492,28.059999465942383,27.1299991607666,21.239208221435547
2008-03-28,15818700,27.600000381469727,27.3799991607666,27.8700008392334,27.280000686645508,20.79119110107422
2008-03-27,13212700,28.170000076293945,27.790000915527344,28.610000610351562,27.760000228881836,21.10252571105957
2008-03-26,14793500,28.549999237060547,28.15999984741211,28.549999237060547,27.940000534057617,21.383485794067383
2008-03-25,18463700,29.170000076293945,28.760000228881836,29.459999084472656,28.299999237060547,21.839101791381836
2008-03-24,25245600,28.1299991607666,29.260000228881836,30.0,28.1299991607666,22.218786239624023
2008-03-20,22243000,26.969999313354492,28.059999465942383,28.170000076293945,26.959999084472656,21.30754852294922
2008-03-19,23266600,27.139999389648438,26.84000015258789,28.020000457763672,26.809999465942383,20.381135940551758
2008-03-18,21428500,26.190000534057617,27.190000534057617,27.239999771118164,26.100000381469727,20.64691734313965
2008-03-17,21915500,25.110000610351562,25.700000762939453,26.020000457763672,24.8700008392334,19.515470504760742
2008-03-14,21473500,26.75,25.75,26.770000457763672,25.360000610351562,19.553438186645508
2008-03-13,20243000,26.049999237060547,26.479999542236328,26.65999984741211,25.479999542236328,20.10776710510254
2008-03-12,20008900,26.209999084472656,26.1299991607666,27.1299991607666,25.969999313354492,19.841991424560547
2008-03-11,22119800,25.850000381469727,26.200000762939453,26.219999313354492,25.280000686645508,19.895151138305664
2008-03-10,17188800,25.950000762939453,25.0,25.950000762939453,24.959999084472656,18.81306266784668
2008-03-07,15410100,25.479999542236328,25.8799991607666,26.420000076293945,25.18000030517578,19.47528839111328
2008-03-06,14345600,26.68000030517578,25.760000228881836,26.8799991607666,25.719999313354492,19.38497543334961
2008-03-05,18340500,27.0,26.760000228881836,27.56999969482422,26.5,20.13749885559082
2008-03-04,15672300,26.790000915527344,26.8700008392334,27.049999237060547,26.5,20.22028160095215
2008-03-03,19162200,26.5,27.09000015258789,27.18000030517578,26.299999237060547,20.385835647583008
2008-02-29,21898800,27.520000457763672,26.549999237060547,27.649999618530273,26.40999984741211,19.979476928710938
2008-02-28,18085800,28.639999389648438,27.709999084472656,28.700000762939453,27.670000076293945,20.85240364074707
2008-02-27,17330300,28.549999237060547,28.90999984741211,29.239999771118164,28.459999084472656,21.75543212890625
2008-02-26,30638500,28.219999313354492,28.829999923706055,29.489999771118164,28.219999313354492,21.695222854614258
2008-02-25,20911400,27.280000686645508,28.81999969482422,28.81999969482422,27.280000686645508,21.68770408630371
2008-02-22,13601200,27.450000762939453,27.770000457763672,27.809999465942383,27.0,20.897554397583008
2008-02-21,13051000,27.760000228881836,27.389999389648438,28.219999313354492,27.270000457763672,20.61159324645996
2008-02-20,13649500,27.030000686645508,27.719999313354492,27.920000076293945,26.940000534057617,20.85991668701172
2008-02-19,15004300,27.8799991607666,27.309999465942383,28.1200008392334,27.09000015258789,20.551395416259766
2008-02-15,15780200,27.670000076293945,27.520000457763672,27.670000076293945,26.959999084472656,20.709423065185547
2008-02-14,16340000,28.290000915527344,27.510000228881836,28.399999618530273,27.34000015258789,20.70189666748047
2008-02-13,12399300,28.540000915527344,28.34000015258789,28.799999237060547,28.1299991607666,21.326496124267578
2008-02-12,17804800,28.809999465942383,28.3799991607666,29.1299991607666,28.219999313354492,21.356590270996094
2008-02-11,13946700,28.020000457763672,28.690000534057617,28.8799991607666,27.670000076293945,21.589876174926758
2008-02-08,15908100,28.299999237060547,27.969999313354492,28.59000015258789,27.700000762939453,21.048057556152344
2008-02-07,20958600,27.549999237060547,28.399999618530273,29.170000076293945,27.520000457763672,21.37163734436035
2008-02-06,23844900,28.239999771118164,27.649999618530273,28.969999313354492,27.59000015258789,20.807247161865234
2008-02-05,21585200,28.889999389648438,27.989999771118164,29.440000534057617,27.850000381469727,21.063112258911133
2008-02-04,16497000,30.450000762939453,29.350000381469727,30.549999237060547,29.15999984741211,22.086538314819336
2008-02-01,17198800,30.299999237060547,30.450000762939453,30.690000534057617,29.8799991607666,22.9143123626709
2008-01-31,33237000,28.979999542236328,30.639999389648438,31.079999923706055,28.81999969482422,23.05729103088379
2008-01-30,21216400,29.049999237060547,29.3799991607666,30.200000762939453,29.049999237060547,22.10910987854004
2008-01-29,19525200,29.3700008392334,29.709999084472656,29.920000076293945,28.56999969482422,22.357444763183594
2008-01-28,17078900,28.510000228881836,29.139999389648438,29.15999984741211,28.030000686645508,21.92850685119629
2008-01-25,22483600,29.610000610351562,28.530000686645508,29.649999618530273,28.149999618530273,21.469470977783203
2008-01-24,26773500,29.600000381469727,29.559999465942383,29.799999237060547,28.93000030517578,22.244564056396484
2008-01-23,41347200,27.700000762939453,29.950000762939453,30.1200008392334,27.079999923706055,22.53805160522461
2008-01-22,45150200,24.959999084472656,28.200000762939453,28.81999969482422,24.959999084472656,21.221132278442383
2008-01-18,25818700,26.459999084472656,26.280000686645508,27.489999771118164,26.0,19.776296615600586
2008-01-17,20633800,26.3700008392334,26.25,26.709999084472656,26.020000457763672,19.753721237182617
2008-01-16,27356000,25.299999237060547,26.34000015258789,26.84000015258789,25.280000686645508,19.821449279785156
2008-01-15,20304900,25.049999237060547,25.3700008392334,25.649999618530273,24.65999984741211,19.09149932861328
2008-01-14,15513500,25.100000381469727,25.389999389648438,25.5,24.540000915527344,19.106544494628906
2008-01-11,17627000,25.100000381469727,24.709999084472656,25.559999465942383,24.56999969482422,18.594829559326172
2008-01-10,16098800,24.510000228881836,25.280000686645508,25.709999084472656,24.350000381469727,19.023767471313477
2008-01-09,25468800,24.75,24.729999542236328,24.969999313354492,23.770000457763672,18.609886169433594
2008-01-08,15488100,25.549999237060547,24.739999771118164,25.799999237060547,24.670000076293945,18.61741065979004
2008-01-07,20682400,25.059999465942383,25.3700008392334,25.809999465942383,24.93000030517578,19.09149932861328
2008-01-04,19772000,25.559999465942383,24.959999084472656,25.670000076293945,24.760000228881836,18.78296661376953
2008-01-03,14635500,26.239999771118164,25.81999969482422,26.459999084472656,25.799999237060547,19.430130004882812
2008-01-02,16560700,27.1299991607666,26.110000610351562,27.270000457763672,26.020000457763672,19.648361206054688
2007-12-31,16689900,26.510000228881836,26.940000534057617,27.18000030517578,26.260000228881836,20.27296257019043
2007-12-28,13743400,26.739999771118164,26.68000030517578,27.010000228881836,26.350000381469727,20.077308654785156
2007-12-27,13361100,26.979999542236328,26.770000457763672,26.979999542236328,26.709999084472656,20.145030975341797
2007-12-26,15081100,27.0,26.989999771118164,27.049999237060547,26.65999984741211,20.310588836669922
2007-12-24,7199400,26.610000610351562,27.010000228881836,27.09000015258789,26.5,20.32563591003418
2007-12-21,24522500,26.360000610351562,26.65999984741211,26.940000534057617,26.290000915527344,20.062253952026367
2007-12-20,16008200,26.200000762939453,26.270000457763672,26.420000076293945,25.979999542236328,19.76876449584961
2007-12-19,17910700,26.43000030517578,26.239999771118164,26.43000030517578,25.84000015258789,19.74619483947754
2007-12-18,22441300,26.139999389648438,26.469999313354492,26.600000381469727,25.56999969482422,19.91927146911621
2007-12-17,25190900,26.5,25.940000534057617,26.729999542236328,25.84000015258789,19.520437240600586
2007-12-14,21681100,27.309999465942383,26.6299991607666,27.350000381469727,26.6299991607666,20.0396785736084
2007-12-13,20290600,28.309999465942383,27.639999389648438,28.479999542236328,27.260000228881836,20.799724578857422
2007-12-12,20141500,29.0,28.489999771118164,29.280000686645508,28.0,21.439369201660156
2007-12-11,19388100,29.579999923706055,28.399999618530273,29.799999237060547,28.309999465942383,21.37163734436035
2007-12-10,11895200,29.200000762939453,29.59000015258789,29.649999618530273,29.049999237060547,22.267141342163086
2007-12-07,10064200,29.65999984741211,29.489999771118164,29.75,29.329999923706055,22.191884994506836
2007-12-06,11632800,28.84000015258789,29.489999771118164,29.65999984741211,28.579999923706055,22.191884994506836
2007-12-05,12545200,29.049999237060547,28.969999313354492,29.170000076293945,28.670000076293945,21.800582885742188
2007-12-04,18286500,28.3799991607666,28.790000915527344,28.940000534057617,28.0,21.665124893188477
2007-12-03,12101600,28.6200008392334,28.489999771118164,29.030000686645508,28.450000762939453,21.439369201660156
2007-11-30,24847100,28.299999237060547,28.559999465942383,29.100000381469727,28.1200008392334,21.492055892944336
2007-11-29,19899300,28.1200008392334,27.8799991607666,28.200000762939453,27.549999237060547,20.98032569885254
2007-11-28,24263400,27.299999237060547,28.270000457763672,28.489999771118164,27.06999969482422,21.27381134033203
2007-11-27,20151400,27.579999923706055,27.149999618530273,27.610000610351562,26.780000686645508,20.430994033813477
2007-11-26,16282500,28.889999389648438,27.489999771118164,29.0,27.40999984741211,20.517526626586914
2007-11-23,9786400,28.18000030517578,28.950000762939453,29.010000228881836,28.059999465942383,21.607221603393555
2007-11-21,12611300,28.209999084472656,28.049999237060547,28.389999389648438,27.809999465942383,20.93549156188965
2007-11-20,26557200,28.190000534057617,28.5,28.75,27.950000762939453,21.2713623046875
2007-11-19,21986400,28.829999923706055,28.190000534057617,28.829999923706055,28.020000457763672,21.03998565673828
2007-11-16,18189700,29.1200008392334,29.06999969482422,29.200000762939453,28.420000076293945,21.696786880493164
2007-11-15,17497700,29.06999969482422,28.979999542236328,29.75,28.84000015258789,21.629613876342773
2007-11-14,18442800,29.290000915527344,29.030000686645508,29.729999542236328,28.860000610351562,21.66693115234375
2007-11-13,28296000,28.0,29.1200008392334,29.229999542236328,27.770000457763672,21.734098434448242
2007-11-12,18968500,28.049999237060547,28.459999084472656,29.079999923706055,28.0,21.24150276184082
2007-11-09,21922500,28.690000534057617,28.049999237060547,28.920000076293945,27.989999771118164,20.93549156188965
2007-11-08,25256800,29.5,29.09000015258789,29.559999465942383,28.25,21.71170997619629
2007-11-07,16487900,29.700000762939453,29.34000015258789,29.920000076293945,29.299999237060547,21.898300170898438
2007-11-06,15828300,29.5,30.059999465942383,30.1200008392334,29.5,22.435684204101562
2007-11-05,17515500,30.149999618530273,29.799999237060547,30.149999618530273,29.530000686645508,22.24163055419922
2007-11-02,16577200,30.920000076293945,30.399999618530273,31.010000228881836,30.1200008392334,22.689443588256836
2007-11-01,15003400,31.399999618530273,30.690000534057617,31.579999923706055,30.649999618530273,22.905899047851562
2007-10-31,14935900,31.709999084472656,31.510000228881836,31.799999237060547,31.020000457763672,23.517911911010742
2007-10-30,18673800,31.5,31.459999084472656,31.75,31.280000686645508,23.480588912963867
2007-10-29,15986200,31.549999237060547,31.399999618530273,31.850000381469727,31.260000228881836,23.435802459716797
2007-10-26,12484600,31.010000228881836,31.350000381469727,31.549999237060547,30.5,23.39849090576172
2007-10-25,24280100,31.09000015258789,30.700000762939453,31.520000457763672,30.3799991607666,22.913352966308594
2007-10-24,18545700,30.989999771118164,30.8799991607666,31.040000915527344,30.280000686645508,23.04770278930664
2007-10-23,16354200,31.200000762939453,30.920000076293945,31.200000762939453,30.399999618530273,23.077558517456055
2007-10-22,17779900,30.579999923706055,30.8799991607666,31.18000030517578,30.360000610351562,23.04770278930664
2007-10-19,27030000,31.719999313354492,30.760000228881836,31.850000381469727,30.559999465942383,22.958139419555664
2007-10-18,17879500,31.600000381469727,31.68000030517578,32.0099983215332,31.3799991607666,23.644790649414062
2007-10-17,23218000,32.810001373291016,31.780000686645508,32.900001525878906,31.450000762939453,23.71942901611328
2007-10-16,15989800,32.95000076293945,32.5099983215332,32.959999084472656,32.2400016784668,24.2642765045166
2007-10-15,14904100,33.45000076293945,33.0099983215332,33.650001525878906,32.81999969482422,24.6374568939209
2007-10-12,12414300,33.52000045776367,33.439998626708984,33.68000030517578,33.20000076293945,24.95838737487793
2007-10-11,17127000,33.70000076293945,33.43000030517578,34.25,33.220001220703125,24.950929641723633
2007-10-10,16501700,33.689998626708984,33.650001525878906,34.0,33.400001525878906,25.115137100219727
2007-10-09,14044100,33.90999984741211,33.79999923706055,34.0,33.41999816894531,25.22708511352539
2007-10-08,11252200,34.27000045776367,33.93000030517578,34.31999969482422,33.7400016784668,25.324111938476562
2007-10-05,12933200,34.20000076293945,34.220001220703125,34.54999923706055,33.900001525878906,25.540559768676758
2007-10-04,12150200,34.0099983215332,33.7400016784668,34.04999923706055,33.5,25.18229866027832
2007-10-03,20350500,33.27000045776367,33.869998931884766,34.209999084472656,33.2400016784668,25.27932357788086
2007-10-02,23370600,33.209999084472656,33.36000061035156,33.66999816894531,33.119998931884766,24.898677825927734
2007-10-01,22312300,32.58000183105469,33.15999984741211,33.45000076293945,32.56999969482422,24.749404907226562
2007-09-28,24716200,32.810001373291016,32.439998626708984,32.810001373291016,32.369998931884766,24.21202278137207
2007-09-27,16988700,33.150001525878906,32.7599983215332,33.22999954223633,32.650001525878906,24.450864791870117
2007-09-26,18513800,33.20000076293945,32.9900016784668,33.380001068115234,32.810001373291016,24.622528076171875
2007-09-25,27939100,33.18000030517578,33.08000183105469,33.209999084472656,32.709999084472656,24.689701080322266
2007-09-24,16852100,34.52000045776367,33.880001068115234,34.790000915527344,33.529998779296875,25.286794662475586
2007-09-21,23949700,35.52000045776367,34.470001220703125,35.54999923706055,34.470001220703125,25.727144241333008
2007-09-20,20980500,36.040000915527344,35.31999969482422,36.18000030517578,35.16999816894531,26.36155891418457
2007-09-19,20242000,36.54999923706055,36.18000030517578,37.150001525878906,36.02000045776367,27.003421783447266
2007-09-18,21552700,35.5099983215332,36.36000061035156,36.380001068115234,35.25,27.13777732849121
2007-09-17,13144900,35.349998474121094,35.380001068115234,35.70000076293945,35.18000030517578,26.406335830688477
2007-09-14,12541000,35.79999923706055,35.68000030517578,35.83000183105469,35.0,26.630250930786133
2007-09-13,16274100,35.290000915527344,35.61000061035156,35.849998474121094,35.119998931884766,26.5780029296875
2007-09-12,19849900,34.52000045776367,35.09000015258789,35.31999969482422,34.459999084472656,26.189889907836914
2007-09-11,33242500,34.0,34.869998931884766,34.900001525878906,33.849998474121094,26.02569007873535
2007-09-10,22191400,34.45000076293945,33.810001373291016,34.63999938964844,33.400001525878906,25.23455047607422
2007-09-07,30279900,34.810001373291016,34.209999084472656,34.88999938964844,34.119998931884766,25.533092498779297
2007-09-06,36327500,36.36000061035156,35.220001220703125,36.77000045776367,35.220001220703125,26.28691864013672
2007-09-05,45147200,36.279998779296875,36.5099983215332,36.560001373291016,34.560001373291016,27.249717712402344
2007-09-04,94537000,37.209999084472656,36.36000061035156,37.369998931884766,36.130001068115234,27.13777732849121
2007-08-31,65864700,37.36000061035156,38.310001373291016,38.540000915527344,37.220001220703125,28.593189239501953
2007-08-30,34579600,36.38999938964844,37.040000915527344,37.13999938964844,36.36000061035156,27.645292282104492
2007-08-29,66298200,35.130001068115234,36.54999923706055,36.79999923706055,35.130001068115234,27.279577255249023
2007-08-28,55781000,35.5,35.04999923706055,35.560001373291016,35.0099983215332,26.1600341796875
2007-08-27,25881100,35.41999816894531,35.25,35.560001373291016,35.09000015258789,26.141376495361328
2007-08-24,14370700,34.209999084472656,34.68000030517578,34.95000076293945,34.15999984741211,25.718666076660156
2007-08-23,23123600,34.150001525878906,34.02000045776367,34.36000061035156,33.779998779296875,25.229206085205078
2007-08-22,28241500,34.47999954223633,34.77000045776367,34.79999923706055,34.099998474121094,25.7854061126709
2007-08-21,18789300,33.79999923706055,34.29999923706055,34.65999984741211,33.599998474121094,25.436857223510742
2007-08-20,18473500,33.66999816894531,33.790000915527344,33.939998626708984,33.310001373291016,25.058637619018555
2007-08-17,30623400,33.84000015258789,33.310001373291016,34.13999938964844,32.95000076293945,24.70267105102539
2007-08-16,37740300,33.060001373291016,32.81999969482422,33.720001220703125,31.850000381469727,24.33928871154785
2007-08-15,26864000,33.5099983215332,33.36000061035156,34.439998626708984,33.209999084472656,24.73975372314453
2007-08-14,42251600,35.11000061035156,33.52000045776367,35.290000915527344,33.4900016784668,24.858415603637695
2007-08-13,21036600,36.02000045776367,35.2400016784668,36.02000045776367,35.119998931884766,26.13395881652832
2007-08-10,22034500,35.779998779296875,35.91999816894531,36.27000045776367,35.29999923706055,26.638235092163086
2007-08-09,37137600,35.36000061035156,35.790000915527344,36.25,35.119998931884766,26.541833877563477
2007-08-08,35795600,36.5,37.79999923706055,37.79999923706055,36.29999923706055,28.032447814941406
2007-08-07,28361200,36.54999923706055,36.400001525878906,37.06999969482422,35.91999816894531,26.994203567504883
2007-08-06,33499100,36.34000015258789,36.88999938964844,36.9900016784668,35.70000076293945,27.35759162902832
2007-08-03,45337400,37.84000015258789,36.189998626708984,37.84000015258789,35.90999984741211,26.838483810424805
2007-08-02,26469600,37.75,37.81999969482422,38.150001525878906,37.61000061035156,28.047286987304688
2007-08-01,30751500,36.939998626708984,37.77000045776367,37.88999938964844,36.54999923706055,28.010211944580078
2007-07-31,29752100,38.15999984741211,37.16999816894531,38.41999816894531,37.08000183105469,27.565244674682617
2007-07-30,29638600,36.959999084472656,37.810001373291016,38.18000030517578,36.79999923706055,28.039865493774414
2007-07-27,25522900,37.060001373291016,36.75,37.4900016784668,36.720001220703125,27.253774642944336
2007-07-26,35164600,37.470001220703125,37.29999923706055,38.22999954223633,36.790000915527344,27.661653518676758
2007-07-25,23885100,38.209999084472656,38.040000915527344,38.400001525878906,37.619998931884766,28.210445404052734
2007-07-24,26185100,38.77000045776367,37.95000076293945,38.95000076293945,37.869998931884766,28.143693923950195
2007-07-23,19651500,39.4900016784668,38.959999084472656,39.5,38.900001525878906,28.89270782470703
2007-07-20,17880700,39.5,39.38999938964844,39.869998931884766,39.34000015258789,29.211591720581055
2007-07-19,15693500,40.04999923706055,39.70000076293945,40.13999938964844,39.52000045776367,29.44150161743164
2007-07-18,17388700,40.02000045776367,40.040000915527344,40.43000030517578,39.689998626708984,29.693639755249023
2007-07-17,13871500,40.470001220703125,40.150001525878906,40.58000183105469,40.099998474121094,29.77522850036621
2007-07-16,11226400,40.650001525878906,40.58000183105469,40.75,40.5,30.094097137451172
2007-07-13,12028000,40.849998474121094,40.869998931884766,41.0099983215332,40.61000061035156,30.309162139892578
2007-07-12,20013800,40.630001068115234,40.939998626708984,41.0,40.43000030517578,30.361082077026367
2007-07-11,20798500,40.22999954223633,40.47999954223633,40.7599983215332,40.13999938964844,30.019948959350586
2007-07-10,34920700,40.41999816894531,40.25,40.83000183105469,40.18000030517578,29.8493709564209
2007-07-09,17337100,40.779998779296875,40.22999954223633,40.970001220703125,40.16999816894531,29.834537506103516
2007-07-06,16811000,39.91999816894531,40.29999923706055,40.5099983215332,39.849998474121094,29.886455535888672
2007-07-05,14665100,39.33000183105469,39.83000183105469,39.900001525878906,39.20000076293945,29.53789520263672
2007-07-03,6266400,39.43000030517578,39.20000076293945,39.54999923706055,38.95000076293945,29.070693969726562
2007-07-02,8844800,39.54999923706055,39.369998931884766,39.599998474121094,39.150001525878906,29.196767807006836
2007-06-29,13714300,39.540000915527344,39.349998474121094,39.959999084472656,39.119998931884766,29.18194007873535
2007-06-28,19649200,39.66999816894531,39.52000045776367,40.13999938964844,39.5,29.30801010131836
2007-06-27,15476200,38.95000076293945,39.7599983215332,39.79999923706055,38.810001373291016,29.48599624633789
2007-06-26,16997300,39.27000045776367,39.150001525878906,39.41999816894531,38.869998931884766,29.03361701965332
2007-06-25,13095600,39.45000076293945,39.18000030517578,39.709999084472656,39.0,29.055862426757812
2007-06-22,19316100,39.59000015258789,39.36000061035156,40.119998931884766,39.36000061035156,29.189340591430664
2007-06-21,26940900,39.970001220703125,39.95000076293945,40.13999938964844,39.560001373291016,29.626893997192383
2007-06-20,66783600,40.849998474121094,40.029998779296875,41.189998626708984,39.90999984741211,29.68621253967285
2007-06-19,14297900,38.36000061035156,38.27000045776367,38.400001525878906,37.810001373291016,28.38100814819336
2007-06-18,8644200,38.0,37.959999084472656,38.25,37.900001525878906,28.151105880737305
2007-06-15,21091500,38.33000183105469,37.95000076293945,38.4900016784668,37.95000076293945,28.143693923950195
2007-06-14,9948800,37.79999923706055,37.790000915527344,37.84000015258789,37.56999969482422,28.0250301361084
2007-06-13,14036400,37.61000061035156,37.72999954223633,37.83000183105469,37.439998626708984,27.980541229248047
2007-06-12,17317200,37.709999084472656,37.36000061035156,37.790000915527344,37.349998474121094,27.706153869628906
2007-06-11,13278600,37.779998779296875,37.709999084472656,37.83000183105469,37.619998931884766,27.965715408325195
2007-06-08,10146700,37.65999984741211,37.95000076293945,38.0,37.56999969482422,28.143693923950195
2007-06-07,17329400,38.150001525878906,37.65999984741211,38.29999923706055,37.61000061035156,27.928627014160156
2007-06-06,11719100,38.54999923706055,38.29999923706055,38.70000076293945,38.20000076293945,28.40325164794922
2007-06-05,15236100,39.470001220703125,38.86000061035156,39.849998474121094,38.68000030517578,28.81855010986328
2007-06-04,12809100,39.0,39.79999923706055,39.869998931884766,38.91999816894531,29.34879493713379
2007-06-01,12959300,39.099998474121094,39.209999084472656,39.56999969482422,38.959999084472656,28.913719177246094
2007-05-31,9728800,38.75,38.869998931884766,39.029998779296875,38.56999969482422,28.66299819946289
2007-05-30,9268900,38.630001068115234,38.70000076293945,38.75,38.279998779296875,28.53765869140625
2007-05-29,8878900,38.380001068115234,38.650001525878906,38.68000030517578,38.31999969482422,28.500768661499023
2007-05-25,9629300,38.91999816894531,38.380001068115234,39.0,38.25,28.301673889160156
2007-05-24,19185500,38.630001068115234,38.95000076293945,39.400001525878906,38.61000061035156,28.72199821472168
2007-05-23,10899400,38.720001220703125,38.779998779296875,39.130001068115234,38.61000061035156,28.596635818481445
2007-05-22,9354700,38.599998474121094,38.529998779296875,38.70000076293945,38.349998474121094,28.41228485107422
2007-05-21,12653300,38.70000076293945,38.630001068115234,39.04999923706055,38.540000915527344,28.486026763916016
2007-05-18,13864100,38.4900016784668,38.880001068115234,38.90999984741211,38.25,28.670379638671875
2007-05-17,9091200,38.16999816894531,38.29999923706055,38.59000015258789,38.150001525878906,28.2426815032959
2007-05-16,14048500,38.459999084472656,38.369998931884766,38.58000183105469,38.0,28.294301986694336
2007-05-15,31391600,38.0,38.29999923706055,39.31999969482422,37.970001220703125,28.2426815032959
2007-05-14,15876800,39.040000915527344,39.0099983215332,39.52000045776367,38.86000061035156,28.766237258911133
2007-05-11,11994300,38.70000076293945,38.86000061035156,39.16999816894531,38.61000061035156,28.65563201904297
2007-05-10,13333800,38.88999938964844,38.790000915527344,39.619998931884766,38.630001068115234,28.604015350341797
2007-05-09,10012600,38.459999084472656,39.18000030517578,39.20000076293945,38.40999984741211,28.891597747802734
2007-05-08,12568400,38.709999084472656,38.630001068115234,38.75,38.349998474121094,28.486026763916016
2007-05-07,7764700,38.70000076293945,38.84000015258789,39.20000076293945,38.54999923706055,28.640888214111328
2007-05-04,8889900,39.119998931884766,38.900001525878906,39.189998626708984,38.72999954223633,28.68513298034668
2007-05-03,10799300,38.95000076293945,39.060001373291016,39.25,38.439998626708984,28.803112030029297
2007-05-02,13997800,38.34000015258789,38.75,39.060001373291016,38.34000015258789,28.57451820373535
2007-05-01,13068100,38.150001525878906,38.43000030517578,38.47999954223633,37.900001525878906,28.338550567626953
2007-04-30,20383500,38.5,37.869998931884766,38.560001373291016,37.83000183105469,27.925596237182617
2007-04-27,11310100,38.900001525878906,38.470001220703125,38.9900016784668,38.40999984741211,28.3680477142334
2007-04-26,11421300,39.41999816894531,38.9900016784668,39.5,38.88999938964844,28.751489639282227
2007-04-25,11327800,39.41999816894531,39.5,39.689998626708984,39.20000076293945,29.127567291259766
2007-04-24,13273100,39.09000015258789,39.310001373291016,39.400001525878906,38.650001525878906,28.987470626831055
2007-04-23,7912200,39.189998626708984,39.209999084472656,39.38999938964844,39.04999923706055,28.913719177246094
2007-04-20,13711900,39.33000183105469,39.209999084472656,39.34000015258789,38.91999816894531,28.913719177246094
2007-04-19,11024800,38.900001525878906,38.90999984741211,39.16999816894531,38.58000183105469,28.6924991607666
2007-04-18,11182000,39.38999938964844,39.040000915527344,39.439998626708984,38.81999969482422,28.78836441040039
2007-04-17,15722100,38.84000015258789,39.439998626708984,39.5,38.70000076293945,29.083330154418945
2007-04-16,11514300,38.0,38.560001373291016,38.790000915527344,37.90999984741211,28.434404373168945
2007-04-13,10763200,37.959999084472656,37.88999938964844,37.9900016784668,37.75,27.940345764160156
2007-04-12,11377900,37.88999938964844,38.02000045776367,38.189998626708984,37.599998474121094,28.036216735839844
2007-04-11,15910400,38.119998931884766,37.970001220703125,38.33000183105469,37.77000045776367,27.999343872070312
2007-04-10,10978700,38.09000015258789,38.22999954223633,38.54999923706055,38.029998779296875,28.191062927246094
2007-04-09,7312400,38.2400016784668,38.08000183105469,38.25,37.86000061035156,28.08045768737793
2007-04-05,10734900,37.939998626708984,38.02000045776367,38.11000061035156,37.790000915527344,28.036216735839844
2007-04-04,19168400,37.61000061035156,38.11000061035156,38.2599983215332,37.540000915527344,28.102567672729492
2007-04-03,15862400,36.88999938964844,37.630001068115234,37.779998779296875,36.79999923706055,27.74861717224121
2007-04-02,9918400,36.66999816894531,36.790000915527344,36.86000061035156,36.599998474121094,27.129196166992188
2007-03-30,12672200,36.77000045776367,36.7400016784668,37.189998626708984,36.349998474121094,27.09232521057129
2007-03-29,14383400,36.970001220703125,36.81999969482422,37.060001373291016,36.5,27.151330947875977
2007-03-28,13983700,37.18000030517578,36.77000045776367,37.25,36.599998474121094,27.11445426940918
2007-03-27,12839000,37.72999954223633,37.34000015258789,37.790000915527344,37.279998779296875,27.53477668762207
2007-03-26,11825300,38.150001525878906,37.90999984741211,38.279998779296875,37.58000183105469,27.955087661743164
2007-03-23,11566800,38.349998474121094,38.220001220703125,38.470001220703125,38.06999969482422,28.18368911743164
2007-03-22,9487800,38.61000061035156,38.33000183105469,38.900001525878906,38.150001525878906,28.264793395996094
2007-03-21,15305400,37.88999938964844,38.7400016784668,38.91999816894531,37.810001373291016,28.567148208618164
2007-03-20,11080800,37.650001525878906,37.93000030517578,38.0,37.5,27.969846725463867
2007-03-19,9396200,37.650001525878906,37.720001220703125,37.779998779296875,37.36000061035156,27.81498908996582
2007-03-16,16888700,37.599998474121094,37.5099983215332,37.81999969482422,37.33000183105469,27.660125732421875
2007-03-15,10151000,37.459999084472656,37.4900016784668,37.79999923706055,37.220001220703125,27.645389556884766
2007-03-14,24242400,37.279998779296875,37.560001373291016,37.58000183105469,36.5,27.696996688842773
2007-03-13,21392500,38.029998779296875,37.349998474121094,38.130001068115234,37.25,27.54214096069336
2007-03-12,14195200,38.40999984741211,38.16999816894531,38.77000045776367,38.11000061035156,28.146820068359375
2007-03-09,11988600,39.150001525878906,38.66999816894531,39.16999816894531,38.4900016784668,28.515520095825195
2007-03-08,11707100,38.77000045776367,38.79999923706055,39.119998931884766,38.72999954223633,28.611387252807617
2007-03-07,12320700,38.709999084472656,38.709999084472656,38.9900016784668,38.52000045776367,28.54501724243164
2007-03-06,17472800,39.02000045776367,38.79999923706055,39.02000045776367,38.43000030517578,28.611387252807617
2007-03-05,22835500,38.75,38.66999816894531,39.20000076293945,38.59000015258789,28.349613189697266
2007-03-02,19521700,39.310001373291016,39.0099983215332,39.380001068115234,38.970001220703125,28.598859786987305
2007-03-01,21139500,39.16999816894531,39.45000076293945,39.650001525878906,38.65999984741211,28.921438217163086
2007-02-28,26115700,39.290000915527344,39.59000015258789,39.849998474121094,39.290000915527344,29.024066925048828
2007-02-27,23480300,40.4900016784668,39.81999969482422,40.52000045776367,39.560001373291016,29.192684173583984
2007-02-26,12198400,41.0,40.790000915527344,41.0,40.310001373291016,29.903810501098633
2007-02-23,13729700,41.41999816894531,40.959999084472656,41.4900016784668,40.810001373291016,30.0284366607666
2007-02-22,9484700,41.16999816894531,41.18000030517578,41.29999923706055,40.9900016784668,30.189748764038086
2007-02-21,11916800,40.88999938964844,41.29999923706055,41.41999816894531,40.650001525878906,30.27770233154297
2007-02-20,17903400,40.7400016784668,41.34000015258789,41.79999923706055,40.70000076293945,30.307022094726562
2007-02-16,11035300,41.5,41.439998626708984,41.65999984741211,41.20000076293945,30.38033676147461
2007-02-15,10828700,41.56999969482422,41.65999984741211,41.849998474121094,41.31999969482422,30.5416316986084
2007-02-14,20514700,41.720001220703125,41.72999954223633,41.959999084472656,41.5,30.592945098876953
2007-02-13,13173700,41.290000915527344,41.7599983215332,41.84000015258789,41.18000030517578,30.61493682861328
2007-02-12,18480700,41.619998931884766,41.439998626708984,42.0099983215332,41.27000045776367,30.38033676147461
2007-02-09,9320000,41.220001220703125,41.0,41.41999816894531,40.90999984741211,30.057771682739258
2007-02-08,11976500,41.220001220703125,41.09000015258789,41.27000045776367,40.939998626708984,30.123746871948242
2007-02-07,8347100,41.220001220703125,41.36000061035156,41.459999084472656,41.02000045776367,30.321683883666992
2007-02-06,8096800,41.09000015258789,41.27000045776367,41.380001068115234,40.90999984741211,30.255704879760742
2007-02-05,9017400,40.66999816894531,41.029998779296875,41.22999954223633,40.540000915527344,30.079761505126953
2007-02-02,9928300,40.900001525878906,40.83000183105469,41.13999938964844,40.61000061035156,29.933141708374023
2007-02-01,12544200,40.77000045776367,41.08000183105469,41.18000030517578,40.689998626708984,30.11642837524414
2007-01-31,11630100,39.970001220703125,40.7400016784668,40.95000076293945,39.95000076293945,29.86716079711914
2007-01-30,8671700,40.11000061035156,40.16999816894531,40.380001068115234,40.0099983215332,29.44927215576172
2007-01-29,12147600,40.29999923706055,39.90999984741211,40.52000045776367,39.84000015258789,29.258670806884766
2007-01-26,9797400,40.119998931884766,39.939998626708984,40.220001220703125,39.63999938964844,29.280664443969727
2007-01-25,11086200,40.529998779296875,40.09000015258789,40.66999816894531,40.0099983215332,29.39063262939453
2007-01-24,9835700,40.52000045776367,40.689998626708984,40.790000915527344,40.41999816894531,29.830501556396484
2007-01-23,11380400,40.029998779296875,40.43000030517578,40.61000061035156,40.0,29.639894485473633
2007-01-22,14165800,40.65999984741211,40.04999923706055,40.65999984741211,39.97999954223633,29.361303329467773
2007-01-19,12125900,40.970001220703125,40.54999923706055,40.97999954223633,40.45000076293945,29.727869033813477
2007-01-18,18810000,40.04999923706055,40.869998931884766,40.939998626708984,40.0099983215332,29.962465286254883
2007-01-17,12729000,40.189998626708984,40.290000915527344,40.470001220703125,40.09000015258789,29.537260055541992
2007-01-16,12639900,40.0,40.290000915527344,40.41999816894531,39.91999816894531,29.537260055541992
2007-01-12,11218600,39.95000076293945,40.11000061035156,40.369998931884766,39.849998474121094,29.405290603637695
2007-01-11,12149100,39.650001525878906,40.08000183105469,40.189998626708984,39.650001525878906,29.383296966552734
2007-01-10,15324600,39.84000015258789,39.779998779296875,39.93000030517578,39.060001373291016,29.163366317749023
2007-01-09,20341100,39.5,39.31999969482422,39.849998474121094,39.220001220703125,28.826128005981445
2007-01-08,17465300,39.939998626708984,39.4900016784668,39.95000076293945,39.25,28.950763702392578
2007-01-05,21676500,40.439998626708984,39.790000915527344,40.630001068115234,39.720001220703125,29.17070198059082
2007-01-04,22319400,41.0,40.56999969482422,41.18000030517578,40.380001068115234,29.742525100708008
2007-01-03,50853600,41.29999923706055,41.06999969482422,41.84000015258789,40.959999084472656,30.10909652709961
2006-12-29,11611400,39.65999984741211,40.15999984741211,40.290000915527344,39.650001525878906,29.441951751708984
2006-12-28,8890100,39.40999984741211,39.72999954223633,39.810001373291016,39.380001068115234,29.126712799072266
2006-12-27,8736900,39.189998626708984,39.560001373291016,39.68000030517578,39.18000030517578,29.00208282470703
2006-12-26,7255400,38.619998931884766,39.060001373291016,39.220001220703125,38.59000015258789,28.635522842407227
2006-12-22,7911700,38.95000076293945,38.88999938964844,39.06999969482422,38.75,28.510892868041992
2006-12-21,14785100,39.25,38.90999984741211,39.369998931884766,38.650001525878906,28.525562286376953
2006-12-20,13445400,39.54999923706055,39.130001068115234,39.86000061035156,39.130001068115234,28.68684196472168
2006-12-19,14938400,39.75,39.63999938964844,39.77000045776367,39.40999984741211,29.06072998046875
2006-12-18,14082200,40.06999969482422,39.959999084472656,40.29999923706055,39.68000030517578,29.295312881469727
2006-12-15,25977200,40.11000061035156,39.88999938964844,40.369998931884766,39.83000183105469,29.243999481201172
2006-12-14,24292200,39.099998474121094,39.970001220703125,40.099998474121094,38.869998931884766,29.302661895751953
2006-12-13,18604500,38.95000076293945,39.11000061035156,39.290000915527344,38.790000915527344,28.672176361083984
2006-12-12,17788200,38.70000076293945,38.70000076293945,38.72999954223633,38.18000030517578,28.371604919433594
2006-12-11,15648700,38.79999923706055,38.790000915527344,38.95000076293945,38.459999084472656,28.437589645385742
2006-12-08,11267400,38.970001220703125,38.79999923706055,39.29999923706055,38.689998626708984,28.444913864135742
2006-12-07,16351400,39.56999969482422,38.93000030517578,39.86000061035156,38.88999938964844,28.540218353271484
2006-12-06,17948700,39.52000045776367,39.91999816894531,40.11000061035156,39.2599983215332,29.26599884033203
2006-12-05,11901800,39.38999938964844,39.369998931884766,39.70000076293945,39.029998779296875,28.862783432006836
2006-12-04,14555500,38.70000076293945,39.20000076293945,39.470001220703125,38.40999984741211,28.738161087036133
2006-12-01,47279400,39.099998474121094,38.970001220703125,39.959999084472656,38.63999938964844,28.569534301757812
2006-11-30,17329100,37.5099983215332,37.970001220703125,38.2599983215332,37.22999954223633,27.8364315032959
2006-11-29,12005600,37.189998626708984,37.619998931884766,37.7400016784668,37.060001373291016,27.579837799072266
2006-11-28,11906100,37.310001373291016,37.06999969482422,37.45000076293945,36.9900016784668,27.17661476135254
2006-11-27,12267800,38.099998474121094,37.59000015258789,38.150001525878906,37.459999084472656,27.392885208129883
2006-11-24,3064100,37.849998474121094,37.720001220703125,38.150001525878906,37.709999084472656,27.487627029418945
2006-11-22,14130400,37.91999816894531,38.099998474121094,38.310001373291016,37.900001525878906,27.764537811279297
2006-11-21,9018400,38.40999984741211,37.91999816894531,38.439998626708984,37.90999984741211,27.63336944580078
2006-11-20,15707800,38.130001068115234,38.40999984741211,38.849998474121094,37.849998474121094,27.99044418334961
2006-11-17,16742100,37.77000045776367,38.279998779296875,38.290000915527344,37.63999938964844,27.895708084106445
2006-11-16,18965600,37.79999923706055,37.810001373291016,37.900001525878906,37.16999816894531,27.553218841552734
2006-11-15,28458300,37.77000045776367,37.619998931884766,38.290000915527344,37.40999984741211,27.414751052856445
2006-11-14,49455400,35.81999969482422,37.959999084472656,38.060001373291016,35.77000045776367,27.66250991821289
2006-11-13,20610100,36.75,36.400001525878906,36.77000045776367,36.25,26.52570152282715
2006-11-10,14180600,36.79999923706055,36.63999938964844,36.849998474121094,36.47999954223633,26.700599670410156
2006-11-09,18646500,37.25,36.849998474121094,37.40999984741211,36.790000915527344,26.853626251220703
2006-11-08,13936900,37.0,37.25,37.4900016784668,37.0,27.145122528076172
2006-11-07,17390900,37.15999984741211,37.22999954223633,37.47999954223633,37.11000061035156,27.13054656982422
2006-11-06,16866400,36.599998474121094,37.220001220703125,37.27000045776367,36.54999923706055,27.123254776000977
2006-11-03,13998200,37.33000183105469,37.20000076293945,37.400001525878906,36.79999923706055,27.108684539794922
2006-11-02,16633900,37.04999923706055,37.20000076293945,37.5,36.90999984741211,27.108684539794922
2006-11-01,14395800,37.5,37.349998474121094,37.63999938964844,37.220001220703125,27.217988967895508
2006-10-31,14471000,37.25,37.33000183105469,37.470001220703125,36.95000076293945,27.203418731689453
2006-10-30,10040700,36.880001068115234,37.25,37.29999923706055,36.86000061035156,27.145122528076172
2006-10-27,14936800,37.2400016784668,37.06999969482422,37.33000183105469,36.79999923706055,27.013944625854492
2006-10-26,15365100,36.84000015258789,37.380001068115234,37.540000915527344,36.630001068115234,27.239864349365234
2006-10-25,12371600,36.56999969482422,36.599998474121094,36.70000076293945,36.33000183105469,26.671436309814453
2006-10-24,12234500,36.18000030517578,36.5,36.560001373291016,36.16999816894531,26.598581314086914
2006-10-23,11491300,35.810001373291016,36.2400016784668,36.349998474121094,35.79999923706055,26.40911293029785
2006-10-20,11183400,35.97999954223633,35.9900016784668,36.06999969482422,35.54999923706055,26.22692108154297
2006-10-19,9847200,35.84000015258789,35.90999984741211,36.189998626708984,35.70000076293945,26.16862678527832
2006-10-18,12402300,35.95000076293945,35.88999938964844,36.2599983215332,35.75,26.154052734375
2006-10-17,15175100,35.95000076293945,35.7599983215332,36.150001525878906,35.689998626708984,26.059322357177734
2006-10-16,13144600,36.45000076293945,36.349998474121094,36.630001068115234,36.2599983215332,26.4892635345459
2006-10-13,19330600,37.439998626708984,36.900001525878906,37.45000076293945,36.54999923706055,26.890064239501953
2006-10-12,13221000,37.97999954223633,37.900001525878906,38.2400016784668,37.7599983215332,27.618789672851562
2006-10-11,11529400,37.560001373291016,37.91999816894531,38.20000076293945,37.560001373291016,27.63336944580078
2006-10-10,9159700,37.75,37.7599983215332,37.869998931884766,37.529998779296875,27.516769409179688
2006-10-09,9489800,36.810001373291016,37.70000076293945,37.7400016784668,36.790000915527344,27.473054885864258
2006-10-06,10853200,37.060001373291016,37.13999938964844,37.25,36.79999923706055,27.064956665039062
2006-10-05,10960000,37.41999816894531,37.2599983215332,37.4900016784668,36.970001220703125,27.15241241455078
2006-10-04,12285900,36.77000045776367,37.4900016784668,37.63999938964844,36.630001068115234,27.320024490356445
2006-10-03,10101500,36.38999938964844,36.83000183105469,37.040000915527344,36.25,26.839059829711914
2006-10-02,8620500,36.18000030517578,36.34000015258789,36.689998626708984,35.97999954223633,26.481971740722656
2006-09-29,8485000,36.47999954223633,36.27000045776367,36.81999969482422,36.22999954223633,26.430973052978516
2006-09-28,9732100,36.36000061035156,36.70000076293945,36.7599983215332,36.099998474121094,26.744325637817383
2006-09-27,8965700,36.59000015258789,36.459999084472656,36.84000015258789,36.22999954223633,26.569425582885742
2006-09-26,13853000,36.29999923706055,36.619998931884766,37.150001525878906,36.20000076293945,26.68603515625
2006-09-25,10884900,35.959999084472656,36.58000183105469,36.70000076293945,35.66999816894531,26.656875610351562
2006-09-22,7813200,35.869998931884766,35.959999084472656,35.97999954223633,35.400001525878906,26.2050724029541
2006-09-21,11414500,36.45000076293945,35.849998474121094,36.720001220703125,35.77000045776367,26.124906539916992
2006-09-20,12795200,36.439998626708984,36.380001068115234,36.58000183105469,35.959999084472656,26.511131286621094
2006-09-19,11884500,36.70000076293945,36.279998779296875,36.7400016784668,36.099998474121094,26.438257217407227
2006-09-18,13968300,36.5,36.58000183105469,36.83000183105469,36.2599983215332,26.656875610351562
2006-09-15,14876200,37.41999816894531,37.220001220703125,37.650001525878906,36.75,27.123254776000977
2006-09-14,14856500,36.79999923706055,37.220001220703125,37.369998931884766,36.40999984741211,27.123254776000977
2006-09-13,20425200,36.70000076293945,37.16999816894531,37.54999923706055,36.400001525878906,27.086830139160156
2006-09-12,24431400,35.20000076293945,36.65999984741211,36.810001373291016,35.16999816894531,26.715173721313477
2006-09-11,13311300,34.279998779296875,35.060001373291016,35.22999954223633,34.20000076293945,25.54920768737793
2006-09-08,7429900,34.470001220703125,34.279998779296875,34.56999969482422,34.15999984741211,24.980798721313477
2006-09-07,11571100,33.95000076293945,34.34000015258789,34.619998931884766,33.75,25.02452278137207
2006-09-06,11691500,34.369998931884766,34.16999816894531,34.5,33.970001220703125,24.900644302368164
2006-09-05,8370600,34.650001525878906,34.77000045776367,34.91999816894531,34.47999954223633,25.33786964416504
2006-09-01,9145000,34.29999923706055,34.63999938964844,34.869998931884766,34.18000030517578,25.133834838867188
2006-08-31,10638700,34.11000061035156,34.290000915527344,34.45000076293945,33.959999084472656,24.879886627197266
2006-08-30,12323900,34.13999938964844,34.119998931884766,34.5099983215332,33.83000183105469,24.75652503967285
2006-08-29,10124600,33.81999969482422,34.09000015258789,34.20000076293945,33.61000061035156,24.73477554321289
2006-08-28,11072700,33.5,33.689998626708984,34.15999984741211,33.5,24.444541931152344
2006-08-25,10298300,33.599998474121094,33.47999954223633,33.689998626708984,33.279998779296875,24.292165756225586
2006-08-24,16185700,33.619998931884766,33.40999984741211,33.650001525878906,33.08000183105469,24.241371154785156
2006-08-23,14504100,33.75,33.650001525878906,33.900001525878906,33.5099983215332,24.415517807006836
2006-08-22,11680000,34.349998474121094,34.060001373291016,34.380001068115234,33.970001220703125,24.713003158569336
2006-08-21,12770500,34.150001525878906,34.29999923706055,34.400001525878906,34.040000915527344,24.88713836669922
2006-08-18,10542100,34.7599983215332,34.77000045776367,34.91999816894531,34.33000183105469,25.22815704345703
2006-08-17,13203100,34.5,34.720001220703125,35.099998474121094,34.400001525878906,25.19187355041504
2006-08-16,12539600,34.54999923706055,34.5,34.61000061035156,34.02000045776367,25.032251358032227
2006-08-15,21028600,34.45000076293945,34.439998626708984,34.75,33.75,24.988710403442383
2006-08-14,19552200,33.369998931884766,33.2599983215332,34.15999984741211,33.11000061035156,24.132543563842773
2006-08-11,11925000,33.689998626708984,33.27000045776367,33.72999954223633,33.06999969482422,24.139801025390625
2006-08-10,9823900,33.29999923706055,33.61000061035156,33.7400016784668,33.189998626708984,24.386493682861328
2006-08-09,16718200,34.369998931884766,33.400001525878906,34.4900016784668,33.400001525878906,24.234121322631836
2006-08-08,8972300,34.79999923706055,34.33000183105469,34.88999938964844,34.119998931884766,24.908906936645508
2006-08-07,6767900,34.709999084472656,34.689998626708984,34.79999923706055,34.29999923706055,25.170106887817383
2006-08-04,10587900,35.20000076293945,34.709999084472656,35.220001220703125,34.36000061035156,25.184619903564453
2006-08-03,11433700,33.79999923706055,34.56999969482422,34.70000076293945,33.52000045776367,25.083038330078125
2006-08-02,12543400,34.150001525878906,34.11000061035156,34.34000015258789,33.810001373291016,24.749284744262695
2006-08-01,9419400,34.5,34.13999938964844,34.5,33.95000076293945,24.77105140686035
2006-07-31,8566200,34.59000015258789,34.709999084472656,34.79999923706055,34.349998474121094,25.184619903564453
2006-07-28,9571300,34.34000015258789,34.59000015258789,35.0,34.290000915527344,25.097553253173828
2006-07-27,11595900,34.66999816894531,34.02000045776367,34.880001068115234,33.88999938964844,24.683979034423828
2006-07-26,9331200,35.0,34.70000076293945,35.0,34.5099983215332,25.177366256713867
2006-07-25,10972700,34.439998626708984,35.2400016784668,35.34000015258789,34.31999969482422,25.569169998168945
2006-07-24,9545700,34.13999938964844,34.61000061035156,34.83000183105469,34.04999923706055,25.112064361572266
2006-07-21,14074700,34.060001373291016,33.849998474121094,34.060001373291016,33.41999816894531,24.560625076293945
2006-07-20,17558600,34.52000045776367,33.97999954223633,35.150001525878906,33.959999084472656,24.654949188232422
2006-07-19,19621300,33.16999816894531,34.349998474121094,34.4900016784668,33.060001373291016,24.923412322998047
2006-07-18,24942100,33.45000076293945,33.130001068115234,33.56999969482422,32.849998474121094,24.038217544555664
2006-07-17,14148200,33.93000030517578,33.599998474121094,34.470001220703125,33.400001525878906,24.37923240661621
2006-07-14,16324500,33.959999084472656,33.84000015258789,34.369998931884766,33.619998931884766,24.553377151489258
2006-07-13,20904600,33.5,34.06999969482422,34.08000183105469,33.25,24.72025489807129
2006-07-12,25645000,34.2599983215332,33.61000061035156,34.439998626708984,33.56999969482422,24.386493682861328
2006-07-11,21508600,34.900001525878906,34.380001068115234,34.93000030517578,33.88999938964844,24.9451847076416
2006-07-10,12949100,35.400001525878906,35.0,35.56999969482422,34.86000061035156,25.395042419433594
2006-07-07,14575700,35.5099983215332,35.369998931884766,35.70000076293945,35.279998779296875,25.663496017456055
2006-07-06,10733200,35.45000076293945,35.470001220703125,35.72999954223633,35.400001525878906,25.736061096191406
2006-07-05,14000400,35.779998779296875,35.529998779296875,35.779998779296875,35.38999938964844,25.77959632873535
2006-07-03,7944800,35.86000061035156,35.77000045776367,35.97999954223633,35.70000076293945,25.953737258911133
2006-06-30,24057400,36.459999084472656,35.790000915527344,36.5,35.630001068115234,25.968242645263672
2006-06-29,20206500,36.20000076293945,36.459999084472656,36.560001373291016,35.849998474121094,26.454376220703125
2006-06-28,26954100,36.27000045776367,36.15999984741211,36.45000076293945,36.0,26.236696243286133
2006-06-27,10033000,36.54999923706055,36.369998931884766,36.709999084472656,36.29999923706055,26.389074325561523
2006-06-26,7495100,36.2599983215332,36.63999938964844,36.79999923706055,36.25,26.584980010986328
2006-06-23,8122000,36.349998474121094,36.40999984741211,38.79999923706055,36.33000183105469,26.4180965423584
2006-06-22,10054400,36.939998626708984,36.47999954223633,36.95000076293945,36.36000061035156,26.468891143798828
2006-06-21,8614100,36.31999969482422,36.65999984741211,36.869998931884766,36.31999969482422,26.599491119384766
2006-06-20,13114000,36.709999084472656,36.41999816894531,36.79999923706055,36.2400016784668,26.42535400390625
2006-06-19,9870000,36.90999984741211,36.86000061035156,37.22999954223633,36.779998779296875,26.74460792541504
2006-06-16,15064900,37.29999923706055,36.90999984741211,37.68000030517578,36.86000061035156,26.7808780670166
2006-06-15,20366900,37.029998779296875,37.369998931884766,37.5,36.68000030517578,27.114641189575195
2006-06-14,11091600,36.130001068115234,36.75,36.810001373291016,36.119998931884766,26.664785385131836
2006-06-13,12581800,36.099998474121094,36.290000915527344,36.900001525878906,36.040000915527344,26.331029891967773
2006-06-12,11108500,36.900001525878906,36.2599983215332,36.959999084472656,36.20000076293945,26.309261322021484
2006-06-09,10768700,37.099998474121094,36.95000076293945,37.38999938964844,36.7599983215332,26.80990982055664
2006-06-08,13226800,36.56999969482422,37.25,37.400001525878906,36.529998779296875,27.027578353881836
2006-06-07,11670600,36.95000076293945,36.709999084472656,37.380001068115234,36.650001525878906,26.635772705078125
2006-06-06,17697300,37.56999969482422,37.060001373291016,37.63999938964844,36.599998474121094,26.889719009399414
2006-06-05,11632400,37.75,37.459999084472656,38.099998474121094,37.439998626708984,27.07111930847168
2006-06-02,12508100,38.40999984741211,38.0,38.75,37.79999923706055,27.461347579956055
2006-06-01,11641400,37.95000076293945,38.54999923706055,38.61000061035156,37.900001525878906,27.858827590942383
2006-05-31,12052000,37.77000045776367,38.119998931884766,38.13999938964844,37.61000061035156,27.548070907592773
2006-05-30,11519200,38.2599983215332,37.70000076293945,38.349998474121094,37.70000076293945,27.244550704956055
2006-05-26,9235100,38.5,38.66999816894531,39.09000015258789,38.5,27.945539474487305
2006-05-25,9405700,38.36000061035156,38.400001525878906,38.400001525878906,37.93000030517578,27.750425338745117
2006-05-24,14849400,37.79999923706055,38.0099983215332,38.18000030517578,37.58000183105469,27.468585968017578
2006-05-23,10796100,38.56999969482422,37.84000015258789,38.70000076293945,37.75,27.345726013183594
2006-05-22,10881400,38.5,38.4900016784668,38.68000030517578,38.060001373291016,27.815460205078125
2006-05-19,11992600,38.59000015258789,38.939998626708984,39.119998931884766,38.529998779296875,28.140653610229492
2006-05-18,16002800,38.5,38.40999984741211,39.09000015258789,38.22999954223633,27.75763702392578
2006-05-17,29136400,38.27000045776367,38.0099983215332,38.349998474121094,37.29999923706055,27.468585968017578
2006-05-16,30901200,39.599998474121094,38.45000076293945,39.599998474121094,38.18000030517578,27.786548614501953
2006-05-15,9653300,39.95000076293945,40.5,40.5,39.75,29.268014907836914
2006-05-12,11666600,40.529998779296875,40.0,40.619998931884766,39.65999984741211,28.906686782836914
2006-05-11,9089700,41.04999923706055,40.720001220703125,41.29999923706055,40.54999923706055,29.426998138427734
2006-05-10,7472100,41.29999923706055,41.209999084472656,41.36000061035156,40.849998474121094,29.781116485595703
2006-05-09,8358200,41.099998474121094,41.36000061035156,41.61000061035156,41.029998779296875,29.88951301574707
2006-05-08,7029300,41.150001525878906,41.0099983215332,41.45000076293945,40.880001068115234,29.636581420898438
2006-05-05,11264000,40.65999984741211,41.290000915527344,41.47999954223633,40.470001220703125,29.83892059326172
2006-05-04,9261500,40.41999816894531,40.2599983215332,40.5,40.09000015258789,29.09457778930664
2006-05-03,6072600,40.20000076293945,40.369998931884766,40.58000183105469,40.04999923706055,29.1740665435791
2006-05-02,8125600,40.900001525878906,40.20000076293945,40.95000076293945,40.130001068115234,29.051223754882812
2006-05-01,10232800,40.150001525878906,40.540000915527344,40.779998779296875,40.09000015258789,29.296926498413086
2006-04-28,9010100,40.25,39.93000030517578,40.43000030517578,39.93000030517578,28.856096267700195
2006-04-27,8777700,39.77000045776367,40.220001220703125,40.65999984741211,39.77000045776367,29.06566619873047
2006-04-26,7964900,40.18000030517578,40.06999969482422,40.5099983215332,39.970001220703125,28.957275390625
2006-04-25,10603000,40.08000183105469,39.959999084472656,40.34000015258789,39.5,28.87777328491211
2006-04-24,6571700,40.470001220703125,40.08000183105469,40.470001220703125,39.95000076293945,28.964500427246094
2006-04-21,9110200,41.099998474121094,40.279998779296875,41.13999938964844,40.0,29.10902976989746
2006-04-20,5348100,40.849998474121094,40.810001373291016,41.18000030517578,40.369998931884766,29.492048263549805
2006-04-19,6692800,41.20000076293945,40.7400016784668,41.45000076293945,40.70000076293945,29.44145393371582
2006-04-18,9382700,40.40999984741211,41.31999969482422,41.439998626708984,40.2400016784668,29.86060333251953
2006-04-17,6777600,41.029998779296875,40.380001068115234,41.15999984741211,40.11000061035156,29.181306838989258
2006-04-13,5386000,40.900001525878906,41.119998931884766,41.380001068115234,40.619998931884766,29.716073989868164
2006-04-12,7047400,41.33000183105469,40.9900016784668,41.400001525878906,40.79999923706055,29.62212371826172
2006-04-11,7065300,41.900001525878906,41.43000030517578,42.09000015258789,41.279998779296875,29.940101623535156
2006-04-10,6960400,42.08000183105469,41.79999923706055,42.209999084472656,41.54999923706055,30.20748519897461
2006-04-07,8844700,42.38999938964844,42.099998474121094,42.630001068115234,41.84000015258789,30.424280166625977
2006-04-06,7130000,42.599998474121094,42.13999938964844,42.630001068115234,42.060001373291016,30.453195571899414
2006-04-05,6680000,42.689998626708984,42.650001525878906,42.93000030517578,42.56999969482422,30.82176399230957
2006-04-04,6306000,42.29999923706055,42.54999923706055,42.70000076293945,42.060001373291016,30.74948501586914
2006-04-03,6977700,42.380001068115234,42.380001068115234,42.650001525878906,42.189998626708984,30.626630783081055
2006-03-31,9198200,42.599998474121094,42.29999923706055,42.939998626708984,42.220001220703125,30.568822860717773
2006-03-30,7492200,42.810001373291016,42.380001068115234,43.029998779296875,42.25,30.626630783081055
2006-03-29,7367300,43.04999923706055,42.90999984741211,43.349998474121094,42.72999954223633,31.009647369384766
2006-03-28,7215400,42.900001525878906,42.9900016784668,43.54999923706055,42.81999969482422,31.067462921142578
2006-03-27,6646600,42.95000076293945,42.9900016784668,43.13999938964844,42.75,31.067462921142578
2006-03-24,7884800,43.720001220703125,43.119998931884766,43.849998474121094,42.79999923706055,31.161396026611328
2006-03-23,10267800,43.25,43.810001373291016,43.95000076293945,43.2400016784668,31.660051345825195
2006-03-22,9505900,42.77000045776367,43.369998931884766,43.45000076293945,42.77000045776367,31.342071533203125
2006-03-21,10821900,42.84000015258789,43.0,43.16999816894531,42.709999084472656,31.074682235717773
2006-03-20,7354600,42.720001220703125,42.849998474121094,42.9900016784668,42.70000076293945,30.966278076171875
2006-03-17,13093100,42.970001220703125,42.900001525878906,43.0099983215332,42.70000076293945,31.002410888671875
2006-03-16,8699300,42.470001220703125,42.75,42.869998931884766,42.310001373291016,30.894027709960938
2006-03-15,6063400,42.02000045776367,42.2599983215332,42.349998474121094,41.7599983215332,30.539907455444336
2006-03-14,9242200,41.11000061035156,42.13999938964844,42.380001068115234,41.11000061035156,30.453195571899414
2006-03-13,5190900,41.08000183105469,41.25,41.529998779296875,40.849998474121094,29.81001853942871
2006-03-10,6776000,40.63999938964844,41.25,41.33000183105469,40.630001068115234,29.81001853942871
2006-03-09,9795500,41.06999969482422,40.63999938964844,41.20000076293945,40.279998779296875,29.36919403076172
2006-03-08,8533800,41.099998474121094,41.15999984741211,41.290000915527344,40.900001525878906,29.74498176574707
2006-03-07,5710600,41.650001525878906,41.369998931884766,41.65999984741211,41.2599983215332,29.896743774414062
2006-03-06,8198200,42.15999984741211,41.79999923706055,42.18000030517578,41.540000915527344,30.09908676147461
2006-03-03,6157100,42.0,42.20000076293945,42.79999923706055,41.90999984741211,30.387109756469727
2006-03-02,11570100,42.18000030517578,42.290000915527344,42.4900016784668,41.79999923706055,30.45191764831543
2006-03-01,9634900,42.150001525878906,42.59000015258789,42.689998626708984,41.5,30.667945861816406
2006-02-28,12243100,42.18000030517578,42.150001525878906,42.41999816894531,41.70000076293945,30.351112365722656
2006-02-27,9702400,41.81999969482422,42.45000076293945,42.720001220703125,41.75,30.567134857177734
2006-02-24,7274700,41.79999923706055,41.630001068115234,41.869998931884766,41.060001373291016,29.9766845703125
2006-02-23,8311300,41.939998626708984,41.58000183105469,42.369998931884766,41.459999084472656,29.940675735473633
2006-02-22,10013900,42.130001068115234,41.880001068115234,42.20000076293945,41.150001525878906,30.156681060791016
2006-02-21,15235900,43.0,41.869998931884766,43.0,41.709999084472656,30.149494171142578
2006-02-17,8572700,41.849998474121094,41.86000061035156,41.93000030517578,41.36000061035156,30.142305374145508
2006-02-16,7780200,41.61000061035156,41.86000061035156,41.95000076293945,41.34000015258789,30.142305374145508
2006-02-15,10143400,41.099998474121094,41.529998779296875,41.77000045776367,40.79999923706055,29.9046688079834
2006-02-14,12911900,39.95000076293945,41.130001068115234,41.209999084472656,39.83000183105469,29.616640090942383
2006-02-13,6469100,39.02000045776367,39.70000076293945,39.93000030517578,39.02000045776367,28.586936950683594
2006-02-10,6237300,38.95000076293945,39.220001220703125,39.31999969482422,38.70000076293945,28.241300582885742
2006-02-09,6989600,39.220001220703125,39.04999923706055,39.5,38.95000076293945,28.11888885498047
2006-02-08,7242700,39.0,39.27000045776367,39.36000061035156,38.86000061035156,28.27729034423828
2006-02-07,11150100,39.34000015258789,38.72999954223633,39.439998626708984,38.5,27.888458251953125
2006-02-06,7603800,39.77000045776367,39.4900016784668,40.02000045776367,39.279998779296875,28.435726165771484
2006-02-03,7560400,39.849998474121094,39.81999969482422,39.959999084472656,39.400001525878906,28.673336029052734
2006-02-02,7343300,39.959999084472656,39.959999084472656,40.2400016784668,39.810001373291016,28.774147033691406
2006-02-01,6937400,40.45000076293945,40.22999954223633,40.58000183105469,39.90999984741211,28.96857261657715
2006-01-31,10809700,40.0,40.54999923706055,40.86000061035156,39.81999969482422,29.19898796081543
2006-01-30,5657800,39.720001220703125,40.0,40.290000915527344,39.720001220703125,28.802955627441406
2006-01-27,8192700,40.220001220703125,40.0,40.650001525878906,39.77000045776367,28.802955627441406
2006-01-26,7279800,40.099998474121094,40.400001525878906,40.560001373291016,40.040000915527344,29.09098243713379
2006-01-25,8095800,40.41999816894531,39.97999954223633,40.65999984741211,39.790000915527344,28.788555145263672
2006-01-24,10890900,39.9900016784668,40.45000076293945,40.45000076293945,39.720001220703125,29.126983642578125
2006-01-23,9305100,40.400001525878906,39.689998626708984,40.58000183105469,39.650001525878906,28.57973289489746
2006-01-20,15030200,41.15999984741211,40.16999816894531,41.27000045776367,40.119998931884766,28.925355911254883
2006-01-19,12264400,41.29999923706055,41.279998779296875,41.9900016784668,41.130001068115234,29.724655151367188
2006-01-18,7066400,41.56999969482422,41.900001525878906,42.11000061035156,41.380001068115234,30.171091079711914
2006-01-17,6372700,41.5,41.56999969482422,41.880001068115234,41.36000061035156,29.933475494384766
2006-01-13,8372500,41.90999984741211,41.90999984741211,42.59000015258789,41.47999954223633,30.178306579589844
2006-01-12,8515200,42.70000076293945,42.54999923706055,42.95000076293945,42.4900016784668,30.63914680480957
2006-01-11,12113400,42.0,42.95000076293945,43.20000076293945,41.90999984741211,30.927173614501953
2006-01-10,15087800,41.040000915527344,41.79999923706055,42.4900016784668,41.02000045776367,30.09908676147461
2006-01-09,8242300,40.79999923706055,40.81999969482422,41.099998474121094,40.25,29.393415451049805
2006-01-06,9170200,40.25,40.380001068115234,40.5099983215332,40.09000015258789,29.076589584350586
2006-01-05,9492400,40.099998474121094,40.08000183105469,40.36000061035156,39.810001373291016,28.86055564880371
2006-01-04,9449800,40.939998626708984,40.47999954223633,41.040000915527344,40.22999954223633,29.148584365844727
2006-01-03,8959200,40.38999938964844,41.2400016784668,41.45000076293945,39.77000045776367,29.695858001708984
2005-12-30,5154000,40.650001525878906,40.47999954223633,40.970001220703125,40.41999816894531,29.148584365844727
2005-12-29,4537800,41.16999816894531,40.7400016784668,41.20000076293945,40.66999816894531,29.33580207824707
2005-12-28,4379100,41.20000076293945,41.09000015258789,41.349998474121094,40.91999816894531,29.587839126586914
2005-12-27,4424300,41.70000076293945,41.02000045776367,41.959999084472656,41.02000045776367,29.53742790222168
2005-12-23,3910000,41.43000030517578,41.59000015258789,41.7599983215332,41.13999938964844,29.947874069213867
2005-12-22,4550300,41.5,41.43000030517578,41.560001373291016,41.22999954223633,29.83265495300293
2005-12-21,4887100,41.7400016784668,41.54999923706055,41.970001220703125,41.47999954223633,29.91907501220703
2005-12-20,5798200,41.81999969482422,41.45000076293945,41.81999969482422,41.25,29.847057342529297
2005-12-19,5646100,42.29999923706055,41.81999969482422,42.45000076293945,41.599998474121094,30.11347770690918
2005-12-16,8577900,42.77000045776367,42.5,42.779998779296875,42.400001525878906,30.6031436920166
2005-12-15,5405500,42.47999954223633,42.58000183105469,42.790000915527344,42.040000915527344,30.660747528076172
2005-12-14,7486500,42.27000045776367,42.47999954223633,42.790000915527344,42.20000076293945,30.5887451171875
2005-12-13,9021100,41.150001525878906,42.27000045776367,42.31999969482422,41.029998779296875,30.437530517578125
2005-12-12,4643300,41.150001525878906,41.31999969482422,41.52000045776367,41.11000061035156,29.753450393676758
2005-12-09,5963000,41.29999923706055,41.02000045776367,41.40999984741211,40.91999816894531,29.53742790222168
2005-12-08,6492600,41.470001220703125,41.220001220703125,41.650001525878906,41.060001373291016,29.68144416809082
2005-12-07,5880400,41.349998474121094,41.52000045776367,41.72999954223633,41.220001220703125,29.897472381591797
2005-12-06,6645000,41.5,41.40999984741211,41.75,41.220001220703125,29.818256378173828
2005-12-05,6490400,41.400001525878906,41.38999938964844,41.599998474121094,41.060001373291016,29.80385398864746
2005-12-02,5565900,41.349998474121094,41.66999816894531,41.900001525878906,41.349998474121094,30.00547218322754
2005-12-01,7757900,41.84000015258789,41.540000915527344,42.04999923706055,41.09000015258789,29.911863327026367
2005-11-30,7001300,42.0,41.779998779296875,42.18000030517578,41.709999084472656,30.084678649902344
2005-11-29,7815300,41.77000045776367,42.0,42.27000045776367,41.689998626708984,30.24309730529785
2005-11-28,11974800,42.43000030517578,41.650001525878906,42.439998626708984,41.599998474121094,29.919069290161133
2005-11-25,2216100,42.58000183105469,42.41999816894531,43.0,42.33000183105469,30.472200393676758
2005-11-23,6192400,42.29999923706055,42.5,42.81999969482422,42.2400016784668,30.529666900634766
2005-11-22,7796100,42.04999923706055,42.380001068115234,42.43000030517578,41.900001525878906,30.443458557128906
2005-11-21,6505200,42.119998931884766,42.279998779296875,42.400001525878906,41.88999938964844,30.37163543701172
2005-11-18,7892400,43.20000076293945,42.439998626708984,43.220001220703125,42.2400016784668,30.486553192138672
2005-11-17,6763500,42.400001525878906,42.5099983215332,42.59000015258789,42.0099983215332,30.536849975585938
2005-11-16,10368300,42.400001525878906,42.22999954223633,42.47999954223633,41.5099983215332,30.335695266723633
2005-11-15,14159500,43.209999084472656,42.400001525878906,43.27000045776367,42.15999984741211,30.45783233642578
2005-11-14,12409700,42.400001525878906,42.56999969482422,43.20000076293945,42.380001068115234,30.579954147338867
2005-11-11,7537600,41.20000076293945,41.90999984741211,42.0,41.20000076293945,30.105852127075195
2005-11-10,8757400,40.91999816894531,41.7400016784668,41.939998626708984,40.79999923706055,29.98372459411621
2005-11-09,10352300,40.689998626708984,40.810001373291016,41.08000183105469,40.689998626708984,29.31566047668457
2005-11-08,9728500,41.20000076293945,40.56999969482422,41.20000076293945,40.45000076293945,29.14324951171875
2005-11-07,7188600,41.34000015258789,41.5,41.56999969482422,41.13999938964844,29.81130599975586
2005-11-04,6370400,40.93000030517578,41.36000061035156,41.439998626708984,40.59000015258789,29.710750579833984
2005-11-03,14353300,41.34000015258789,40.790000915527344,41.439998626708984,40.349998474121094,29.301294326782227
2005-11-02,11835600,40.880001068115234,41.2599983215332,41.459999084472656,40.849998474121094,29.638919830322266
2005-11-01,11443400,41.0,40.97999954223633,41.18000030517578,40.7400016784668,29.43777847290039
2005-10-31,12744700,40.599998474121094,41.040000915527344,41.470001220703125,40.54999923706055,29.480873107910156
2005-10-28,9281600,39.75,40.52000045776367,40.58000183105469,39.619998931884766,29.10733413696289
2005-10-27,8507500,40.04999923706055,39.38999938964844,40.16999816894531,39.209999084472656,28.295608520507812
2005-10-26,13506600,39.95000076293945,40.2599983215332,40.59000015258789,39.83000183105469,28.920568466186523
2005-10-25,11884800,40.599998474121094,40.119998931884766,40.65999984741211,39.86000061035156,28.82000732421875
2005-10-24,10548300,40.0,40.65999984741211,40.65999984741211,39.650001525878906,29.207908630371094
2005-10-21,10900900,39.79999923706055,39.650001525878906,40.0,39.59000015258789,28.48238182067871
2005-10-20,14543400,39.7599983215332,39.56999969482422,40.25,39.5,28.424911499023438
2005-10-19,23767700,38.0,39.2599983215332,39.5,37.54999923706055,28.20221710205078
2005-10-18,7092000,38.29999923706055,38.15999984741211,38.34000015258789,37.970001220703125,27.412052154541016
2005-10-17,5450900,38.5,38.459999084472656,38.54999923706055,38.0,27.62755584716797
2005-10-14,7870500,38.90999984741211,38.40999984741211,38.90999984741211,37.93000030517578,27.591625213623047
2005-10-13,7965600,37.869998931884766,37.95000076293945,38.20000076293945,37.70000076293945,27.261194229125977
2005-10-12,8938900,38.25,38.119998931884766,38.380001068115234,37.58000183105469,27.38330841064453
2005-10-11,8306200,38.02000045776367,38.22999954223633,38.400001525878906,38.0099983215332,27.462326049804688
2005-10-10,8386100,38.099998474121094,38.02000045776367,38.619998931884766,37.95000076293945,27.31147575378418
2005-10-07,6964300,38.150001525878906,37.79999923706055,38.38999938964844,37.68000030517578,27.153430938720703
2005-10-06,11939900,37.810001373291016,37.91999816894531,38.45000076293945,37.47999954223633,27.239646911621094
2005-10-05,7894900,38.20000076293945,37.68000030517578,38.25,37.630001068115234,27.067243576049805
2005-10-04,8222300,38.2400016784668,38.2400016784668,38.75,38.18000030517578,27.469501495361328
2005-10-03,7330200,38.150001525878906,38.119998931884766,38.43000030517578,38.04999923706055,27.38330841064453
2005-09-30,7024700,38.060001373291016,38.13999938964844,38.36000061035156,37.77000045776367,27.397682189941406
2005-09-29,9330700,37.70000076293945,38.060001373291016,38.2400016784668,37.13999938964844,27.340213775634766
2005-09-28,13690600,38.29999923706055,37.849998474121094,38.45000076293945,37.4900016784668,27.189361572265625
2005-09-27,8057800,38.54999923706055,38.38999938964844,38.61000061035156,38.11000061035156,27.577260971069336
2005-09-26,10384600,38.88999938964844,38.40999984741211,38.970001220703125,38.099998474121094,27.591625213623047
2005-09-23,13810300,38.81999969482422,38.529998779296875,39.0099983215332,38.150001525878906,27.67782974243164
2005-09-22,15575600,38.439998626708984,38.75,38.91999816894531,38.0,27.83586311340332
2005-09-21,11245900,38.400001525878906,38.349998474121094,39.04999923706055,38.040000915527344,27.54853630065918
2005-09-20,8016100,39.52000045776367,38.709999084472656,39.65999984741211,38.56999969482422,27.80713653564453
2005-09-19,7714700,39.939998626708984,39.529998779296875,39.95000076293945,39.16999816894531,28.39617347717285
2005-09-16,14306000,40.75,39.900001525878906,40.75,39.81999969482422,28.661972045898438
2005-09-15,6481600,40.59000015258789,40.34000015258789,40.61000061035156,39.93000030517578,28.978038787841797
2005-09-14,6779200,40.7599983215332,40.34000015258789,41.0,40.20000076293945,28.978038787841797
2005-09-13,9501200,40.849998474121094,40.599998474121094,41.08000183105469,40.5099983215332,29.164804458618164
2005-09-12,5892400,41.209999084472656,41.33000183105469,41.36000061035156,40.79999923706055,29.68920135498047
2005-09-09,6108400,41.189998626708984,41.220001220703125,41.400001525878906,41.0,29.61018180847168
2005-09-08,8893900,41.79999923706055,41.18000030517578,41.79999923706055,41.06999969482422,29.581457138061523
2005-09-07,10186400,41.79999923706055,41.93000030517578,42.040000915527344,41.540000915527344,30.12020492553711
2005-09-06,10523000,40.70000076293945,41.709999084472656,41.81999969482422,40.70000076293945,29.962158203125
2005-09-02,7324800,40.900001525878906,40.33000183105469,40.90999984741211,40.150001525878906,28.970861434936523
2005-09-01,11009100,40.70000076293945,40.61000061035156,40.9900016784668,40.150001525878906,29.17198944091797
2005-08-31,11258800,40.099998474121094,40.31999969482422,40.5,39.52000045776367,28.963666915893555
2005-08-30,13065400,40.349998474121094,39.75,40.650001525878906,39.13999938964844,28.5542049407959
2005-08-29,11979500,39.849998474121094,40.540000915527344,41.029998779296875,39.849998474121094,29.04987335205078
2005-08-26,6208700,40.04999923706055,39.810001373291016,40.20000076293945,39.54999923706055,28.526765823364258
2005-08-25,7926500,39.849998474121094,40.18000030517578,40.2599983215332,39.7599983215332,28.791913986206055
2005-08-24,7920500,40.45000076293945,39.900001525878906,40.900001525878906,39.900001525878906,28.59126853942871
2005-08-23,6296000,40.72999954223633,40.63999938964844,40.72999954223633,40.22999954223633,29.121532440185547
2005-08-22,7165800,40.4900016784668,40.529998779296875,40.95000076293945,40.150001525878906,29.042713165283203
2005-08-19,7647700,40.72999954223633,40.369998931884766,40.9900016784668,40.33000183105469,28.928050994873047
2005-08-18,8504100,40.369998931884766,40.70000076293945,40.900001525878906,40.099998474121094,29.164518356323242
2005-08-17,8325900,40.52000045776367,40.619998931884766,40.97999954223633,40.34000015258789,29.107200622558594
2005-08-16,11346500,41.349998474121094,40.66999816894531,41.349998474121094,40.5,29.143028259277344
2005-08-15,8448800,42.0,41.61000061035156,42.2599983215332,41.119998931884766,29.816600799560547
2005-08-12,5832900,41.20000076293945,41.279998779296875,41.439998626708984,40.75,29.58013916015625
2005-08-11,6887100,41.630001068115234,41.5,42.060001373291016,41.0099983215332,29.737773895263672
2005-08-10,8320600,41.70000076293945,41.65999984741211,42.52000045776367,41.5099983215332,29.852436065673828
2005-08-09,6648600,40.939998626708984,41.36000061035156,41.529998779296875,40.83000183105469,29.637462615966797
2005-08-08,6408200,41.04999923706055,40.59000015258789,41.09000015258789,40.33000183105469,29.0856990814209
2005-08-05,6879800,41.220001220703125,40.95000076293945,41.36000061035156,40.70000076293945,29.34366798400879
2005-08-04,9947700,41.5,41.279998779296875,42.0,41.099998474121094,29.58013916015625
2005-08-03,6690600,42.099998474121094,42.22999954223633,42.439998626708984,41.939998626708984,30.2608642578125
2005-08-02,7466400,42.72999954223633,42.40999984741211,42.79999923706055,42.27000045776367,30.38987159729004
2005-08-01,7171500,43.209999084472656,42.86000061035156,43.38999938964844,42.380001068115234,30.71233367919922
2005-07-29,5782400,43.779998779296875,43.5099983215332,43.900001525878906,43.25,31.178096771240234
2005-07-28,5530400,43.2599983215332,43.869998931884766,43.900001525878906,43.2599983215332,31.436052322387695
2005-07-27,5181800,43.77000045776367,43.349998474121094,43.77000045776367,43.02000045776367,31.063438415527344
2005-07-26,7092300,43.08000183105469,43.689998626708984,43.900001525878906,43.060001373291016,31.30708122253418
2005-07-25,5009400,43.33000183105469,43.060001373291016,43.7599983215332,43.0,30.85563087463379
2005-07-22,5249800,43.220001220703125,43.470001220703125,43.560001373291016,42.779998779296875,31.14944076538086
2005-07-21,9706500,43.70000076293945,43.349998474121094,43.93000030517578,43.040000915527344,31.063438415527344
2005-07-20,10919500,43.209999084472656,43.95000076293945,43.97999954223633,43.04999923706055,31.493389129638672
2005-07-19,10756300,42.5,43.20000076293945,43.25,42.45000076293945,30.955955505371094
2005-07-18,8828000,41.459999084472656,42.45000076293945,42.5,41.459999084472656,30.41852378845215
2005-07-15,7591100,41.029998779296875,41.61000061035156,42.0,41.0099983215332,29.816600799560547
2005-07-14,6442000,40.970001220703125,41.040000915527344,41.650001525878906,40.970001220703125,29.408153533935547
2005-07-13,7801200,41.209999084472656,40.97999954223633,41.58000183105469,40.90999984741211,29.36516761779785
2005-07-12,12055000,40.54999923706055,41.29999923706055,41.5,40.5099983215332,29.594459533691406
2005-07-11,5353900,39.79999923706055,40.29999923706055,40.47999954223633,39.75,28.87788963317871
2005-07-08,6062100,39.5,40.08000183105469,40.16999816894531,39.400001525878906,28.720245361328125
2005-07-07,6532900,38.9900016784668,39.36000061035156,39.7400016784668,38.61000061035156,28.204307556152344
2005-07-06,6355500,40.040000915527344,39.27000045776367,40.130001068115234,38.9900016784668,28.13981056213379
2005-07-05,8604100,39.56999969482422,40.08000183105469,40.209999084472656,39.40999984741211,28.720245361328125
2005-07-01,8116900,39.18000030517578,39.4900016784668,39.4900016784668,39.08000183105469,28.2974796295166
2005-06-30,7645900,39.900001525878906,38.900001525878906,40.0099983215332,38.84000015258789,27.87468910217285
2005-06-29,4861100,39.25,38.79999923706055,39.369998931884766,38.75,27.803035736083984
2005-06-28,4777700,38.70000076293945,39.310001373291016,39.33000183105469,38.560001373291016,28.168481826782227
2005-06-27,5528000,38.349998474121094,38.470001220703125,38.779998779296875,38.349998474121094,27.56656837463379
2005-06-24,13323400,39.0,38.2400016784668,39.060001373291016,38.150001525878906,27.401742935180664
2005-06-23,8723600,39.7400016784668,39.13999938964844,40.02000045776367,39.099998474121094,28.046667098999023
2005-06-22,4490500,39.970001220703125,39.70000076293945,39.9900016784668,39.54999923706055,28.447954177856445
2005-06-21,4172600,39.849998474121094,39.68000030517578,40.31999969482422,39.560001373291016,28.43361473083496
2005-06-20,4614300,40.0,39.95000076293945,40.11000061035156,39.61000061035156,28.627092361450195
2005-06-17,11352600,40.54999923706055,40.20000076293945,40.93000030517578,39.72999954223633,28.806238174438477
2005-06-16,5554700,39.90999984741211,40.20000076293945,40.349998474121094,39.79999923706055,28.806238174438477
2005-06-15,6016400,40.31999969482422,40.029998779296875,40.380001068115234,39.52000045776367,28.684423446655273
2005-06-14,5474500,39.61000061035156,40.029998779296875,40.189998626708984,39.599998474121094,28.684423446655273
2005-06-13,4747200,39.27000045776367,39.7599983215332,39.959999084472656,39.27000045776367,28.49094009399414
2005-06-10,5273800,39.58000183105469,39.5,39.720001220703125,38.650001525878906,28.30463409423828
2005-06-09,6792400,39.52000045776367,39.599998474121094,39.95000076293945,39.45000076293945,28.376291275024414
2005-06-08,7032700,40.0,39.66999816894531,40.41999816894531,39.599998474121094,28.42645835876465
2005-06-07,8725200,40.08000183105469,40.0,40.79999923706055,39.959999084472656,28.662919998168945
2005-06-06,3935000,39.720001220703125,39.95000076293945,40.02000045776367,39.720001220703125,28.555437088012695
2005-06-03,4474500,40.34000015258789,39.720001220703125,40.470001220703125,39.650001525878906,28.391036987304688
2005-06-02,5728000,39.90999984741211,40.34000015258789,40.4900016784668,39.83000183105469,28.834205627441406
2005-06-01,6970600,39.20000076293945,39.939998626708984,40.04999923706055,39.16999816894531,28.548280715942383
2005-05-31,7188900,39.79999923706055,39.349998474121094,39.95000076293945,39.33000183105469,28.126569747924805
2005-05-27,4346800,39.79999923706055,39.970001220703125,40.040000915527344,39.75,28.569738388061523
2005-05-26,5342200,39.52000045776367,39.91999816894531,40.11000061035156,39.47999954223633,28.533992767333984
2005-05-25,5611200,39.630001068115234,39.369998931884766,39.86000061035156,39.130001068115234,28.14086151123047
2005-05-24,6790300,39.810001373291016,39.849998474121094,39.97999954223633,39.599998474121094,28.483963012695312
2005-05-23,7297200,39.97999954223633,39.959999084472656,40.34000015258789,39.93000030517578,28.562570571899414
2005-05-20,7891900,40.150001525878906,39.630001068115234,40.150001525878906,39.27000045776367,28.32670783996582
2005-05-19,7771100,39.79999923706055,40.13999938964844,40.25,39.779998779296875,28.691242218017578
2005-05-18,12155700,39.099998474121094,39.79999923706055,39.880001068115234,38.93000030517578,28.448223114013672
2005-05-17,17725400,38.95000076293945,38.86000061035156,39.36000061035156,38.599998474121094,27.77631950378418
2005-05-16,10428200,36.439998626708984,37.369998931884766,37.369998931884766,36.43000030517578,26.711301803588867
2005-05-13,7355400,36.43000030517578,36.290000915527344,36.849998474121094,36.130001068115234,25.93935203552246
2005-05-12,6003300,36.38999938964844,36.22999954223633,36.95000076293945,36.18000030517578,25.896453857421875
2005-05-11,7089800,36.41999816894531,36.52000045776367,36.63999938964844,35.849998474121094,26.10373878479004
2005-05-10,7924800,36.68000030517578,36.459999084472656,36.88999938964844,36.2400016784668,26.06085777282715
2005-05-09,5995300,37.0,37.25,37.34000015258789,36.97999954223633,26.62552833557129
2005-05-06,7768300,37.099998474121094,37.15999984741211,37.47999954223633,37.040000915527344,26.561208724975586
2005-05-05,5553100,36.97999954223633,36.849998474121094,37.43000030517578,36.65999984741211,26.339609146118164
2005-05-04,7092700,36.81999969482422,37.099998474121094,37.20000076293945,36.65999984741211,26.518320083618164
2005-05-03,9662900,35.70000076293945,36.75,37.09000015258789,35.68000030517578,26.268144607543945
2005-05-02,8223300,35.66999816894531,36.2599983215332,36.400001525878906,35.540000915527344,25.91790199279785
2005-04-29,10155600,35.25,35.369998931884766,35.4900016784668,34.560001373291016,25.2817440032959
2005-04-28,11298200,35.75,35.09000015258789,35.86000061035156,34.88999938964844,25.08160972595215
2005-04-27,7256500,36.0099983215332,36.029998779296875,36.59000015258789,35.880001068115234,25.753501892089844
2005-04-26,5496000,36.060001373291016,36.20000076293945,36.77000045776367,36.0099983215332,25.875017166137695
2005-04-25,6150500,36.02000045776367,36.20000076293945,36.59000015258789,36.0,25.875017166137695
2005-04-22,7728700,36.66999816894531,36.02000045776367,36.66999816894531,35.66999816894531,25.746353149414062
2005-04-21,8073600,35.900001525878906,36.66999816894531,36.66999816894531,35.900001525878906,26.210962295532227
2005-04-20,11172100,36.0099983215332,35.599998474121094,36.09000015258789,35.279998779296875,25.44614601135254
2005-04-19,6016300,36.70000076293945,36.459999084472656,36.7400016784668,36.220001220703125,26.06085777282715
2005-04-18,8421300,36.11000061035156,36.72999954223633,36.83000183105469,36.029998779296875,26.25384521484375
2005-04-15,12597700,36.56999969482422,36.11000061035156,36.95000076293945,35.75,25.810688018798828
2005-04-14,9794500,37.77000045776367,37.150001525878906,37.77000045776367,37.08000183105469,26.55404281616211
2005-04-13,6411800,38.400001525878906,37.900001525878906,38.560001373291016,37.77000045776367,27.090131759643555
2005-04-12,7174900,37.83000183105469,38.54999923706055,38.7400016784668,37.630001068115234,27.554750442504883
2005-04-11,6325500,37.54999923706055,37.7400016784668,37.9900016784668,37.36000061035156,26.97577476501465
2005-04-08,8287200,37.5099983215332,37.47999954223633,37.779998779296875,37.29999923706055,26.789928436279297
2005-04-07,9925200,37.61000061035156,37.400001525878906,37.70000076293945,37.22999954223633,26.732744216918945
2005-04-06,5966400,38.13999938964844,37.790000915527344,38.310001373291016,37.70000076293945,27.011505126953125
2005-04-05,7168400,37.70000076293945,38.22999954223633,38.349998474121094,37.470001220703125,27.326011657714844
2005-04-04,7878700,37.54999923706055,37.90999984741211,38.04999923706055,37.310001373291016,27.097280502319336
2005-04-01,12149300,38.400001525878906,37.599998474121094,38.75,36.959999084472656,26.875715255737305
2005-03-31,6665400,38.18000030517578,38.2400016784668,38.63999938964844,38.099998474121094,27.333154678344727
2005-03-30,6376800,37.849998474121094,38.150001525878906,38.41999816894531,37.83000183105469,27.26883888244629
2005-03-29,8156400,38.400001525878906,37.689998626708984,38.650001525878906,37.65999984741211,26.940025329589844
2005-03-28,6300500,38.29999923706055,38.59000015258789,38.790000915527344,38.20000076293945,27.583335876464844
2005-03-24,7585400,37.689998626708984,38.029998779296875,38.33000183105469,37.599998474121094,27.183061599731445
2005-03-23,13465500,37.540000915527344,37.70000076293945,37.970001220703125,37.439998626708984,26.94718360900879
2005-03-22,7509000,38.0,37.81999969482422,38.380001068115234,37.81999969482422,27.032949447631836
2005-03-21,11310900,38.63999938964844,37.9900016784668,38.66999816894531,37.5099983215332,27.15447425842285
2005-03-18,11023500,38.91999816894531,38.880001068115234,39.099998474121094,38.689998626708984,27.790618896484375
2005-03-17,6771300,38.790000915527344,38.90999984741211,39.0099983215332,38.52000045776367,27.81206512451172
2005-03-16,9594200,39.459999084472656,38.880001068115234,39.84000015258789,38.65999984741211,27.790618896484375
2005-03-15,7213700,39.650001525878906,39.7599983215332,39.9900016784668,39.54999923706055,28.419620513916016
2005-03-14,8673000,39.599998474121094,39.470001220703125,39.66999816894531,38.7599983215332,28.21233558654785
2005-03-11,5837300,39.79999923706055,39.41999816894531,40.0,39.36000061035156,28.176599502563477
2005-03-10,5574900,39.40999984741211,39.88999938964844,39.88999938964844,39.40999984741211,28.512548446655273
2005-03-09,7951000,39.84000015258789,39.4900016784668,39.900001525878906,39.47999954223633,28.226642608642578
2005-03-08,5578000,39.95000076293945,39.970001220703125,40.13999938964844,39.849998474121094,28.569738388061523
2005-03-07,6808200,40.0099983215332,39.880001068115234,40.27000045776367,39.790000915527344,28.433927536010742
2005-03-04,5639700,39.95000076293945,40.09000015258789,40.150001525878906,39.70000076293945,28.583656311035156
2005-03-03,6993800,39.9900016784668,39.720001220703125,40.150001525878906,39.70000076293945,28.319843292236328
2005-03-02,7257100,39.849998474121094,39.97999954223633,40.189998626708984,39.779998779296875,28.50520896911621
2005-03-01,9299200,40.04999923706055,40.04999923706055,40.18000030517578,39.84000015258789,28.555130004882812
2005-02-28,8184700,40.25,40.02000045776367,40.650001525878906,40.02000045776367,28.53375244140625
2005-02-25,9844600,39.7599983215332,40.58000183105469,40.61000061035156,39.619998931884766,28.933008193969727
2005-02-24,15068200,39.65999984741211,39.619998931884766,39.779998779296875,38.880001068115234,28.24855613708496
2005-02-23,12444500,40.400001525878906,39.75,40.599998474121094,39.630001068115234,28.341228485107422
2005-02-22,14330000,41.349998474121094,40.279998779296875,41.45000076293945,40.099998474121094,28.7191162109375
2005-02-18,5879400,41.81999969482422,42.02000045776367,42.22999954223633,41.7400016784668,29.959707260131836
2005-02-17,6916600,42.2599983215332,41.810001373291016,42.45000076293945,41.5099983215332,29.809995651245117
2005-02-16,5560500,42.529998779296875,42.369998931884766,42.72999954223633,42.15999984741211,30.209257125854492
2005-02-15,5477900,42.400001525878906,42.72999954223633,42.849998474121094,42.380001068115234,30.465938568115234
2005-02-14,3449000,42.779998779296875,42.619998931884766,42.900001525878906,42.54999923706055,30.38750457763672
2005-02-11,6385200,42.2400016784668,42.810001373291016,42.9900016784668,42.0,30.522972106933594
2005-02-10,4434300,42.0,42.369998931884766,42.45000076293945,41.68000030517578,30.209257125854492
2005-02-09,4155100,42.150001525878906,41.86000061035156,42.279998779296875,41.75,29.845643997192383
2005-02-08,5564200,42.29999923706055,42.04999923706055,42.599998474121094,42.0099983215332,29.981109619140625
2005-02-07,5391700,42.27000045776367,42.52000045776367,42.52000045776367,42.2599983215332,30.316200256347656
2005-02-04,7180200,41.45000076293945,42.41999816894531,42.43000030517578,41.45000076293945,30.244922637939453
2005-02-03,4831700,41.20000076293945,41.56999969482422,41.619998931884766,41.150001525878906,29.638877868652344
2005-02-02,3586000,41.08000183105469,41.29999923706055,41.349998474121094,41.02000045776367,29.446367263793945
2005-02-01,5558000,41.20000076293945,41.13999938964844,41.310001373291016,40.97999954223633,29.332275390625
2005-01-31,6341200,40.599998474121094,41.2599983215332,41.34000015258789,40.599998474121094,29.417842864990234
2005-01-28,5598400,40.75,40.40999984741211,40.81999969482422,40.279998779296875,28.81180191040039
2005-01-27,5813200,40.52000045776367,40.65999984741211,41.060001373291016,40.5099983215332,28.99005699157715
2005-01-26,5664000,40.81999969482422,40.72999954223633,40.81999969482422,40.52000045776367,29.039960861206055
2005-01-25,5137100,40.4900016784668,40.56999969482422,40.880001068115234,40.470001220703125,28.925874710083008
2005-01-24,6174100,41.099998474121094,40.38999938964844,41.11000061035156,40.31999969482422,28.797544479370117
2005-01-21,6068200,41.150001525878906,40.900001525878906,41.38999938964844,40.86000061035156,29.161165237426758
2005-01-20,6664100,41.810001373291016,41.150001525878906,41.810001373291016,40.86000061035156,29.339426040649414
2005-01-19,4310700,41.97999954223633,41.79999923706055,42.220001220703125,41.779998779296875,29.802860260009766
2005-01-18,7041700,41.5099983215332,42.15999984741211,42.2400016784668,41.5,30.05953025817871
2005-01-14,4186200,41.79999923706055,41.900001525878906,42.0,41.72999954223633,29.874164581298828
2005-01-13,8269600,42.04999923706055,41.72999954223633,42.20000076293945,41.400001525878906,29.75295066833496
2005-01-12,6468700,41.650001525878906,42.20000076293945,42.25,41.310001373291016,30.088056564331055
2005-01-11,4569700,41.58000183105469,41.709999084472656,41.84000015258789,41.58000183105469,29.738677978515625
2005-01-10,6102200,41.25,41.79999923706055,42.04999923706055,41.25,29.802860260009766
2005-01-07,7015500,41.630001068115234,41.41999816894531,41.65999984741211,41.0099983215332,29.53192901611328
2005-01-06,8912200,42.15999984741211,41.529998779296875,42.33000183105469,41.18000030517578,29.610347747802734
2005-01-05,6868300,42.5,42.15999984741211,43.25,42.119998931884766,30.05953025817871
2005-01-04,6899600,43.2400016784668,42.54999923706055,43.27000045776367,42.529998779296875,30.337589263916016
2005-01-03,7294600,42.9900016784668,43.099998474121094,43.220001220703125,42.93000030517578,30.7297420501709
2004-12-31,3616200,42.849998474121094,42.7400016784668,42.970001220703125,42.68000030517578,30.473066329956055
2004-12-30,3358100,42.939998626708984,42.91999816894531,43.09000015258789,42.79999923706055,30.601402282714844
2004-12-29,4837100,42.599998474121094,42.79999923706055,42.95000076293945,42.59000015258789,30.515836715698242
2004-12-28,4482100,42.36000061035156,42.84000015258789,43.0,42.33000183105469,30.54437255859375
2004-12-27,4526800,42.52000045776367,42.22999954223633,42.869998931884766,42.130001068115234,30.109445571899414
2004-12-23,3565700,42.52000045776367,42.52000045776367,42.84000015258789,42.45000076293945,30.316200256347656
2004-12-22,5144700,42.20000076293945,42.52000045776367,42.650001525878906,42.040000915527344,30.316200256347656
2004-12-21,5506300,41.650001525878906,42.11000061035156,42.15999984741211,41.52000045776367,30.023893356323242
2004-12-20,5614900,42.54999923706055,41.72999954223633,42.54999923706055,41.709999084472656,29.75295066833496
2004-12-17,8841600,42.5,42.0099983215332,42.650001525878906,41.97999954223633,29.95258903503418
2004-12-16,7310000,42.4900016784668,42.59000015258789,42.650001525878906,42.060001373291016,30.366117477416992
2004-12-15,4959200,42.75,42.4900016784668,42.75,42.31999969482422,30.29480743408203
2004-12-14,5186000,42.70000076293945,42.650001525878906,42.79999923706055,42.349998474121094,30.408897399902344
2004-12-13,4595500,42.75,42.7599983215332,42.869998931884766,42.220001220703125,30.48733901977539
2004-12-10,4620400,42.95000076293945,42.63999938964844,43.029998779296875,42.529998779296875,30.40176773071289
2004-12-09,5861300,42.560001373291016,42.88999938964844,42.9900016784668,42.20000076293945,30.58002281188965
2004-12-08,5893900,42.0,42.560001373291016,42.709999084472656,41.959999084472656,30.3447265625
2004-12-07,6350400,41.79999923706055,41.77000045776367,42.369998931884766,41.72999954223633,29.781469345092773
2004-12-06,5012800,41.59000015258789,42.0,42.18000030517578,41.59000015258789,29.94545555114746
2004-12-03,6244100,41.849998474121094,41.790000915527344,42.27000045776367,41.66999816894531,29.79571533203125
2004-12-02,8408100,42.279998779296875,42.150001525878906,42.68000030517578,41.4900016784668,30.052404403686523
2004-12-01,8646500,41.95000076293945,42.279998779296875,42.56999969482422,41.900001525878906,30.14508628845215
2004-11-30,9843800,42.5,41.75,42.900001525878906,41.75,29.7672119140625
2004-11-29,7299300,43.310001373291016,43.029998779296875,43.47999954223633,42.599998474121094,30.61922836303711
2004-11-26,2106000,43.2599983215332,43.369998931884766,43.689998626708984,43.25,30.86117172241211
2004-11-24,4722400,43.47999954223633,43.43000030517578,43.79999923706055,43.31999969482422,30.90386199951172
2004-11-23,6060100,43.220001220703125,43.529998779296875,43.56999969482422,43.0,30.975017547607422
2004-11-22,6973200,42.72999954223633,43.22999954223633,43.40999984741211,42.54999923706055,30.76154136657715
2004-11-19,8913000,42.970001220703125,42.70000076293945,42.97999954223633,42.65999984741211,30.384403228759766
2004-11-18,9321300,42.279998779296875,42.810001373291016,42.88999938964844,42.060001373291016,30.462677001953125
2004-11-17,11830900,42.849998474121094,42.279998779296875,43.29999923706055,42.18000030517578,30.085542678833008
2004-11-16,16544900,44.27000045776367,43.0,44.29999923706055,42.650001525878906,30.59786605834961
2004-11-15,9986300,43.119998931884766,43.790000915527344,43.9900016784668,42.869998931884766,31.160030364990234
2004-11-12,6469000,42.84000015258789,43.220001220703125,43.25,42.7599983215332,30.754432678222656
2004-11-11,5803900,42.380001068115234,42.77000045776367,42.869998931884766,42.099998474121094,30.434219360351562
2004-11-10,5292700,42.189998626708984,42.0099983215332,42.45000076293945,42.0099983215332,29.893415451049805
2004-11-09,4926300,42.29999923706055,42.060001373291016,42.54999923706055,41.84000015258789,29.928997039794922
2004-11-08,5877800,42.20000076293945,42.45000076293945,42.7599983215332,42.099998474121094,30.20650291442871
2004-11-05,7846500,41.939998626708984,42.290000915527344,42.70000076293945,41.900001525878906,30.09265899658203
2004-11-04,6686900,41.209999084472656,41.939998626708984,41.9900016784668,41.04999923706055,29.843595504760742
2004-11-03,7181700,41.88999938964844,41.209999084472656,41.88999938964844,40.79999923706055,29.32416343688965
2004-11-02,5946600,40.86000061035156,41.13999938964844,41.560001373291016,40.86000061035156,29.27433967590332
2004-11-01,7110800,41.02000045776367,41.08000183105469,41.68000030517578,40.959999084472656,29.231645584106445
2004-10-29,8337000,41.06999969482422,41.08000183105469,41.5,40.810001373291016,29.231645584106445
2004-10-28,7369600,40.56999969482422,41.15999984741211,41.439998626708984,40.54999923706055,29.288578033447266
2004-10-27,8385400,39.5099983215332,40.790000915527344,40.849998474121094,39.5,29.02528953552246
2004-10-26,6137100,38.650001525878906,39.66999816894531,39.720001220703125,38.58000183105469,28.228322982788086
2004-10-25,6264900,38.900001525878906,38.66999816894531,38.900001525878906,38.310001373291016,27.516748428344727
2004-10-22,4380200,39.72999954223633,39.16999816894531,39.939998626708984,39.119998931884766,27.872533798217773
2004-10-21,4912000,39.400001525878906,39.72999954223633,39.93000030517578,39.400001525878906,28.27100944519043
2004-10-20,5560000,39.7400016784668,39.47999954223633,39.810001373291016,39.36000061035156,28.093130111694336
2004-10-19,5545500,40.220001220703125,39.7400016784668,40.459999084472656,39.56999969482422,28.27813720703125
2004-10-18,7005600,39.810001373291016,40.18000030517578,40.27000045776367,39.63999938964844,28.59122657775879
2004-10-15,7371900,39.5099983215332,39.810001373291016,39.880001068115234,39.150001525878906,28.327953338623047
2004-10-14,3965200,39.70000076293945,39.310001373291016,39.869998931884766,39.099998474121094,27.972156524658203
2004-10-13,5368700,40.0,39.790000915527344,40.029998779296875,39.59000015258789,28.31370735168457
2004-10-12,5636500,39.75,39.849998474121094,40.0,39.130001068115234,28.356414794921875
2004-10-11,8886700,39.31999969482422,40.06999969482422,40.209999084472656,39.310001373291016,28.51295280456543
2004-10-08,6016000,39.099998474121094,39.02000045776367,39.599998474121094,38.709999084472656,27.76580238342285
2004-10-07,5069600,39.75,39.290000915527344,39.95000076293945,39.2599983215332,27.957916259765625
2004-10-06,4025000,39.599998474121094,39.709999084472656,39.79999923706055,39.36000061035156,28.256784439086914
2004-10-05,5888800,39.5,39.529998779296875,39.68000030517578,39.20000076293945,28.128707885742188
2004-10-04,7468200,39.2599983215332,39.63999938964844,39.900001525878906,39.2599983215332,28.206974029541016
2004-10-01,6472800,39.59000015258789,39.25,39.650001525878906,39.20000076293945,27.929462432861328
2004-09-30,9433100,39.27000045776367,39.20000076293945,39.72999954223633,39.060001373291016,27.893878936767578
2004-09-29,5908200,38.77000045776367,39.380001068115234,39.38999938964844,38.77000045776367,28.021968841552734
2004-09-28,7447000,38.27000045776367,38.83000183105469,39.0,37.869998931884766,27.630599975585938
2004-09-27,4492300,38.400001525878906,38.310001373291016,38.65999984741211,38.2599983215332,27.260578155517578
2004-09-24,5289200,38.15999984741211,38.43000030517578,38.810001373291016,38.099998474121094,27.345972061157227
2004-09-23,3818000,38.25,38.15999984741211,38.52000045776367,38.11000061035156,27.153841018676758
2004-09-22,6069800,38.54999923706055,38.25,38.810001373291016,38.130001068115234,27.217876434326172
2004-09-21,5712700,38.72999954223633,38.790000915527344,39.09000015258789,38.54999923706055,27.602136611938477
2004-09-20,4644200,38.29999923706055,38.459999084472656,38.59000015258789,38.060001373291016,27.3673152923584
2004-09-17,11139500,38.95000076293945,38.310001373291016,38.95000076293945,38.279998779296875,27.260578155517578
2004-09-16,7300600,38.400001525878906,38.70000076293945,39.09000015258789,38.400001525878906,27.5380916595459
2004-09-15,9079300,38.11000061035156,38.38999938964844,38.54999923706055,37.939998626708984,27.31751251220703
2004-09-14,6788100,37.650001525878906,38.13999938964844,38.20000076293945,37.5,27.13960075378418
2004-09-13,5861900,37.70000076293945,37.43000030517578,37.790000915527344,37.349998474121094,26.6343936920166
2004-09-10,5502800,37.0,37.540000915527344,37.689998626708984,36.9900016784668,26.712661743164062
2004-09-09,5785900,37.25,37.0099983215332,37.349998474121094,36.689998626708984,26.335521697998047
2004-09-08,6507800,37.5,37.27000045776367,37.63999938964844,37.029998779296875,26.520540237426758
2004-09-07,6950800,37.72999954223633,37.63999938964844,37.9900016784668,37.5099983215332,26.783823013305664
2004-09-03,6655700,37.7599983215332,37.47999954223633,37.880001068115234,37.369998931884766,26.669965744018555
2004-09-02,10186800,36.90999984741211,37.88999938964844,38.0,36.90999984741211,26.961715698242188
2004-09-01,5789800,36.54999923706055,36.880001068115234,36.95000076293945,36.36000061035156,26.24302101135254
2004-08-31,5879100,36.68000030517578,36.560001373291016,36.75,36.18000030517578,26.015310287475586
2004-08-30,3540200,36.54999923706055,36.529998779296875,36.79999923706055,36.47999954223633,25.933481216430664
2004-08-27,3429100,36.58000183105469,36.59000015258789,36.790000915527344,36.34000015258789,25.976085662841797
2004-08-26,3941200,36.529998779296875,36.56999969482422,36.869998931884766,36.470001220703125,25.961883544921875
2004-08-25,5550000,36.220001220703125,36.599998474121094,36.77000045776367,36.09000015258789,25.983171463012695
2004-08-24,7265700,36.189998626708984,36.33000183105469,36.400001525878906,36.06999969482422,25.79149627685547
2004-08-23,5654200,36.27000045776367,36.0,36.279998779296875,35.650001525878906,25.557233810424805
2004-08-20,5818000,36.2400016784668,36.36000061035156,36.4900016784668,36.040000915527344,25.812795639038086
2004-08-19,9857400,36.029998779296875,36.2400016784668,36.790000915527344,36.0,25.72760581970215
2004-08-18,12812900,35.0,36.029998779296875,36.09000015258789,35.0,25.578519821166992
2004-08-17,14737400,35.779998779296875,35.099998474121094,35.849998474121094,35.029998779296875,24.918291091918945
2004-08-16,9742200,33.45000076293945,33.97999954223633,34.34000015258789,33.400001525878906,24.123184204101562
2004-08-13,6774800,33.150001525878906,33.13999938964844,33.470001220703125,32.939998626708984,23.526840209960938
2004-08-12,5226300,33.13999938964844,32.95000076293945,33.380001068115234,32.880001068115234,23.391958236694336
2004-08-11,5863900,33.119998931884766,33.09000015258789,33.13999938964844,32.70000076293945,23.491352081298828
2004-08-10,4364600,33.0,33.369998931884766,33.369998931884766,32.90999984741211,23.690122604370117
2004-08-09,4149700,32.900001525878906,32.90999984741211,33.2400016784668,32.869998931884766,23.36355972290039
2004-08-06,7796500,32.54999923706055,32.900001525878906,33.25,32.38999938964844,23.35646629333496
2004-08-05,5542800,33.59000015258789,32.97999954223633,33.630001068115234,32.79999923706055,23.413251876831055
2004-08-04,5037500,33.27000045776367,33.59000015258789,33.86000061035156,33.11000061035156,23.84630584716797
2004-08-03,6156100,33.869998931884766,33.52000045776367,33.900001525878906,33.220001220703125,23.796621322631836
2004-08-02,5040500,33.720001220703125,34.029998779296875,34.220001220703125,33.560001373291016,24.158674240112305
2004-07-30,4397600,33.599998474121094,33.720001220703125,33.880001068115234,33.400001525878906,23.9386043548584
2004-07-29,4196000,33.650001525878906,33.720001220703125,34.0099983215332,33.27000045776367,23.9386043548584
2004-07-28,5647200,33.38999938964844,33.5,33.68000030517578,33.040000915527344,23.782413482666016
2004-07-27,7403500,32.97999954223633,33.43000030517578,33.79999923706055,32.95000076293945,23.73272132873535
2004-07-26,6551000,33.04999923706055,32.880001068115234,33.27000045776367,32.56999969482422,23.342269897460938
2004-07-23,7399700,33.70000076293945,33.0,33.7400016784668,32.90999984741211,23.427457809448242
2004-07-22,5672600,33.349998474121094,33.79999923706055,33.86000061035156,33.150001525878906,23.99539566040039
2004-07-21,5192200,34.220001220703125,33.529998779296875,34.27000045776367,33.529998779296875,23.803714752197266
2004-07-20,5870600,33.349998474121094,33.9900016784668,34.18000030517578,33.349998474121094,24.130285263061523
2004-07-19,10107400,33.95000076293945,33.27000045776367,34.060001373291016,32.939998626708984,23.6191349029541
2004-07-16,6820400,34.63999938964844,33.91999816894531,34.63999938964844,33.86000061035156,24.08058738708496
2004-07-15,5370700,34.65999984741211,34.33000183105469,34.65999984741211,34.310001373291016,24.37165069580078
2004-07-14,5486800,34.77000045776367,34.5099983215332,34.970001220703125,34.36000061035156,24.499431610107422
2004-07-13,4922700,34.70000076293945,34.86000061035156,34.970001220703125,34.599998474121094,24.747913360595703
2004-07-12,5761400,34.369998931884766,34.65999984741211,34.81999969482422,34.15999984741211,24.605926513671875
2004-07-09,5737500,34.29999923706055,34.369998931884766,34.5,34.130001068115234,24.400056838989258
2004-07-08,7180500,34.79999923706055,34.290000915527344,34.9900016784668,34.2400016784668,24.343259811401367
2004-07-07,5049600,34.54999923706055,35.0,35.119998931884766,34.54999923706055,24.847299575805664
2004-07-06,6617700,34.400001525878906,34.66999816894531,34.959999084472656,34.20000076293945,24.613027572631836
2004-07-02,6150600,34.9900016784668,34.689998626708984,35.189998626708984,34.4900016784668,24.62722396850586
2004-07-01,7660100,35.209999084472656,34.9900016784668,35.349998474121094,34.63999938964844,24.840200424194336
2004-06-30,6443600,35.06999969482422,35.20000076293945,35.2599983215332,34.849998474121094,24.98928451538086
2004-06-29,7898200,35.33000183105469,35.16999816894531,35.34000015258789,34.880001068115234,24.967985153198242
2004-06-28,6621300,35.5,35.459999084472656,35.75,35.349998474121094,25.173864364624023
2004-06-25,12481000,35.54999923706055,35.25,36.130001068115234,35.25,25.02478790283203
2004-06-24,8889700,35.5,35.400001525878906,36.11000061035156,35.349998474121094,25.131271362304688
2004-06-23,7715000,34.900001525878906,35.439998626708984,35.5,34.75,25.15966796875
2004-06-22,10313400,35.349998474121094,35.040000915527344,35.40999984741211,34.77000045776367,24.875690460205078
2004-06-21,7814000,35.25,35.720001220703125,35.90999984741211,35.25,25.358448028564453
2004-06-18,13836700,35.68000030517578,35.369998931884766,35.68000030517578,35.20000076293945,25.109966278076172
2004-06-17,5880500,35.95000076293945,35.66999816894531,35.959999084472656,35.5,25.322959899902344
2004-06-16,5333100,35.779998779296875,36.0,36.06999969482422,35.5,25.557233810424805
2004-06-15,7589900,35.79999923706055,35.77000045776367,35.97999954223633,35.65999984741211,25.393943786621094
2004-06-14,5682500,35.5,35.5099983215332,35.689998626708984,35.08000183105469,25.20936393737793
2004-06-10,8184600,35.63999938964844,35.75,35.83000183105469,35.279998779296875,25.379745483398438
2004-06-09,8780500,35.47999954223633,35.439998626708984,35.7400016784668,35.31999969482422,25.15966796875
2004-06-08,7613500,35.75,35.93000030517578,35.95000076293945,35.29999923706055,25.507532119750977
2004-06-07,7311300,35.58000183105469,35.84000015258789,35.95000076293945,35.2599983215332,25.383291244506836
2004-06-04,8056300,35.56999969482422,35.33000183105469,35.77000045776367,35.29999923706055,25.0220947265625
2004-06-03,7191900,35.5,35.47999954223633,35.9900016784668,35.220001220703125,25.12833023071289
2004-06-02,11178600,35.0,35.66999816894531,35.72999954223633,34.849998474121094,25.262903213500977
2004-06-01,6297800,35.77000045776367,35.7599983215332,35.91999816894531,35.5099983215332,25.326631546020508
2004-05-28,7014700,35.84000015258789,35.91999816894531,36.29999923706055,35.77000045776367,25.439950942993164
2004-05-27,8433900,35.5,35.84000015258789,36.02000045776367,35.41999816894531,25.383291244506836
2004-05-26,6813900,35.25,35.459999084472656,35.540000915527344,34.939998626708984,25.114160537719727
2004-05-25,7517900,34.65999984741211,35.29999923706055,35.310001373291016,34.310001373291016,25.00084114074707
2004-05-24,6276400,34.599998474121094,34.650001525878906,34.779998779296875,34.349998474121094,24.54049301147461
2004-05-21,8684700,34.25,34.470001220703125,34.81999969482422,34.119998931884766,24.41299819946289
2004-05-20,6761300,34.02000045776367,34.099998474121094,34.34000015258789,33.77000045776367,24.150957107543945
2004-05-19,7603400,34.849998474121094,34.02000045776367,34.95000076293945,33.959999084472656,24.09429931640625
2004-05-18,14104700,34.45000076293945,34.619998931884766,34.7400016784668,34.150001525878906,24.51924705505371
2004-05-17,8121900,33.25,33.470001220703125,33.75,33.06999969482422,23.704769134521484
2004-05-14,6948300,33.58000183105469,33.79999923706055,34.099998474121094,33.20000076293945,23.938486099243164
2004-05-13,8983200,33.25,33.720001220703125,34.060001373291016,33.119998931884766,23.8818302154541
2004-05-12,10560700,33.349998474121094,33.529998779296875,33.709999084472656,32.34000015258789,23.74726104736328
2004-05-11,7538100,33.45000076293945,33.4900016784668,33.52000045776367,33.119998931884766,23.718935012817383
2004-05-10,10169800,32.599998474121094,33.439998626708984,33.470001220703125,32.54999923706055,23.683515548706055
2004-05-07,15928600,33.5,33.0,34.25,32.880001068115234,23.37189483642578
2004-05-06,10876800,35.0,34.36000061035156,35.02000045776367,34.150001525878906,24.33510398864746
2004-05-05,4653800,35.22999954223633,35.2599983215332,35.400001525878906,35.029998779296875,24.972517013549805
2004-05-04,5134500,35.220001220703125,35.36000061035156,35.75,35.099998474121094,25.0433349609375
2004-05-03,8375300,35.25,35.22999954223633,35.5,34.79999923706055,24.951271057128906
2004-04-30,6377800,35.72999954223633,35.189998626708984,35.880001068115234,35.189998626708984,24.922929763793945
2004-04-29,6266500,35.900001525878906,35.72999954223633,36.189998626708984,35.400001525878906,25.305383682250977
2004-04-28,5011200,36.279998779296875,35.9900016784668,36.41999816894531,35.83000183105469,25.489530563354492
2004-04-27,5152000,36.369998931884766,36.529998779296875,36.869998931884766,36.36000061035156,25.871978759765625
2004-04-26,4549700,36.599998474121094,36.349998474121094,36.84000015258789,36.310001373291016,25.744491577148438
2004-04-23,4680400,36.099998474121094,36.4900016784668,36.75,36.06999969482422,25.843647003173828
2004-04-22,6015100,35.470001220703125,36.349998474121094,36.5,35.400001525878906,25.744491577148438
2004-04-21,6626300,35.709999084472656,35.540000915527344,35.959999084472656,35.400001525878906,25.17081642150879
2004-04-20,4915800,36.150001525878906,35.650001525878906,36.529998779296875,35.650001525878906,25.248729705810547
2004-04-19,4980300,36.04999923706055,36.0,36.099998474121094,35.619998931884766,25.496618270874023
2004-04-16,7030600,36.150001525878906,36.20000076293945,36.25,35.599998474121094,25.638259887695312
2004-04-15,6164600,35.83000183105469,35.86000061035156,36.13999938964844,35.77000045776367,25.397464752197266
2004-04-14,6885600,35.5,35.81999969482422,36.040000915527344,35.45000076293945,25.36912727355957
2004-04-13,8008400,36.459999084472656,35.86000061035156,36.52000045776367,35.720001220703125,25.397464752197266
2004-04-12,3910700,36.2599983215332,36.459999084472656,36.4900016784668,36.20000076293945,25.822404861450195
2004-04-08,9025200,36.75,36.20000076293945,36.84000015258789,36.060001373291016,25.638259887695312
2004-04-07,7767000,37.119998931884766,36.4900016784668,37.209999084472656,36.41999816894531,25.843647003173828
2004-04-06,5716000,37.84000015258789,36.939998626708984,37.84000015258789,36.75,26.162353515625
2004-04-05,6466300,36.529998779296875,37.2400016784668,37.279998779296875,36.52000045776367,26.374826431274414
2004-04-02,12430300,37.29999923706055,36.68000030517578,37.38999938964844,36.45000076293945,25.978206634521484
2004-04-01,5471600,37.29999923706055,37.08000183105469,37.34000015258789,37.0,26.261507034301758
2004-03-31,6272500,37.31999969482422,37.36000061035156,37.4900016784668,37.02000045776367,26.459819793701172
2004-03-30,5044600,37.29999923706055,37.40999984741211,37.5099983215332,37.15999984741211,26.495235443115234
2004-03-29,5376700,36.93000030517578,37.29999923706055,37.33000183105469,36.86000061035156,26.417327880859375
2004-03-26,6852100,36.959999084472656,36.93000030517578,37.22999954223633,36.900001525878906,26.155275344848633
2004-03-25,7944900,36.04999923706055,37.150001525878906,37.2599983215332,35.90999984741211,26.311080932617188
2004-03-24,6452000,36.150001525878906,35.9900016784668,36.310001373291016,35.779998779296875,25.489530563354492
2004-03-23,7240500,36.20000076293945,36.209999084472656,36.439998626708984,36.029998779296875,25.645341873168945
2004-03-22,6640400,36.29999923706055,36.060001373291016,36.38999938964844,35.93000030517578,25.539112091064453
2004-03-19,7530600,37.0,36.68000030517578,37.16999816894531,36.540000915527344,25.978206634521484
2004-03-18,8353600,36.5,36.9900016784668,37.150001525878906,36.400001525878906,26.197769165039062
2004-03-17,5748500,36.189998626708984,36.5,36.58000183105469,36.0,25.850727081298828
2004-03-16,5786400,35.58000183105469,35.86000061035156,36.099998474121094,35.40999984741211,25.397464752197266
2004-03-15,7237200,35.95000076293945,35.40999984741211,36.040000915527344,35.119998931884766,25.078750610351562
2004-03-12,6765300,36.04999923706055,36.09000015258789,36.97999954223633,35.560001373291016,25.56035804748535
2004-03-11,8674800,36.209999084472656,36.09000015258789,36.7400016784668,36.0,25.56035804748535
2004-03-10,6455800,36.83000183105469,36.400001525878906,37.04999923706055,36.29999923706055,25.7799015045166
2004-03-09,7330100,36.95000076293945,36.970001220703125,37.16999816894531,36.70000076293945,26.183605194091797
2004-03-08,6794900,37.45000076293945,37.220001220703125,37.650001525878906,37.099998474121094,26.311086654663086
2004-03-05,9249200,36.849998474121094,37.45000076293945,37.560001373291016,36.65999984741211,26.473669052124023
2004-03-04,5845800,37.150001525878906,37.099998474121094,37.189998626708984,36.72999954223633,26.226261138916016
2004-03-03,5706200,36.90999984741211,37.04999923706055,37.2599983215332,36.900001525878906,26.19091033935547
2004-03-02,8727000,36.77000045776367,37.029998779296875,37.310001373291016,36.7599983215332,26.176767349243164
2004-03-01,6856800,36.58000183105469,36.84000015258789,36.88999938964844,36.400001525878906,26.042461395263672
2004-02-27,10312900,37.0,36.310001373291016,37.08000183105469,36.27000045776367,25.667804718017578
2004-02-26,8174400,36.41999816894531,36.84000015258789,36.97999954223633,36.20000076293945,26.042461395263672
2004-02-25,9190500,36.400001525878906,36.40999984741211,36.5,36.11000061035156,25.73849105834961
2004-02-24,11990400,35.790000915527344,35.9900016784668,36.11000061035156,35.459999084472656,25.44159698486328
2004-02-23,8243100,35.790000915527344,35.380001068115234,35.900001525878906,35.15999984741211,25.010374069213867
2004-02-20,7681800,35.75,35.70000076293945,35.900001525878906,35.15999984741211,25.2365779876709
2004-02-19,7672200,36.29999923706055,35.560001373291016,36.310001373291016,35.529998779296875,25.13762664794922
2004-02-18,6156400,36.54999923706055,35.88999938964844,36.54999923706055,35.70000076293945,25.370901107788086
2004-02-17,6118000,36.2599983215332,36.29999923706055,36.4900016784668,36.119998931884766,25.660722732543945
2004-02-13,6144800,36.599998474121094,36.16999816894531,36.779998779296875,35.97999954223633,25.568830490112305
2004-02-12,4933200,36.77000045776367,36.56999969482422,36.86000061035156,36.36000061035156,25.851600646972656
2004-02-11,9489400,36.099998474121094,36.83000183105469,37.0099983215332,35.939998626708984,26.035396575927734
2004-02-10,7258100,36.29999923706055,36.04999923706055,36.349998474121094,35.83000183105469,25.483991622924805
2004-02-09,5684900,36.33000183105469,36.16999816894531,36.68000030517578,36.11000061035156,25.568830490112305
2004-02-06,7356200,35.599998474121094,36.33000183105469,36.40999984741211,35.58000183105469,25.681934356689453
2004-02-05,5996600,35.5,35.5,35.849998474121094,35.34000015258789,25.09520721435547
2004-02-04,7859100,35.04999923706055,35.459999084472656,35.83000183105469,35.0099983215332,25.066926956176758
2004-02-03,7144400,35.04999923706055,35.04999923706055,35.52000045776367,35.02000045776367,24.777090072631836
2004-02-02,7547200,35.470001220703125,35.290000915527344,35.83000183105469,35.04999923706055,24.94676399230957
2004-01-30,5811100,35.45000076293945,35.470001220703125,35.81999969482422,35.31999969482422,25.07400131225586
2004-01-29,8789700,35.04999923706055,35.599998474121094,35.650001525878906,34.900001525878906,25.165889739990234
2004-01-28,11054400,36.119998931884766,34.84000015258789,36.150001525878906,34.70000076293945,24.628644943237305
2004-01-27,6164400,35.91999816894531,35.939998626708984,36.400001525878906,35.91999816894531,25.406238555908203
2004-01-26,6377700,35.88999938964844,36.29999923706055,36.349998474121094,35.7599983215332,25.660722732543945
2004-01-23,6773100,36.04999923706055,35.91999816894531,36.209999084472656,35.77000045776367,25.392099380493164
2004-01-22,7968800,35.63999938964844,35.93000030517578,36.13999938964844,35.29999923706055,25.39918327331543
2004-01-21,8554800,35.150001525878906,35.63999938964844,35.7400016784668,35.0099983215332,25.194181442260742
2004-01-20,10340800,34.959999084472656,35.0099983215332,35.15999984741211,34.79999923706055,24.748815536499023
2004-01-16,18627300,35.79999923706055,34.939998626708984,35.86000061035156,34.75,24.69933319091797
2004-01-15,9006100,35.529998779296875,35.43000030517578,35.63999938964844,34.97999954223633,25.045724868774414
2004-01-14,9344700,35.08000183105469,35.470001220703125,35.599998474121094,34.81999969482422,25.07400131225586
2004-01-13,8871800,35.439998626708984,35.08000183105469,35.45000076293945,34.75,24.79830551147461
2004-01-12,10170700,35.630001068115234,35.20000076293945,35.79999923706055,34.83000183105469,24.88313102722168
2004-01-09,8280000,35.400001525878906,35.689998626708984,36.06999969482422,35.38999938964844,25.229516983032227
2004-01-08,10918400,35.88999938964844,35.599998474121094,35.97999954223633,35.16999816894531,25.165889739990234
2004-01-07,9236900,35.439998626708984,35.900001525878906,36.09000015258789,35.36000061035156,25.377967834472656
2004-01-06,8845200,35.09000015258789,35.40999984741211,35.54999923706055,34.84000015258789,25.031583786010742
2004-01-05,11405100,35.06999969482422,35.029998779296875,35.25,34.810001373291016,24.762958526611328
2004-01-02,7177600,35.75,35.02000045776367,35.939998626708984,34.810001373291016,24.755889892578125
2003-12-31,5012400,35.18000030517578,35.4900016784668,35.560001373291016,35.15999984741211,25.08814239501953
2003-12-30,4995500,35.459999084472656,35.290000915527344,35.65999984741211,35.18000030517578,24.94676399230957
2003-12-29,8173700,35.0,35.58000183105469,35.599998474121094,34.869998931884766,25.151765823364258
2003-12-26,2436000,34.689998626708984,34.880001068115234,35.130001068115234,34.689998626708984,24.656925201416016
2003-12-24,4408200,34.650001525878906,34.689998626708984,34.849998474121094,34.40999984741211,24.522613525390625
2003-12-23,6813200,34.54999923706055,34.599998474121094,35.0,34.400001525878906,24.458980560302734
2003-12-22,9432000,35.279998779296875,34.83000183105469,35.459999084472656,34.5,24.621580123901367
2003-12-19,16135100,35.47999954223633,35.5,35.52000045776367,35.04999923706055,25.09520721435547
2003-12-18,9953200,35.13999938964844,35.33000183105469,35.47999954223633,34.70000076293945,24.975034713745117
2003-12-17,9428900,34.099998474121094,35.13999938964844,35.25,34.029998779296875,24.84072494506836
2003-12-16,12630300,34.20000076293945,34.36000061035156,34.47999954223633,33.79999923706055,24.289337158203125
2003-12-15,11036400,35.439998626708984,34.349998474121094,35.470001220703125,34.18000030517578,24.28227424621582
2003-12-12,7409200,34.75,34.650001525878906,34.83000183105469,34.5,24.494342803955078
2003-12-11,13795700,33.5,34.529998779296875,34.689998626708984,33.47999954223633,24.40950584411621
2003-12-10,14876200,34.060001373291016,33.08000183105469,34.11000061035156,31.93000030517578,23.384490966796875
2003-12-09,7784300,34.849998474121094,34.040000915527344,34.880001068115234,34.02000045776367,24.063125610351562
2003-12-08,5338800,34.47999954223633,34.70000076293945,35.099998474121094,34.310001373291016,24.529680252075195
2003-12-05,5612500,34.529998779296875,34.720001220703125,35.20000076293945,34.27000045776367,24.54381561279297
2003-12-04,15138600,35.5,34.86000061035156,35.72999954223633,33.56999969482422,24.64278221130371
2003-12-03,6877700,35.95000076293945,35.529998779296875,36.22999954223633,35.40999984741211,25.116416931152344
2003-12-02,8624500,36.400001525878906,35.869998931884766,36.58000183105469,35.849998474121094,25.356760025024414
2003-12-01,7125300,36.880001068115234,36.77000045776367,36.97999954223633,36.27000045776367,25.94349479675293
2003-11-28,3237500,36.720001220703125,36.7599983215332,36.88999938964844,36.65999984741211,25.936439514160156
2003-11-26,5825600,36.619998931884766,36.54999923706055,36.77000045776367,35.93000030517578,25.78827476501465
2003-11-25,5727300,36.47999954223633,36.619998931884766,36.75,36.29999923706055,25.83765983581543
2003-11-24,6957300,35.79999923706055,36.47999954223633,36.59000015258789,35.790000915527344,25.738880157470703
2003-11-21,6219300,35.54999923706055,35.65999984741211,35.790000915527344,35.29999923706055,25.160320281982422
2003-11-20,6770300,35.33000183105469,35.310001373291016,35.95000076293945,35.27000045776367,24.913379669189453
2003-11-19,9175600,35.06999969482422,35.459999084472656,35.75,34.900001525878906,25.019207000732422
2003-11-18,18409200,36.599998474121094,34.95000076293945,36.75,34.95000076293945,24.65936279296875
2003-11-17,9816200,35.220001220703125,35.470001220703125,35.91999816894531,34.83000183105469,25.026268005371094
2003-11-14,6387600,36.31999969482422,36.189998626708984,36.65999984741211,35.75,25.534269332885742
2003-11-13,7777000,36.939998626708984,36.31999969482422,36.939998626708984,36.099998474121094,25.625995635986328
2003-11-12,4472700,36.900001525878906,36.939998626708984,36.9900016784668,36.630001068115234,26.063444137573242
2003-11-11,5175900,37.060001373291016,36.93000030517578,37.189998626708984,36.5099983215332,26.056386947631836
2003-11-10,5932100,37.369998931884766,37.060001373291016,37.47999954223633,36.619998931884766,26.14810562133789
2003-11-07,5057200,37.38999938964844,37.369998931884766,37.720001220703125,37.060001373291016,26.366830825805664
2003-11-06,5826300,36.79999923706055,37.31999969482422,37.369998931884766,36.59000015258789,26.331554412841797
2003-11-05,4584400,37.150001525878906,37.099998474121094,37.209999084472656,36.560001373291016,26.176334381103516
2003-11-04,5221100,37.45000076293945,37.27000045776367,37.599998474121094,37.11000061035156,26.296281814575195
2003-11-03,6959300,37.43000030517578,37.52000045776367,37.88999938964844,37.29999923706055,26.4726619720459
2003-10-31,4915200,37.400001525878906,37.06999969482422,37.4900016784668,37.0,26.155162811279297
2003-10-30,5883300,37.52000045776367,37.060001373291016,37.540000915527344,36.63999938964844,26.14810562133789
2003-10-29,7415600,37.220001220703125,37.22999954223633,37.84000015258789,37.04999923706055,26.26804542541504
2003-10-28,12889600,36.380001068115234,37.5,37.5,36.279998779296875,26.458547592163086
2003-10-27,5430100,35.7400016784668,36.0,36.119998931884766,35.68000030517578,25.400217056274414
2003-10-24,6866000,35.5,35.599998474121094,35.7400016784668,35.11000061035156,25.11798095703125
2003-10-23,7017700,35.849998474121094,35.84000015258789,36.16999816894531,35.70000076293945,25.287321090698242
2003-10-22,5297400,36.150001525878906,36.060001373291016,36.29999923706055,35.79999923706055,25.442550659179688
2003-10-21,4898100,36.11000061035156,36.150001525878906,36.5,35.95000076293945,25.50605583190918
2003-10-20,6973800,36.279998779296875,36.099998474121094,36.349998474121094,35.79999923706055,25.47076988220215
2003-10-17,7276900,36.41999816894531,36.150001525878906,36.63999938964844,36.02000045776367,25.50605583190918
2003-10-16,7833800,36.290000915527344,36.310001373291016,36.54999923706055,35.93000030517578,25.618940353393555
2003-10-15,12786800,35.83000183105469,36.290000915527344,36.400001525878906,35.470001220703125,25.604822158813477
2003-10-14,6939600,35.5,35.33000183105469,35.5099983215332,35.189998626708984,24.927490234375
2003-10-13,5948200,35.099998474121094,35.5,35.5,35.099998474121094,25.047433853149414
2003-10-10,6918100,35.02000045776367,34.91999816894531,35.25,34.790000915527344,24.638206481933594
2003-10-09,12209100,34.90999984741211,35.119998931884766,35.4900016784668,34.66999816894531,24.77931785583496
2003-10-08,5623600,34.470001220703125,34.38999938964844,34.47999954223633,34.13999938964844,24.264263153076172
2003-10-07,7272100,33.650001525878906,34.470001220703125,34.47999954223633,33.54999923706055,24.320693969726562
2003-10-06,5318200,33.619998931884766,34.02000045776367,34.150001525878906,33.529998779296875,24.00320053100586
2003-10-03,8669200,33.689998626708984,33.630001068115234,33.900001525878906,33.529998779296875,23.728029251098633
2003-10-02,9057300,33.06999969482422,33.25,33.470001220703125,32.900001525878906,23.45991325378418
2003-10-01,9912200,32.119998931884766,32.900001525878906,33.0,32.060001373291016,23.212974548339844
2003-09-30,9819300,32.150001525878906,31.850000381469727,32.31999969482422,31.649999618530273,22.472131729125977
2003-09-29,7399900,31.8799991607666,32.150001525878906,32.20000076293945,31.690000534057617,22.683805465698242
2003-09-26,6719800,32.099998474121094,31.979999542236328,32.439998626708984,31.899999618530273,22.56385040283203
2003-09-25,6490300,32.380001068115234,32.150001525878906,32.849998474121094,32.130001068115234,22.683805465698242
2003-09-24,5628700,33.0,32.400001525878906,33.0,32.380001068115234,22.86019515991211
2003-09-23,6493000,33.099998474121094,33.0,33.16999816894531,32.810001373291016,23.283531188964844
2003-09-22,5602900,32.86000061035156,32.7400016784668,32.9900016784668,32.560001373291016,23.10008430480957
2003-09-19,8032300,33.040000915527344,33.099998474121094,33.31999969482422,32.84000015258789,23.354080200195312
2003-09-18,9354600,32.900001525878906,33.18000030517578,33.27000045776367,32.5099983215332,23.410531997680664
2003-09-17,8335500,33.130001068115234,33.0,33.29999923706055,32.93000030517578,23.283531188964844
2003-09-16,12875500,32.810001373291016,33.29999923706055,33.31999969482422,32.540000915527344,23.49519157409668
2003-09-15,15480000,31.989999771118164,32.779998779296875,32.900001525878906,31.950000762939453,23.1283016204834
2003-09-12,12207400,31.770000457763672,31.59000015258789,31.770000457763672,31.110000610351562,22.288684844970703
2003-09-11,9628500,31.850000381469727,31.760000228881836,32.25,31.739999771118164,22.408628463745117
2003-09-10,11832300,32.0,31.770000457763672,32.38999938964844,31.700000762939453,22.415693283081055
2003-09-09,19824300,32.9900016784668,32.150001525878906,33.0,31.940000534057617,22.683805465698242
2003-09-08,8739200,33.75,33.75,33.7599983215332,33.349998474121094,23.812702178955078
2003-09-05,11734600,33.84000015258789,33.7599983215332,34.099998474121094,33.27000045776367,23.819759368896484
2003-09-04,18824400,32.849998474121094,34.2400016784668,34.25,32.849998474121094,24.15843391418457
2003-09-03,11368700,32.13999938964844,32.790000915527344,32.86000061035156,32.099998474121094,23.13536262512207
2003-09-02,9068300,31.93000030517578,32.2599983215332,32.33000183105469,31.899999618530273,22.76141929626465
2003-08-29,6875600,32.099998474121094,32.15999984741211,32.2400016784668,31.8700008392334,22.641468048095703
2003-08-28,6342200,32.22999954223633,32.2599983215332,32.849998474121094,32.040000915527344,22.711875915527344
2003-08-27,7076500,32.150001525878906,32.459999084472656,32.61000061035156,32.13999938964844,22.852672576904297
2003-08-26,10068300,32.20000076293945,32.2400016784668,32.400001525878906,31.829999923706055,22.697795867919922
2003-08-25,7901100,32.54999923706055,32.47999954223633,33.119998931884766,32.119998931884766,22.866756439208984
2003-08-22,11956300,32.95000076293945,32.79999923706055,33.099998474121094,32.40999984741211,23.092041015625
2003-08-21,10810700,32.72999954223633,32.7599983215332,32.86000061035156,32.45000076293945,23.06388282775879
2003-08-20,12612000,32.2400016784668,32.56999969482422,32.650001525878906,32.099998474121094,22.93010902404785
2003-08-19,32574000,33.90999984741211,32.15999984741211,34.0,32.02000045776367,22.641468048095703
2003-08-18,11878700,34.040000915527344,33.900001525878906,34.22999954223633,33.720001220703125,23.866470336914062
2003-08-15,5241800,33.25,33.540000915527344,33.540000915527344,33.0099983215332,23.613019943237305
2003-08-14,6313600,33.119998931884766,33.08000183105469,33.2400016784668,32.83000183105469,23.28917121887207
2003-08-13,6164300,33.130001068115234,33.18000030517578,33.34000015258789,33.0,23.359575271606445
2003-08-12,5552400,32.81999969482422,33.130001068115234,33.130001068115234,32.599998474121094,23.324373245239258
2003-08-11,6665400,32.65999984741211,32.689998626708984,33.06999969482422,32.52000045776367,23.014604568481445
2003-08-08,8409000,32.29999923706055,32.720001220703125,32.77000045776367,32.29999923706055,23.035722732543945
2003-08-07,10281900,31.299999237060547,31.959999084472656,32.04999923706055,31.290000915527344,22.500656127929688
2003-08-06,10176400,30.700000762939453,31.31999969482422,31.479999542236328,30.489999771118164,22.050079345703125
2003-08-05,8585900,30.649999618530273,30.299999237060547,30.959999084472656,30.280000686645508,21.33197784423828
2003-08-04,7036200,30.799999237060547,30.950000762939453,31.1299991607666,30.100000381469727,21.78959846496582
2003-08-01,8249800,31.25,30.799999237060547,31.25,30.649999618530273,21.683990478515625
2003-07-31,8446200,31.549999237060547,31.200000762939453,31.860000610351562,31.18000030517578,21.965600967407227
2003-07-30,13376600,31.579999923706055,31.299999237060547,31.639999389648438,30.559999465942383,22.036006927490234
2003-07-29,9160000,31.860000610351562,31.56999969482422,32.16999816894531,31.459999084472656,22.226091384887695
2003-07-28,9533700,32.20000076293945,31.75,32.369998931884766,31.450000762939453,22.352819442749023
2003-07-25,10019400,31.700000762939453,32.0,32.040000915527344,30.90999984741211,22.528823852539062
2003-07-24,7095400,32.15999984741211,31.479999542236328,32.470001220703125,31.459999084472656,22.162734985351562
2003-07-23,8026100,32.029998779296875,32.119998931884766,32.34000015258789,31.68000030517578,22.613304138183594
2003-07-22,12416400,32.31999969482422,31.760000228881836,32.31999969482422,31.399999618530273,22.359853744506836
2003-07-21,7447300,33.20000076293945,32.150001525878906,33.2400016784668,32.150001525878906,22.634431838989258
2003-07-18,6285600,33.5,33.08000183105469,33.5099983215332,32.65999984741211,23.28917121887207
2003-07-17,7127000,33.5,33.099998474121094,34.18000030517578,32.90999984741211,23.303247451782227
2003-07-16,10460600,33.150001525878906,33.5,33.630001068115234,32.59000015258789,23.58486557006836
2003-07-15,10319000,33.54999923706055,33.16999816894531,34.54999923706055,33.08000183105469,23.3525333404541
2003-07-14,7455500,33.70000076293945,33.380001068115234,34.0,33.25,23.50037956237793
2003-07-11,10669200,33.400001525878906,33.16999816894531,33.5,32.959999084472656,23.3525333404541
2003-07-10,11537900,33.4900016784668,32.43000030517578,33.4900016784668,32.0,22.831554412841797
2003-07-09,13723000,34.220001220703125,33.4900016784668,34.4900016784668,33.33000183105469,23.57782745361328
2003-07-08,7614300,33.75,34.54999923706055,34.70000076293945,33.650001525878906,24.324081420898438
2003-07-07,6669400,33.650001525878906,33.77000045776367,33.90999984741211,33.59000015258789,23.774940490722656
2003-07-03,4153900,33.349998474121094,33.400001525878906,33.560001373291016,32.849998474121094,23.514463424682617
2003-07-02,7589800,33.20000076293945,33.439998626708984,33.54999923706055,33.15999984741211,23.542621612548828
2003-07-01,8807900,33.119998931884766,33.099998474121094,33.220001220703125,32.189998626708984,23.303247451782227
2003-06-30,10783600,32.900001525878906,33.119998931884766,34.04999923706055,32.849998474121094,23.317333221435547
2003-06-27,7092500,32.849998474121094,32.470001220703125,32.970001220703125,32.439998626708984,22.85972023010254
2003-06-26,7609800,32.70000076293945,32.470001220703125,33.310001373291016,31.989999771118164,22.85972023010254
2003-06-25,8650500,32.349998474121094,32.45000076293945,33.15999984741211,32.310001373291016,22.84563636779785
2003-06-24,9835400,32.099998474121094,32.220001220703125,32.400001525878906,31.84000015258789,22.6837100982666
2003-06-23,7418800,32.36000061035156,31.920000076293945,32.689998626708984,31.579999923706055,22.47249984741211
2003-06-20,13732900,33.02000045776367,32.4900016784668,33.09000015258789,32.45000076293945,22.873794555664062
2003-06-19,7886000,33.5,32.91999816894531,33.849998474121094,32.869998931884766,23.17652130126953
2003-06-18,12015900,34.43000030517578,33.43000030517578,34.439998626708984,33.2400016784668,23.53557014465332
2003-06-17,7510800,34.400001525878906,34.439998626708984,34.70000076293945,34.33000183105469,24.246641159057617
2003-06-16,9995700,33.810001373291016,34.459999084472656,34.720001220703125,33.58000183105469,24.260723114013672
2003-06-13,10376400,33.150001525878906,33.560001373291016,33.65999984741211,32.88999938964844,23.627103805541992
2003-06-12,6578100,33.20000076293945,32.93000030517578,33.29999923706055,32.54999923706055,23.183557510375977
2003-06-11,6152500,32.459999084472656,32.88999938964844,32.900001525878906,32.31999969482422,23.155406951904297
2003-06-10,6170200,32.459999084472656,32.560001373291016,32.650001525878906,32.20000076293945,22.923072814941406
2003-06-09,6521700,32.86000061035156,32.54999923706055,33.0,32.25,22.87379264831543
2003-06-06,9614400,33.06999969482422,32.86000061035156,33.400001525878906,32.650001525878906,23.091646194458008
2003-06-05,9686300,32.45000076293945,32.81999969482422,32.880001068115234,32.099998474121094,23.063535690307617
2003-06-04,7596500,32.689998626708984,32.4900016784668,32.7599983215332,32.369998931884766,22.831628799438477
2003-06-03,7732600,32.630001068115234,32.689998626708984,32.880001068115234,32.150001525878906,22.97218132019043
2003-06-02,9925600,32.75,32.63999938964844,33.09000015258789,32.38999938964844,22.93703842163086
2003-05-30,8428600,32.29999923706055,32.4900016784668,32.5,32.04999923706055,22.831628799438477
2003-05-29,10262200,31.979999542236328,32.5,32.56999969482422,31.0,22.838661193847656
2003-05-28,10287200,31.59000015258789,31.760000228881836,32.220001220703125,31.5,22.318634033203125
2003-05-27,10011600,30.149999618530273,31.450000762939453,31.579999923706055,30.1200008392334,22.10079574584961
2003-05-23,5588700,30.760000228881836,30.540000915527344,30.81999969482422,30.5,21.461313247680664
2003-05-22,10599200,30.6200008392334,30.84000015258789,31.030000686645508,30.43000030517578,21.672138214111328
2003-05-21,13235900,30.25,30.6200008392334,30.850000381469727,30.049999237060547,21.517534255981445
2003-05-20,39383700,30.549999237060547,30.670000076293945,31.399999618530273,30.399999618530273,21.552663803100586
2003-05-19,16506600,28.25,28.06999969482422,29.100000381469727,27.850000381469727,19.725570678710938
2003-05-16,11254400,29.09000015258789,29.190000534057617,29.190000534057617,28.6200008392334,20.512632369995117
2003-05-15,12929500,29.860000610351562,29.3700008392334,29.899999618530273,28.649999618530273,20.639123916625977
2003-05-14,8791100,30.049999237060547,29.600000381469727,30.200000762939453,29.440000534057617,20.800750732421875
2003-05-13,8392400,29.549999237060547,29.950000762939453,30.25,29.549999237060547,21.046701431274414
2003-05-12,11137400,29.5,30.079999923706055,30.079999923706055,29.420000076293945,21.138059616088867
2003-05-09,7550100,29.450000762939453,29.709999084472656,29.739999771118164,29.149999618530273,20.87803840637207
2003-05-08,7776400,29.350000381469727,29.229999542236328,29.799999237060547,29.010000228881836,20.540742874145508
2003-05-07,9649300,29.5,29.59000015258789,29.899999618530273,29.170000076293945,20.793724060058594
2003-05-06,13626200,29.15999984741211,29.479999542236328,29.68000030517578,29.15999984741211,20.71641731262207
2003-05-05,14546000,28.510000228881836,28.920000076293945,29.309999465942383,28.09000015258789,20.322887420654297
2003-05-02,10056600,27.799999237060547,28.510000228881836,28.600000381469727,27.68000030517578,20.034772872924805
2003-05-01,10986700,28.100000381469727,27.5,28.100000381469727,27.350000381469727,19.32501983642578
2003-04-30,11720600,28.049999237060547,28.1299991607666,28.190000534057617,27.780000686645508,19.767736434936523
2003-04-29,10936400,28.200000762939453,28.25,28.760000228881836,28.1200008392334,19.852069854736328
2003-04-28,6979700,27.5,27.90999984741211,28.0,27.5,19.613136291503906
2003-04-25,6889100,27.649999618530273,27.469999313354492,27.829999923706055,27.399999618530273,19.30394172668457
2003-04-24,7917700,27.420000076293945,27.649999618530273,27.860000610351562,27.420000076293945,19.430421829223633
2003-04-23,8650600,27.549999237060547,27.8799991607666,28.0,27.260000228881836,19.592052459716797
2003-04-22,9557200,27.219999313354492,27.649999618530273,27.75,27.079999923706055,19.430421829223633
2003-04-21,7764100,27.3700008392334,27.469999313354492,27.600000381469727,27.100000381469727,19.30394172668457
2003-04-17,9513700,26.65999984741211,27.3700008392334,27.489999771118164,26.600000381469727,19.23366928100586
2003-04-16,10259000,27.219999313354492,26.649999618530273,27.399999618530273,26.59000015258789,18.727706909179688
2003-04-15,12137100,26.799999237060547,27.15999984741211,27.200000762939453,26.610000610351562,19.086091995239258
2003-04-14,7930700,25.850000381469727,26.549999237060547,26.639999389648438,25.75,18.657432556152344
2003-04-11,10657800,26.010000228881836,25.899999618530273,26.489999771118164,25.6299991607666,18.20065689086914
2003-04-10,15850300,26.0,25.8700008392334,26.200000762939453,25.479999542236328,18.179567337036133
2003-04-09,12678400,26.43000030517578,25.75,26.600000381469727,25.649999618530273,18.095247268676758
2003-04-08,11268600,26.5,26.43000030517578,26.700000762939453,25.979999542236328,18.57309913635254
2003-04-07,13721300,27.25,26.329999923706055,27.5,26.229999542236328,18.502824783325195
2003-04-04,10454500,26.049999237060547,26.43000030517578,26.579999923706055,26.020000457763672,18.57309913635254
2003-04-03,11812400,26.049999237060547,26.030000686645508,26.280000686645508,25.850000381469727,18.292009353637695
2003-04-02,13033900,25.100000381469727,25.8799991607666,26.1299991607666,25.100000381469727,18.18659782409668
2003-04-01,10403600,24.610000610351562,24.790000915527344,24.790000915527344,23.979999542236328,17.420618057250977
2003-03-31,11630500,24.0,24.360000610351562,24.809999465942383,23.829999923706055,17.118457794189453
2003-03-28,7364200,25.059999465942383,24.6299991607666,25.059999465942383,24.420000076293945,17.308191299438477
2003-03-27,7644700,25.020000457763672,25.059999465942383,25.290000915527344,24.700000762939453,17.610353469848633
2003-03-26,11527200,25.149999618530273,25.420000076293945,25.700000762939453,25.0,17.86334800720215
2003-03-25,13468600,24.350000381469727,25.110000610351562,25.209999084472656,24.31999969482422,17.645490646362305
2003-03-24,12019100,24.5,24.3799991607666,25.5,24.100000381469727,17.13250732421875
2003-03-21,15717600,25.5,25.780000686645508,25.799999237060547,25.09000015258789,18.116317749023438
2003-03-20,12848600,24.309999465942383,24.920000076293945,25.030000686645508,23.709999084472656,17.511981964111328
2003-03-19,11782400,23.8799991607666,24.549999237060547,24.700000762939453,23.799999237060547,17.25196647644043
2003-03-18,11698400,23.950000762939453,23.940000534057617,24.09000015258789,23.329999923706055,16.82330894470215
2003-03-17,14499500,22.920000076293945,23.899999618530273,23.979999542236328,22.59000015258789,16.795196533203125
2003-03-14,9413500,23.209999084472656,22.989999771118164,23.479999542236328,22.600000381469727,16.155712127685547
2003-03-13,11208700,22.5,23.149999618530273,23.200000762939453,22.270000457763672,16.268152236938477
2003-03-12,10365400,21.75,22.170000076293945,22.18000030517578,21.65999984741211,15.57947826385498
2003-03-11,7190100,21.989999771118164,21.75,22.229999542236328,21.75,15.284332275390625
2003-03-10,7610700,22.350000381469727,21.920000076293945,22.610000610351562,21.84000015258789,15.361637115478516
2003-03-07,10939100,21.56999969482422,22.520000457763672,22.59000015258789,21.510000228881836,15.782119750976562
2003-03-06,8971100,21.969999313354492,22.100000381469727,22.440000534057617,21.760000228881836,15.487777709960938
2003-03-05,11008300,22.0,22.149999618530273,22.489999771118164,21.760000228881836,15.522815704345703
2003-03-04,11893200,22.889999389648438,22.100000381469727,22.899999618530273,22.049999237060547,15.487777709960938
2003-03-03,10208200,23.489999771118164,23.09000015258789,23.770000457763672,23.0,16.181577682495117
2003-02-28,11461300,22.729999542236328,23.450000762939453,23.59000015258789,22.729999542236328,16.433860778808594
2003-02-27,14378200,23.0,23.110000610351562,23.200000762939453,22.600000381469727,16.19559097290039
2003-02-26,13479300,22.75,22.8799991607666,23.100000381469727,22.610000610351562,16.03440284729004
2003-02-25,20170600,22.399999618530273,22.84000015258789,23.0,21.6200008392334,16.006364822387695
2003-02-24,15189600,22.860000610351562,22.18000030517578,22.860000610351562,22.059999465942383,15.543841361999512
2003-02-21,13246100,21.75,22.40999984741211,22.489999771118164,21.68000030517578,15.705024719238281
2003-02-20,7732900,21.979999542236328,21.649999618530273,21.979999542236328,21.579999923706055,15.17241382598877
2003-02-19,8619900,21.799999237060547,21.84000015258789,22.1200008392334,21.579999923706055,15.305563926696777
2003-02-18,12041300,21.5,21.899999618530273,22.170000076293945,21.450000762939453,15.347617149353027
2003-02-14,10711900,20.6200008392334,21.350000381469727,21.350000381469727,20.469999313354492,14.96216869354248
2003-02-13,12944200,21.200000762939453,20.700000762939453,21.219999313354492,20.18000030517578,14.506651878356934
2003-02-12,7826100,21.229999542236328,21.200000762939453,21.479999542236328,21.149999618530273,14.857057571411133
2003-02-11,10129700,21.530000686645508,21.280000686645508,21.709999084472656,21.149999618530273,14.91311264038086
2003-02-10,8863200,21.450000762939453,21.579999923706055,21.700000762939453,21.010000228881836,15.123360633850098
2003-02-07,11844100,21.899999618530273,21.309999465942383,21.969999313354492,21.299999237060547,14.934144020080566
2003-02-06,17750200,21.270000457763672,21.6299991607666,22.040000915527344,21.270000457763672,15.158405303955078
2003-02-05,11048800,21.270000457763672,21.309999465942383,21.3799991607666,20.950000762939453,14.934144020080566
2003-02-04,11141500,21.149999618530273,21.110000610351562,21.389999389648438,20.799999237060547,14.79398250579834
2003-02-03,12549800,21.0,21.3799991607666,21.489999771118164,20.950000762939453,14.983202934265137
2003-01-31,14137800,20.649999618530273,20.899999618530273,21.040000915527344,20.6200008392334,14.64681625366211
2003-01-30,16044200,20.969999313354492,20.719999313354492,21.34000015258789,20.56999969482422,14.520673751831055
2003-01-29,15072300,20.100000381469727,20.969999313354492,21.06999969482422,20.100000381469727,14.695866584777832
2003-01-28,13693000,20.780000686645508,20.530000686645508,20.8799991607666,20.3799991607666,14.387519836425781
2003-01-27,16422300,21.020000457763672,20.600000381469727,21.399999618530273,20.489999771118164,14.436570167541504
2003-01-24,13705600,21.850000381469727,21.260000228881836,21.920000076293945,21.010000228881836,14.899107933044434
2003-01-23,11995700,21.799999237060547,21.959999084472656,22.06999969482422,21.1299991607666,15.389663696289062
2003-01-22,12664500,21.649999618530273,21.579999923706055,22.149999618530273,21.530000686645508,15.123360633850098
2003-01-21,15390300,22.479999542236328,21.799999237060547,22.65999984741211,21.709999084472656,15.277539253234863
2003-01-17,23525200,22.5,22.43000030517578,22.700000762939453,22.030000686645508,15.719045639038086
2003-01-16,15111400,22.079999923706055,22.170000076293945,22.31999969482422,21.940000534057617,15.536828994750977
2003-01-15,13219100,22.239999771118164,21.8700008392334,22.239999771118164,21.780000686645508,15.326591491699219
2003-01-14,14524700,21.969999313354492,22.040000915527344,22.270000457763672,21.25,15.445730209350586
2003-01-13,17696200,21.920000076293945,21.959999084472656,22.079999923706055,21.549999237060547,15.389663696289062
2003-01-10,16412600,21.239999771118164,21.579999923706055,22.0,21.1299991607666,15.123360633850098
2003-01-09,21948100,21.299999237060547,21.469999313354492,21.59000015258789,21.190000534057617,15.046274185180664
2003-01-08,19973300,21.420000076293945,21.15999984741211,21.6299991607666,21.059999465942383,14.829018592834473
2003-01-07,19715600,21.75,21.459999084472656,22.0,21.399999618530273,15.039259910583496
2003-01-06,23925400,21.59000015258789,21.81999969482422,21.950000762939453,21.399999618530273,15.291555404663086
2003-01-03,65004600,22.520000457763672,21.3799991607666,22.649999618530273,21.25,14.983202934265137
2003-01-02,12884400,24.209999084472656,24.8799991607666,24.90999984741211,24.149999618530273,17.436012268066406
2002-12-31,11774200,23.549999237060547,24.020000457763672,24.170000076293945,23.31999969482422,16.833316802978516
2002-12-30,18383800,23.770000457763672,23.68000030517578,23.899999618530273,23.010000228881836,16.59505271911621
2002-12-27,8281400,23.959999084472656,23.770000457763672,24.239999771118164,23.739999771118164,16.658124923706055
2002-12-26,8403800,24.100000381469727,24.190000534057617,24.59000015258789,23.979999542236328,16.95246696472168
2002-12-24,7312200,24.25,24.200000762939453,24.350000381469727,23.950000762939453,16.95946502685547
2002-12-23,11977800,24.350000381469727,24.450000762939453,24.75,24.299999237060547,17.134668350219727
2002-12-20,25290000,24.989999771118164,24.829999923706055,25.100000381469727,24.399999618530273,17.40096664428711
2002-12-19,11451400,25.219999313354492,24.940000534057617,25.690000534057617,24.899999618530273,17.47806167602539
2002-12-18,13252700,25.739999771118164,25.469999313354492,25.850000381469727,25.100000381469727,17.849485397338867
2002-12-17,13069800,26.450000762939453,25.700000762939453,26.59000015258789,25.649999618530273,18.010669708251953
2002-12-16,13254700,26.399999618530273,26.709999084472656,27.040000915527344,26.260000228881836,18.718486785888672
2002-12-13,15097800,27.299999237060547,26.389999389648438,27.299999237060547,26.3799991607666,18.494226455688477
2002-12-12,14487400,27.190000534057617,27.290000915527344,27.6299991607666,26.850000381469727,19.12495231628418
2002-12-11,13328000,26.780000686645508,26.770000457763672,27.030000686645508,26.200000762939453,18.76053810119629
2002-12-10,16030200,25.84000015258789,26.899999618530273,26.940000534057617,25.84000015258789,18.851638793945312
2002-12-09,12105700,25.950000762939453,25.75,26.06999969482422,25.739999771118164,18.04571533203125
2002-12-06,12104800,25.450000762939453,26.100000381469727,26.229999542236328,25.450000762939453,18.29100227355957
2002-12-05,12711400,25.8799991607666,25.969999313354492,26.200000762939453,25.649999618530273,18.199893951416016
2002-12-04,16843900,25.440000534057617,26.010000228881836,26.309999465942383,25.299999237060547,18.227928161621094
2002-12-03,12795900,26.350000381469727,26.0,26.469999313354492,25.850000381469727,18.22091293334961
2002-12-02,16330500,27.479999542236328,26.469999313354492,27.5,26.260000228881836,18.508249282836914
2002-11-29,7173400,26.489999771118164,26.399999618530273,26.649999618530273,26.260000228881836,18.459304809570312
2002-11-27,18651100,25.270000457763672,26.09000015258789,26.18000030517578,25.229999542236328,18.242542266845703
2002-11-26,13789800,25.25,25.020000457763672,25.389999389648438,24.93000030517578,17.494386672973633
2002-11-25,15416600,25.25,25.450000762939453,25.729999542236328,25.209999084472656,17.795042037963867
2002-11-22,20748200,24.979999542236328,25.149999618530273,25.479999542236328,24.84000015258789,17.585275650024414
2002-11-21,34273000,24.950000762939453,24.979999542236328,25.219999313354492,24.600000381469727,17.466415405273438
2002-11-20,53474800,25.25,24.700000762939453,25.25,23.799999237060547,17.270631790161133
2002-11-19,54316300,26.030000686645508,24.90999984741211,26.75,24.600000381469727,17.41746711730957
2002-11-18,13255200,29.200000762939453,28.600000381469727,29.25,28.450000762939453,19.997583389282227
2002-11-15,12346800,28.0,28.31999969482422,28.799999237060547,27.780000686645508,19.801794052124023
2002-11-14,10308500,27.75,27.84000015258789,28.1200008392334,27.59000015258789,19.466169357299805
2002-11-13,9382700,26.610000610351562,26.950000762939453,27.440000534057617,26.25,18.843868255615234
2002-11-12,10490200,26.700000762939453,26.93000030517578,27.559999465942383,26.149999618530273,18.82988739013672
2002-11-11,7481900,26.649999618530273,26.239999771118164,26.68000030517578,26.200000762939453,18.347429275512695
2002-11-08,11611300,27.350000381469727,26.649999618530273,27.56999969482422,26.440000534057617,18.634105682373047
2002-11-07,11832600,28.309999465942383,27.190000534057617,28.309999465942383,26.8799991607666,19.01167869567871
2002-11-06,11065800,28.450000762939453,28.299999237060547,28.559999465942383,27.799999237060547,19.787809371948242
2002-11-05,11308300,27.25,28.280000686645508,28.3700008392334,27.239999771118164,19.773832321166992
2002-11-04,17446500,28.399999618530273,27.209999084472656,28.600000381469727,27.040000915527344,19.02566909790039
2002-11-01,11772400,28.809999465942383,28.399999618530273,28.809999465942383,28.0,19.85773468017578
2002-10-31,11774400,29.549999237060547,28.8799991607666,29.75,28.420000076293945,20.193357467651367
2002-10-30,8647300,29.829999923706055,29.469999313354492,29.989999771118164,29.049999237060547,20.605886459350586
2002-10-29,10166900,30.0,29.940000534057617,30.290000915527344,28.899999618530273,20.934528350830078
2002-10-28,7662100,31.100000381469727,30.149999618530273,31.190000534057617,29.889999389648438,21.08136558532715
2002-10-25,8379300,30.0,30.579999923706055,30.760000228881836,29.700000762939453,21.382028579711914
2002-10-24,12091200,30.450000762939453,29.889999389648438,31.31999969482422,29.700000762939453,20.89956283569336
2002-10-23,9160600,29.59000015258789,30.440000534057617,30.5,29.489999771118164,21.28413963317871
2002-10-22,9207000,29.5,29.56999969482422,30.18000030517578,29.15999984741211,20.67582130432129
2002-10-21,11724300,30.3799991607666,29.850000381469727,30.399999618530273,29.299999237060547,20.871597290039062
2002-10-18,12708400,29.149999618530273,30.40999984741211,30.610000610351562,28.850000381469727,21.263160705566406
2002-10-17,14699900,29.899999618530273,29.149999618530273,30.299999237060547,29.0,20.38213348388672
2002-10-16,12188300,29.0,28.450000762939453,29.0,27.899999618530273,19.892690658569336
2002-10-15,16979200,27.989999771118164,29.399999618530273,29.5,27.75,20.556941986083984
2002-10-14,10646600,26.0,26.549999237060547,27.479999542236328,25.75,18.564180374145508
2002-10-11,13474900,25.25,26.209999084472656,26.389999389648438,24.790000915527344,18.32645606994629
2002-10-10,17775400,23.979999542236328,24.600000381469727,24.799999237060547,23.18000030517578,17.200719833374023
2002-10-09,16369500,24.770000457763672,23.65999984741211,25.25,23.600000381469727,16.54344940185547
2002-10-08,19936200,24.889999389648438,25.25,25.850000381469727,24.149999618530273,17.65520477294922
2002-10-07,16780400,25.399999618530273,24.209999084472656,25.790000915527344,24.020000457763672,16.928014755249023
2002-10-04,19569600,25.479999542236328,25.799999237060547,26.190000534057617,24.600000381469727,18.039770126342773
2002-10-03,17840600,25.0,24.959999084472656,25.899999618530273,24.450000762939453,17.45242691040039
2002-10-02,18694400,26.1299991607666,24.950000762939453,26.399999618530273,24.5,17.445436477661133
2002-10-01,22640600,25.950000762939453,26.3799991607666,26.600000381469727,24.5,18.445314407348633
2002-09-30,17984100,26.25,26.100000381469727,26.56999969482422,24.75,18.24953269958496
2002-09-27,11593900,28.100000381469727,26.760000228881836,28.5,26.760000228881836,18.71101951599121
2002-09-26,18345000,27.700000762939453,28.270000457763672,28.34000015258789,27.6200008392334,19.766834259033203
2002-09-25,22796100,28.75,27.600000381469727,28.899999618530273,27.239999771118164,19.29836082458496
2002-09-24,13977700,29.25,28.40999984741211,29.8799991607666,28.299999237060547,19.864727020263672
2002-09-23,11466300,31.0,29.8799991607666,31.0,29.059999465942383,20.8925724029541
2002-09-20,13707600,32.369998931884766,31.229999542236328,32.5,30.899999618530273,21.836511611938477
2002-09-19,9377600,32.70000076293945,32.209999084472656,33.5,32.0,22.521743774414062
2002-09-18,8176100,32.900001525878906,33.18000030517578,33.70000076293945,32.560001373291016,23.199987411499023
2002-09-17,8904600,34.5,33.15999984741211,34.900001525878906,33.08000183105469,23.185989379882812
2002-09-16,6461500,33.36000061035156,34.02000045776367,34.25,33.20000076293945,23.78732681274414
2002-09-13,7750800,32.47999954223633,33.45000076293945,33.68000030517578,32.400001525878906,23.38877296447754
2002-09-12,8007800,32.849998474121094,32.47999954223633,33.150001525878906,32.380001068115234,22.710535049438477
2002-09-11,5840000,33.5,33.22999954223633,33.90999984741211,33.099998474121094,23.23493194580078
2002-09-10,7552500,33.4900016784668,33.0,33.5,32.849998474121094,23.074134826660156
2002-09-09,7028300,32.79999923706055,33.2599983215332,33.54999923706055,32.650001525878906,23.255922317504883
2002-09-06,10088400,32.58000183105469,33.25,33.79999923706055,32.58000183105469,23.248933792114258
2002-09-05,10244000,32.0,32.099998474121094,32.63999938964844,31.889999389648438,22.4448299407959
2002-09-04,8564700,31.75,32.59000015258789,32.77000045776367,31.700000762939453,22.787437438964844
2002-09-03,11832300,32.630001068115234,31.860000610351562,32.849998474121094,31.700000762939453,22.277015686035156
2002-08-30,9025700,32.900001525878906,32.93000030517578,33.54999923706055,32.7400016784668,22.990215301513672
2002-08-29,7669500,32.4900016784668,33.040000915527344,33.380001068115234,32.099998474121094,23.067020416259766
2002-08-28,9624100,33.0,32.70000076293945,33.040000915527344,32.4900016784668,22.82963752746582
2002-08-27,13413200,34.29999923706055,33.060001373291016,34.400001525878906,32.95000076293945,23.080982208251953
2002-08-26,10490400,33.650001525878906,33.93000030517578,34.15999984741211,33.349998474121094,23.68838119506836
2002-08-23,15096700,33.86000061035156,33.529998779296875,34.47999954223633,33.45000076293945,23.409116744995117
2002-08-22,17985800,32.959999084472656,33.86000061035156,34.18000030517578,32.79999923706055,23.63950538635254
2002-08-21,23847400,31.399999618530273,32.68000030517578,32.689998626708984,31.229999542236328,22.815683364868164
2002-08-20,24616600,30.540000915527344,30.25,31.0,29.899999618530273,21.119157791137695
2002-08-19,23581300,28.989999771118164,29.030000686645508,29.899999618530273,28.40999984741211,20.267414093017578
2002-08-16,14096400,28.100000381469727,28.100000381469727,28.6299991607666,27.780000686645508,19.618135452270508
2002-08-15,16689800,28.549999237060547,28.93000030517578,29.149999618530273,28.010000228881836,20.197599411010742
2002-08-14,16914500,26.799999237060547,28.280000686645508,28.5,26.5,19.743806838989258
2002-08-13,18725700,26.729999542236328,26.489999771118164,28.079999923706055,26.40999984741211,18.494102478027344
2002-08-12,19157200,27.5,26.700000762939453,27.690000534057617,26.549999237060547,18.64072608947754
2002-08-09,18477700,26.850000381469727,28.290000915527344,28.549999237060547,26.700000762939453,19.750783920288086
2002-08-08,32287500,28.260000228881836,27.139999389648438,28.270000457763672,26.100000381469727,18.947906494140625
2002-08-07,16987100,28.530000686645508,28.260000228881836,28.8700008392334,27.520000457763672,19.729835510253906
2002-08-06,13750000,27.899999618530273,28.030000686645508,28.639999389648438,27.670000076293945,19.569263458251953
2002-08-05,11214000,28.43000030517578,27.479999542236328,28.84000015258789,27.399999618530273,19.185279846191406
2002-08-02,10777300,29.5,28.43000030517578,29.600000381469727,27.959999084472656,19.84853172302246
2002-08-01,12578600,30.75,29.6299991607666,30.799999237060547,29.25,20.68631362915039
2002-07-31,11424700,30.760000228881836,30.8799991607666,31.139999389648438,29.75,21.55900764465332
2002-07-30,11618500,30.959999084472656,30.59000015258789,31.549999237060547,29.899999618530273,21.356538772583008
2002-07-29,13384200,29.959999084472656,30.979999542236328,30.979999542236328,29.719999313354492,21.628822326660156
2002-07-26,12349300,29.25,29.299999237060547,29.600000381469727,28.079999923706055,20.455913543701172
2002-07-25,18263000,30.25,28.850000381469727,30.399999618530273,28.049999237060547,20.141746520996094
2002-07-24,20872500,27.5,30.719999313354492,31.0,27.25,21.447307586669922
2002-07-23,16434900,28.280000686645508,28.149999618530273,29.299999237060547,27.75,19.653032302856445
2002-07-22,17756300,28.899999618530273,28.079999923706055,29.5,28.020000457763672,19.604167938232422
2002-07-19,13688300,29.299999237060547,28.700000762939453,29.899999618530273,28.700000762939453,20.037023544311523
2002-07-18,11875800,31.0,29.610000610351562,31.399999618530273,29.600000381469727,20.672348022460938
2002-07-17,16941800,31.75,30.8799991607666,32.2400016784668,29.899999618530273,21.55900764465332
2002-07-16,21221300,30.450000762939453,30.540000915527344,31.649999618530273,29.950000762939453,21.321624755859375
2002-07-15,25172800,29.600000381469727,30.0,30.25,28.0,20.944625854492188
2002-07-12,46589100,29.360000610351562,29.09000015258789,29.920000076293945,28.399999618530273,20.309310913085938
2002-07-11,23426500,33.400001525878906,31.399999618530273,34.150001525878906,31.399999618530273,21.922033309936523
2002-07-10,15367000,35.29999923706055,33.25,35.75,33.25,23.213634490966797
2002-07-09,13496200,37.04999923706055,35.349998474121094,37.150001525878906,35.150001525878906,24.67975616455078
2002-07-08,9799200,37.7400016784668,36.900001525878906,38.130001068115234,36.900001525878906,25.761892318725586
2002-07-05,5060400,37.20000076293945,37.9900016784668,38.5,37.029998779296875,26.522871017456055
2002-07-03,12426000,34.0,36.849998474121094,36.849998474121094,33.91999816894531,25.72698211669922
2002-07-02,10936300,35.27000045776367,33.75,35.970001220703125,33.75,23.562715530395508
2002-07-01,8997300,36.75,35.54999923706055,37.47999954223633,35.470001220703125,24.81937599182129
2002-06-28,10237200,37.099998474121094,36.72999954223633,38.0,36.5099983215332,25.64320182800293
2002-06-27,10905000,37.45000076293945,37.20000076293945,37.59000015258789,36.0,25.971343994140625
2002-06-26,12075600,35.5,36.540000915527344,36.79999923706055,35.29999923706055,25.51055335998535
2002-06-25,9570300,37.5,36.13999938964844,38.150001525878906,35.900001525878906,25.231306076049805
2002-06-24,10618500,35.70000076293945,36.66999816894531,37.25,34.900001525878906,25.601308822631836
2002-06-21,12176300,36.099998474121094,35.66999816894531,36.5,35.5,24.90317726135254
2002-06-20,8264100,37.599998474121094,36.5099983215332,38.25,36.5,25.48960304260254
2002-06-19,10567000,37.619998931884766,37.650001525878906,38.790000915527344,37.2599983215332,26.285499572753906
2002-06-18,9382500,38.349998474121094,37.599998474121094,38.5,37.599998474121094,26.25059700012207
2002-06-17,10391800,37.20000076293945,38.5,38.900001525878906,36.81999969482422,26.878944396972656
2002-06-14,11835300,36.599998474121094,36.97999954223633,37.5,36.5,25.817750930786133
2002-06-13,8931200,37.5099983215332,37.900001525878906,38.45000076293945,37.5099983215332,26.46004295349121
2002-06-12,12306500,39.06999969482422,38.060001373291016,39.150001525878906,38.0,26.571752548217773
2002-06-11,8343200,40.04999923706055,39.15999984741211,40.900001525878906,39.0,27.3397274017334
2002-06-10,8409600,38.83000183105469,39.95000076293945,40.20000076293945,38.75,27.856355667114258
2002-06-07,10797100,38.5,38.83000183105469,39.099998474121094,38.2599983215332,27.07539939880371
2002-06-06,10427300,40.540000915527344,39.0099983215332,40.599998474121094,38.849998474121094,27.200908660888672
2002-06-05,9548100,40.29999923706055,40.540000915527344,41.20000076293945,40.11000061035156,28.26775550842285
2002-06-04,11057900,40.5099983215332,40.099998474121094,40.900001525878906,39.45000076293945,27.9609432220459
2002-06-03,8726800,41.150001525878906,40.52000045776367,42.04999923706055,40.29999923706055,28.253807067871094
2002-05-31,16912200,40.75,41.689998626708984,42.27000045776367,40.650001525878906,29.069618225097656
2002-05-30,16635500,40.75,40.150001525878906,40.849998474121094,39.849998474121094,27.995807647705078
2002-05-29,14882000,41.0,40.95000076293945,41.9900016784668,40.5,28.55364418029785
2002-05-28,19734700,42.75,41.540000915527344,43.41999816894531,40.52000045776367,28.965030670166016
2002-05-24,10466600,43.0,43.41999816894531,43.63999938964844,42.900001525878906,30.27591896057129
2002-05-23,16275300,44.0099983215332,42.900001525878906,44.099998474121094,42.599998474121094,29.913328170776367
2002-05-22,19553900,44.779998779296875,44.25,44.779998779296875,42.5099983215332,30.854652404785156
2002-05-21,22179600,47.650001525878906,44.900001525878906,47.65999984741211,44.75,31.307886123657227
2002-05-20,10370800,48.9900016784668,48.5,49.5,48.2599983215332,33.818092346191406
2002-05-17,5530900,47.20000076293945,48.09000015258789,48.099998474121094,47.150001525878906,33.53221130371094
2002-05-16,5240900,47.25,47.0,47.29999923706055,46.619998931884766,32.772193908691406
2002-05-15,8454500,47.97999954223633,47.0,48.70000076293945,46.779998779296875,32.772193908691406
2002-05-14,8185400,47.0,47.97999954223633,47.97999954223633,46.79999923706055,33.45551300048828
2002-05-13,5896300,45.5,45.619998931884766,45.63999938964844,44.900001525878906,31.8099308013916
2002-05-10,4959100,46.04999923706055,45.5,46.2400016784668,45.060001373291016,31.72627067565918
2002-05-09,5696300,46.20000076293945,46.150001525878906,46.58000183105469,45.650001525878906,32.17948532104492
2002-05-08,6929300,46.75,46.349998474121094,46.900001525878906,45.849998474121094,32.31895065307617
2002-05-07,9049300,45.20000076293945,45.709999084472656,45.709999084472656,45.0,31.872695922851562
2002-05-06,6536300,46.5,44.70000076293945,46.5,44.560001373291016,31.16843605041504
2002-05-03,5299900,46.79999923706055,46.5,46.970001220703125,45.9900016784668,32.423545837402344
2002-05-02,6820500,46.540000915527344,46.79999923706055,47.5,46.41999816894531,32.63273620605469
2002-05-01,9459700,46.439998626708984,46.540000915527344,46.970001220703125,45.400001525878906,32.45143127441406
2002-04-30,9027400,46.709999084472656,46.369998931884766,47.209999084472656,46.0,32.332881927490234
2002-04-29,7133700,47.70000076293945,46.959999084472656,48.209999084472656,46.959999084472656,32.74428939819336
2002-04-26,4548200,49.099998474121094,48.09000015258789,49.29999923706055,48.060001373291016,33.53221130371094
2002-04-25,5848800,48.16999816894531,48.66999816894531,48.900001525878906,47.900001525878906,33.93663787841797
2002-04-24,5576800,48.869998931884766,48.16999816894531,49.189998626708984,48.060001373291016,33.587989807128906
2002-04-23,6304900,48.52000045776367,48.86000061035156,49.20000076293945,48.0,34.06912612915039
2002-04-22,7705400,49.0099983215332,48.5099983215332,49.5099983215332,48.5099983215332,33.8250732421875
2002-04-19,6608500,49.75,49.150001525878906,49.900001525878906,49.099998474121094,34.271331787109375
2002-04-18,5226400,49.599998474121094,49.52000045776367,49.7599983215332,48.599998474121094,34.52934265136719
2002-04-17,3836200,49.599998474121094,49.369998931884766,49.90999984741211,49.11000061035156,34.42473602294922
2002-04-16,6424500,49.52000045776367,49.84000015258789,49.849998474121094,48.970001220703125,34.75246047973633
2002-04-15,4793800,50.150001525878906,49.20000076293945,50.2400016784668,49.02000045776367,34.30620193481445
2002-04-12,5825500,49.75,50.36000061035156,50.459999084472656,49.4900016784668,35.11503982543945
2002-04-11,6956500,49.7400016784668,49.33000183105469,50.290000915527344,49.16999816894531,34.396854400634766
2002-04-10,4372900,49.15999984741211,49.7400016784668,49.75,48.939998626708984,34.68273162841797
2002-04-09,5068700,49.5,49.08000183105469,49.869998931884766,49.0,34.2225227355957
2002-04-08,4669400,48.29999923706055,49.5,49.5,48.29999923706055,34.515380859375
2002-04-05,5547500,48.349998474121094,48.77000045776367,49.09000015258789,48.099998474121094,34.00636672973633
2002-04-04,5382900,47.25,48.150001525878906,48.279998779296875,47.150001525878906,33.57404327392578
2002-04-03,7151300,47.65999984741211,46.95000076293945,48.29999923706055,46.0,32.73731231689453
2002-04-02,6247500,48.220001220703125,47.5099983215332,48.220001220703125,47.25,33.12778854370117
2002-04-01,6961800,48.150001525878906,48.220001220703125,48.79999923706055,48.060001373291016,33.62287521362305
2002-03-28,5981500,49.0,48.61000061035156,49.099998474121094,48.310001373291016,33.89479446411133
2002-03-27,6815400,49.099998474121094,49.2599983215332,49.400001525878906,48.29999923706055,34.34803009033203
2002-03-26,7481600,48.20000076293945,49.0,49.220001220703125,48.150001525878906,34.166748046875
2002-03-25,5216600,49.150001525878906,48.45000076293945,49.5,48.0,33.783241271972656
2002-03-22,5208600,48.9900016784668,49.36000061035156,49.75,48.540000915527344,34.41777038574219
2002-03-21,7946500,49.52000045776367,49.04999923706055,49.63999938964844,48.52000045776367,34.20161056518555
2002-03-20,7084700,49.29999923706055,49.63999938964844,50.25,49.029998779296875,34.61300277709961
2002-03-19,6070900,49.2400016784668,49.5,49.790000915527344,48.93000030517578,34.515380859375
2002-03-18,5762200,49.43000030517578,48.709999084472656,49.43000030517578,48.25,33.964542388916016
2002-03-15,10340300,48.349998474121094,48.91999816894531,48.97999954223633,47.75,34.1109504699707
2002-03-14,4748700,48.25,48.349998474121094,48.9900016784668,48.20000076293945,33.713504791259766
2002-03-13,6465400,47.900001525878906,48.5,48.709999084472656,47.54999923706055,33.818092346191406
2002-03-12,7512700,48.099998474121094,48.349998474121094,48.709999084472656,47.77000045776367,33.713504791259766
2002-03-11,6442900,48.90999984741211,48.33000183105469,48.90999984741211,48.09000015258789,33.66470718383789
2002-03-08,6996700,48.900001525878906,48.939998626708984,49.400001525878906,48.54999923706055,34.089595794677734
2002-03-07,8833800,49.560001373291016,48.400001525878906,49.599998474121094,48.0,33.713462829589844
2002-03-06,9741600,47.75,48.70000076293945,48.970001220703125,47.70000076293945,33.92243957519531
2002-03-05,14541800,49.18000030517578,47.5,49.18000030517578,47.099998474121094,33.0865592956543
2002-03-04,12373700,49.0,49.900001525878906,50.150001525878906,48.65999984741211,34.75830841064453
2002-03-01,8664600,50.279998779296875,50.290000915527344,50.5,49.70000076293945,35.02994918823242
2002-02-28,9268900,50.90999984741211,50.0,51.0,49.70000076293945,34.827945709228516
2002-02-27,8919700,52.150001525878906,50.91999816894531,52.25,50.439998626708984,35.46879196166992
2002-02-26,12242200,52.099998474121094,51.5099983215332,52.599998474121094,50.56999969482422,35.8797607421875
2002-02-25,8632400,51.25,52.06999969482422,52.119998931884766,51.08000183105469,36.269840240478516
2002-02-22,8604300,50.970001220703125,51.0,51.040000915527344,49.79999923706055,35.52451705932617
2002-02-21,7551200,51.380001068115234,51.29999923706055,52.099998474121094,50.7599983215332,35.733482360839844
2002-02-20,8007300,50.779998779296875,51.709999084472656,51.790000915527344,50.5099983215332,36.019065856933594
2002-02-19,5684900,50.7400016784668,50.349998474121094,51.310001373291016,50.29999923706055,35.07175064086914
2002-02-15,5937600,51.54999923706055,50.52000045776367,51.54999923706055,50.20000076293945,35.190162658691406
2002-02-14,5358500,51.4900016784668,51.54999923706055,51.900001525878906,50.849998474121094,35.907623291015625
2002-02-13,6119500,51.0,51.2400016784668,51.72999954223633,50.5,35.69169998168945
2002-02-12,4844800,50.5,50.310001373291016,50.900001525878906,50.20000076293945,35.04389572143555
2002-02-11,5716600,49.52000045776367,50.5,50.75,49.5,35.17623519897461
2002-02-08,4789000,49.0,49.70000076293945,49.75,48.560001373291016,34.61899185180664
2002-02-07,4905900,48.91999816894531,48.849998474121094,49.52000045776367,48.5099983215332,34.02690124511719
2002-02-06,4306900,49.04999923706055,48.90999984741211,49.349998474121094,48.5,34.06871032714844
2002-02-05,7221600,48.9900016784668,49.099998474121094,49.40999984741211,48.349998474121094,34.2010498046875
2002-02-04,6246900,49.5,48.9900016784668,50.13999938964844,48.79999923706055,34.12441635131836
2002-02-01,5025800,50.0,49.400001525878906,50.150001525878906,49.0099983215332,34.41001510620117
2002-01-31,7555000,49.5,50.09000015258789,50.20000076293945,49.040000915527344,34.89064025878906
2002-01-30,7776900,47.0,49.06999969482422,49.349998474121094,47.0,34.180152893066406
2002-01-29,5715100,47.970001220703125,47.0,48.54999923706055,46.900001525878906,32.73827362060547
2002-01-28,4683700,47.5,47.79999923706055,47.880001068115234,47.20000076293945,33.2955322265625
2002-01-25,7529800,47.5,47.0,47.5099983215332,46.90999984741211,32.73827362060547
2002-01-24,6254900,48.70000076293945,47.9900016784668,49.22999954223633,47.900001525878906,33.42786407470703
2002-01-23,4568300,48.650001525878906,48.52000045776367,49.0,48.25,33.79706954956055
2002-01-22,4901000,48.95000076293945,48.5,49.4900016784668,48.310001373291016,33.78312683105469
2002-01-18,5394500,48.0,48.5,49.0,47.75,33.78312683105469
2002-01-17,8933200,48.95000076293945,48.0,49.040000915527344,47.75,33.43482971191406
2002-01-16,4163900,49.650001525878906,49.09000015258789,49.95000076293945,49.09000015258789,34.19408416748047
2002-01-15,6201800,49.529998779296875,49.70000076293945,50.16999816894531,49.150001525878906,34.61899185180664
2002-01-14,7568100,50.459999084472656,49.529998779296875,50.54999923706055,49.40999984741211,34.50056838989258
2002-01-11,6278400,50.54999923706055,50.459999084472656,51.13999938964844,50.349998474121094,35.148372650146484
2002-01-10,6625400,50.2599983215332,50.29999923706055,51.099998474121094,49.75,35.03691864013672
2002-01-09,6352600,51.400001525878906,50.2599983215332,51.650001525878906,50.060001373291016,35.00905227661133
2002-01-08,5172400,51.099998474121094,51.099998474121094,51.290000915527344,50.61000061035156,35.594173431396484
2002-01-07,6288800,51.099998474121094,50.59000015258789,51.54999923706055,50.529998779296875,35.238922119140625
2002-01-04,5523200,50.4900016784668,50.95000076293945,50.970001220703125,50.099998474121094,35.489688873291016
2002-01-03,5186600,50.150001525878906,50.04999923706055,50.38999938964844,49.5,34.8627815246582
2002-01-02,7291300,51.0099983215332,50.38999938964844,51.0099983215332,49.400001525878906,35.099609375
2001-12-31,3972200,51.02000045776367,51.0099983215332,51.36000061035156,51.0,35.53147506713867
2001-12-28,3679900,51.939998626708984,51.5,51.9900016784668,51.27000045776367,35.872798919677734
2001-12-27,4287400,51.5,51.439998626708984,51.93000030517578,50.810001373291016,35.83097839355469
2001-12-26,3828900,51.38999938964844,51.619998931884766,52.040000915527344,51.38999938964844,35.956390380859375
2001-12-24,2519700,51.349998474121094,51.31999969482422,51.599998474121094,51.22999954223633,35.74742126464844
2001-12-21,10996500,50.849998474121094,51.5,51.5,49.95000076293945,35.872798919677734
2001-12-20,4591100,50.45000076293945,50.310001373291016,50.959999084472656,50.04999923706055,35.04389572143555
2001-12-19,6364800,50.04999923706055,50.599998474121094,50.599998474121094,49.65999984741211,35.24589157104492
2001-12-18,6992000,50.400001525878906,50.15999984741211,51.04999923706055,49.97999954223633,34.93941116333008
2001-12-17,7298000,49.810001373291016,50.0,50.47999954223633,49.15999984741211,34.827945709228516
2001-12-14,9046900,48.0,49.810001373291016,50.099998474121094,47.599998474121094,34.69561004638672
2001-12-13,6056100,47.75,48.0,48.349998474121094,47.150001525878906,33.43482971191406
2001-12-12,6814400,47.95000076293945,48.349998474121094,48.900001525878906,47.72999954223633,33.67862319946289
2001-12-11,5020400,48.0,47.970001220703125,48.25,47.349998474121094,33.4139404296875
2001-12-10,5626600,49.29999923706055,48.2599983215332,49.310001373291016,48.0,33.61593246459961
2001-12-07,4819800,48.86000061035156,49.40999984741211,49.650001525878906,48.599998474121094,34.4169807434082
2001-12-06,7409000,49.099998474121094,49.150001525878906,49.65999984741211,48.65999984741211,34.235877990722656
2001-12-05,14671400,47.939998626708984,49.900001525878906,50.400001525878906,47.810001373291016,34.75830841064453
2001-12-04,10860900,47.20000076293945,47.70000076293945,48.189998626708984,46.91999816894531,33.225868225097656
2001-12-03,9213300,46.65999984741211,46.38999938964844,46.900001525878906,46.25,32.313385009765625
2001-11-30,14775400,45.0,46.650001525878906,47.0,45.0,32.494468688964844
2001-11-29,7297700,44.2400016784668,44.02000045776367,44.4900016784668,43.54999923706055,30.66254234313965
2001-11-28,10684400,42.75,43.79999923706055,44.27000045776367,42.650001525878906,30.509275436401367
2001-11-27,12722800,44.79999923706055,43.349998474121094,45.0,42.90999984741211,30.16101837158203
2001-11-26,7722300,46.0,45.52000045776367,46.119998931884766,44.79999923706055,31.63600730895996
2001-11-23,2671900,45.849998474121094,46.58000183105469,46.65999984741211,45.84000015258789,32.372703552246094
2001-11-21,4381100,45.75,46.380001068115234,46.43000030517578,45.599998474121094,32.23369598388672
2001-11-20,5799600,46.5099983215332,46.18000030517578,46.75,45.900001525878906,32.094703674316406
2001-11-19,8395600,46.0,47.06999969482422,47.22999954223633,45.70000076293945,32.713253021240234
2001-11-16,9341800,46.4900016784668,45.79999923706055,46.5,45.04999923706055,31.83060646057129
2001-11-15,7493400,45.72999954223633,46.4900016784668,46.7400016784668,45.41999816894531,32.310142517089844
2001-11-14,12221500,45.0,46.22999954223633,46.31999969482422,44.0,32.129459381103516
2001-11-13,11132500,43.0,44.0,44.630001068115234,42.45000076293945,30.579620361328125
2001-11-12,6561800,40.5,41.119998931884766,41.599998474121094,40.0,28.578054428100586
2001-11-09,3969500,41.88999938964844,42.11000061035156,42.29999923706055,41.20000076293945,29.266084671020508
2001-11-08,7273600,42.689998626708984,41.88999938964844,43.599998474121094,41.4900016784668,29.113189697265625
2001-11-07,5923000,42.45000076293945,41.95000076293945,42.95000076293945,41.70000076293945,29.154891967773438
2001-11-06,7596400,41.54999923706055,42.70000076293945,42.70000076293945,41.20000076293945,29.676122665405273
2001-11-05,8191800,41.150001525878906,41.54999923706055,42.150001525878906,41.0099983215332,28.876893997192383
2001-11-02,11010100,38.79999923706055,40.31999969482422,40.91999816894531,38.400001525878906,28.022056579589844
2001-11-01,7256600,38.22999954223633,38.400001525878906,38.939998626708984,37.470001220703125,26.687679290771484
2001-10-31,9468300,37.9900016784668,38.22999954223633,39.0099983215332,37.349998474121094,26.56952667236328
2001-10-30,8989900,38.25,37.599998474121094,38.33000183105469,37.150001525878906,26.131675720214844
2001-10-29,5679200,39.75,38.619998931884766,40.099998474121094,38.52000045776367,26.840564727783203
2001-10-26,5901300,40.20000076293945,40.290000915527344,40.63999938964844,39.68000030517578,28.00119972229004
2001-10-25,8327300,39.70000076293945,40.45000076293945,40.45000076293945,38.75,28.112398147583008
2001-10-24,5536400,40.34000015258789,40.20000076293945,40.79999923706055,39.849998474121094,27.938650131225586
2001-10-23,7189900,40.84000015258789,40.349998474121094,41.029998779296875,39.95000076293945,28.042905807495117
2001-10-22,8669800,40.15999984741211,39.95000076293945,40.77000045776367,38.779998779296875,27.76491355895996
2001-10-19,7786800,41.099998474121094,40.40999984741211,41.220001220703125,40.0,28.084606170654297
2001-10-18,7382200,40.29999923706055,40.70000076293945,41.790000915527344,39.79999923706055,28.286165237426758
2001-10-17,6201900,42.0,40.5099983215332,42.5,40.400001525878906,28.154104232788086
2001-10-16,4728200,41.209999084472656,41.619998931884766,41.79999923706055,40.400001525878906,28.92554473876953
2001-10-15,6194600,40.75,40.959999084472656,41.22999954223633,40.0,28.466848373413086
2001-10-12,9989600,42.380001068115234,41.68000030517578,42.400001525878906,40.189998626708984,28.967243194580078
2001-10-11,12261600,41.0,43.099998474121094,43.119998931884766,41.0,29.954124450683594
2001-10-10,7337700,38.16999816894531,40.209999084472656,40.290000915527344,37.90999984741211,27.945608139038086
2001-10-09,8105400,39.20000076293945,37.900001525878906,39.20000076293945,37.54999923706055,26.340171813964844
2001-10-08,5532700,39.40999984741211,38.369998931884766,39.40999984741211,38.150001525878906,26.666818618774414
2001-10-05,6713400,39.20000076293945,39.40999984741211,39.5099983215332,37.900001525878906,27.38960838317871
2001-10-04,8620400,40.79999923706055,39.189998626708984,40.95000076293945,39.189998626708984,27.236711502075195
2001-10-03,8645800,38.849998474121094,40.83000183105469,41.08000183105469,38.619998931884766,28.37649154663086
2001-10-02,6284500,38.25,39.04999923706055,39.36000061035156,37.90999984741211,27.139413833618164
2001-10-01,8279300,38.119998931884766,37.81999969482422,38.369998931884766,37.099998474121094,26.284574508666992
2001-09-28,9380100,37.25,38.369998931884766,38.79999923706055,36.349998474121094,26.666818618774414
2001-09-27,7937500,36.099998474121094,36.900001525878906,37.099998474121094,35.5,25.64518165588379
2001-09-26,8373400,37.20000076293945,35.54999923706055,37.349998474121094,35.54999923706055,24.706941604614258
2001-09-25,11481000,36.7400016784668,36.29999923706055,37.2400016784668,35.369998931884766,25.228187561035156
2001-09-24,12591500,33.119998931884766,36.0099983215332,36.52000045776367,33.099998474121094,25.026630401611328
2001-09-21,18367700,30.799999237060547,33.11000061035156,33.52000045776367,30.299999237060547,23.011165618896484
2001-09-20,15620100,33.29999923706055,32.79999923706055,34.70000076293945,32.400001525878906,22.795717239379883
2001-09-19,15368500,37.29999923706055,35.29999923706055,37.68000030517578,34.02000045776367,24.533203125
2001-09-18,17420200,36.9900016784668,36.689998626708984,38.18000030517578,35.25,25.499229431152344
2001-09-17,25283900,35.5,36.20000076293945,37.25,35.0,25.1586856842041
2001-09-10,11048500,40.08000183105469,40.54999923706055,41.29999923706055,40.060001373291016,28.181900024414062
2001-09-07,19099700,42.20000076293945,40.95000076293945,43.4900016784668,40.0,28.459897994995117
2001-09-06,7881900,45.2599983215332,43.54999923706055,46.25,43.400001525878906,30.266876220703125
2001-09-05,6845700,46.81999969482422,45.9900016784668,46.81999969482422,44.79999923706055,31.9626522064209
2001-09-04,6475000,45.81999969482422,46.81999969482422,48.0,45.810001373291016,32.53950119018555
2001-08-31,5730000,45.849998474121094,45.95000076293945,47.130001068115234,45.84000015258789,31.934850692749023
2001-08-30,8332600,46.5,45.81999969482422,47.15999984741211,45.27000045776367,31.844512939453125
2001-08-29,6540600,47.650001525878906,47.0,47.75,46.599998474121094,32.66459274291992
2001-08-28,5532800,48.54999923706055,47.900001525878906,48.95000076293945,47.849998474121094,33.290096282958984
2001-08-27,5885100,49.439998626708984,48.9900016784668,49.58000183105469,48.349998474121094,34.01982498168945
2001-08-24,6012100,48.2599983215332,49.939998626708984,49.95000076293945,47.900001525878906,34.67952346801758
2001-08-23,4275500,48.70000076293945,47.9900016784668,48.84000015258789,47.54999923706055,33.325401306152344
2001-08-22,5007100,48.130001068115234,48.849998474121094,49.0,47.650001525878906,33.92261505126953
2001-08-21,5261900,49.959999084472656,48.099998474121094,49.959999084472656,48.099998474121094,33.401798248291016
2001-08-20,5670100,49.02000045776367,49.79999923706055,50.0,48.88999938964844,34.582313537597656
2001-08-17,4452300,49.84000015258789,49.22999954223633,49.84000015258789,48.900001525878906,34.18650817871094
2001-08-16,5875600,48.75,49.88999938964844,49.970001220703125,48.75,34.64481735229492
2001-08-15,6004400,49.5,49.189998626708984,49.779998779296875,48.95000076293945,34.158721923828125
2001-08-14,6750600,49.0,49.29999923706055,49.95000076293945,49.0,34.235103607177734
2001-08-13,5452200,48.459999084472656,48.099998474121094,48.63999938964844,47.400001525878906,33.401798248291016
2001-08-10,3746500,48.849998474121094,48.459999084472656,48.880001068115234,47.31999969482422,33.65178298950195
2001-08-09,6216500,48.400001525878906,48.47999954223633,48.75,47.95000076293945,33.66566467285156
2001-08-08,5792900,48.9900016784668,47.880001068115234,49.45000076293945,47.75,33.2490234375
2001-08-07,4658200,48.75,48.9900016784668,49.4900016784668,48.380001068115234,34.01982498168945
2001-08-06,4571800,49.45000076293945,48.279998779296875,49.650001525878906,47.959999084472656,33.52678298950195
2001-08-03,3937400,49.95000076293945,49.130001068115234,49.95000076293945,48.599998474121094,34.11705017089844
2001-08-02,4275400,50.13999938964844,49.779998779296875,50.29999923706055,49.349998474121094,34.56842803955078
2001-08-01,4751900,50.369998931884766,49.779998779296875,50.70000076293945,49.4900016784668,34.56842803955078
2001-07-31,7001100,49.900001525878906,50.369998931884766,50.900001525878906,49.279998779296875,34.97815704345703
2001-07-30,4135400,49.650001525878906,49.54999923706055,49.95000076293945,48.86000061035156,34.40871047973633
2001-07-27,3601600,49.59000015258789,49.650001525878906,49.70000076293945,48.40999984741211,34.4781494140625
2001-07-26,6060400,49.0,49.5,49.619998931884766,48.70000076293945,34.37398147583008
2001-07-25,5720200,47.599998474121094,49.209999084472656,49.29999923706055,46.849998474121094,34.172607421875
2001-07-24,4062200,48.400001525878906,47.13999938964844,48.400001525878906,46.560001373291016,32.73515701293945
2001-07-23,3717500,49.650001525878906,47.970001220703125,49.880001068115234,47.970001220703125,33.3115234375
2001-07-20,4102500,49.79999923706055,49.400001525878906,50.099998474121094,49.099998474121094,34.304527282714844
2001-07-19,4354400,49.4900016784668,49.79999923706055,49.970001220703125,48.75,34.582313537597656
2001-07-18,5055400,49.0,49.2400016784668,49.900001525878906,48.470001220703125,34.19343185424805
2001-07-17,4311200,49.099998474121094,49.52000045776367,49.900001525878906,48.54999923706055,34.387874603271484
2001-07-16,4835000,48.900001525878906,49.099998474121094,49.47999954223633,48.130001068115234,34.09622573852539
2001-07-13,5827400,48.0,48.70000076293945,49.0,47.22999954223633,33.81845474243164
2001-07-12,6943400,45.709999084472656,48.0,48.130001068115234,45.63999938964844,33.332340240478516
2001-07-11,5902300,45.45000076293945,45.709999084472656,46.04999923706055,44.599998474121094,31.742122650146484
2001-07-10,6766600,47.0,45.0,47.22999954223633,44.959999084472656,31.249074935913086
2001-07-09,4042700,45.45000076293945,45.9900016784668,46.11000061035156,45.0,31.936559677124023
2001-07-06,6077400,46.650001525878906,45.36000061035156,46.650001525878906,44.86000061035156,31.499073028564453
2001-07-05,6393100,47.150001525878906,46.65999984741211,47.38999938964844,46.2599983215332,32.401817321777344
2001-07-03,2435000,48.04999923706055,47.88999938964844,48.18000030517578,47.349998474121094,33.2559700012207
2001-07-02,4711300,46.9900016784668,47.70000076293945,48.25,46.70000076293945,33.1240234375
2001-06-29,7624000,47.25,47.2400016784668,47.7400016784668,46.54999923706055,32.80458068847656
2001-06-28,7310500,47.20000076293945,47.0,48.540000915527344,46.86000061035156,32.63792037963867
2001-06-27,5776800,46.900001525878906,46.849998474121094,48.25,46.70000076293945,32.53376770019531
2001-06-26,9434900,48.099998474121094,47.150001525878906,48.45000076293945,46.599998474121094,32.74208068847656
2001-06-25,7937800,49.75,49.0,49.95000076293945,48.040000915527344,34.02678298950195
2001-06-22,5113500,50.79999923706055,50.709999084472656,51.040000915527344,49.779998779296875,35.21424865722656
2001-06-21,6567200,49.7400016784668,50.779998779296875,51.11000061035156,49.25,35.26283645629883
2001-06-20,7581600,49.4900016784668,49.2400016784668,50.900001525878906,48.119998931884766,34.19343185424805
2001-06-19,3572300,49.900001525878906,49.4900016784668,50.09000015258789,49.04999923706055,34.36705780029297
2001-06-18,4486800,49.400001525878906,49.0,50.20000076293945,49.0,34.02678298950195
2001-06-15,7731100,48.95000076293945,48.900001525878906,49.38999938964844,48.099998474121094,33.957340240478516
2001-06-14,3411400,50.060001373291016,49.5099983215332,50.599998474121094,49.15999984741211,34.38093185424805
2001-06-13,3952400,51.11000061035156,50.5099983215332,51.45000076293945,50.45000076293945,35.07535934448242
2001-06-12,4186000,50.779998779296875,51.11000061035156,51.209999084472656,49.33000183105469,35.49200439453125
2001-06-11,3974500,50.79999923706055,50.72999954223633,51.099998474121094,50.54999923706055,35.200347900390625
2001-06-08,3235400,50.720001220703125,50.79999923706055,51.189998626708984,50.349998474121094,35.248924255371094
2001-06-07,5732200,49.349998474121094,50.709999084472656,50.900001525878906,49.04999923706055,35.18647766113281
2001-06-06,4114200,49.95000076293945,49.5099983215332,50.2400016784668,49.47999954223633,34.35382080078125
2001-06-05,7372100,50.349998474121094,50.349998474121094,50.900001525878906,49.5,34.93668746948242
2001-06-04,4721900,49.5,50.0,50.04999923706055,48.86000061035156,34.693809509277344
2001-06-01,5124600,49.0,49.2599983215332,49.290000915527344,48.599998474121094,34.180355072021484
2001-05-31,8098300,50.099998474121094,49.290000915527344,50.349998474121094,48.400001525878906,34.201171875
2001-05-30,7964800,51.25,49.9900016784668,51.84000015258789,49.5,34.686885833740234
2001-05-29,7858700,52.150001525878906,50.540000915527344,52.36000061035156,50.189998626708984,35.06852340698242
2001-05-25,3354500,52.95000076293945,52.279998779296875,53.20000076293945,52.279998779296875,36.27585983276367
2001-05-24,5039200,52.5,53.45000076293945,53.45000076293945,51.79999923706055,37.08769607543945
2001-05-23,4794300,52.849998474121094,52.619998931884766,53.20000076293945,51.70000076293945,36.511775970458984
2001-05-22,5401600,52.900001525878906,52.9900016784668,53.599998474121094,52.0,36.768524169921875
2001-05-21,6873300,52.70000076293945,53.380001068115234,53.72999954223633,51.880001068115234,37.03910827636719
2001-05-18,5857900,51.93000030517578,52.70000076293945,52.70000076293945,51.400001525878906,36.56728744506836
2001-05-17,6027400,51.4900016784668,52.0,52.70000076293945,51.349998474121094,36.081565856933594
2001-05-16,10689200,50.0,51.209999084472656,51.34000015258789,49.40999984741211,35.53342056274414
2001-05-15,11519500,50.25,50.099998474121094,50.84000015258789,49.4900016784668,34.76321792602539
2001-05-14,5068600,49.880001068115234,49.150001525878906,49.880001068115234,48.400001525878906,34.104026794433594
2001-05-11,4914500,49.20000076293945,49.880001068115234,50.099998474121094,49.099998474121094,34.61056137084961
2001-05-10,6788400,49.5099983215332,49.25,50.25,48.97999954223633,34.17340850830078
2001-05-09,6166200,49.11000061035156,48.5099983215332,49.599998474121094,48.02000045776367,33.659950256347656
2001-05-08,6602000,49.4900016784668,50.0099983215332,50.189998626708984,48.40999984741211,34.70075988769531
2001-05-07,4870800,49.59000015258789,49.09000015258789,50.20000076293945,48.79999923706055,34.06240463256836
2001-05-04,5701500,47.75,49.59000015258789,49.7400016784668,47.61000061035156,34.40933609008789
2001-05-03,5144400,48.540000915527344,48.5099983215332,48.720001220703125,47.900001525878906,33.659950256347656
2001-05-02,7186700,48.70000076293945,48.790000915527344,49.75,48.5,33.85422134399414
2001-05-01,7525100,47.0099983215332,49.2400016784668,49.75,46.75,34.16646957397461
2001-04-30,6381300,48.099998474121094,47.099998474121094,48.5,46.959999084472656,32.68159103393555
2001-04-27,7059000,47.97999954223633,48.099998474121094,48.400001525878906,47.5099983215332,33.37546157836914
2001-04-26,4794700,46.5,47.29999923706055,47.400001525878906,46.150001525878906,32.82036209106445
2001-04-25,4606800,45.54999923706055,46.02000045776367,46.2400016784668,45.310001373291016,31.932193756103516
2001-04-24,6692400,45.5,45.02000045776367,45.939998626708984,44.900001525878906,31.238323211669922
2001-04-23,6682900,46.209999084472656,46.189998626708984,47.7400016784668,45.810001373291016,32.050148010253906
2001-04-20,5638400,45.84000015258789,46.209999084472656,46.25,45.290000915527344,32.06401824951172
2001-04-19,7419700,45.0,46.08000183105469,46.09000015258789,44.33000183105469,31.973827362060547
2001-04-18,14545300,42.75,45.61000061035156,46.02000045776367,42.52000045776367,31.6476993560791
2001-04-17,5187700,41.5,41.90999984741211,42.29999923706055,40.7400016784668,29.080364227294922
2001-04-16,5037600,40.79999923706055,41.5,41.900001525878906,40.5,28.795867919921875
2001-04-12,6806100,41.150001525878906,41.650001525878906,41.650001525878906,40.04999923706055,28.899951934814453
2001-04-11,11755200,42.04999923706055,41.5,42.5,40.08000183105469,28.795867919921875
2001-04-10,5711500,43.09000015258789,43.0099983215332,43.38999938964844,42.5,29.843616485595703
2001-04-09,6231900,43.29999923706055,42.189998626708984,43.349998474121094,41.7599983215332,29.274646759033203
2001-04-06,6806900,43.150001525878906,43.779998779296875,44.09000015258789,42.29999923706055,30.37790870666504
2001-04-05,6122500,43.099998474121094,43.959999084472656,44.0,42.83000183105469,30.502809524536133
2001-04-04,7249300,42.0,42.29999923706055,43.0,41.79999923706055,29.350984573364258
2001-04-03,7647300,43.150001525878906,42.599998474121094,43.29999923706055,41.29999923706055,29.559133529663086
2001-04-02,7320100,43.099998474121094,42.54999923706055,43.52000045776367,42.099998474121094,29.524442672729492
2001-03-30,7060200,43.5,43.099998474121094,43.75,42.66999816894531,29.906070709228516
2001-03-29,7181800,43.400001525878906,42.65999984741211,44.119998931884766,42.25,29.60076904296875
2001-03-28,8035200,43.38999938964844,43.22999954223633,43.45000076293945,41.720001220703125,29.99626922607422
2001-03-27,8471200,41.95000076293945,43.459999084472656,43.709999084472656,41.599998474121094,30.155860900878906
2001-03-26,8100700,41.599998474121094,41.349998474121094,42.0099983215332,41.0,28.69178581237793
2001-03-23,10532600,40.599998474121094,39.66999816894531,40.599998474121094,38.310001373291016,27.52608299255371
2001-03-22,14021200,41.29999923706055,40.7599983215332,41.36000061035156,38.11000061035156,28.282394409179688
2001-03-21,7536100,41.95000076293945,41.5,43.0,41.27000045776367,28.795867919921875
2001-03-20,8313400,43.0,41.95000076293945,44.13999938964844,41.95000076293945,29.108116149902344
2001-03-19,8090000,42.0099983215332,42.5,43.099998474121094,41.0,29.489744186401367
2001-03-16,9820300,42.54999923706055,42.2599983215332,43.79999923706055,41.900001525878906,29.32321548461914
2001-03-15,7711500,43.25,43.20000076293945,43.75,42.58000183105469,29.975460052490234
2001-03-14,7025300,41.29999923706055,41.619998931884766,42.79999923706055,40.5,28.879140853881836
2001-03-13,10060000,42.060001373291016,42.70000076293945,42.79999923706055,41.2599983215332,29.628515243530273
2001-03-12,8396100,43.54999923706055,42.060001373291016,43.97999954223633,41.599998474121094,29.184452056884766
2001-03-09,7067500,44.97999954223633,44.52000045776367,45.08000183105469,43.599998474121094,30.89137840270996
2001-03-08,8456500,43.900001525878906,44.720001220703125,45.5,43.79999923706055,31.030166625976562
2001-03-07,8762300,41.45000076293945,43.70000076293945,43.900001525878906,41.40999984741211,30.32239532470703
2001-03-06,6202900,42.0,41.36000061035156,42.349998474121094,41.130001068115234,28.6987361907959
2001-03-05,4188300,41.79999923706055,41.43000030517578,41.95000076293945,41.04999923706055,28.71954917907715
2001-03-02,6377600,40.54999923706055,41.54999923706055,42.400001525878906,40.31999969482422,28.802730560302734
2001-03-01,7726600,42.400001525878906,41.5,42.4900016784668,40.75,28.76806640625
2001-02-28,7979800,44.599998474121094,42.5,44.93000030517578,42.20000076293945,29.46128273010254
2001-02-27,8935800,44.5,44.599998474121094,44.959999084472656,43.54999923706055,30.917003631591797
2001-02-26,10543400,41.0,43.75,43.869998931884766,41.0,30.327789306640625
2001-02-23,10725900,39.95000076293945,40.0099983215332,41.08000183105469,39.619998931884766,27.73518943786621
2001-02-22,12723600,41.5,40.0,41.5,39.900001525878906,27.72825813293457
2001-02-21,8240700,43.150001525878906,40.95000076293945,43.4900016784668,40.79999923706055,28.386821746826172
2001-02-20,8286100,44.47999954223633,44.09000015258789,45.599998474121094,43.79999923706055,30.563474655151367
2001-02-16,7435300,45.0,43.0,45.0,42.5,29.807870864868164
2001-02-15,6318000,45.400001525878906,44.61000061035156,45.400001525878906,44.0,30.923938751220703
2001-02-14,6110300,46.75,45.720001220703125,46.869998931884766,45.13999938964844,31.693410873413086
2001-02-13,6083500,45.9900016784668,46.310001373291016,46.63999938964844,44.849998474121094,32.102378845214844
2001-02-12,5510200,44.56999969482422,45.72999954223633,45.88999938964844,44.439998626708984,31.7003231048584
2001-02-09,5922700,44.5,44.43000030517578,45.75,44.04999923706055,30.79917335510254
2001-02-08,7761100,46.0,43.9900016784668,46.25,43.58000183105469,30.494163513183594
2001-02-07,5983400,45.900001525878906,45.779998779296875,46.75,45.06999969482422,31.735000610351562
2001-02-06,4063200,47.11000061035156,45.650001525878906,47.400001525878906,45.560001373291016,31.644872665405273
2001-02-05,4199700,46.869998931884766,46.61000061035156,46.90999984741211,46.099998474121094,32.31035614013672
2001-02-02,5833100,48.650001525878906,46.88999938964844,48.650001525878906,46.56999969482422,32.50445556640625
2001-02-01,8844000,47.52000045776367,48.650001525878906,48.900001525878906,47.060001373291016,33.72449493408203
2001-01-31,14702100,46.650001525878906,48.20000076293945,49.0,46.2599983215332,33.41254806518555
2001-01-30,9632700,45.75,46.0,46.38999938964844,45.43000030517578,31.887500762939453
2001-01-29,5499900,45.29999923706055,45.5,45.970001220703125,44.5,31.540895462036133
2001-01-26,7185400,45.75,44.75,45.75,44.125,31.02098274230957
2001-01-25,9890400,45.375,46.0,46.0625,44.1875,31.887500762939453
2001-01-24,7287500,44.8125,45.0625,45.375,44.375,31.23760986328125
2001-01-23,8310800,43.625,44.75,44.875,42.75,31.02098274230957
2001-01-22,15010000,42.0,43.75,43.9375,40.9375,30.327789306640625
2001-01-19,34361100,41.75,41.0,43.0,41.0,28.421466827392578
2001-01-18,12073100,46.5,44.25,47.125,44.125,30.67439079284668
2001-01-17,8951500,47.875,46.375,48.625,46.0625,32.14745330810547
2001-01-16,5983700,48.75,48.875,49.125,47.625,33.880470275878906
2001-01-12,8391900,49.0625,49.125,50.25,49.0625,34.05377960205078
2001-01-11,6131600,47.8125,49.0625,49.5,47.5,34.01045608520508
2001-01-10,7515900,45.8125,47.4375,47.5625,45.0,32.883975982666016
2001-01-09,8026000,47.5625,45.875,47.75,44.9375,31.800853729248047
2001-01-08,7037800,49.5,47.6875,49.5,47.0,33.05730056762695
2001-01-05,8803200,50.0,49.75,50.5625,49.3125,34.48701858520508
2001-01-04,15560100,49.8125,51.6875,52.5,49.625,35.830116271972656
2001-01-03,17594900,45.5625,51.4375,51.5,45.0625,35.65681457519531
2001-01-02,6497200,45.6875,45.5625,46.3125,44.625,31.584238052368164
2000-12-29,7949100,43.6875,45.6875,46.9375,43.625,31.670867919921875
2000-12-28,4983300,43.0,43.625,44.4375,42.8125,30.241132736206055
2000-12-27,7302000,40.75,42.75,43.1875,40.625,29.634563446044922
2000-12-26,6407000,41.25,40.6875,41.9375,40.0,28.204843521118164
2000-12-22,10621200,42.875,41.625,44.25,40.0,28.854724884033203
2000-12-21,10168700,41.0625,42.875,44.125,41.0,29.721235275268555
2000-12-20,7784300,41.25,41.125,42.0,40.1875,28.50811195373535
2000-12-19,7366700,44.5,42.625,44.6875,42.4375,29.54793357849121
2000-12-18,7372200,43.3125,44.125,44.625,43.25,30.587736129760742
2000-12-15,11467700,42.25,41.9375,42.75,41.375,29.07134246826172
2000-12-14,5402100,44.625,43.875,44.9375,43.75,30.414440155029297
2000-12-13,6351200,45.125,45.1875,45.375,44.125,31.324262619018555
2000-12-12,6589300,44.5,45.0,45.5,44.375,31.194290161132812
2000-12-11,9399800,45.9375,45.125,47.0625,44.875,31.280942916870117
2000-12-08,10211000,45.9375,47.25,47.4375,45.25,32.754005432128906
2000-12-07,10976300,45.0625,44.9375,46.0625,44.5625,31.15097427368164
2000-12-06,18096600,45.75,45.0625,45.8125,44.25,31.23760986328125
2000-12-05,12795600,40.625,44.0,44.0,39.875,30.5010929107666
2000-12-04,8811100,39.0,40.75,40.9375,38.75,28.248165130615234
2000-12-01,5532200,39.25,38.9375,40.0625,38.9375,26.991718292236328
2000-11-30,7619600,39.75,39.1875,40.0,38.75,27.165029525756836
2000-11-29,7667000,40.125,40.0,40.375,39.625,27.72825813293457
2000-11-28,7382700,39.0,39.5625,40.5,38.75,27.424968719482422
2000-11-27,7418800,39.4375,38.75,39.4375,38.25,26.834022521972656
2000-11-24,3615300,38.5,37.5,38.5,37.375,25.96841049194336
2000-11-22,5832700,38.25,36.75,38.3125,36.6875,25.44905662536621
2000-11-21,7188100,39.0,38.25,39.75,37.375,26.4877872467041
2000-11-20,5796900,38.8125,38.875,39.25,38.3125,26.920581817626953
2000-11-17,7022900,39.375,38.8125,39.75,38.3125,26.877296447753906
2000-11-16,5515400,39.6875,39.1875,39.9375,39.1875,27.136987686157227
2000-11-15,10061600,40.0,39.625,40.375,38.3125,27.439952850341797
2000-11-14,11823600,40.0,39.1875,40.75,39.0625,27.136987686157227
2000-11-13,16025400,35.5,37.375,38.1875,35.4375,25.881853103637695
2000-11-10,12460000,37.0,36.25,37.5,36.1875,25.102802276611328
2000-11-09,7868600,40.0,38.8125,40.125,38.625,26.877296447753906
2000-11-08,5220600,41.9375,41.25,42.5625,41.25,28.565256118774414
2000-11-07,3723100,42.0,41.375,42.125,40.9375,28.651813507080078
2000-11-06,6531600,41.6875,41.3125,42.0,40.6875,28.608535766601562
2000-11-03,5857800,42.5,41.25,42.625,40.8125,28.565256118774414
2000-11-02,8273900,43.75,42.75,43.8125,42.125,29.603979110717773
2000-11-01,6781100,43.0,44.0625,44.3125,42.5625,30.51288414001465
2000-10-31,7567900,42.5,43.0,43.625,42.0,29.77710723876953
2000-10-30,8475400,39.75,40.9375,42.0625,39.75,28.348861694335938
2000-10-27,5017600,38.75,39.375,39.8125,38.25,27.26682472229004
2000-10-26,6469300,38.5,38.9375,39.25,38.4375,26.963857650756836
2000-10-25,6196400,38.75,38.375,39.1875,38.3125,26.5743408203125
2000-10-24,11845200,41.3125,39.25,41.3125,38.75,27.180265426635742
2000-10-23,7514900,40.625,40.5625,41.625,40.0625,28.089170455932617
2000-10-20,9776600,38.625,39.4375,40.625,38.25,27.31011199951172
2000-10-19,12302400,37.625,38.625,38.75,37.0625,26.747459411621094
2000-10-18,13906400,35.25,36.5,36.5625,34.75,25.275911331176758
2000-10-17,13126400,37.5,35.125,37.625,35.0625,24.323740005493164
2000-10-16,16537300,36.9375,37.6875,37.6875,36.875,26.0982608795166
2000-10-13,43718200,35.4375,36.3125,36.4375,34.875,25.146072387695312
2000-10-12,66652300,37.25,34.875,38.0,34.6875,24.150623321533203
2000-10-11,5142600,50.1875,48.9375,51.25,48.9375,33.88877868652344
2000-10-10,3018200,51.125,50.6875,51.5,50.25,35.10062026977539
2000-10-09,2754300,51.0625,50.875,51.8125,50.625,35.2304801940918
2000-10-06,9449800,51.25,51.0625,51.6875,50.125,35.36032485961914
2000-10-05,7223900,54.0,53.75,55.75,53.125,37.22138977050781
2000-10-04,5747000,53.8125,55.5625,56.8125,53.8125,38.47652816772461
2000-10-03,4093700,52.9375,53.8125,54.75,52.75,37.264652252197266
2000-10-02,3095900,53.9375,52.5625,53.9375,52.5625,36.399070739746094
2000-09-29,4396400,54.125,52.9375,54.75,52.875,36.658748626708984
2000-09-28,3416400,54.25,55.0,55.0,53.8125,38.08700942993164
2000-09-27,5173100,54.9375,54.75,54.9375,53.625,37.91388702392578
2000-09-26,5580200,54.4375,53.375,54.5,52.1875,36.96171569824219
2000-09-25,4601800,55.9375,54.625,55.9375,53.6875,37.82731628417969
2000-09-22,5557600,54.75,55.9375,55.9375,54.25,38.73622131347656
2000-09-21,5001200,53.125,55.0,56.0,53.0,38.08700942993164
2000-09-20,3739300,53.5,53.0,53.8125,52.5625,36.70199966430664
2000-09-19,4102400,55.0,53.0,55.125,52.75,36.70199966430664
2000-09-18,4399500,54.625,55.0625,55.8125,53.6875,38.130287170410156
2000-09-15,6577700,55.9375,54.25,55.9375,54.25,37.567626953125
2000-09-14,5346800,55.875,55.5,56.1875,54.75,38.433258056640625
2000-09-13,7056100,55.25,54.75,56.125,53.875,37.91388702392578
2000-09-12,6328100,54.6875,55.875,55.9375,54.25,38.692935943603516
2000-09-11,5222000,53.0,54.25,54.875,52.9375,37.567626953125
2000-09-08,7810500,50.875,52.9375,53.4375,50.75,36.658748626708984
2000-09-07,5109900,50.625,50.5,51.0,50.0625,34.970802307128906
2000-09-06,5266700,50.625,50.625,51.125,50.5,35.05735778808594
2000-09-05,5492500,48.9375,50.125,51.0,48.625,34.71112823486328
2000-09-01,5517300,49.0,48.5625,49.0,48.0625,33.629085540771484
2000-08-31,8541200,48.1875,48.0625,49.375,48.0,33.2828483581543
2000-08-30,8329200,49.25,48.375,49.3125,48.0,33.499237060546875
2000-08-29,5433100,49.9375,49.6875,50.3125,49.0625,34.40814971923828
2000-08-28,4950400,50.625,50.0,50.8125,50.0,34.59686279296875
2000-08-25,3784300,50.4375,50.5,50.6875,50.125,34.942813873291016
2000-08-24,5200800,50.625,50.4375,50.9375,49.875,34.89957809448242
2000-08-23,5202900,51.21870040893555,51.375,51.375,50.5,35.54827117919922
2000-08-22,4724000,50.9375,51.1875,52.0,50.5625,35.41852951049805
2000-08-21,5822700,51.125,50.875,51.4375,49.9375,35.20228958129883
2000-08-18,6392800,51.125,51.375,52.125,50.75,35.54827117919922
2000-08-17,6989900,51.125,51.3125,51.5,50.4375,35.50502014160156
2000-08-16,20874900,52.1875,51.0,52.25,49.75,35.288795471191406
2000-08-15,16307100,56.0,53.5,56.0625,53.0,37.01862716674805
2000-08-14,5011300,56.8125,59.0,60.0,56.8125,40.82429122924805
2000-08-11,2719500,55.0,55.9375,56.5,55.0,38.705223083496094
2000-08-10,4227000,57.375,55.125,57.4375,55.125,38.143001556396484
2000-08-09,4782800,57.3125,58.0,58.0,55.75,40.13235092163086
2000-08-08,6870100,55.0,57.0,58.4375,54.9375,39.4404182434082
2000-08-07,4122900,52.625,55.0,55.5,52.625,38.05653381347656
2000-08-04,4235200,51.8125,54.0,54.0,51.625,37.364601135253906
2000-08-03,3913800,53.1875,51.75,53.875,51.4375,35.80773162841797
2000-08-02,3331100,52.375,53.125,53.5,51.875,36.759159088134766
2000-08-01,3623600,51.9375,52.0,52.5,51.0,35.98073959350586
2000-07-31,3888800,52.875,51.75,52.9375,51.375,35.80773162841797
2000-07-28,3639900,54.8125,52.6875,54.9375,52.25,36.45643615722656
2000-07-27,3319300,54.3125,54.75,54.8125,53.75,37.88355255126953
2000-07-26,5031400,54.5,53.5625,55.875,53.5625,37.061866760253906
2000-07-25,4115200,55.75,55.0,55.8125,54.125,38.05653381347656
2000-07-24,3839900,56.5,56.0,56.6875,54.8125,38.74848175048828
2000-07-21,3611700,58.375,57.125,58.75,57.125,39.52689743041992
2000-07-20,4664500,57.125,58.0625,58.5,57.0,40.17558670043945
2000-07-19,2794900,57.5625,57.125,57.625,56.8125,39.52689743041992
2000-07-18,4019800,56.875,57.375,58.1875,56.75,39.69989013671875
2000-07-17,3686600,56.875,56.875,57.0,55.625,39.3538932800293
2000-07-14,3456600,56.6875,56.4375,56.6875,55.375,39.05119705200195
2000-07-13,3751500,57.625,56.1875,57.6875,55.75,38.87820816040039
2000-07-12,5062400,57.6875,57.375,58.0625,56.375,39.69989013671875
2000-07-11,7711000,57.375,57.625,58.5625,57.0625,39.87287902832031
2000-07-10,9340900,55.3125,57.5,58.125,54.75,39.7863655090332
2000-07-07,10254800,53.0,55.5,55.875,52.375,38.40250778198242
2000-07-06,4646900,50.375,51.25,52.125,50.0,35.461769104003906
2000-07-05,4063400,49.9375,50.25,50.875,49.625,34.76982498168945
2000-07-03,1885300,49.6875,49.6875,49.875,48.625,34.380619049072266
2000-06-30,5055500,48.0625,49.9375,50.04679870605469,47.625,34.55360794067383
2000-06-29,5339200,48.125,47.875,48.25,47.125,33.12649917602539
2000-06-28,5233400,49.8125,48.125,49.9375,48.125,33.299468994140625
2000-06-27,6641200,47.625,49.5625,50.125,47.5,34.294124603271484
2000-06-26,3663400,47.625,47.125,48.375,47.0625,32.60753631591797
2000-06-23,3631600,48.0625,48.0,48.125,47.0625,33.21297073364258
2000-06-22,5537600,47.625,47.875,48.1875,46.9375,33.12649917602539
2000-06-21,3773900,48.875,48.5625,48.875,47.6875,33.6021728515625
2000-06-20,5080900,49.125,48.875,49.75,48.375,33.818424224853516
2000-06-19,5058600,49.375,50.0,50.0,48.75,34.59686279296875
2000-06-16,7158700,50.875,49.8125,51.0,49.5625,34.46712112426758
2000-06-15,5048400,50.9375,50.875,51.25,50.25,35.20228958129883
2000-06-14,8827700,49.75,51.0,51.0,49.0625,35.288795471191406
2000-06-13,9177000,46.125,49.375,49.6875,45.9375,34.16439437866211
2000-06-12,12584100,47.5625,46.0,47.5625,45.0,31.80142593383789
2000-06-09,5466100,50.375,48.1875,51.25,47.625,33.3137092590332
2000-06-08,5036400,51.4375,49.875,51.5,49.5,34.480350494384766
2000-06-07,4581800,51.25,50.5625,51.8125,49.875,34.95563507080078
2000-06-06,6753000,52.0625,50.375,52.0625,50.0625,34.826019287109375
2000-06-05,3858000,53.5,52.375,53.625,52.25,36.20869445800781
2000-06-02,8388800,52.75,53.625,54.0,52.0,37.07285690307617
2000-06-01,6049000,49.0,49.875,50.0625,48.5,34.480350494384766
2000-05-31,6583700,46.75,49.0,49.125,46.625,33.87543487548828
2000-05-30,4767600,47.5,47.25,47.8125,46.625,32.665592193603516
2000-05-26,4711400,48.5,46.875,48.75,46.25,32.406341552734375
2000-05-25,8621100,48.0,46.5,49.8125,46.3125,32.14708709716797
2000-05-24,17769300,48.0,46.75,48.0,44.125,32.319915771484375
2000-05-23,6293100,50.625,49.75,51.125,48.1875,34.393924713134766
2000-05-22,5313500,51.6875,50.375,52.0,50.0,34.826019287109375
2000-05-19,5682600,51.1875,51.5625,52.25,51.0625,35.646976470947266
2000-05-18,6951400,51.875,51.5,53.4375,51.3125,35.603763580322266
2000-05-17,7027500,52.75,52.25,53.4375,51.5,36.12226486206055
2000-05-16,13052500,56.5,53.4375,56.5,52.0,36.9432258605957
2000-05-15,5611300,53.5,56.5,56.875,53.5,39.06044006347656
2000-05-12,3683400,53.75,54.0,55.25,53.625,37.332115173339844
2000-05-11,4413300,54.5,53.875,55.25,53.0625,37.245689392089844
2000-05-10,6547300,52.5,54.0,54.25,51.6875,37.332115173339844
2000-05-09,4821700,53.5625,52.5,54.625,51.75,36.29510498046875
2000-05-08,5133800,53.125,53.5625,54.125,52.0,37.029640197753906
2000-05-05,6345700,51.8125,53.3125,53.5,51.1875,36.856807708740234
2000-05-04,6863800,53.75,52.5,53.8125,51.8125,36.29510498046875
2000-05-03,6666000,55.5,54.0,55.5625,52.5625,37.332115173339844
2000-05-02,3961700,57.25,56.8125,57.9375,56.0625,39.276485443115234
2000-05-01,4360000,56.5,56.125,57.875,56.125,38.80119323730469
2000-04-28,6475300,58.25,56.5,58.875,55.5,39.06044006347656
2000-04-27,4940000,60.0,58.8125,60.0,58.25,40.659149169921875
2000-04-26,4469400,59.5,60.5,60.875,59.4375,41.82578659057617
2000-04-25,5227700,60.25,59.0,60.3125,58.6875,40.78877258300781
2000-04-24,4850200,58.0,59.5625,61.75,57.875,41.17766189575195
2000-04-20,4111100,58.125,58.625,59.125,57.25,40.52952575683594
2000-04-19,5078400,58.6875,58.75,60.0,57.625,40.61593246459961
2000-04-18,7233700,57.0,58.75,59.3125,56.0625,40.61593246459961
2000-04-17,8667000,56.375,57.25,58.1875,55.3125,39.578941345214844
2000-04-14,7695600,60.0,60.25,60.25,56.9375,41.6529426574707
2000-04-13,7953100,66.3125,62.5,66.3125,60.0,43.20845413208008
2000-04-12,7081600,68.1875,66.0,70.0,66.0,45.62812042236328
2000-04-11,3714600,65.6875,67.375,67.375,65.625,46.57870864868164
2000-04-10,3992300,65.125,66.6875,67.25,64.25,46.1034049987793
2000-04-07,3425100,66.125,64.125,67.3125,64.125,44.33188247680664
2000-04-06,4234800,63.9375,65.9375,67.0,63.25,45.584922790527344
2000-04-05,5348300,63.5,64.0,64.625,63.0,44.2454719543457
2000-04-04,8188500,67.75,64.625,68.625,63.4375,44.677547454833984
2000-04-03,5898500,65.5,68.0,68.0625,65.4375,47.01080322265625
2000-03-31,5169700,67.0,64.5,67.3125,64.25,44.591129302978516
2000-03-30,7934300,68.0,67.0,69.5625,65.9375,46.319461822509766
2000-03-29,6944300,64.875,68.5,68.5625,64.875,47.35646057128906
2000-03-28,4848400,63.0625,64.0,65.75,63.0,44.2454719543457
2000-03-27,3828000,64.375,64.375,64.625,63.0,44.50469207763672
2000-03-24,5903600,64.0,64.375,65.3125,63.5,44.50469207763672
2000-03-23,5540300,63.0625,64.125,64.3125,62.1875,44.33188247680664
2000-03-22,4746500,62.375,63.0625,63.9375,61.125,43.597328186035156
2000-03-21,5552300,63.625,63.5,64.6875,61.8125,43.899810791015625
2000-03-20,5350300,63.4375,63.625,64.125,61.9375,43.98622131347656
2000-03-17,13587500,61.5,63.1875,64.5625,61.5,43.68375778198242
2000-03-16,12165000,59.0,61.5,61.875,58.625,42.51710891723633
2000-03-15,8097100,52.625,57.0,57.25,51.875,39.40610885620117
2000-03-14,5094600,52.75,52.3125,53.3125,51.875,36.16548538208008
2000-03-13,4412500,52.625,53.0,53.1875,51.8125,36.64076614379883
2000-03-10,4456000,55.625,53.5,55.8125,53.375,36.98643493652344
2000-03-09,5736400,53.3125,55.3125,55.5,51.75,38.239471435546875
2000-03-08,6631400,52.3125,52.5,53.75,51.6875,36.29510498046875
2000-03-07,8491900,55.0,52.375,55.0,51.0,36.20869445800781
2000-03-06,4821800,54.375,53.875,54.6875,53.125,37.2180290222168
2000-03-03,5832800,55.5,54.5,55.8125,54.375,37.64979553222656
2000-03-02,5352000,55.5625,55.125,56.25,54.1875,38.08157730102539
2000-03-01,6504000,57.8125,55.625,58.3125,54.3125,38.426971435546875
2000-02-29,7119900,57.4375,57.5,58.4375,56.8125,39.72224807739258
2000-02-28,8120100,53.75,56.8125,56.875,52.9375,39.247337341308594
2000-02-25,6155600,53.5,53.0,54.25,52.75,36.613563537597656
2000-02-24,7763600,54.9375,53.0625,55.1875,52.625,36.656742095947266
2000-02-23,6533700,54.1875,54.8125,55.0,52.875,37.86567687988281
2000-02-22,8019200,54.125,53.625,55.5625,53.125,37.04532241821289
2000-02-18,10402700,54.5625,53.75,55.8125,52.8125,37.131683349609375
2000-02-17,10785700,57.25,54.5,57.4375,53.5625,37.64979553222656
2000-02-16,6829800,58.75,57.25,59.375,55.75,39.549564361572266
2000-02-15,3531100,60.0625,59.75,60.1875,59.0625,41.27662658691406
2000-02-14,3173900,59.5,60.3125,60.5,59.4375,41.66519546508789
2000-02-11,4647100,59.5,60.0625,60.5,59.1875,41.492496490478516
2000-02-10,3644900,59.0,59.5625,59.9375,58.375,41.14710235595703
2000-02-09,5289700,61.3125,58.75,61.3125,58.75,40.585777282714844
2000-02-08,4501700,59.75,61.0,61.4375,59.5625,42.14015197753906
2000-02-07,3796600,61.0,59.0,61.0,59.0,40.75849533081055
2000-02-04,4063900,61.0,61.125,61.5,60.3125,42.226497650146484
2000-02-03,4008800,60.5,60.5,60.625,59.0,41.79472732543945
2000-02-02,5862100,61.0,60.75,61.5,59.625,41.9674186706543
2000-02-01,10950500,56.9375,62.0,62.0,56.8125,42.830963134765625
2000-01-31,5958600,56.5,56.625,56.8125,55.0625,39.1177978515625
2000-01-28,7425100,57.0,55.625,57.4375,55.5,38.426971435546875
2000-01-27,6915900,57.875,58.25,59.5,56.1875,40.240386962890625
2000-01-26,8468400,55.9375,57.375,57.6875,55.0625,39.63589096069336
2000-01-25,10252400,57.0,56.125,57.125,54.875,38.772396087646484
2000-01-24,7339600,60.9375,58.0,60.9375,56.6875,40.067684173583984
2000-01-21,6682900,61.5,60.0,61.5,59.4375,41.449310302734375
2000-01-20,7213400,61.5625,60.8125,61.75,59.875,42.01061248779297
2000-01-19,5176400,60.125,61.875,62.4375,60.125,42.7446174621582
2000-01-18,5322000,61.25,60.5,61.25,60.125,41.79472732543945
2000-01-14,4578000,62.375,61.9375,62.4375,61.1875,42.78779602050781
2000-01-13,4538900,62.125,62.125,62.5,61.5,42.917327880859375
2000-01-12,4599400,61.5625,61.0625,62.0625,60.6875,42.18330383300781
2000-01-11,4371500,63.4375,61.5625,63.625,61.25,42.528724670410156
2000-01-10,5453000,62.0,63.1875,63.5625,62.0,43.65132141113281
2000-01-07,6201600,61.75,63.5,63.5,60.75,43.867210388183594
2000-01-06,6603400,61.625,60.0,62.0,60.0,41.449310302734375
2000-01-05,6931400,61.75,63.0,63.0,61.0,43.52177810668945
2000-01-04,8774500,64.0,61.75,64.3125,61.25,42.658260345458984
2000-01-03,12030800,68.625,65.1875,69.1875,63.8125,45.03294372558594
1999-12-31,3097800,67.4375,68.75,69.75,67.25,47.494014739990234
1999-12-30,4208500,67.83333587646484,66.79166412353516,68.29166412353516,66.58333587646484,46.14115524291992
1999-12-29,3986100,67.83333587646484,67.25,68.75,67.0,46.4577751159668
1999-12-28,4837200,65.20833587646484,66.41666412353516,67.70833587646484,65.0,45.8820915222168
1999-12-27,5921500,65.33333587646484,65.20833587646484,65.75,64.75,45.047359466552734
1999-12-23,3618000,64.95833587646484,64.75,65.29166412353516,64.25,44.73073196411133
1999-12-22,3486100,64.29166412353516,64.20833587646484,64.79166412353516,63.375,44.356536865234375
1999-12-21,4963300,64.16666412353516,63.864532470703125,64.54166412353516,63.25,44.1190185546875
1999-12-20,7010500,65.66666412353516,65.64579772949219,65.875,63.83333206176758,45.34955596923828
1999-12-17,14521800,64.625,65.83333587646484,65.83333587646484,64.54166412353516,45.47911834716797
1999-12-16,7702800,62.41666793823242,64.45833587646484,64.5,62.08333206176758,44.529239654541016
1999-12-15,10210500,60.66666793823242,62.33333206176758,62.5,60.41666793823242,43.06123352050781
1999-12-14,7555300,61.54166793823242,61.66666793823242,61.91666793823242,60.625,42.6006965637207
1999-12-13,9084600,59.95833206176758,60.739532470703125,62.0,59.75,41.9602165222168
1999-12-10,7871700,58.66666793823242,59.33333206176758,59.625,58.54166793823242,40.98876953125
1999-12-09,9204100,55.5,58.16666793823242,58.25,55.5,40.18280792236328
1999-12-08,5699500,55.79166793823242,56.19786834716797,57.0,55.375,38.822723388671875
1999-12-07,4425000,55.625,55.5,55.91666793823242,55.08333206176758,38.340614318847656
1999-12-06,3955200,56.125,55.56246566772461,56.125,55.16666793823242,38.38376998901367
1999-12-03,7082700,55.33333206176758,56.16666793823242,56.25,55.20833206176758,38.80117416381836
1999-12-02,5392600,54.16666793823242,54.18746566772461,55.0,53.5,37.43388748168945
1999-12-01,5170000,53.125,54.20833206176758,54.25,52.91666793823242,37.44831466674805
1999-11-30,4603200,53.875,52.79166793823242,54.0,52.66666793823242,36.46963882446289
1999-11-29,4086300,53.54166793823242,53.33333206176758,53.75,53.04166793823242,36.802371978759766
1999-11-26,1854300,53.25,53.66666793823242,53.66666793823242,53.16666793823242,37.032413482666016
1999-11-24,4369000,53.625,53.0,53.83333206176758,52.70833206176758,36.57236862182617
1999-11-23,5240100,53.375,53.75,54.16666793823242,53.20833206176758,37.08991622924805
1999-11-22,5473900,55.25,54.33333206176758,55.25,53.625,37.492435455322266
1999-11-19,6281500,54.95833206176758,54.83333206176758,55.33333206176758,54.29166793823242,37.83746337890625
1999-11-18,10235700,53.5,55.33333206176758,55.66666793823242,53.375,38.18248748779297
1999-11-17,5999500,53.41666793823242,53.29166793823242,54.41666793823242,53.20833206176758,36.77364730834961
1999-11-16,6672100,52.5,53.58333206176758,53.58333206176758,51.91666793823242,36.97490692138672
1999-11-15,6705000,53.875,52.5,53.875,51.95833206176758,36.22736358642578
1999-11-12,4732600,52.95833206176758,53.625,53.75,52.54166793823242,37.00366973876953
1999-11-11,3725500,51.58333206176758,52.54166793823242,52.625,51.375,36.256099700927734
1999-11-10,6487000,51.83333206176758,51.45833206176758,52.0,51.29166793823242,35.50855255126953
1999-11-09,9564000,52.375,53.33333206176758,53.33333206176758,50.875,36.802371978759766
1999-11-08,5944900,52.0,52.75,52.95833206176758,51.70833206176758,36.39984893798828
1999-11-05,5556600,51.33333206176758,52.0,52.5,51.33333206176758,35.88232421875
1999-11-04,3376000,50.875,50.66666793823242,51.29166793823242,50.45833206176758,34.9622688293457
1999-11-03,4579500,51.16666793823242,50.16666793823242,51.29166793823242,49.91666793823242,34.617252349853516
1999-11-02,5684100,51.33333206176758,51.33333206176758,51.66666793823242,50.5,35.42230224609375
1999-11-01,5404200,50.41666793823242,50.83333206176758,51.375,50.375,35.077266693115234
1999-10-29,11113500,50.66666793823242,50.5,52.33333206176758,50.25,34.847267150878906
1999-10-28,9653200,47.58333206176758,49.70833206176758,50.04166793823242,47.41666793823242,34.30098342895508
1999-10-27,7040500,47.0,46.45833206176758,47.41666793823242,46.04166793823242,32.058326721191406
1999-10-26,10908400,49.66666793823242,47.125,49.66666793823242,46.83333206176758,32.51835632324219
1999-10-25,3381700,47.66666793823242,47.95833206176758,48.375,47.33333206176758,33.0933952331543
1999-10-22,3619900,47.75,48.20833206176758,48.54166793823242,47.75,33.26591873168945
1999-10-21,3927100,48.0,47.91666793823242,48.08333206176758,47.125,33.064666748046875
1999-10-20,4770000,47.25,48.25,48.29166793823242,46.45833206176758,33.2946662902832
1999-10-19,4443700,46.75,46.95833206176758,47.58333206176758,46.5,32.40334701538086
1999-10-18,5749800,45.83333206176758,45.95833206176758,46.08333206176758,45.0,31.713315963745117
1999-10-15,5493400,46.625,45.66666793823242,46.625,45.625,31.512046813964844
1999-10-14,4576000,47.5,47.33333206176758,47.54166793823242,46.41666793823242,32.66211700439453
1999-10-13,6648900,48.5,47.5,48.95833206176758,47.08333206176758,32.77713394165039
1999-10-12,4732900,49.70833206176758,49.08333206176758,49.70833206176758,48.5,33.86971664428711
1999-10-11,4547400,49.5,49.75,50.04166793823242,49.33333206176758,34.32972717285156
1999-10-08,5166000,48.125,49.66666793823242,49.70833206176758,47.95833206176758,34.272216796875
1999-10-07,3783400,48.29166793823242,48.16666793823242,48.45833206176758,47.75,33.2371711730957
1999-10-06,5533800,47.16666793823242,48.29166793823242,48.33333206176758,46.83333206176758,33.32340621948242
1999-10-05,7491900,47.16666793823242,47.125,48.33333206176758,46.66666793823242,32.51835632324219
1999-10-04,8603500,46.20833206176758,47.45833206176758,47.45833206176758,46.20833206176758,32.74836730957031
1999-10-01,5057100,45.58333206176758,46.375,46.5,44.70833206176758,32.00083541870117
1999-09-30,7181700,44.83333206176758,45.75,46.0,44.16666793823242,31.569541931152344
1999-09-29,4420000,44.25,44.66666793823242,45.5,44.20833206176758,30.822002410888672
1999-09-28,4033600,44.08333206176758,44.08333206176758,44.41666793823242,43.41666793823242,30.419477462768555
1999-09-27,4707400,44.66666793823242,43.91666793823242,45.04166793823242,43.91666793823242,30.304460525512695
1999-09-24,6453300,44.0,44.33333206176758,44.91666793823242,43.5,30.591983795166016
1999-09-23,6550000,44.91666793823242,44.25,45.58333206176758,44.16666793823242,30.534482955932617
1999-09-22,5818600,43.70833206176758,44.25,44.70833206176758,42.79166793823242,30.534482955932617
1999-09-21,4211500,44.33333206176758,43.79166793823242,44.375,43.375,30.218215942382812
1999-09-20,3324600,44.83333206176758,44.66666793823242,44.95833206176758,44.5,30.822002410888672
1999-09-17,4358700,44.66666793823242,44.79166793823242,45.08333206176758,44.0,30.908260345458984
1999-09-16,3658000,44.125,44.0,44.58333206176758,43.70833206176758,30.36195945739746
1999-09-15,5862300,45.33333206176758,44.0,45.83333206176758,43.91666793823242,30.36195945739746
1999-09-14,3920800,45.5,45.33333206176758,45.625,44.91666793823242,31.282032012939453
1999-09-13,3447400,44.79166793823242,45.58333206176758,45.66666793823242,44.75,31.454540252685547
1999-09-10,7224600,45.20833206176758,45.16666793823242,45.5,44.70833206176758,31.167036056518555
1999-09-09,6742200,43.29166793823242,44.125,44.29166793823242,42.91666793823242,30.44822883605957
1999-09-08,4650700,41.95833206176758,43.08333206176758,43.29166793823242,41.70833206176758,29.72943115234375
1999-09-07,2579100,42.33333206176758,42.29166793823242,42.91666793823242,42.0,29.18313980102539
1999-09-03,4842900,41.91666793823242,42.375,42.5,41.79166793823242,29.24065399169922
1999-09-02,4335100,40.33333206176758,40.66666793823242,40.91666793823242,39.375,28.061826705932617
1999-09-01,3179200,40.83333206176758,40.83333206176758,41.125,40.45833206176758,28.176837921142578
1999-08-31,4372900,41.75,41.0,41.75,40.25,28.291831970214844
1999-08-30,2949600,42.33333206176758,41.25,42.58333206176758,41.25,28.43671226501465
1999-08-27,6055000,42.08333206176758,42.66666793823242,42.75,41.875,29.413326263427734
1999-08-26,5149000,43.83333206176758,42.0,44.25,42.0,28.953739166259766
1999-08-25,5387400,42.625,43.79166793823242,43.91666793823242,42.125,30.188871383666992
1999-08-24,3537000,42.5,42.54166793823242,42.83333206176758,41.58333206176758,29.32716941833496
1999-08-23,3455700,42.08333206176758,42.83333206176758,43.0,42.04166793823242,29.528215408325195
1999-08-20,2943900,41.29166793823242,41.875,41.91666793823242,41.04166793823242,28.867572784423828
1999-08-19,5157100,41.16666793823242,41.0,41.29166793823242,40.33333206176758,28.264373779296875
1999-08-18,3033100,42.5,41.75,42.5,41.54166793823242,28.781402587890625
1999-08-17,4235500,42.875,42.04166793823242,43.08333206176758,41.54166793823242,28.982467651367188
1999-08-16,4901100,42.29166793823242,42.66666793823242,42.66666793823242,42.0,29.413326263427734
1999-08-13,6395800,40.625,42.25,42.33333206176758,40.41666793823242,29.126079559326172
1999-08-12,7158700,40.16666793823242,39.58333206176758,40.54166793823242,39.375,27.28775978088379
1999-08-11,6300100,38.5,38.5,38.58333206176758,37.66666793823242,26.540924072265625
1999-08-10,9127900,36.70833206176758,37.75,37.91666793823242,35.75,26.02389907836914
1999-08-09,7231200,38.33333206176758,37.29166793823242,38.58333206176758,36.66666793823242,25.707935333251953
1999-08-06,5043000,38.08333206176758,38.20833206176758,38.95833206176758,37.45833206176758,26.339866638183594
1999-08-05,11251800,39.33333206176758,38.375,39.41666793823242,37.16666793823242,26.45477294921875
1999-08-04,6196800,40.41666793823242,39.25,40.54166793823242,38.83333206176758,27.057958602905273
1999-08-03,5856700,41.5,40.41666793823242,41.83333206176758,40.33333206176758,27.86223793029785
1999-08-02,4064100,42.08333206176758,41.58333206176758,42.79166793823242,41.33333206176758,28.6665096282959
1999-07-30,4057200,43.20833206176758,42.54166793823242,43.33333206176758,42.375,29.32716941833496
1999-07-29,4085400,42.70833206176758,42.79166793823242,42.875,42.25,29.499492645263672
1999-07-28,5043100,42.125,43.41666793823242,43.75,42.04166793823242,29.93036651611328
1999-07-27,5705800,42.58333206176758,41.625,42.70833206176758,41.625,28.695222854614258
1999-07-26,2750400,42.33333206176758,42.54166793823242,43.125,42.20833206176758,29.32716941833496
1999-07-23,2601000,42.91666793823242,43.08333206176758,43.45833206176758,42.66666793823242,29.700571060180664
1999-07-22,4678500,43.79166793823242,42.66666793823242,44.20833206176758,42.25,29.413326263427734
1999-07-21,4691700,44.0,43.875,44.66666793823242,43.375,30.246337890625
1999-07-20,6249000,45.75,43.66666793823242,46.08333206176758,43.45833206176758,30.102703094482422
1999-07-19,3018000,46.33333206176758,46.54166793823242,46.54166793823242,45.83333206176758,32.084659576416016
1999-07-16,4399900,46.58333206176758,46.41666793823242,46.625,45.75,31.998477935791016
1999-07-15,6462100,44.66666793823242,46.625,46.625,44.41666793823242,32.14210510253906
1999-07-14,3773700,43.5,44.0,44.33333206176758,43.375,30.33247184753418
1999-07-13,3448600,43.33333206176758,43.41666793823242,43.91666793823242,43.16666793823242,29.93036651611328
1999-07-12,2785800,43.41666793823242,43.58333206176758,43.91666793823242,43.20833206176758,30.045257568359375
1999-07-09,3934200,43.5,43.875,44.0,43.20833206176758,30.246337890625
1999-07-08,3974400,43.33333206176758,43.66666793823242,43.83333206176758,43.08333206176758,30.102703094482422
1999-07-07,3936600,43.125,43.70833206176758,43.79166793823242,43.0,30.131420135498047
1999-07-06,4188000,42.66666793823242,43.04166793823242,43.58333206176758,42.45833206176758,29.671842575073242
1999-07-02,2808100,42.16666793823242,42.66666793823242,42.79166793823242,42.08333206176758,29.413326263427734
1999-07-01,4524900,42.54166793823242,42.41666793823242,42.79166793823242,42.16666793823242,29.24098014831543
1999-06-30,5510500,42.33333206176758,42.95833206176758,43.125,41.95833206176758,29.614402770996094
1999-06-29,3870900,41.95833206176758,42.66666793823242,42.66666793823242,41.41666793823242,29.413326263427734
1999-06-28,4873500,40.66666793823242,41.91666793823242,42.0,40.54166793823242,28.896305084228516
1999-06-25,3250600,40.0,40.16666793823242,40.75,39.95833206176758,27.689899444580078
1999-06-24,4945900,40.625,39.95833206176758,40.625,39.41666793823242,27.546266555786133
1999-06-23,3356400,41.0,40.66666793823242,41.04166793823242,40.29166793823242,28.034578323364258
1999-06-22,4410400,40.75,41.25,41.41666793823242,40.20833206176758,28.43671226501465
1999-06-21,3213100,41.08333206176758,41.25,41.25,40.375,28.43671226501465
1999-06-18,5500200,40.125,40.66666793823242,40.75,40.04166793823242,28.034578323364258
1999-06-17,5854000,39.0,39.95833206176758,40.54166793823242,38.95833206176758,27.546266555786133
1999-06-16,8167200,38.83333206176758,38.875,39.125,38.66666793823242,26.79944610595703
1999-06-15,4678300,38.66666793823242,38.04166793823242,38.66666793823242,38.0,26.2249698638916
1999-06-14,4168300,39.79166793823242,38.75,39.83333206176758,38.33333206176758,26.713275909423828
1999-06-11,5859400,40.0,39.95833206176758,40.20833206176758,39.375,27.546266555786133
1999-06-10,4436500,39.45833206176758,39.25,39.625,38.5,27.057958602905273
1999-06-09,3933600,38.75,39.58333206176758,39.875,38.54166793823242,27.28775978088379
1999-06-08,4018000,39.875,38.91666793823242,39.91666793823242,38.41666793823242,26.828174591064453
1999-06-07,3347800,40.16666793823242,40.08333206176758,40.25,39.70833206176758,27.604820251464844
1999-06-04,5442700,39.0,40.33333206176758,40.33333206176758,39.0,27.777009963989258
1999-06-03,5415100,38.20833206176758,39.08333206176758,39.16666793823242,38.16666793823242,26.9161434173584
1999-06-02,5833600,37.625,37.79166793823242,38.08333206176758,36.75,26.02657699584961
1999-06-01,4282200,38.0,37.20833206176758,38.0,36.83333206176758,25.624858856201172
1999-05-28,4481200,37.83333206176758,37.70833206176758,38.08333206176758,37.41666793823242,25.96921157836914
1999-05-27,5383300,37.75,37.875,38.20833206176758,37.0,26.083980560302734
1999-05-26,6982800,37.625,38.375,38.45833206176758,37.125,26.428342819213867
1999-05-25,5795700,38.25,37.08333206176758,38.45833206176758,37.0,25.53877067565918
1999-05-24,9313000,38.83333206176758,38.25,38.91666793823242,37.20833206176758,26.34224510192871
1999-05-21,5669700,38.66666793823242,38.75,39.0,38.375,26.68658447265625
1999-05-20,4986600,38.70833206176758,38.66666793823242,39.125,38.5,26.62920379638672
1999-05-19,6540000,40.125,38.54166793823242,40.16666793823242,38.04166793823242,26.54311180114746
1999-05-18,9848100,40.66666793823242,39.41666793823242,40.66666793823242,38.66666793823242,27.14571189880371
1999-05-17,4657300,38.58333206176758,38.95833206176758,39.0,37.20833206176758,26.830062866210938
1999-05-14,5381500,38.20833206176758,38.75,38.79166793823242,38.16666793823242,26.68658447265625
1999-05-13,4442200,39.5,39.29166793823242,39.83333206176758,38.91666793823242,27.05961799621582
1999-05-12,5966800,39.58333206176758,39.33333206176758,40.16666793823242,38.66666793823242,27.088340759277344
1999-05-11,8307400,39.875,39.5,39.95833206176758,38.91666793823242,27.203096389770508
1999-05-10,5137500,38.25,37.58333206176758,38.54166793823242,36.83333206176758,25.883119583129883
1999-05-07,7410600,37.66666793823242,38.20833206176758,38.83333206176758,37.625,26.31355094909668
1999-05-06,7962100,39.0,38.0,39.08333206176758,37.79166793823242,26.170059204101562
1999-05-05,5607900,39.45833206176758,39.20833206176758,39.58333206176758,38.29166793823242,27.002227783203125
1999-05-04,5543500,40.875,39.5,41.16666793823242,39.41666793823242,27.203096389770508
1999-05-03,5405400,39.875,40.875,40.91666793823242,39.75,28.150049209594727
1999-04-30,6974500,39.58333206176758,39.83333206176758,40.33333206176758,37.70833206176758,27.432666778564453
1999-04-29,6648100,40.41666793823242,39.58333206176758,41.0,39.125,27.260494232177734
1999-04-28,4291200,41.0,41.125,41.83333206176758,41.0,28.322221755981445
1999-04-27,5089300,40.75,40.95833206176758,41.16666793823242,40.625,28.20742416381836
1999-04-26,4749900,41.70833206176758,40.54166793823242,41.83333206176758,40.5,27.920494079589844
1999-04-23,4039200,41.29166793823242,41.625,41.95833206176758,41.08333206176758,28.666555404663086
1999-04-22,3925600,41.33333206176758,41.45833206176758,41.58333206176758,40.875,28.551776885986328
1999-04-21,6017700,40.16666793823242,41.58333206176758,41.58333206176758,39.75,28.637868881225586
1999-04-20,8139300,39.66666793823242,40.33333206176758,41.625,39.5,27.777009963989258
1999-04-19,8089000,42.79166793823242,39.08333206176758,43.08333206176758,38.66666793823242,26.9161434173584
1999-04-16,7684200,42.16666793823242,42.20833206176758,42.66666793823242,41.66666793823242,29.068288803100586
1999-04-15,8155900,41.5,42.0,42.16666793823242,40.5,28.9248104095459
1999-04-14,4774800,43.16666793823242,42.33333206176758,43.58333206176758,42.0,29.15437126159668
1999-04-13,4268100,44.33333206176758,43.125,44.41666793823242,42.70833206176758,29.69959831237793
1999-04-12,3923700,44.58333206176758,44.58333206176758,45.125,44.16666793823242,30.703920364379883
1999-04-09,4824300,44.29166793823242,44.875,45.29166793823242,43.79166793823242,30.90478515625
1999-04-08,5753200,42.54166793823242,44.45833206176758,44.45833206176758,42.45833206176758,30.617839813232422
1999-04-07,4482600,41.66666793823242,42.375,42.70833206176758,41.66666793823242,29.183082580566406
1999-04-06,4455900,42.04166793823242,41.5,42.5,41.33333206176758,28.580472946166992
1999-04-05,6201600,41.375,42.04166793823242,42.125,40.125,28.95351219177246
1999-04-01,4903600,41.66666793823242,41.04166793823242,42.0,40.625,28.264833450317383
1999-03-31,4034400,43.0,41.5,43.04166793823242,41.29166793823242,28.580472946166992
1999-03-30,3008500,42.33333206176758,42.33333206176758,42.79166793823242,42.0,29.15437126159668
1999-03-29,3768400,42.5,42.75,43.08333206176758,42.08333206176758,29.441333770751953
1999-03-26,3163900,42.25,42.5,42.5,41.54166793823242,29.269161224365234
1999-03-25,4751400,40.33333206176758,42.41666793823242,42.58333206176758,40.08333206176758,29.21176528930664
1999-03-24,4750800,40.33333206176758,40.08333206176758,40.58333206176758,39.70833206176758,27.604820251464844
1999-03-23,7035900,41.5,40.29166793823242,41.5,40.16666793823242,27.748308181762695
1999-03-22,3876700,42.0,41.58333206176758,42.16666793823242,41.58333206176758,28.637868881225586
1999-03-19,5549200,43.41666793823242,42.16666793823242,43.41666793823242,42.16666793823242,29.03960609436035
1999-03-18,5458600,42.04166793823242,43.41666793823242,43.5,42.0,29.900463104248047
1999-03-17,5569200,42.58333206176758,42.08333206176758,42.625,41.91666793823242,28.98221206665039
1999-03-16,3990700,43.29166793823242,42.66666793823242,43.29166793823242,42.5,29.383939743041992
1999-03-15,5186400,43.25,43.29166793823242,43.58333206176758,42.83333206176758,29.814367294311523
1999-03-12,4530600,44.0,43.5,44.20833206176758,43.33333206176758,29.957849502563477
1999-03-11,5578200,43.66666793823242,43.58333206176758,44.125,43.04166793823242,30.015233993530273
1999-03-10,4806900,42.91666793823242,43.29166793823242,43.375,42.29166793823242,29.814367294311523
1999-03-09,5516100,42.25,42.79166793823242,43.29166793823242,40.83333206176758,29.470022201538086
1999-03-08,5102500,41.58333206176758,42.08333206176758,42.16666793823242,40.91666793823242,28.98221206665039
1999-03-05,8659000,41.33333206176758,41.5,42.125,41.04166793823242,28.580472946166992
1999-03-04,3778300,40.29166793823242,40.41666793823242,40.625,39.41666793823242,27.834400177001953
1999-03-03,4661200,39.33333206176758,40.125,40.54166793823242,39.33333206176758,27.63352394104004
1999-03-02,4848600,39.75,39.29166793823242,40.66666793823242,39.25,27.05961799621582
1999-03-01,3791800,39.08333206176758,39.79166793823242,39.875,38.83333206176758,27.38330841064453
1999-02-26,4506600,40.29166793823242,39.79166793823242,40.54166793823242,39.16666793823242,27.38330841064453
1999-02-25,5896800,39.5,39.875,40.04166793823242,38.66666793823242,27.440654754638672
1999-02-24,7131400,40.375,39.75,40.95833206176758,39.75,27.354631423950195
1999-02-23,6781300,41.0,40.375,41.125,40.16666793823242,27.78473472595215
1999-02-22,6822400,40.16666793823242,41.0,41.0,39.875,28.214847564697266
1999-02-19,8700400,39.04166793823242,40.33333206176758,41.125,38.95833206176758,27.756067276000977
1999-02-18,3649900,39.0,38.95833206176758,39.0,38.25,26.80983543395996
1999-02-17,4417200,38.66666793823242,38.66666793823242,39.41666793823242,38.08333206176758,26.6091251373291
1999-02-16,3658200,38.33333206176758,38.70833206176758,38.83333206176758,38.04166793823242,26.637805938720703
1999-02-12,4346800,38.375,37.91666793823242,39.08333206176758,37.5,26.092994689941406
1999-02-11,5059000,36.95833206176758,38.83333206176758,38.95833206176758,36.875,26.72381591796875
1999-02-10,4185000,36.33333206176758,37.04166793823242,37.16666793823242,36.20833206176758,25.4908447265625
1999-02-09,4681000,36.75,36.16666793823242,36.91666793823242,35.875,24.88869857788086
1999-02-08,5163300,37.33333206176758,37.0,37.41666793823242,36.33333206176758,25.462177276611328
1999-02-05,6149400,38.54166793823242,37.25,38.79166793823242,36.75,25.634218215942383
1999-02-04,4723600,39.0,38.41666793823242,39.16666793823242,38.125,26.437076568603516
1999-02-03,4903000,38.41666793823242,39.08333206176758,39.25,38.0,26.895856857299805
1999-02-02,4793200,39.375,38.41666793823242,39.375,37.95833206176758,26.437076568603516
1999-02-01,5667000,40.25,39.41666793823242,40.33333206176758,39.33333206176758,27.125242233276367
1999-01-29,4339500,40.20833206176758,40.33333206176758,40.75,39.70833206176758,27.756067276000977
1999-01-28,4644000,40.0,40.0,40.5,39.83333206176758,27.526676177978516
1999-01-27,8454600,39.83333206176758,40.16666793823242,40.45833206176758,39.66666793823242,27.641372680664062
1999-01-26,7647700,38.5,38.875,39.54166793823242,38.04166793823242,26.75248146057129
1999-01-25,5601400,37.66666793823242,38.5,38.5,37.16666793823242,26.494422912597656
1999-01-22,5411400,37.83333206176758,37.29166793823242,37.95833206176758,36.75,25.66288948059082
1999-01-21,5766900,38.0,37.79166793823242,38.375,37.66666793823242,26.006954193115234
1999-01-20,8279400,37.08333206176758,38.20833206176758,38.625,36.875,26.29371452331543
1999-01-19,6349600,37.45833206176758,36.95833206176758,37.54166793823242,36.41666793823242,25.43349838256836
1999-01-15,7641900,36.875,36.58333206176758,36.95833206176758,36.33333206176758,25.175432205200195
1999-01-14,7255200,36.58333206176758,36.625,36.83333206176758,35.875,25.204126358032227
1999-01-13,17056000,34.66666793823242,36.02080154418945,36.66666793823242,34.58333206176758,24.788320541381836
1999-01-12,8447100,36.83333206176758,36.16666793823242,37.04166793823242,35.95833206176758,24.88869857788086
1999-01-11,7734300,38.08333206176758,37.66666793823242,38.29166793823242,36.66666793823242,25.92095184326172
1999-01-08,6262600,38.95833206176758,38.75,39.08333206176758,37.875,26.666461944580078
1999-01-07,8124100,38.91666793823242,38.95833206176758,39.33333206176758,38.54166793823242,26.80983543395996
1999-01-06,7089100,39.58333206176758,39.58333206176758,39.875,39.16666793823242,27.239938735961914
1999-01-05,5725000,39.33333206176758,38.91666793823242,39.625,38.875,26.78116226196289
1999-01-04,7312300,40.25,39.20833206176758,40.83333206176758,38.875,26.98186492919922
1998-12-31,3278700,40.75,40.79166793823242,40.91666793823242,40.04166793823242,28.071470260620117
1998-12-30,3496500,40.875,40.875,41.33333206176758,40.29166793823242,28.128828048706055
1998-12-29,4215700,39.58333206176758,41.04166793823242,41.16666793823242,39.45833206176758,28.2435245513916
1998-12-28,4029000,39.91666793823242,39.58333206176758,40.25,39.45833206176758,27.239938735961914
1998-12-24,1721700,40.0,40.0,40.33333206176758,39.66666793823242,27.526676177978516
1998-12-23,4172700,39.625,40.0,40.0,39.125,27.526676177978516
1998-12-22,6116100,39.625,39.5,39.95833206176758,39.16666793823242,27.182586669921875
1998-12-21,7012800,38.16666793823242,39.29166793823242,39.79166793823242,37.91666793823242,27.039222717285156
1998-12-18,12282300,36.29166793823242,38.16666793823242,38.83333206176758,36.20833206176758,26.265026092529297
1998-12-17,5496100,35.16666793823242,36.04166793823242,36.20833206176758,34.95833206176758,24.802684783935547
1998-12-16,3919000,36.33333206176758,35.5,36.5,35.25,24.4299259185791
1998-12-15,5815500,34.0,36.16666793823242,36.66666793823242,34.0,24.88869857788086
1998-12-14,3846000,34.75,33.95833206176758,35.0,33.83333206176758,23.369001388549805
1998-12-11,3426600,35.08333206176758,35.45833206176758,35.75,34.83333206176758,24.4012393951416
1998-12-10,4992400,36.20833206176758,35.08333206176758,36.33333206176758,34.66666793823242,24.143184661865234
1998-12-09,4441300,36.20833206176758,36.41666793823242,36.66666793823242,35.91666793823242,25.06074333190918
1998-12-08,6229500,35.04166793823242,36.41666793823242,36.58333206176758,35.04166793823242,25.06074333190918
1998-12-07,4064200,34.29166793823242,35.125,35.45833206176758,34.20833206176758,24.171865463256836
1998-12-04,4385400,33.83333206176758,33.91666793823242,34.16666793823242,33.75,23.340328216552734
1998-12-03,5119300,33.16666793823242,33.04166793823242,34.04166793823242,33.0,22.73817253112793
1998-12-02,3725100,33.0,33.375,33.625,33.0,22.967571258544922
1998-12-01,4816600,33.08333206176758,33.875,34.0,32.16666793823242,23.311655044555664
1998-11-30,4923700,34.45833206176758,33.16666793823242,34.5,33.16666793823242,22.803552627563477
1998-11-27,1995600,33.79166793823242,34.5,34.66666793823242,33.5,23.720285415649414
1998-11-25,5158000,33.66666793823242,33.83333206176758,34.20833206176758,33.625,23.261917114257812
1998-11-24,5040300,33.33333206176758,33.54166793823242,34.0,33.33333206176758,23.061391830444336
1998-11-23,5636100,33.16666793823242,33.75,33.75,33.0,23.20462417602539
1998-11-20,5002900,33.04166793823242,32.875,33.16666793823242,32.66666793823242,22.60302734375
1998-11-19,5570400,32.41666793823242,32.75,32.91666793823242,32.125,22.51708221435547
1998-11-18,4718200,32.0,32.41666793823242,32.66666793823242,31.625,22.28790283203125
1998-11-17,8627100,31.58333396911621,31.91666603088379,32.29166793823242,31.25,21.944120407104492
1998-11-16,6045100,31.04166603088379,31.58333396911621,31.58333396911621,30.79166603088379,21.714946746826172
1998-11-13,3882700,30.83333396911621,31.0,31.04166603088379,30.58333396911621,21.313875198364258
1998-11-12,4657300,30.66666603088379,30.625,31.04166603088379,30.41666603088379,21.056045532226562
1998-11-11,4797700,31.29166603088379,30.83333396911621,31.33333396911621,30.41666603088379,21.199289321899414
1998-11-10,7040800,30.58333396911621,30.875,31.125,30.45833396911621,21.227930068969727
1998-11-09,4695000,30.29166603088379,30.20833396911621,30.29166603088379,29.20833396911621,20.769575119018555
1998-11-06,5789700,30.04166603088379,30.125,30.58333396911621,29.91666603088379,20.712282180786133
1998-11-05,4924900,29.5,30.20833396911621,30.25,29.08333396911621,20.769575119018555
1998-11-04,5316900,29.41666603088379,29.66666603088379,29.875,29.16666603088379,20.397146224975586
1998-11-03,5840800,30.0,28.79166603088379,30.04166603088379,28.75,19.795549392700195
1998-11-02,5932600,29.25,29.91666603088379,30.04166603088379,29.16666603088379,20.569040298461914
1998-10-30,6172500,28.5,29.04166603088379,29.04166603088379,28.125,19.96744155883789
1998-10-29,3812400,28.0,28.33333396911621,28.41666603088379,27.79166603088379,19.480432510375977
1998-10-28,4401000,27.29166603088379,28.125,28.45833396911621,27.04166603088379,19.337190628051758
1998-10-27,8151400,28.58333396911621,27.25,29.0,27.08333396911621,18.735584259033203
1998-10-26,6323500,28.41666603088379,27.83333396911621,28.83333396911621,27.54166603088379,19.13665008544922
1998-10-23,3300100,29.125,28.45833396911621,29.125,28.25,19.566370010375977
1998-10-22,4278300,28.5,29.125,29.29166603088379,28.16666603088379,20.024734497070312
1998-10-21,4868700,29.0,28.91666603088379,29.33333396911621,28.66666603088379,19.881492614746094
1998-10-20,9418200,29.625,28.41666603088379,29.95833396911621,28.41666603088379,19.537710189819336
1998-10-19,8160900,28.58333396911621,29.41666603088379,29.41666603088379,28.41666603088379,20.225269317626953
1998-10-16,12842500,28.5,28.16666603088379,29.16666603088379,27.58333396911621,19.365835189819336
1998-10-15,8223600,25.33333396911621,27.58333396911621,28.5,25.25,18.964765548706055
1998-10-14,5310700,24.75,25.83333396911621,26.08333396911621,24.70833396911621,17.761566162109375
1998-10-13,4593100,25.08333396911621,25.16666603088379,25.20833396911621,24.66666603088379,17.303197860717773
1998-10-12,6631300,25.5,24.75,25.5,24.75,17.0167179107666
1998-10-09,8312100,22.79166603088379,24.16666603088379,24.25,22.04166603088379,16.61565589904785
1998-10-08,20465400,22.75,22.75,23.25,21.08333396911621,15.641632080078125
1998-10-07,5687400,24.66666603088379,24.0,25.16666603088379,23.45833396911621,16.501066207885742
1998-10-06,8412900,24.33333396911621,24.58333396911621,25.16666603088379,23.75,16.902130126953125
1998-10-05,11027700,23.0,23.41666603088379,23.75,22.0,16.099998474121094
1998-10-02,17319300,24.33333396911621,23.75,24.83333396911621,23.20833396911621,16.32918357849121
1998-10-01,18968200,25.33333396911621,24.08333396911621,26.25,23.75,16.55836296081543
1998-09-30,10480000,27.41666603088379,26.33333396911621,27.45833396911621,25.83333396911621,18.105335235595703
1998-09-29,6228900,28.66666603088379,27.58333396911621,28.79166603088379,27.375,18.964765548706055
1998-09-28,4770900,28.875,28.25,29.58333396911621,28.0,19.42313575744629
1998-09-25,4694500,27.66666603088379,28.66666603088379,28.66666603088379,27.41666603088379,19.70960235595703
1998-09-24,8883700,29.0,28.33333396911621,29.33333396911621,27.66666603088379,19.480432510375977
1998-09-23,10092600,28.375,29.70833396911621,29.75,27.91666603088379,20.425796508789062
1998-09-22,5167000,27.45833396911621,28.04166603088379,28.16666603088379,26.79166603088379,19.279888153076172
1998-09-21,6269700,26.08333396911621,27.08333396911621,27.625,26.0,18.620990753173828
1998-09-18,6053100,27.33333396911621,26.91666603088379,27.58333396911621,26.70833396911621,18.506406784057617
1998-09-17,5578800,26.70833396911621,27.58333396911621,27.66666603088379,26.66666603088379,18.964765548706055
1998-09-16,4496400,27.66666603088379,28.25,28.5,27.54166603088379,19.42313575744629
1998-09-15,4917300,27.41666603088379,27.58333396911621,28.0,27.20833396911621,18.964765548706055
1998-09-14,6198100,27.33333396911621,26.91666603088379,27.5,26.83333396911621,18.506406784057617
1998-09-11,5548600,25.83333396911621,26.83333396911621,27.08333396911621,25.70833396911621,18.449113845825195
1998-09-10,5792100,26.58333396911621,26.29166603088379,26.91666603088379,25.79166603088379,18.076690673828125
1998-09-09,4850100,27.83333396911621,27.33333396911621,28.08333396911621,27.04166603088379,18.792879104614258
1998-09-08,8627500,27.95833396911621,27.79166603088379,27.95833396911621,26.66666603088379,19.108001708984375
1998-09-04,7640100,26.0,25.54166603088379,26.25,24.70833396911621,17.561031341552734
1998-09-03,12531300,25.41666603088379,25.79166603088379,26.41666603088379,24.91666603088379,17.732913970947266
1998-09-02,9311500,28.29166603088379,26.41666603088379,28.33333396911621,26.125,18.162630081176758
1998-09-01,16743300,25.66666603088379,27.5,28.41666603088379,23.5,18.90747833251953
1998-08-31,14921100,28.45833396911621,25.41666603088379,28.5,23.875,17.45445442199707
1998-08-28,6569700,29.91666603088379,28.29166603088379,30.16666603088379,28.08333396911621,19.428813934326172
1998-08-27,8653200,30.0,29.95833396911621,30.5,28.66666603088379,20.573379516601562
1998-08-26,6696100,29.95833396911621,30.41666603088379,30.625,29.75,20.888132095336914
1998-08-25,6337900,30.0,30.25,30.41666603088379,29.875,20.77366828918457
1998-08-24,3895600,29.33333396911621,29.33333396911621,29.45833396911621,28.91666603088379,20.1441707611084
1998-08-21,6725400,28.41666603088379,28.58333396911621,28.70833396911621,28.16666603088379,19.629112243652344
1998-08-20,5609200,28.875,28.83333396911621,29.58333396911621,28.79166603088379,19.80080223083496
1998-08-19,6355900,30.33333396911621,29.20833396911621,30.33333396911621,29.0,20.058326721191406
1998-08-18,7772500,29.5,29.875,29.875,29.16666603088379,20.516138076782227
1998-08-17,6269400,27.75,28.54166603088379,29.33333396911621,27.66666603088379,19.600502014160156
1998-08-14,5010400,29.33333396911621,28.0,29.58333396911621,27.70833396911621,19.2285213470459
1998-08-13,5341300,29.25,29.04166603088379,29.54166603088379,29.0,19.94386863708496
1998-08-12,5414100,28.33333396911621,29.0,29.25,28.16666603088379,19.91525650024414
1998-08-11,7715500,27.75,27.875,28.0,27.16666603088379,19.142683029174805
1998-08-10,6125400,29.33333396911621,28.70833396911621,29.5,28.54166603088379,19.71495819091797
1998-08-07,7883100,28.54166603088379,29.33333396911621,29.41666603088379,28.375,20.1441707611084
1998-08-06,6565600,26.875,28.0,28.125,26.79166603088379,19.2285213470459
1998-08-05,8751400,27.0,27.08333396911621,27.16666603088379,25.83333396911621,18.59901237487793
1998-08-04,10553100,28.33333396911621,26.66666603088379,28.33333396911621,26.33333396911621,18.312870025634766
1998-08-03,6920800,27.70833396911621,27.29166603088379,28.25,27.25,18.74208641052246
1998-07-31,6415500,29.0,27.91666603088379,29.0,27.83333396911621,19.171293258666992
1998-07-30,6590200,28.41666603088379,28.16666603088379,28.95833396911621,28.08333396911621,19.34297752380371
1998-07-29,6174900,29.0,28.20833396911621,29.45833396911621,28.08333396911621,19.3715877532959
1998-07-28,6936700,29.16666603088379,28.91666603088379,29.66666603088379,28.58333396911621,19.858028411865234
1998-07-27,7437100,29.41666603088379,29.25,30.16666603088379,28.58333396911621,20.086938858032227
1998-07-24,11774100,29.0,30.16666603088379,30.375,28.0,20.71643829345703
1998-07-23,6187200,30.375,30.125,30.41666603088379,29.66666603088379,20.68782615661621
1998-07-22,4848000,30.70833396911621,30.79166603088379,30.95833396911621,30.08333396911621,21.145648956298828
1998-07-21,4768000,31.58333396911621,30.66666603088379,31.66666603088379,30.5,21.0598087310791
1998-07-20,3909300,31.58333396911621,31.41666603088379,31.75,31.33333396911621,21.574851989746094
1998-07-17,4589100,31.70833396911621,31.33333396911621,31.75,31.33333396911621,21.517635345458984
1998-07-16,6656100,31.45833396911621,31.54166603088379,31.625,31.0,21.66069793701172
1998-07-15,9025600,32.66666793823242,31.45833396911621,32.66666793823242,31.33333396911621,21.603473663330078
1998-07-14,5909100,32.16666793823242,32.45833206176758,32.58333206176758,32.125,22.290205001831055
1998-07-13,6149500,32.08333206176758,31.83333396911621,32.25,31.5,21.860992431640625
1998-07-10,8446500,31.375,32.33333206176758,32.33333206176758,30.66666603088379,22.204364776611328
1998-07-09,12196000,32.0,31.33333396911621,32.0,30.79166603088379,21.517635345458984
1998-07-08,8105200,31.33333396911621,31.91666603088379,31.91666603088379,31.125,21.918224334716797
1998-07-07,10783800,31.41666603088379,30.79166603088379,31.5,30.79166603088379,21.145648956298828
1998-07-06,11817100,29.91666603088379,30.79166603088379,30.79166603088379,29.25,21.145648956298828
1998-07-02,5508600,28.45833396911621,28.625,28.6875,28.27083396911621,19.657730102539062
1998-07-01,6725700,27.75,28.33333396911621,28.47916603088379,27.75,19.45743751525879
1998-06-30,6534600,28.20833396911621,27.6875,28.3125,27.66666603088379,19.013917922973633
1998-06-29,5566500,28.35416603088379,28.20833396911621,28.47916603088379,27.97916603088379,19.3715877532959
1998-06-26,3717600,28.25,28.3125,28.625,28.10416603088379,19.4431209564209
1998-06-25,5864400,28.58333396911621,28.29166603088379,28.66666603088379,28.20833396911621,19.428813934326172
1998-06-24,6948000,28.33333396911621,28.3125,28.45833396911621,28.08333396911621,19.4431209564209
1998-06-23,10076100,28.625,28.29166603088379,28.85416603088379,28.0625,19.428813934326172
1998-06-22,6365700,27.54166603088379,28.04166603088379,28.39583396911621,27.54166603088379,19.257125854492188
1998-06-19,7381800,27.9375,27.375,28.08333396911621,27.0,18.799320220947266
1998-06-18,6768900,27.52083396911621,28.04166603088379,28.14583396911621,27.5,19.257125854492188
1998-06-17,7866300,26.66666603088379,27.4375,27.64583396911621,26.66666603088379,18.842233657836914
1998-06-16,5690400,26.5625,26.5625,26.70833396911621,26.317699432373047,18.241342544555664
1998-06-15,4757100,26.66666603088379,26.25,26.77083396911621,26.22916603088379,18.0267391204834
1998-06-12,4386900,27.25,27.04166603088379,27.6875,26.79166603088379,18.570402145385742
1998-06-11,7171500,27.70833396911621,27.3125,27.75,27.0,18.756391525268555
1998-06-10,6677700,26.89583396911621,27.45833396911621,27.47916603088379,26.85416603088379,18.856542587280273
1998-06-09,5144100,26.8125,26.91666603088379,27.0625,26.60416603088379,18.484560012817383
1998-06-08,8262300,26.39583396911621,26.83333396911621,26.91666603088379,26.33333396911621,18.386127471923828
1998-06-05,5179200,25.875,26.3125,26.33333396911621,25.70833396911621,18.029253005981445
1998-06-04,5559600,25.58333396911621,25.77083396911621,25.85416603088379,25.35416603088379,17.658096313476562
1998-06-03,7338900,25.9375,25.66666603088379,25.95833396911621,25.60416603088379,17.58673667907715
1998-06-02,10028700,26.35416603088379,25.89583396911621,26.35416603088379,25.85416603088379,17.743764877319336
1998-06-01,8277900,26.5,26.35416603088379,26.52083396911621,26.125,18.057804107666016
1998-05-29,9912600,25.79166603088379,26.1875,26.3125,25.79166603088379,17.943607330322266
1998-05-28,17306400,25.14583396911621,25.66666603088379,26.0,24.79166603088379,17.58673667907715
1998-05-27,10254900,24.25,24.75,24.9375,24.20833396911621,16.958635330200195
1998-05-26,5446800,25.20833396911621,24.83333396911621,25.45833396911621,24.77083396911621,17.01573944091797
1998-05-22,3873300,24.85416603088379,24.79166603088379,24.95833396911621,24.66666603088379,16.987184524536133
1998-05-21,7099800,24.33333396911621,24.85416603088379,25.39583396911621,24.125,17.03000831604004
1998-05-20,5157600,24.33333396911621,24.29166603088379,24.625,24.0625,16.64458656311035
1998-05-19,8295000,23.97916603088379,24.33333396911621,24.54166603088379,23.95833396911621,16.673137664794922
1998-05-18,4012200,23.79166603088379,23.375,23.91666603088379,23.25,16.016477584838867
1998-05-15,5612700,24.0625,23.64583396911621,24.3125,23.625,16.20206642150879
1998-05-14,4153500,23.60416603088379,23.97916603088379,24.125,23.41666603088379,16.43045997619629
1998-05-13,4691100,23.54166603088379,23.6875,23.72916603088379,23.41666603088379,16.230623245239258
1998-05-12,4336800,23.1875,23.33333396911621,23.39583396911621,23.04166603088379,15.987943649291992
1998-05-11,4888800,23.3125,23.22916603088379,23.54166603088379,23.16666603088379,15.916568756103516
1998-05-08,4082700,22.66666603088379,22.95833396911621,23.0,22.66666603088379,15.730984687805176
1998-05-07,5391900,23.10416603088379,22.625,23.14583396911621,22.5625,15.502589225769043
1998-05-06,4766100,23.54166603088379,23.125,23.66666603088379,22.875,15.845187187194824
1998-05-05,3378300,23.5,23.5625,23.64583396911621,23.25,16.144962310791016
1998-05-04,3320700,23.08333396911621,23.47916603088379,23.52083396911621,23.02083396911621,16.087860107421875
1998-05-01,4095000,23.54166603088379,23.125,23.54166603088379,23.04166603088379,15.845187187194824
1998-04-30,7477800,22.83333396911621,23.22916603088379,23.3125,22.70833396911621,15.916568756103516
1998-04-29,4249200,22.33333396911621,22.4375,22.45833396911621,22.04166603088379,15.374115943908691
1998-04-28,7084500,22.66666603088379,22.25,22.70833396911621,22.16666603088379,15.245637893676758
1998-04-27,7124700,22.5,22.25,22.54166603088379,21.85416603088379,15.245637893676758
1998-04-24,4485000,23.5,22.875,23.54166603088379,22.70833396911621,15.673888206481934
1998-04-23,2435100,23.41666603088379,23.41666603088379,23.66666603088379,23.33333396911621,16.04503631591797
1998-04-22,2660700,23.72916603088379,23.64583396911621,23.83333396911621,23.47916603088379,16.20206642150879
1998-04-21,4591200,23.5,23.70833396911621,23.8125,23.375,16.244882583618164
1998-04-20,4368000,23.375,23.54166603088379,23.54166603088379,23.16666603088379,16.130687713623047
1998-04-17,4488000,23.66666603088379,23.45833396911621,23.66666603088379,23.35416603088379,16.073589324951172
1998-04-16,2921400,24.0,23.64583396911621,24.0,23.64583396911621,16.20206642150879
1998-04-15,2527200,24.0,24.08333396911621,24.16666603088379,23.83333396911621,16.50183868408203
1998-04-14,6484200,23.66666603088379,24.08333396911621,24.22916603088379,23.5625,16.50183868408203
1998-04-13,4624800,23.66666603088379,23.60416603088379,23.72916603088379,23.39583396911621,16.173513412475586
1998-04-09,4850100,23.0,23.60416603088379,23.625,22.95833396911621,16.173513412475586
1998-04-08,6864300,23.0,22.72916603088379,23.125,22.64583396911621,15.573959350585938
1998-04-07,5143200,23.14583396911621,22.95833396911621,23.3125,22.89583396911621,15.730984687805176
1998-04-06,10422900,23.83333396911621,23.380199432373047,23.83333396911621,23.14583396911621,16.020051956176758
1998-04-03,11280300,23.04166603088379,23.22916603088379,23.5,23.02083396911621,15.916568756103516
1998-04-02,7782300,23.16666603088379,23.0,23.33333396911621,22.91666603088379,15.759535789489746
1998-04-01,9633600,22.47916603088379,23.16666603088379,23.20833396911621,22.45833396911621,15.873740196228027
1998-03-31,12357900,22.66666603088379,22.54166603088379,22.83333396911621,22.14583396911621,15.445487976074219
1998-03-30,3912600,22.08333396911621,22.04166603088379,22.25,21.875,15.102889060974121
1998-03-27,5840100,22.58333396911621,22.08333396911621,22.58333396911621,21.8125,15.131443977355957
1998-03-26,9316800,21.83333396911621,22.375,22.52083396911621,21.72916603088379,15.331293106079102
1998-03-25,9199500,22.16666603088379,21.79166603088379,22.25,21.47916603088379,14.931589126586914
1998-03-24,5374800,22.66666603088379,22.125,22.66666603088379,22.04166603088379,15.159996032714844
1998-03-23,4802700,22.70833396911621,22.22916603088379,22.72916603088379,22.22916603088379,15.231369018554688
1998-03-20,4380300,22.75,22.91666603088379,23.14583396911621,22.66666603088379,15.702439308166504
1998-03-19,3173700,22.875,22.6875,22.875,22.58333396911621,15.545419692993164
1998-03-18,4917600,23.08333396911621,22.79166603088379,23.16666603088379,22.58333396911621,15.616790771484375
1998-03-17,4617000,23.3125,23.16666603088379,23.47916603088379,23.08333396911621,15.873740196228027
1998-03-16,3664800,23.125,23.16666603088379,23.20833396911621,22.875,15.873740196228027
1998-03-13,6036000,23.14583396911621,23.08333396911621,23.29166603088379,22.97916603088379,15.816641807556152
1998-03-12,11112600,23.16666603088379,23.16666603088379,23.29166603088379,22.85416603088379,15.873740196228027
1998-03-11,7225800,22.8125,23.16666603088379,23.29166603088379,22.75,15.873740196228027
1998-03-10,7468200,22.45833396911621,22.64583396911621,22.75,22.33333396911621,15.516866683959961
1998-03-09,4437000,21.97916603088379,22.125,22.22916603088379,21.77083396911621,15.159996032714844
1998-03-06,6800100,21.47916603088379,22.0,22.0,21.47916603088379,15.074333190917969
1998-03-05,5025000,21.33333396911621,21.4375,21.70833396911621,21.14583396911621,14.688918113708496
1998-03-04,3950700,21.33333396911621,21.47916603088379,21.5,21.25,14.717472076416016
1998-03-03,5668500,21.1875,21.45833396911621,21.5625,21.1875,14.703190803527832
1998-03-02,6788700,21.20833396911621,21.54166603088379,21.6875,21.20833396911621,14.725960731506348
1998-02-27,7974900,21.70833396911621,21.29166603088379,21.75,21.08333396911621,14.555054664611816
1998-02-26,7208700,21.83333396911621,21.77083396911621,22.16666603088379,21.70833396911621,14.882628440856934
1998-02-25,9941400,21.91666603088379,22.1875,22.375,21.66666603088379,15.167455673217773
1998-02-24,11676900,22.33333396911621,21.70833396911621,22.4375,21.70833396911621,14.839900016784668
1998-02-23,8059500,22.41666603088379,22.85416603088379,22.9375,22.41666603088379,15.623193740844727
1998-02-20,4476600,22.35416603088379,22.33333396911621,22.375,22.125,15.267148971557617
1998-02-19,4454100,22.33333396911621,22.375,22.375,22.1875,15.295629501342773
1998-02-18,4956000,22.25,22.29166603088379,22.33333396911621,22.1875,15.238661766052246
1998-02-17,6400800,22.125,22.25,22.375,22.10416603088379,15.210184097290039
1998-02-13,3317400,21.58333396911621,21.83333396911621,21.89583396911621,21.5625,14.925353050231934
1998-02-12,4116900,21.29166603088379,21.70833396911621,21.75,21.02083396911621,14.839900016784668
1998-02-11,5137200,21.29166603088379,21.3125,21.33333396911621,21.10416603088379,14.56930923461914
1998-02-10,2555700,21.10416603088379,21.33333396911621,21.33333396911621,21.02083396911621,14.583549499511719
1998-02-09,4116600,21.0,21.02083396911621,21.14583396911621,20.9375,14.369924545288086
1998-02-06,4665300,21.0625,21.20833396911621,21.29166603088379,21.0,14.49809741973877
1998-02-05,5752800,21.0,21.02083396911621,21.125,20.79166603088379,14.369924545288086
1998-02-04,3787200,20.875,21.0,21.02083396911621,20.75,14.355677604675293
1998-02-03,4578900,20.54166603088379,20.91666603088379,21.02083396911621,20.47916603088379,14.298712730407715
1998-02-02,4069800,20.5,20.60416603088379,20.79166603088379,20.41666603088379,14.085078239440918
1998-01-30,2681100,20.22916603088379,20.16666603088379,20.4375,20.04166603088379,13.786011695861816
1998-01-29,4806900,20.20833396911621,20.1875,20.54166603088379,20.125,13.800251007080078
1998-01-28,5980800,20.25,20.1875,20.39583396911621,20.125,13.800251007080078
1998-01-27,5146200,19.5625,20.10416603088379,20.22916603088379,19.54166603088379,13.743277549743652
1998-01-26,3712500,20.04166603088379,19.60416603088379,20.04166603088379,19.52083396911621,13.401482582092285
1998-01-23,5545800,19.75,19.95833396911621,20.08333396911621,19.70833396911621,13.643589973449707
1998-01-22,3585000,19.95833396911621,19.83333396911621,20.04166603088379,19.79166603088379,13.558147430419922
1998-01-21,3760500,20.22916603088379,20.22916603088379,20.27083396911621,19.9375,13.828733444213867
1998-01-20,4904700,19.875,20.25,20.33333396911621,19.6875,13.842979431152344
1998-01-16,3624300,19.875,19.77083396911621,19.95833396911621,19.70833396911621,13.51541805267334
1998-01-15,3544800,19.8125,19.77083396911621,19.95833396911621,19.47916603088379,13.51541805267334
1998-01-14,4104600,19.66666603088379,19.89583396911621,19.91666603088379,19.625,13.600868225097656
1998-01-13,4986600,19.54166603088379,19.70833396911621,19.72916603088379,19.375,13.472688674926758
1998-01-12,5052300,18.4375,19.375,19.375,18.4375,13.244832038879395
1998-01-09,4168200,19.375,18.79166603088379,19.375,18.66666603088379,12.846056938171387
1998-01-08,4797900,19.89583396911621,19.47916603088379,19.89583396911621,19.45833396911621,13.316032409667969
1998-01-07,5411400,19.33333396911621,19.5625,19.70833396911621,19.22916603088379,13.372993469238281
1998-01-06,3665700,19.04166603088379,19.35416603088379,19.35416603088379,19.04166603088379,13.230579376220703
1998-01-05,4658400,19.5625,19.22916603088379,19.625,19.1875,13.145124435424805
1998-01-02,3489300,19.66666603088379,19.5,19.70833396911621,19.04166603088379,13.330270767211914
1997-12-31,5643900,18.95833396911621,19.625,19.64583396911621,18.89583396911621,13.415722846984863
1997-12-30,5320800,18.45833396911621,18.97916603088379,18.97916603088379,18.29166603088379,12.974234580993652
1997-12-29,6349500,18.16666603088379,18.125,18.25,17.64583396911621,12.390318870544434
1997-12-26,1081800,18.14583396911621,18.08333396911621,18.27083396911621,18.02083396911621,12.361831665039062
1997-12-24,3026400,18.54166603088379,18.14583396911621,18.54166603088379,18.02083396911621,12.404561042785645
1997-12-23,3522900,18.66666603088379,18.5,18.77083396911621,18.5,12.646671295166016
1997-12-22,2696400,18.91666603088379,18.625,19.0,18.625,12.732121467590332
1997-12-19,8848800,18.58333396911621,18.83333396911621,18.91666603088379,18.4375,12.874533653259277
1997-12-18,4006200,19.58333396911621,19.22916603088379,19.58333396911621,19.08333396911621,13.145124435424805
1997-12-17,4071600,19.60416603088379,19.35416603088379,19.79166603088379,19.33333396911621,13.230579376220703
1997-12-16,5701200,19.70833396911621,19.60416603088379,19.91666603088379,19.60416603088379,13.401482582092285
1997-12-15,4491300,19.91666603088379,19.5625,19.95833396911621,19.54166603088379,13.372993469238281
1997-12-12,5023500,19.97916603088379,19.91666603088379,19.97916603088379,19.625,13.615111351013184
1997-12-11,7337700,19.64583396911621,19.72916603088379,19.89583396911621,19.54166603088379,13.486931800842285
1997-12-10,3324000,19.77083396911621,19.625,19.85416603088379,19.5,13.415722846984863
1997-12-09,2741700,19.79166603088379,19.77083396911621,19.97916603088379,19.70833396911621,13.51541805267334
1997-12-08,4665300,20.08333396911621,19.97916603088379,20.08333396911621,19.77083396911621,13.657833099365234
1997-12-05,3949800,19.5,19.9375,20.08333396911621,19.45833396911621,13.629350662231445
1997-12-04,5680500,20.04166603088379,19.66666603088379,20.16666603088379,19.625,13.444209098815918
1997-12-03,5250000,19.75,19.95833396911621,19.95833396911621,19.52083396911621,13.643589973449707
1997-12-02,5034300,19.66666603088379,19.58333396911621,19.77083396911621,19.52083396911621,13.387243270874023
1997-12-01,6206400,18.9375,19.5,19.58333396911621,18.89583396911621,13.296024322509766
1997-11-28,1691400,18.6875,18.6875,19.0,18.64583396911621,12.742027282714844
1997-11-26,3276000,19.125,18.60416603088379,19.16666603088379,18.60416603088379,12.685208320617676
1997-11-25,3283800,18.85416603088379,18.83333396911621,18.95833396911621,18.66666603088379,12.84145736694336
1997-11-24,3514200,19.0,18.79166603088379,19.0625,18.66666603088379,12.813053131103516
1997-11-21,4524300,19.04166603088379,19.08333396911621,19.125,18.77083396911621,13.011921882629395
1997-11-20,7750800,18.91666603088379,18.89583396911621,19.02083396911621,18.75,12.884072303771973
1997-11-19,5751300,18.70833396911621,18.875,19.0,18.66666603088379,12.869869232177734
1997-11-18,4791000,19.0,18.77083396911621,19.125,18.75,12.798845291137695
1997-11-17,5415300,18.97916603088379,19.29166603088379,19.33333396911621,18.91666603088379,13.153977394104004
1997-11-14,5085000,18.16666603088379,18.75,18.9375,18.14583396911621,12.784638404846191
1997-11-13,4852200,18.20833396911621,18.16666603088379,18.33333396911621,17.875,12.386896133422852
1997-11-12,6325200,18.33333396911621,18.14583396911621,18.54166603088379,18.08333396911621,12.372690200805664
1997-11-11,3830400,18.5625,18.47916603088379,18.625,18.41666603088379,12.599971771240234
1997-11-10,4838100,18.83333396911621,18.5625,18.9375,18.5625,12.656791687011719
1997-11-07,4600200,18.70833396911621,18.95833396911621,18.95833396911621,18.66666603088379,12.926687240600586
1997-11-06,4925700,19.14583396911621,19.08333396911621,19.35416603088379,18.97916603088379,13.011921882629395
1997-11-05,4105500,19.0,19.125,19.16666603088379,18.9375,13.040331840515137
1997-11-04,7467900,19.25,19.125,19.27083396911621,18.91666603088379,13.040331840515137
1997-11-03,7838700,19.16666603088379,19.16666603088379,19.16666603088379,18.77083396911621,13.068741798400879
1997-10-31,6741300,18.33333396911621,18.58333396911621,18.66666603088379,18.125,12.670994758605957
1997-10-30,7414500,17.83333396911621,18.08333396911621,18.41666603088379,17.70833396911621,12.330071449279785
1997-10-29,8438700,17.95833396911621,18.125,18.125,17.79166603088379,12.358488082885742
1997-10-28,12688800,17.16666603088379,17.77083396911621,17.91666603088379,16.72916603088379,12.116992950439453
1997-10-27,7981200,18.0,17.0,18.20833396911621,17.0,11.59140396118164
1997-10-24,5215200,18.5,18.3125,18.54166603088379,18.22916603088379,12.486331939697266
1997-10-23,5985300,18.29166603088379,18.33333396911621,18.5625,18.20833396911621,12.50053596496582
1997-10-22,6000600,18.66666603088379,18.6875,18.875,18.54166603088379,12.742027282714844
1997-10-21,5613600,18.29166603088379,18.58333396911621,18.66666603088379,18.22916603088379,12.670994758605957
1997-10-20,3048300,18.35416603088379,18.16666603088379,18.375,18.04166603088379,12.386896133422852
1997-10-17,6903300,18.64583396911621,18.35416603088379,18.79166603088379,17.91666603088379,12.514744758605957
1997-10-16,5712900,18.66666603088379,18.66666603088379,18.83333396911621,18.52083396911621,12.72781753540039
1997-10-15,2907000,18.45833396911621,18.4375,18.58333396911621,18.35416603088379,12.571562767028809
1997-10-14,7633200,18.3125,18.47916603088379,18.58333396911621,18.22916603088379,12.599971771240234
1997-10-13,5519100,18.3125,18.22916603088379,18.3125,18.08333396911621,12.429509162902832
1997-10-10,5667900,17.9375,18.16666603088379,18.3125,17.83333396911621,12.386896133422852
1997-10-09,6018900,17.33333396911621,18.02083396911621,18.0625,17.33333396911621,12.287457466125488
1997-10-08,4295400,17.5,17.58333396911621,17.60416603088379,17.375,11.989151000976562
1997-10-07,4741200,17.58333396911621,17.52083396911621,17.70833396911621,17.5,11.946537971496582
1997-10-06,3486900,17.66666603088379,17.64583396911621,17.70833396911621,17.54166603088379,12.03176498413086
1997-10-03,5730900,17.70833396911621,17.54166603088379,17.8125,17.33333396911621,11.960737228393555
1997-10-02,3476700,17.70833396911621,17.64583396911621,17.72916603088379,17.52083396911621,12.03176498413086
1997-10-01,5745900,17.52083396911621,17.70833396911621,17.75,17.52083396911621,12.074384689331055
1997-09-30,6344400,17.52083396911621,17.375,17.64583396911621,17.35416603088379,11.847100257873535
1997-09-29,4797900,17.33333396911621,17.52083396911621,17.64583396911621,17.33333396911621,11.946537971496582
1997-09-26,6495300,17.54166603088379,17.60416603088379,17.8125,17.52083396911621,12.003353118896484
1997-09-25,3854400,17.66666603088379,17.47916603088379,17.75,17.47916603088379,11.918124198913574
1997-09-24,5340000,17.5625,17.66666603088379,17.95833396911621,17.45833396911621,12.045970916748047
1997-09-23,4106100,17.83333396911621,17.58333396911621,17.85416603088379,17.47916603088379,11.989151000976562
1997-09-22,6478500,17.91666603088379,17.864566802978516,17.9375,17.625,12.180907249450684
1997-09-19,4301700,17.875,17.91666603088379,17.9375,17.70833396911621,12.216436386108398
1997-09-18,4937700,17.97916603088379,17.875,18.125,17.875,12.18802547454834
1997-09-17,3923700,17.77083396911621,17.89583396911621,17.97916603088379,17.75,12.202226638793945
1997-09-16,9136500,17.625,17.8125,17.83333396911621,17.39583396911621,12.14540958404541
1997-09-15,6677700,16.9375,17.3125,17.375,16.9375,11.80448055267334
1997-09-12,5996100,16.95833396911621,16.91666603088379,17.3125,16.72916603088379,11.534586906433105
1997-09-11,6331800,16.64583396911621,16.9375,17.08333396911621,16.5,11.548792839050293
1997-09-10,5656200,16.70833396911621,16.58333396911621,16.77083396911621,16.58333396911621,11.307303428649902
1997-09-09,6635100,16.75,16.70833396911621,16.8125,16.64583396911621,11.392537117004395
1997-09-08,4803000,16.83333396911621,16.75,16.875,16.70833396911621,11.386778831481934
1997-09-05,4684800,16.83333396911621,16.75,16.875,16.66666603088379,11.386778831481934
1997-09-04,8359200,16.79166603088379,16.83333396911621,16.875,16.60416603088379,11.44343376159668
1997-09-03,14181600,16.72916603088379,16.83333396911621,16.97916603088379,16.54166603088379,11.44343376159668
1997-09-02,4018200,15.8125,16.20833396911621,16.25,15.791666984558105,11.018556594848633
1997-08-29,4555500,15.833333015441895,15.729166984558105,15.895833015441895,15.6875,10.692814826965332
1997-08-28,4661400,16.0,15.895833015441895,16.125,15.75,10.80611515045166
1997-08-27,4234200,16.16666603088379,16.08333396911621,16.16666603088379,15.833333015441895,10.933581352233887
1997-08-26,3150600,16.3125,16.125,16.39583396911621,16.0,10.96190357208252
1997-08-25,2658600,16.33333396911621,16.41666603088379,16.58333396911621,16.29166603088379,11.16018009185791
1997-08-22,3882000,16.20833396911621,16.33333396911621,16.39583396911621,16.0625,11.10352897644043
1997-08-21,4700100,16.85416603088379,16.5625,16.85416603088379,16.5,11.259319305419922
1997-08-20,10068900,16.41666603088379,16.875,16.875,16.35416603088379,11.471762657165527
1997-08-19,6684900,16.33333396911621,16.47916603088379,16.47916603088379,16.16666603088379,11.202665328979492
1997-08-18,6767400,15.916666984558105,16.0,16.22916603088379,15.6875,10.876927375793457
1997-08-15,3852600,15.875,15.875,16.0625,15.854166984558105,10.791951179504395
1997-08-14,5082000,16.375,16.1875,16.375,16.10416603088379,11.004393577575684
1997-08-13,5752800,16.5,16.33333396911621,16.52083396911621,16.20833396911621,11.10352897644043
1997-08-12,4244700,16.41666603088379,16.35416603088379,16.60416603088379,16.33333396911621,11.117691040039062
1997-08-11,5817000,16.1875,16.41666603088379,16.41666603088379,16.1875,11.16018009185791
1997-08-08,6626400,16.41666603088379,16.16666603088379,16.64583396911621,15.75,10.990227699279785
1997-08-07,3984600,16.72916603088379,16.70833396911621,16.79166603088379,16.66666603088379,11.358460426330566
1997-08-06,3284400,16.70833396911621,16.66666603088379,16.77083396911621,16.54166603088379,11.330132484436035
1997-08-05,4446600,16.45833396911621,16.70833396911621,16.75,16.4375,11.358460426330566
1997-08-04,4482300,16.3125,16.54166603088379,16.66666603088379,16.27083396911621,11.245156288146973
1997-08-01,7388700,16.625,16.39583396911621,16.66666603088379,16.16666603088379,11.146018981933594
1997-07-31,7159800,16.52083396911621,16.60416603088379,16.64583396911621,16.41666603088379,11.28764820098877
1997-07-30,3977400,16.14583396911621,16.33333396911621,16.33333396911621,16.02083396911621,11.10352897644043
1997-07-29,5755200,15.916666984558105,16.125,16.3125,15.854166984558105,10.96190357208252
1997-07-28,3559800,15.833333015441895,15.958333015441895,15.979166984558105,15.833333015441895,10.848605155944824
1997-07-25,4936800,15.8125,15.8125,15.916666984558105,15.666666984558105,10.749465942382812
1997-07-24,6554400,15.666666984558105,15.833333015441895,15.875,15.4375,10.763627052307129
1997-07-23,4559400,16.0,15.541666984558105,16.0,15.458333015441895,10.565347671508789
1997-07-22,5906100,15.375,15.729166984558105,15.75,15.291666984558105,10.692814826965332
1997-07-21,3144300,15.458333015441895,15.375,15.5,15.333333015441895,10.452046394348145
1997-07-18,6501300,15.604166984558105,15.541666984558105,15.604166984558105,15.25,10.565347671508789
1997-07-17,5577600,15.666666984558105,15.6875,15.791666984558105,15.541666984558105,10.664485931396484
1997-07-16,6804000,15.5,15.729166984558105,15.833333015441895,15.3125,10.692814826965332
1997-07-15,5607300,15.333333015441895,15.375,15.375,15.208333015441895,10.452046394348145
1997-07-14,5108100,15.166666984558105,15.25,15.291666984558105,15.083333015441895,10.367073059082031
1997-07-11,5337600,14.833333015441895,14.958333015441895,15.083333015441895,14.8125,10.168791770935059
1997-07-10,7968600,14.916666984558105,14.833333015441895,14.958333015441895,14.604166984558105,10.083821296691895
1997-07-09,7241400,15.125,14.833333015441895,15.3125,14.708333015441895,10.083821296691895
1997-07-08,5406000,15.5,15.25,15.666666984558105,15.125,10.367073059082031
1997-07-07,4141500,15.416666984558105,15.416666984558105,15.583333015441895,15.291666984558105,10.480372428894043
1997-07-03,4300200,15.166666984558105,15.36111068725586,15.38888931274414,15.166666984558105,10.442602157592773
1997-07-02,5676300,15.31944465637207,15.083333015441895,15.333333015441895,15.083333015441895,10.25377368927002
1997-07-01,4716300,15.333333015441895,15.30555534362793,15.36111068725586,15.25,10.404840469360352
1997-06-30,8268300,15.222222328186035,15.333333015441895,15.44444465637207,15.13888931274414,10.423718452453613
1997-06-27,4057200,15.19444465637207,15.19444465637207,15.277777671813965,15.125,10.329302787780762
1997-06-26,6164100,15.291666984558105,15.05555534362793,15.416666984558105,14.972222328186035,10.234886169433594
1997-06-25,5258700,15.5,15.31944465637207,15.51388931274414,15.25,10.414278984069824
1997-06-24,8168400,15.19444465637207,15.51388931274414,15.55555534362793,15.166666984558105,10.546466827392578
1997-06-23,6543000,15.36111068725586,15.166666984558105,15.36111068725586,15.166666984558105,10.310417175292969
1997-06-20,5301300,15.38888931274414,15.36111068725586,15.38888931274414,15.19444465637207,10.442602157592773
1997-06-19,6063600,15.11111068725586,15.38888931274414,15.38888931274414,15.083333015441895,10.461488723754883
1997-06-18,8116500,15.05555534362793,14.972222328186035,15.083333015441895,14.916666984558105,10.17823314666748
1997-06-17,6487500,14.833333015441895,15.222222328186035,15.222222328186035,14.777777671813965,10.348188400268555
1997-06-16,4407600,14.972222328186035,14.777777671813965,15.05555534362793,14.777777671813965,10.046052932739258
1997-06-13,5811300,15.083333015441895,15.027777671813965,15.222222328186035,14.972222328186035,10.216004371643066
1997-06-12,7304700,14.972222328186035,15.05555534362793,15.05555534362793,14.916666984558105,10.234886169433594
1997-06-11,5661900,14.69444465637207,14.80555534362793,14.86111068725586,14.61111068725586,10.064937591552734
1997-06-10,5583600,14.5,14.69444465637207,14.69444465637207,14.36111068725586,9.989400863647461
1997-06-09,5250000,14.416666984558105,14.527777671813965,14.55555534362793,14.416666984558105,9.8250150680542
1997-06-06,11239200,14.416666984558105,14.527777671813965,14.777777671813965,14.38888931274414,9.8250150680542
1997-06-05,10196400,14.05555534362793,14.333333015441895,14.36111068725586,14.05555534362793,9.693512916564941
1997-06-04,4084500,13.88888931274414,14.05555534362793,14.05555534362793,13.80555534362793,9.505646705627441
1997-06-03,6544800,13.88888931274414,13.94444465637207,14.0,13.86111068725586,9.430508613586426
1997-06-02,4398600,14.0,13.972222328186035,14.0,13.86111068725586,9.449296951293945
1997-05-30,7105800,13.916666984558105,14.027777671813965,14.05555534362793,13.833333015441895,9.48686408996582
1997-05-29,10994400,13.69444465637207,14.027777671813965,14.13888931274414,13.69444465637207,9.48686408996582
1997-05-28,11479800,13.5,13.722222328186035,13.722222328186035,13.416666984558105,9.280220031738281
1997-05-27,8203500,13.55555534362793,13.5,13.55555534362793,13.36111068725586,9.129931449890137
1997-05-23,7686300,13.666666984558105,13.55555534362793,13.69444465637207,13.416666984558105,9.167506217956543
1997-05-22,9601200,13.527777671813965,13.61111068725586,13.722222328186035,13.527777671813965,9.20508098602295
1997-05-21,11644500,13.61111068725586,13.527777671813965,13.722222328186035,13.472222328186035,9.148720741271973
1997-05-20,19209600,13.44444465637207,13.5,13.61111068725586,13.38888931274414,9.129931449890137
1997-05-19,4046400,13.277777671813965,13.277777671813965,13.31944465637207,13.11111068725586,8.979646682739258
1997-05-16,9153900,13.083333015441895,13.25,13.333333015441895,13.083333015441895,8.960859298706055
1997-05-15,3458100,12.88888931274414,13.05555534362793,13.083333015441895,12.833333015441895,8.829361915588379
1997-05-14,4600200,13.166666984558105,12.972222328186035,13.277777671813965,12.94444465637207,8.773003578186035
1997-05-13,4275300,13.027777671813965,13.166666984558105,13.222222328186035,12.86111068725586,8.904502868652344
1997-05-12,3451500,12.94444465637207,13.027777671813965,13.027777671813965,12.86111068725586,8.810577392578125
1997-05-09,4142100,12.88888931274414,12.916666984558105,12.94444465637207,12.75,8.735432624816895
1997-05-08,10232100,12.88888931274414,12.777777671813965,13.0,12.777777671813965,8.641501426696777
1997-05-07,10234800,13.19444465637207,13.11111068725586,13.472222328186035,13.083333015441895,8.86693000793457
1997-05-06,7953300,13.13888931274414,13.19444465637207,13.333333015441895,13.11111068725586,8.923291206359863
1997-05-05,7813800,12.80555534362793,13.13888931274414,13.166666984558105,12.75,8.885717391967773
1997-05-02,11986200,12.69444465637207,12.777777671813965,12.94444465637207,12.666666984558105,8.641501426696777
1997-05-01,6061500,12.88888931274414,12.75,12.88888931274414,12.666666984558105,8.622716903686523
1997-04-30,6540300,12.722222328186035,12.88888931274414,12.972222328186035,12.69444465637207,8.71664810180664
1997-04-29,5320200,12.777777671813965,12.722222328186035,12.88888931274414,12.69444465637207,8.603928565979004
1997-04-28,2775000,12.472222328186035,12.61111068725586,12.69444465637207,12.472222328186035,8.528789520263672
1997-04-25,3173700,12.666666984558105,12.527777671813965,12.69444465637207,12.472222328186035,8.472428321838379
1997-04-24,9823500,12.86111068725586,12.722222328186035,12.88888931274414,12.63888931274414,8.603928565979004
1997-04-23,5622300,12.666666984558105,12.80555534362793,12.86111068725586,12.666666984558105,8.660290718078613
1997-04-22,5808000,12.583333015441895,12.69444465637207,12.80555534362793,12.44444465637207,8.585147857666016
1997-04-21,3424500,12.666666984558105,12.61111068725586,12.777777671813965,12.55555534362793,8.528789520263672
1997-04-18,3194100,12.63888931274414,12.69444465637207,12.75,12.583333015441895,8.585147857666016
1997-04-17,5451300,12.666666984558105,12.63888931274414,12.777777671813965,12.583333015441895,8.54757308959961
1997-04-16,4031400,12.5,12.666666984558105,12.69444465637207,12.472222328186035,8.566357612609863
1997-04-15,5885400,12.527777671813965,12.61111068725586,12.666666984558105,12.527777671813965,8.528789520263672
1997-04-14,4890600,12.166666984558105,12.44444465637207,12.44444465637207,12.13888931274414,8.416069984436035
1997-04-11,4568400,12.5,12.13888931274414,12.55555534362793,12.13888931274414,8.20942211151123
1997-04-10,3741600,12.63888931274414,12.63888931274414,12.69444465637207,12.5,8.54757308959961
1997-04-09,7797900,12.63888931274414,12.63888931274414,12.722222328186035,12.527777671813965,8.54757308959961
1997-04-08,4263300,12.38888931274414,12.416666984558105,12.472222328186035,12.25,8.397287368774414
1997-04-07,4480500,12.277777671813965,12.38888931274414,12.38888931274414,12.19444465637207,8.378499031066895
1997-04-04,5238000,11.722222328186035,12.13888931274414,12.13888931274414,11.69444465637207,8.20942211151123
1997-04-03,7277700,11.833333015441895,11.75,11.88888931274414,11.63888931274414,7.9464240074157715
1997-04-02,8976900,11.86111068725586,11.80555534362793,12.05555534362793,11.722222328186035,7.983997344970703
1997-04-01,7233600,11.722222328186035,11.833333015441895,11.94444465637207,11.722222328186035,8.002787590026855
1997-03-31,7411800,12.13888931274414,11.88888931274414,12.277777671813965,11.833333015441895,8.040350914001465
1997-03-27,9031800,12.36111068725586,12.083333015441895,12.44444465637207,12.083333015441895,8.171856880187988
1997-03-26,9129600,12.44444465637207,12.38888931274414,12.61111068725586,12.25,8.378499031066895
1997-03-25,7936200,12.86111068725586,12.5,12.86111068725586,12.472222328186035,8.453643798828125
1997-03-24,3794700,12.80555534362793,12.86111068725586,12.88888931274414,12.69444465637207,8.697856903076172
1997-03-21,5601000,12.916666984558105,12.777777671813965,12.916666984558105,12.75,8.641501426696777
1997-03-20,6432300,12.88888931274414,12.80555534362793,12.88888931274414,12.69444465637207,8.660290718078613
1997-03-19,6233700,12.94444465637207,12.86111068725586,13.027777671813965,12.75,8.697856903076172
1997-03-18,8888700,12.916666984558105,12.972222328186035,13.027777671813965,12.833333015441895,8.773003578186035
1997-03-17,6259500,12.916666984558105,12.833333015441895,12.916666984558105,12.666666984558105,8.679073333740234
1997-03-14,8948700,12.88888931274414,12.916666984558105,12.916666984558105,12.69444465637207,8.735432624816895
1997-03-13,8323200,12.527777671813965,12.666666984558105,12.75,12.472222328186035,8.566357612609863
1997-03-12,3685500,12.416666984558105,12.527777671813965,12.55555534362793,12.38888931274414,8.472428321838379
1997-03-11,5055600,12.5,12.5,12.55555534362793,12.36111068725586,8.453643798828125
1997-03-10,3059400,12.61111068725586,12.583333015441895,12.61111068725586,12.527777671813965,8.469525337219238
1997-03-07,6262200,12.55555534362793,12.583333015441895,12.61111068725586,12.5,8.469525337219238
1997-03-06,7613100,12.63888931274414,12.55555534362793,12.63888931274414,12.472222328186035,8.450828552246094
1997-03-05,6465000,12.36111068725586,12.416666984558105,12.472222328186035,12.222222328186035,8.357346534729004
1997-03-04,7098300,12.38888931274414,12.277777671813965,12.44444465637207,12.25,8.263864517211914
1997-03-03,6213900,12.027777671813965,12.38888931274414,12.44444465637207,12.027777671813965,8.338652610778809
1997-02-28,6609900,12.277777671813965,12.13888931274414,12.416666984558105,12.11111068725586,8.170380592346191
1997-02-27,11097900,12.63888931274414,12.30555534362793,12.63888931274414,12.277777671813965,8.282557487487793
1997-02-26,22858500,12.30555534362793,12.44444465637207,12.55555534362793,12.11111068725586,8.376042366027832
1997-02-25,39573900,12.0,12.25,12.36111068725586,11.88888931274414,8.245163917541504
1997-02-24,9524100,11.44444465637207,11.61111068725586,11.61111068725586,11.36111068725586,7.81514835357666
1997-02-21,9213600,11.222222328186035,11.333333015441895,11.44444465637207,11.166666984558105,7.628182411193848
1997-02-20,7717500,11.277777671813965,11.222222328186035,11.30555534362793,11.11111068725586,7.553396224975586
1997-02-19,12837600,11.38888931274414,11.333333015441895,11.44444465637207,11.222222328186035,7.628182411193848
1997-02-18,7375800,11.527777671813965,11.416666984558105,11.55555534362793,11.38888931274414,7.684270858764648
1997-02-14,5404500,11.55555534362793,11.38888931274414,11.61111068725586,11.36111068725586,7.665577411651611
1997-02-13,10914300,11.416666984558105,11.55555534362793,11.55555534362793,11.30555534362793,7.777750492095947
1997-02-12,8904600,11.44444465637207,11.44444465637207,11.44444465637207,11.166666984558105,7.702970504760742
1997-02-11,12306900,11.61111068725586,11.472222328186035,11.666666984558105,11.36111068725586,7.7216691970825195
1997-02-10,8917500,11.722222328186035,11.75,11.86111068725586,11.666666984558105,7.908632278442383
1997-02-07,14265900,11.666666984558105,11.722222328186035,11.722222328186035,11.472222328186035,7.889934539794922
1997-02-06,8929200,11.38888931274414,11.333333015441895,11.472222328186035,11.30555534362793,7.628182411193848
1997-02-05,18170100,11.13888931274414,11.166666984558105,11.472222328186035,11.11111068725586,7.516000747680664
1997-02-04,10887600,11.13888931274414,11.11111068725586,11.19444465637207,11.083333015441895,7.478606224060059
1997-02-03,14645100,11.05555534362793,11.166666984558105,11.222222328186035,11.0,7.516000747680664
1997-01-31,16121700,11.11111068725586,11.0,11.25,10.972222328186035,7.40382194519043
1997-01-30,9546300,10.80555534362793,11.027777671813965,11.05555534362793,10.75,7.422515869140625
1997-01-29,6729600,10.722222328186035,10.777777671813965,10.833333015441895,10.69444465637207,7.25424861907959
1997-01-28,12576000,10.88888931274414,10.722222328186035,10.88888931274414,10.63888931274414,7.216856956481934
1997-01-27,13092300,10.833333015441895,10.666666984558105,10.916666984558105,10.61111068725586,7.1794657707214355
1997-01-24,22484700,11.11111068725586,10.86111068725586,11.11111068725586,10.75,7.310338497161865
1997-01-23,8888700,11.5,11.13888931274414,11.5,11.13888931274414,7.4973063468933105
1997-01-22,8553600,11.63888931274414,11.38888931274414,11.63888931274414,11.38888931274414,7.665577411651611
1997-01-21,8390700,11.69444465637207,11.583333015441895,11.86111068725586,11.5,7.796446323394775
1997-01-20,9609600,11.38888931274414,11.80555534362793,11.80555534362793,11.36111068725586,7.946022987365723
1997-01-17,10371600,11.277777671813965,11.30555534362793,11.38888931274414,11.166666984558105,7.609480857849121
1997-01-16,9581700,11.222222328186035,11.11111068725586,11.30555534362793,11.083333015441895,7.478606224060059
1997-01-15,7531500,11.333333015441895,11.166666984558105,11.36111068725586,11.166666984558105,7.516000747680664
1997-01-14,4694400,11.333333015441895,11.38888931274414,11.416666984558105,11.30555534362793,7.665577411651611
1997-01-13,5056200,11.38888931274414,11.333333015441895,11.38888931274414,11.222222328186035,7.628182411193848
1997-01-10,7784100,11.19444465637207,11.36111068725586,11.36111068725586,11.11111068725586,7.646878242492676
1997-01-09,5883300,11.38888931274414,11.30555534362793,11.472222328186035,11.277777671813965,7.609480857849121
1997-01-08,15584700,11.55555534362793,11.38888931274414,11.55555534362793,11.30555534362793,7.665577411651611
1997-01-07,12679200,11.11111068725586,11.416666984558105,11.416666984558105,11.027777671813965,7.684270858764648
1997-01-06,10133400,11.083333015441895,11.166666984558105,11.222222328186035,11.083333015441895,7.516000747680664
1997-01-03,7190100,11.0,11.05555534362793,11.166666984558105,10.972222328186035,7.441214561462402
1997-01-02,6869100,11.166666984558105,10.916666984558105,11.19444465637207,10.86111068725586,7.3477373123168945
1996-12-31,4994100,11.333333015441895,11.13888931274414,11.36111068725586,11.13888931274414,7.4973063468933105
1996-12-30,3654300,11.527777671813965,11.38888931274414,11.55555534362793,11.36111068725586,7.665577411651611
1996-12-27,2838900,11.333333015441895,11.44444465637207,11.472222328186035,11.222222328186035,7.702970504760742
1996-12-26,4099800,11.416666984558105,11.30555534362793,11.5,11.222222328186035,7.609480857849121
1996-12-24,1766700,11.38888931274414,11.36111068725586,11.416666984558105,11.25,7.646878242492676
1996-12-23,3458100,11.5,11.333333015441895,11.5,11.277777671813965,7.628182411193848
1996-12-20,11123100,11.61111068725586,11.55555534362793,11.61111068725586,11.333333015441895,7.777750492095947
1996-12-19,6379200,11.25,11.277777671813965,11.333333015441895,11.166666984558105,7.590788841247559
1996-12-18,8948700,11.13888931274414,11.13888931274414,11.30555534362793,11.027777671813965,7.4973063468933105
1996-12-17,15609000,10.80555534362793,11.11111068725586,11.11111068725586,10.80555534362793,7.478606224060059
1996-12-16,12047400,11.11111068725586,10.777777671813965,11.13888931274414,10.722222328186035,7.25424861907959
1996-12-13,9977700,11.027777671813965,11.083333015441895,11.222222328186035,11.027777671813965,7.4599127769470215
1996-12-12,12677700,11.44444465637207,11.05555534362793,11.44444465637207,11.027777671813965,7.441214561462402
1996-12-11,6233700,11.55555534362793,11.44444465637207,11.666666984558105,11.416666984558105,7.702970504760742
1996-12-10,6294000,11.833333015441895,11.63888931274414,11.916666984558105,11.63888931274414,7.833840847015381
1996-12-09,5276700,11.61111068725586,11.777777671813965,11.777777671813965,11.55555534362793,7.92732572555542
1996-12-06,8634900,11.277777671813965,11.583333015441895,11.666666984558105,11.13888931274414,7.796446323394775
1996-12-05,7823100,11.583333015441895,11.472222328186035,11.666666984558105,11.333333015441895,7.7216691970825195
1996-12-04,5222100,11.55555534362793,11.63888931274414,11.666666984558105,11.5,7.833840847015381
1996-12-03,6164100,11.833333015441895,11.69444465637207,11.916666984558105,11.666666984558105,7.871234893798828
1996-12-02,7881300,11.722222328186035,11.75,11.75,11.55555534362793,7.868346691131592
1996-11-29,1721700,11.5,11.583333015441895,11.61111068725586,11.472222328186035,7.756733417510986
1996-11-27,4264500,11.722222328186035,11.5,11.86111068725586,11.472222328186035,7.700934886932373
1996-11-26,7876200,11.777777671813965,11.777777671813965,11.833333015441895,11.63888931274414,7.886943340301514
1996-11-25,12675900,11.30555534362793,11.527777671813965,11.722222328186035,11.30555534362793,7.719536304473877
1996-11-22,13963500,11.61111068725586,11.333333015441895,11.63888931274414,11.277777671813965,7.58932638168335
1996-11-21,14016900,11.38888931274414,11.61111068725586,11.722222328186035,11.38888931274414,7.775338172912598
1996-11-20,12396900,11.63888931274414,11.38888931274414,11.69444465637207,11.36111068725586,7.626530170440674
1996-11-19,6793200,11.75,11.61111068725586,11.75,11.583333015441895,7.775338172912598
1996-11-18,7441500,11.833333015441895,11.75,11.88888931274414,11.583333015441895,7.868346691131592
1996-11-15,9160200,12.0,11.80555534362793,12.0,11.777777671813965,7.9055495262146
1996-11-14,8071500,11.88888931274414,11.833333015441895,12.0,11.833333015441895,7.924151420593262
1996-11-13,13030200,11.916666984558105,12.0,12.0,11.666666984558105,8.035758972167969
1996-11-12,22914000,12.55555534362793,11.86111068725586,12.55555534362793,11.777777671813965,7.942747116088867
1996-11-11,4057500,12.63888931274414,12.61111068725586,12.63888931274414,12.416666984558105,8.444986343383789
1996-11-08,9346500,12.11111068725586,12.63888931274414,12.722222328186035,12.11111068725586,8.46358585357666
1996-11-07,10858500,12.19444465637207,12.11111068725586,12.277777671813965,11.75,8.110161781311035
1996-11-06,4858200,12.083333015441895,12.222222328186035,12.277777671813965,12.027777671813965,8.18456745147705
1996-11-05,5772900,11.94444465637207,12.083333015441895,12.083333015441895,11.916666984558105,8.091561317443848
1996-11-04,3872100,11.88888931274414,11.88888931274414,12.0,11.86111068725586,7.9613471031188965
1996-11-01,4381200,12.166666984558105,11.94444465637207,12.19444465637207,11.916666984558105,7.9985575675964355
1996-10-31,7985100,11.777777671813965,12.19444465637207,12.19444465637207,11.75,8.16596508026123
1996-10-30,9774900,12.222222328186035,11.722222328186035,12.222222328186035,11.722222328186035,7.849746227264404
1996-10-29,7123500,11.972222328186035,12.222222328186035,12.222222328186035,11.86111068725586,8.18456745147705
1996-10-28,7226100,12.25,12.0,12.333333015441895,11.94444465637207,8.035758972167969
1996-10-25,4149300,12.472222328186035,12.277777671813965,12.527777671813965,12.25,8.221769332885742
1996-10-24,3792600,12.5,12.527777671813965,12.63888931274414,12.416666984558105,8.389179229736328
1996-10-23,3974700,12.63888931274414,12.5,12.666666984558105,12.44444465637207,8.37058162689209
1996-10-22,3567600,12.86111068725586,12.75,12.916666984558105,12.722222328186035,8.537988662719727
1996-10-21,3141000,12.80555534362793,12.833333015441895,12.86111068725586,12.722222328186035,8.593794822692871
1996-10-18,3280800,12.722222328186035,12.80555534362793,12.80555534362793,12.666666984558105,8.575194358825684
1996-10-17,3406500,12.75,12.69444465637207,12.86111068725586,12.527777671813965,8.500787734985352
1996-10-16,3228600,12.63888931274414,12.63888931274414,12.63888931274414,12.5,8.46358585357666
1996-10-15,3918600,12.88888931274414,12.61111068725586,12.972222328186035,12.527777671813965,8.444986343383789
1996-10-14,1690200,12.86111068725586,12.88888931274414,13.0,12.86111068725586,8.631000518798828
1996-10-11,2974500,12.88888931274414,12.86111068725586,12.916666984558105,12.75,8.612399101257324
1996-10-10,6682800,12.583333015441895,12.80555534362793,12.86111068725586,12.527777671813965,8.575194358825684
1996-10-09,5481300,12.916666984558105,12.63888931274414,12.972222328186035,12.583333015441895,8.46358585357666
1996-10-08,4260900,12.94444465637207,12.86111068725586,13.0,12.86111068725586,8.612399101257324
1996-10-07,3036000,13.083333015441895,13.0,13.166666984558105,12.94444465637207,8.705404281616211
1996-10-04,5974500,13.0,13.11111068725586,13.222222328186035,13.0,8.779806137084961
1996-10-03,4389300,12.94444465637207,12.972222328186035,12.972222328186035,12.88888931274414,8.686800956726074
1996-10-02,6671100,13.0,12.972222328186035,13.11111068725586,12.833333015441895,8.686800956726074
1996-10-01,10060500,12.75,12.94444465637207,12.972222328186035,12.666666984558105,8.668206214904785
1996-09-30,6149700,12.527777671813965,12.63888931274414,12.666666984558105,12.5,8.46358585357666
1996-09-27,7625100,12.527777671813965,12.527777671813965,12.55555534362793,12.44444465637207,8.389179229736328
1996-09-26,6974400,12.416666984558105,12.583333015441895,12.722222328186035,12.36111068725586,8.426385879516602
1996-09-25,5793300,12.61111068725586,12.472222328186035,12.61111068725586,12.30555534362793,8.35197925567627
1996-09-24,3282600,12.666666984558105,12.583333015441895,12.722222328186035,12.5,8.426385879516602
1996-09-23,2523900,12.69444465637207,12.666666984558105,12.722222328186035,12.527777671813965,8.482189178466797
1996-09-20,4202100,12.666666984558105,12.75,12.777777671813965,12.63888931274414,8.537988662719727
1996-09-19,4152000,12.5,12.666666984558105,12.80555534362793,12.38888931274414,8.482189178466797
1996-09-18,3311400,12.69444465637207,12.5,12.75,12.472222328186035,8.37058162689209
1996-09-17,6004800,13.0,12.69444465637207,13.05555534362793,12.69444465637207,8.500787734985352
1996-09-16,11140500,12.722222328186035,12.94444465637207,13.166666984558105,12.69444465637207,8.668206214904785
1996-09-13,8434200,12.472222328186035,12.55555534362793,12.69444465637207,12.472222328186035,8.407780647277832
1996-09-12,5615100,12.25,12.416666984558105,12.472222328186035,12.166666984558105,8.314781188964844
1996-09-11,3411300,12.11111068725586,12.25,12.25,12.05555534362793,8.203166007995605
1996-09-10,3190500,12.25,12.166666984558105,12.277777671813965,12.11111068725586,8.14736270904541
1996-09-09,3503700,12.11111068725586,12.222222328186035,12.25,12.083333015441895,8.144389152526855
1996-09-06,3410400,11.777777671813965,12.05555534362793,12.166666984558105,11.777777671813965,8.033329010009766
1996-09-05,4141200,11.88888931274414,11.80555534362793,11.972222328186035,11.75,7.8268561363220215
1996-09-04,4416600,11.75,11.88888931274414,11.94444465637207,11.75,7.882104396820068
1996-09-03,3717000,11.55555534362793,11.75,11.80555534362793,11.527777671813965,7.790024280548096
1996-08-30,3803400,12.0,11.80555534362793,12.0,11.722222328186035,7.8268561363220215
1996-08-29,6023700,12.222222328186035,12.027777671813965,12.25,11.972222328186035,7.974185943603516
1996-08-28,5456100,12.05555534362793,12.222222328186035,12.25,12.027777671813965,8.10309886932373
1996-08-27,3008700,12.027777671813965,12.027777671813965,12.05555534362793,11.94444465637207,7.974185943603516
1996-08-26,3420000,11.972222328186035,11.972222328186035,12.11111068725586,11.916666984558105,7.937355995178223
1996-08-23,2019600,12.027777671813965,11.94444465637207,12.027777671813965,11.88888931274414,7.91894006729126
1996-08-22,5374800,11.94444465637207,12.027777671813965,12.083333015441895,11.94444465637207,7.974185943603516
1996-08-21,3136800,11.777777671813965,11.916666984558105,11.916666984558105,11.69444465637207,7.900521755218506
1996-08-20,2322900,11.86111068725586,11.75,11.86111068725586,11.75,7.790024280548096
1996-08-19,3303900,11.777777671813965,11.86111068725586,11.86111068725586,11.69444465637207,7.863686561584473
1996-08-16,6375000,11.75,11.722222328186035,11.972222328186035,11.69444465637207,7.771609306335449
1996-08-15,4743900,11.88888931274414,11.722222328186035,11.916666984558105,11.722222328186035,7.771609306335449
1996-08-14,9849600,12.0,11.972222328186035,12.19444465637207,11.833333015441895,7.937355995178223
1996-08-13,8237700,12.30555534362793,12.19444465637207,12.416666984558105,12.0,8.084680557250977
1996-08-12,5458500,12.11111068725586,12.30555534362793,12.36111068725586,12.083333015441895,8.158345222473145
1996-08-09,5474700,11.972222328186035,12.13888931274414,12.19444465637207,11.86111068725586,8.047849655151367
1996-08-08,4320900,11.75,11.916666984558105,11.94444465637207,11.61111068725586,7.900521755218506
1996-08-07,5161500,11.69444465637207,11.777777671813965,11.833333015441895,11.666666984558105,7.808441638946533
1996-08-06,3719700,11.583333015441895,11.63888931274414,11.777777671813965,11.55555534362793,7.716363430023193
1996-08-05,2473200,11.88888931274414,11.666666984558105,11.94444465637207,11.63888931274414,7.734777450561523
1996-08-02,6519000,11.777777671813965,11.94444465637207,12.11111068725586,11.75,7.91894006729126
1996-08-01,4996200,11.222222328186035,11.527777671813965,11.55555534362793,11.166666984558105,7.642696380615234
1996-07-31,4645800,11.38888931274414,11.19444465637207,11.472222328186035,11.19444465637207,7.421698570251465
1996-07-30,2552400,11.472222328186035,11.44444465637207,11.527777671813965,11.333333015441895,7.587447643280029
1996-07-29,4623300,11.222222328186035,11.472222328186035,11.69444465637207,11.19444465637207,7.605862140655518
1996-07-26,3238200,11.11111068725586,11.222222328186035,11.25,11.05555534362793,7.440120697021484
1996-07-25,3730500,11.19444465637207,11.027777671813965,11.25,11.027777671813965,7.31120491027832
1996-07-24,8436900,10.722222328186035,11.11111068725586,11.19444465637207,10.722222328186035,7.366450309753418
1996-07-23,5088000,11.5,11.19444465637207,11.61111068725586,11.166666984558105,7.421698570251465
1996-07-22,3978300,11.44444465637207,11.63888931274414,11.666666984558105,11.277777671813965,7.716363430023193
1996-07-19,7318200,11.916666984558105,11.69444465637207,11.916666984558105,11.68055534362793,7.753194808959961
1996-07-18,6797700,11.61111068725586,11.86111068725586,11.88888931274414,11.38888931274414,7.863686561584473
1996-07-17,6978600,11.333333015441895,11.527777671813965,11.63888931274414,11.13888931274414,7.642696380615234
1996-07-16,13343700,10.86111068725586,11.05555534362793,11.11111068725586,10.666666984558105,7.329617023468018
1996-07-15,7162200,11.36111068725586,10.88888931274414,11.38888931274414,10.75,7.2191243171691895
1996-07-12,7968900,11.166666984558105,11.30555534362793,11.333333015441895,11.027777671813965,7.495367527008057
1996-07-11,8745600,11.69444465637207,11.166666984558105,11.69444465637207,11.05555534362793,7.403282642364502
1996-07-10,6192000,11.69444465637207,11.55555534362793,11.69444465637207,11.416666984558105,7.6611151695251465
1996-07-09,9175500,11.55555534362793,11.666666984558105,11.833333015441895,11.44444465637207,7.734777450561523
1996-07-08,14265300,11.94444465637207,11.5,11.94444465637207,11.333333015441895,7.6242804527282715
1996-07-05,3195300,11.94444465637207,12.027777671813965,12.083333015441895,11.916666984558105,7.974185943603516
1996-07-03,5975100,11.972222328186035,12.30555534362793,12.333333015441895,11.94444465637207,8.158345222473145
1996-07-02,5322000,12.05555534362793,12.0,12.097222328186035,11.94444465637207,7.955770969390869
1996-07-01,4557000,12.027777671813965,12.05555534362793,12.083333015441895,11.88888931274414,7.992597579956055
1996-06-28,5349900,12.19444465637207,12.0,12.19444465637207,11.94444465637207,7.955770969390869
1996-06-27,8827200,11.666666984558105,12.19444465637207,12.19444465637207,11.583333015441895,8.084680557250977
1996-06-26,6332700,12.25,11.722222328186035,12.277777671813965,11.722222328186035,7.771609306335449
1996-06-25,5430900,12.166666984558105,12.25,12.30555534362793,12.13888931274414,8.121513366699219
1996-06-24,3523500,12.25,12.166666984558105,12.36111068725586,12.11111068725586,8.066268920898438
1996-06-21,7465500,11.916666984558105,12.166666984558105,12.277777671813965,11.86111068725586,8.066268920898438
1996-06-20,3550500,11.833333015441895,11.86111068725586,11.88888931274414,11.722222328186035,7.863686561584473
1996-06-19,5311200,11.777777671813965,11.80555534362793,11.972222328186035,11.777777671813965,7.8268561363220215
1996-06-18,3290700,11.972222328186035,11.777777671813965,12.027777671813965,11.75,7.808441638946533
1996-06-17,2922300,12.05555534362793,12.027777671813965,12.13888931274414,12.0,7.974185943603516
1996-06-14,3330300,12.083333015441895,12.05555534362793,12.19444465637207,12.027777671813965,7.992597579956055
1996-06-13,5166000,12.277777671813965,12.13888931274414,12.416666984558105,12.083333015441895,8.047849655151367
1996-06-12,4382400,12.55555534362793,12.277777671813965,12.583333015441895,12.19444465637207,8.139931678771973
1996-06-11,9389700,12.472222328186035,12.61111068725586,12.69444465637207,12.36111068725586,8.36092758178711
1996-06-10,5232000,12.13888931274414,12.44444465637207,12.44444465637207,12.027777671813965,8.250431060791016
1996-06-07,6818400,11.88888931274414,12.11111068725586,12.166666984558105,11.80555534362793,8.029434204101562
1996-06-06,7301700,12.666666984558105,12.222222328186035,12.666666984558105,12.222222328186035,8.0634183883667
1996-06-05,10741500,12.222222328186035,12.416666984558105,12.527777671813965,11.94444465637207,8.191702842712402
1996-06-04,15159000,11.86111068725586,12.166666984558105,12.222222328186035,11.86111068725586,8.026768684387207
1996-06-03,3423900,11.30555534362793,11.55555534362793,11.55555534362793,11.222222328186035,7.623598575592041
1996-05-31,5694600,11.527777671813965,11.36111068725586,11.527777671813965,11.19444465637207,7.495311260223389
1996-05-30,6059700,11.11111068725586,11.5,11.583333015441895,11.027777671813965,7.586945533752441
1996-05-29,4587300,11.38888931274414,11.25,11.44444465637207,11.19444465637207,7.4220099449157715
1996-05-28,3219600,11.583333015441895,11.44444465637207,11.61111068725586,11.30555534362793,7.550293445587158
1996-05-24,3809100,11.472222328186035,11.527777671813965,11.583333015441895,11.472222328186035,7.605270862579346
1996-05-23,5615100,11.527777671813965,11.527777671813965,11.69444465637207,11.472222328186035,7.605270862579346
1996-05-22,5073300,11.63888931274414,11.63888931274414,11.722222328186035,11.61111068725586,7.678577899932861
1996-05-21,4786500,11.777777671813965,11.722222328186035,11.80555534362793,11.666666984558105,7.7335524559021
1996-05-20,4572000,11.472222328186035,11.833333015441895,11.833333015441895,11.472222328186035,7.806858539581299
1996-05-17,6705000,11.69444465637207,11.527777671813965,11.777777671813965,11.5,7.605270862579346
1996-05-16,10875900,11.36111068725586,11.63888931274414,11.777777671813965,11.30555534362793,7.678577899932861
1996-05-15,9742500,11.777777671813965,11.416666984558105,11.80555534362793,11.38888931274414,7.531967639923096
1996-05-14,23334600,11.55555534362793,11.80555534362793,11.916666984558105,11.5,7.788532257080078
1996-05-13,19652700,11.05555534362793,11.583333015441895,11.583333015441895,11.027777671813965,7.641918659210205
1996-05-10,13252800,10.722222328186035,11.0,11.0,10.69444465637207,7.257075309753418
1996-05-09,6054600,10.277777671813965,10.583333015441895,10.583333015441895,10.222222328186035,6.982187747955322
1996-05-08,7648200,10.30555534362793,10.222222328186035,10.333333015441895,10.11111068725586,6.743949890136719
1996-05-07,4727700,10.333333015441895,10.36111068725586,10.416666984558105,10.277777671813965,6.8355817794799805
1996-05-06,3639900,10.472222328186035,10.333333015441895,10.472222328186035,10.277777671813965,6.817258834838867
1996-05-03,4986000,10.36111068725586,10.36111068725586,10.472222328186035,10.30555534362793,6.8355817794799805
1996-05-02,5331600,10.472222328186035,10.36111068725586,10.527777671813965,10.30555534362793,6.8355817794799805
1996-05-01,4891800,10.472222328186035,10.527777671813965,10.55555534362793,10.416666984558105,6.945534706115723
1996-04-30,3383100,10.5,10.527777671813965,10.61111068725586,10.472222328186035,6.945534706115723
1996-04-29,3682200,10.416666984558105,10.527777671813965,10.55555534362793,10.38888931274414,6.945534706115723
1996-04-26,3343500,10.472222328186035,10.472222328186035,10.583333015441895,10.38888931274414,6.908884048461914
1996-04-25,5951100,10.222222328186035,10.416666984558105,10.5,10.19444465637207,6.872232437133789
1996-04-24,4095300,10.277777671813965,10.222222328186035,10.277777671813965,10.13888931274414,6.743949890136719
1996-04-23,6219000,10.25,10.25,10.30555534362793,10.166666984558105,6.762278079986572
1996-04-22,5534400,10.333333015441895,10.30555534362793,10.5,10.30555534362793,6.798933029174805
1996-04-19,6103800,10.277777671813965,10.333333015441895,10.38888931274414,10.25,6.817258834838867
1996-04-18,5339700,10.30555534362793,10.25,10.36111068725586,10.222222328186035,6.762278079986572
1996-04-17,7745700,10.333333015441895,10.25,10.38888931274414,10.166666984558105,6.762278079986572
1996-04-16,5431800,10.25,10.30555534362793,10.36111068725586,10.222222328186035,6.798933029174805
1996-04-15,7732800,10.05555534362793,10.19444465637207,10.277777671813965,10.05555534362793,6.725625514984131
1996-04-12,17939100,9.972222328186035,9.972222328186035,10.027777671813965,9.777777671813965,6.5790181159973145
1996-04-11,30580200,9.86111068725586,9.777777671813965,10.19444465637207,9.44444465637207,6.450737476348877
1996-04-10,9544800,10.083333015441895,9.86111068725586,10.166666984558105,9.833333015441895,6.505715847015381
1996-04-09,5500200,10.277777671813965,10.19444465637207,10.277777671813965,10.11111068725586,6.725625514984131
1996-04-08,6001500,10.11111068725586,10.11111068725586,10.30555534362793,10.05555534362793,6.6706461906433105
1996-04-04,5296800,10.38888931274414,10.38888931274414,10.416666984558105,10.277777671813965,6.853906631469727
1996-04-03,4727700,10.44444465637207,10.44444465637207,10.5,10.38888931274414,6.890557765960693
1996-04-02,4626300,10.583333015441895,10.5,10.63888931274414,10.472222328186035,6.927212238311768
1996-04-01,3196800,10.666666984558105,10.61111068725586,10.69444465637207,10.583333015441895,7.000512599945068
1996-03-29,4644300,10.916666984558105,10.61111068725586,10.916666984558105,10.61111068725586,7.000512599945068
1996-03-28,6105000,10.75,10.80555534362793,10.916666984558105,10.69444465637207,7.128794193267822
1996-03-27,4497600,10.80555534362793,10.777777671813965,10.94444465637207,10.69444465637207,7.110471248626709
1996-03-26,6291900,10.833333015441895,10.75,10.86111068725586,10.722222328186035,7.092147350311279
1996-03-25,3820500,11.0,10.88888931274414,11.0,10.80555534362793,7.183772563934326
1996-03-22,3930300,10.86111068725586,10.94444465637207,11.0,10.833333015441895,7.220426559448242
1996-03-21,3699900,10.916666984558105,10.75,10.94444465637207,10.75,7.092147350311279
1996-03-20,6569400,10.88888931274414,10.916666984558105,10.916666984558105,10.722222328186035,7.20210075378418
1996-03-19,15365100,11.11111068725586,10.972222328186035,11.19444465637207,10.80555534362793,7.238751411437988
1996-03-18,8010000,11.027777671813965,11.11111068725586,11.11111068725586,10.94444465637207,7.330379009246826
1996-03-15,13860000,10.833333015441895,11.0,11.05555534362793,10.777777671813965,7.257075309753418
1996-03-14,7032900,10.777777671813965,10.777777671813965,10.86111068725586,10.722222328186035,7.110471248626709
1996-03-13,4668600,10.80555534362793,10.777777671813965,10.80555534362793,10.666666984558105,7.110471248626709
1996-03-12,11975700,10.55555534362793,10.777777671813965,10.80555534362793,10.527777671813965,7.110471248626709
1996-03-11,6676200,10.36111068725586,10.666666984558105,10.666666984558105,10.277777671813965,7.037172317504883
1996-03-08,11778300,10.5,10.36111068725586,10.69444465637207,10.277777671813965,6.8355817794799805
1996-03-07,6066300,10.44444465637207,10.69444465637207,10.75,10.38888931274414,7.055492877960205
1996-03-06,7738200,10.86111068725586,10.5,10.86111068725586,10.5,6.927212238311768
1996-03-05,13982700,10.5,10.80555534362793,10.88888931274414,10.416666984558105,7.095841407775879
1996-03-04,23203800,9.94444465637207,10.583333015441895,10.80555534362793,9.916666984558105,6.949911594390869
1996-03-01,5637600,9.777777671813965,9.833333015441895,9.88888931274414,9.61111068725586,6.457399845123291
1996-02-29,5979600,9.61111068725586,9.61111068725586,9.833333015441895,9.5,6.311470985412598
1996-02-28,8199000,9.916666984558105,9.63888931274414,10.027777671813965,9.55555534362793,6.329712867736816
1996-02-27,7910400,10.0,9.80555534362793,10.05555534362793,9.80555534362793,6.4391584396362305
1996-02-26,6311100,10.11111068725586,9.972222328186035,10.222222328186035,9.94444465637207,6.5486063957214355
1996-02-23,6509100,10.55555534362793,10.38888931274414,10.583333015441895,10.25,6.8222246170043945
1996-02-22,7456500,10.38888931274414,10.5,10.527777671813965,10.277777671813965,6.8951873779296875
1996-02-21,8152500,10.19444465637207,10.30555534362793,10.30555534362793,10.05555534362793,6.767502307891846
1996-02-20,7265700,10.527777671813965,10.166666984558105,10.527777671813965,10.083333015441895,6.676294803619385
1996-02-16,8064300,10.666666984558105,10.527777671813965,10.666666984558105,10.472222328186035,6.913427829742432
1996-02-15,9328500,10.38888931274414,10.666666984558105,10.666666984558105,10.36111068725586,7.004639625549316
1996-02-14,5520000,10.416666984558105,10.38888931274414,10.472222328186035,10.333333015441895,6.8222246170043945
1996-02-13,6295800,10.19444465637207,10.472222328186035,10.527777671813965,10.19444465637207,6.876944541931152
1996-02-12,4348800,10.44444465637207,10.30555534362793,10.527777671813965,10.30555534362793,6.767502307891846
1996-02-09,9994800,10.222222328186035,10.44444465637207,10.527777671813965,10.222222328186035,6.858706951141357
1996-02-08,6691500,10.19444465637207,10.333333015441895,10.333333015441895,10.166666984558105,6.785742282867432
1996-02-07,4890600,10.19444465637207,10.166666984558105,10.25,10.11111068725586,6.676294803619385
1996-02-06,5702700,10.19444465637207,10.027777671813965,10.19444465637207,9.972222328186035,6.585086345672607
1996-02-05,3236400,10.027777671813965,10.19444465637207,10.19444465637207,9.94444465637207,6.694535732269287
1996-02-02,5634000,10.222222328186035,10.11111068725586,10.25,10.05555534362793,6.6398115158081055
1996-02-01,4600800,10.222222328186035,10.25,10.30555534362793,10.11111068725586,6.731016635894775
1996-01-31,8037300,9.972222328186035,10.222222328186035,10.25,9.94444465637207,6.712777137756348
1996-01-30,5202900,9.86111068725586,9.94444465637207,10.0,9.80555534362793,6.530364990234375
1996-01-29,5991300,10.0,9.777777671813965,10.083333015441895,9.777777671813965,6.420917510986328
1996-01-26,3405600,10.0,10.027777671813965,10.11111068725586,10.0,6.585086345672607
1996-01-25,3347100,10.19444465637207,10.13888931274414,10.19444465637207,10.083333015441895,6.658053874969482
1996-01-24,6056400,10.166666984558105,10.19444465637207,10.30555534362793,10.11111068725586,6.694535732269287
1996-01-23,8209800,9.86111068725586,10.166666984558105,10.166666984558105,9.80555534362793,6.676294803619385
1996-01-22,5710500,9.75,9.833333015441895,9.916666984558105,9.722222328186035,6.457399845123291
1996-01-19,8244000,9.472222328186035,9.75,9.86111068725586,9.44444465637207,6.402676105499268
1996-01-18,7651800,9.30555534362793,9.44444465637207,9.5,9.277777671813965,6.202020168304443
1996-01-17,10347300,9.69444465637207,9.222222328186035,9.75,9.222222328186035,6.056092739105225
1996-01-16,7642800,9.777777671813965,9.75,9.80555534362793,9.55555534362793,6.402676105499268
1996-01-15,4529700,9.666666984558105,9.666666984558105,9.722222328186035,9.63888931274414,6.347953796386719
1996-01-12,8393400,9.722222328186035,9.666666984558105,9.75,9.55555534362793,6.347953796386719
1996-01-11,9985500,9.75,9.722222328186035,9.75,9.63888931274414,6.384432315826416
1996-01-10,9157800,9.472222328186035,9.777777671813965,9.777777671813965,9.472222328186035,6.420917510986328
1996-01-09,8620200,9.75,9.666666984558105,9.777777671813965,9.55555534362793,6.347953796386719
1996-01-08,4271400,9.88888931274414,9.777777671813965,9.94444465637207,9.777777671813965,6.420917510986328
1996-01-05,9048900,10.11111068725586,10.05555534362793,10.222222328186035,9.972222328186035,6.603329658508301
1996-01-04,9165000,10.333333015441895,10.30555534362793,10.416666984558105,10.166666984558105,6.767502307891846
1996-01-03,11496000,10.333333015441895,10.333333015441895,10.416666984558105,10.222222328186035,6.785742282867432
1996-01-02,6835500,10.55555534362793,10.527777671813965,10.55555534362793,10.36111068725586,6.913427829742432
1995-12-29,3718200,10.527777671813965,10.61111068725586,10.63888931274414,10.5,6.968153476715088
1995-12-28,6258600,10.472222328186035,10.5,10.55555534362793,10.38888931274414,6.8951873779296875
1995-12-27,3693900,10.583333015441895,10.61111068725586,10.666666984558105,10.55555534362793,6.968153476715088
1995-12-26,5686200,10.44444465637207,10.61111068725586,10.666666984558105,10.44444465637207,6.968153476715088
1995-12-22,5506200,10.55555534362793,10.472222328186035,10.666666984558105,10.472222328186035,6.876944541931152
1995-12-21,9100800,10.472222328186035,10.5,10.55555534362793,10.38888931274414,6.8951873779296875
1995-12-20,10615800,10.25,10.44444465637207,10.527777671813965,10.25,6.858706951141357
1995-12-19,7625700,10.0,10.277777671813965,10.30555534362793,9.94444465637207,6.749260425567627
1995-12-18,7008600,9.972222328186035,10.0,10.027777671813965,9.833333015441895,6.566845417022705
1995-12-15,16857000,10.0,10.083333015441895,10.083333015441895,9.86111068725586,6.621569633483887
1995-12-14,13133700,10.027777671813965,10.166666984558105,10.333333015441895,10.027777671813965,6.676294803619385
1995-12-13,3750300,9.94444465637207,10.0,10.027777671813965,9.833333015441895,6.566845417022705
1995-12-12,5831100,9.80555534362793,10.027777671813965,10.027777671813965,9.75,6.585086345672607
1995-12-11,4662900,9.80555534362793,9.80555534362793,9.833333015441895,9.69444465637207,6.4391584396362305
1995-12-08,3383400,9.916666984558105,9.80555534362793,9.94444465637207,9.75,6.4391584396362305
1995-12-07,3954000,9.972222328186035,9.94444465637207,9.972222328186035,9.833333015441895,6.530364990234375
1995-12-06,7897500,9.80555534362793,10.027777671813965,10.05555534362793,9.80555534362793,6.552285194396973
1995-12-05,5612400,9.583333015441895,9.777777671813965,9.833333015441895,9.55555534362793,6.356262683868408
1995-12-04,6155400,9.69444465637207,9.583333015441895,9.722222328186035,9.527777671813965,6.229859352111816
1995-12-01,5200500,9.88888931274414,9.75,9.88888931274414,9.722222328186035,6.3382039070129395
1995-11-30,6968100,9.88888931274414,9.86111068725586,9.916666984558105,9.777777671813965,6.410435199737549
1995-11-29,6951900,9.972222328186035,9.86111068725586,9.972222328186035,9.80555534362793,6.410435199737549
1995-11-28,10055100,9.916666984558105,9.916666984558105,9.972222328186035,9.80555534362793,6.446553707122803
1995-11-27,9267600,9.777777671813965,9.94444465637207,9.972222328186035,9.75,6.4646077156066895
1995-11-24,1452600,9.69444465637207,9.75,9.75,9.69444465637207,6.3382039070129395
1995-11-22,9983700,9.833333015441895,9.69444465637207,9.86111068725586,9.666666984558105,6.302087306976318
1995-11-21,5092200,9.833333015441895,9.833333015441895,9.86111068725586,9.80555534362793,6.3923773765563965
1995-11-20,6810300,9.88888931274414,9.80555534362793,9.88888931274414,9.777777671813965,6.3743205070495605
1995-11-17,14705400,9.75,9.88888931274414,9.916666984558105,9.722222328186035,6.428492546081543
1995-11-16,10342200,9.75,9.666666984558105,9.777777671813965,9.63888931274414,6.284034252166748
1995-11-15,12702900,9.666666984558105,9.722222328186035,9.75,9.583333015441895,6.3201470375061035
1995-11-14,19959300,9.333333015441895,9.63888931274414,9.666666984558105,9.30555534362793,6.265977382659912
1995-11-13,5199600,9.166666984558105,9.277777671813965,9.277777671813965,9.05555534362793,6.031227111816406
1995-11-10,3940500,9.19444465637207,9.25,9.25,9.13888931274414,6.013169765472412
1995-11-09,5694300,9.277777671813965,9.19444465637207,9.277777671813965,9.166666984558105,5.977052688598633
1995-11-08,11232000,9.083333015441895,9.19444465637207,9.277777671813965,9.05555534362793,5.977052688598633
1995-11-07,5108700,9.05555534362793,9.027777671813965,9.11111068725586,9.0,5.868708610534668
1995-11-06,4971900,8.972222328186035,9.05555534362793,9.083333015441895,8.86111068725586,5.886765480041504
1995-11-03,11341200,9.0,9.0,9.11111068725586,8.94444465637207,5.850648880004883
1995-11-02,14709900,8.472222328186035,8.972222328186035,8.972222328186035,8.472222328186035,5.832592964172363
1995-11-01,5579100,8.277777671813965,8.44444465637207,8.472222328186035,8.277777671813965,5.489500522613525
1995-10-31,7340700,8.44444465637207,8.277777671813965,8.55555534362793,8.25,5.381154537200928
1995-10-30,6464100,8.277777671813965,8.44444465637207,8.527777671813965,8.277777671813965,5.489500522613525
1995-10-27,7088700,8.222222328186035,8.19444465637207,8.277777671813965,8.13888931274414,5.326981067657471
1995-10-26,9444600,8.222222328186035,8.222222328186035,8.333333015441895,8.13888931274414,5.345038414001465
1995-10-25,12971700,8.333333015441895,8.166666984558105,8.36111068725586,8.13888931274414,5.308924198150635
1995-10-24,6790800,8.527777671813965,8.38888931274414,8.583333015441895,8.36111068725586,5.453385353088379
1995-10-23,7298400,8.44444465637207,8.583333015441895,8.63888931274414,8.416666984558105,5.579786777496338
1995-10-20,8622300,8.38888931274414,8.472222328186035,8.55555534362793,8.333333015441895,5.507555961608887
1995-10-19,14587200,8.333333015441895,8.333333015441895,8.44444465637207,8.222222328186035,5.417269229888916
1995-10-18,5415300,8.55555534362793,8.44444465637207,8.61111068725586,8.44444465637207,5.489500522613525
1995-10-17,7400100,8.55555534362793,8.55555534362793,8.61111068725586,8.472222328186035,5.56173038482666
1995-10-16,4325400,8.61111068725586,8.61111068725586,8.666666984558105,8.583333015441895,5.59784460067749
1995-10-13,5235600,8.75,8.63888931274414,8.777777671813965,8.61111068725586,5.615903377532959
1995-10-12,4976100,8.75,8.722222328186035,8.777777671813965,8.666666984558105,5.670073509216309
1995-10-11,7184700,8.777777671813965,8.777777671813965,8.916666984558105,8.666666984558105,5.706189155578613
1995-10-10,11484300,8.55555534362793,8.777777671813965,8.86111068725586,8.527777671813965,5.706189155578613
1995-10-09,4263300,8.527777671813965,8.61111068725586,8.61111068725586,8.5,5.59784460067749
1995-10-06,9992700,8.722222328186035,8.527777671813965,8.833333015441895,8.5,5.543671131134033
1995-10-05,15565500,8.583333015441895,8.722222328186035,8.722222328186035,8.5,5.670073509216309
1995-10-04,14707200,8.75,8.666666984558105,8.777777671813965,8.44444465637207,5.6339592933654785
1995-10-03,7794000,8.80555534362793,8.80555534362793,8.833333015441895,8.722222328186035,5.724247932434082
1995-10-02,6022800,8.86111068725586,8.80555534362793,8.88888931274414,8.777777671813965,5.724247932434082
1995-09-29,8115600,8.916666984558105,8.86111068725586,8.94444465637207,8.833333015441895,5.760361194610596
1995-09-28,9333000,8.833333015441895,8.88888931274414,8.88888931274414,8.69444465637207,5.7784223556518555
1995-09-27,9888600,8.86111068725586,8.80555534362793,8.916666984558105,8.777777671813965,5.724247932434082
1995-09-26,7158000,8.972222328186035,8.916666984558105,9.027777671813965,8.833333015441895,5.796477317810059
1995-09-25,4821600,9.083333015441895,8.916666984558105,9.083333015441895,8.86111068725586,5.796477317810059
1995-09-22,6687300,9.0,8.972222328186035,9.083333015441895,8.88888931274414,5.832592964172363
1995-09-21,7925700,9.277777671813965,9.05555534362793,9.5,9.027777671813965,5.886765480041504
1995-09-20,9784800,9.5,9.333333015441895,9.527777671813965,9.25,6.067342281341553
1995-09-19,11962200,9.11111068725586,9.166666984558105,9.222222328186035,9.083333015441895,5.958996772766113
1995-09-18,13646700,8.88888931274414,9.0,9.11111068725586,8.88888931274414,5.850648880004883
1995-09-15,24563700,8.833333015441895,8.833333015441895,8.94444465637207,8.80555534362793,5.742305755615234
1995-09-14,31814400,8.88888931274414,8.583333015441895,8.88888931274414,8.55555534362793,5.579786777496338
1995-09-13,25112100,8.88888931274414,8.86111068725586,8.94444465637207,8.777777671813965,5.760361194610596
1995-09-12,19184700,9.416666984558105,9.0,9.527777671813965,8.833333015441895,5.850648880004883
1995-09-11,3745200,9.416666984558105,9.38888931274414,9.5,9.36111068725586,6.103455066680908
1995-09-08,4272300,9.416666984558105,9.36111068725586,9.416666984558105,9.30555534362793,6.0853986740112305
1995-09-07,5351700,9.277777671813965,9.333333015441895,9.38888931274414,9.25,6.067342281341553
1995-09-06,8220900,9.277777671813965,9.25,9.30555534362793,9.19444465637207,5.980698585510254
1995-09-05,8944200,8.94444465637207,9.222222328186035,9.222222328186035,8.94444465637207,5.962738037109375
1995-09-01,6445200,8.916666984558105,8.88888931274414,8.972222328186035,8.86111068725586,5.747219085693359
1995-08-31,9100200,8.972222328186035,8.88888931274414,8.972222328186035,8.833333015441895,5.747219085693359
1995-08-30,5265300,8.94444465637207,9.0,9.05555534362793,8.916666984558105,5.819056987762451
1995-08-29,5330700,9.0,8.94444465637207,9.083333015441895,8.916666984558105,5.783135414123535
1995-08-28,4766400,9.25,9.05555534362793,9.25,8.94444465637207,5.854976177215576
1995-08-25,3149400,9.222222328186035,9.222222328186035,9.25,9.13888931274414,5.962738037109375
1995-08-24,4969800,9.222222328186035,9.19444465637207,9.30555534362793,9.13888931274414,5.9447760581970215
1995-08-23,4700700,9.30555534362793,9.166666984558105,9.333333015441895,9.13888931274414,5.92681884765625
1995-08-22,5647800,9.38888931274414,9.30555534362793,9.38888931274414,9.25,6.0166168212890625
1995-08-21,4155300,9.5,9.36111068725586,9.5,9.333333015441895,6.052537441253662
1995-08-18,6618900,9.527777671813965,9.5,9.583333015441895,9.36111068725586,6.142338275909424
1995-08-17,3748500,9.527777671813965,9.5,9.527777671813965,9.44444465637207,6.142338275909424
1995-08-16,9782100,9.55555534362793,9.527777671813965,9.833333015441895,9.36111068725586,6.1602959632873535
1995-08-15,12647700,9.583333015441895,9.416666984558105,9.583333015441895,9.333333015441895,6.088455677032471
1995-08-14,3334800,9.44444465637207,9.61111068725586,9.61111068725586,9.416666984558105,6.214181423187256
1995-08-11,2624400,9.416666984558105,9.44444465637207,9.44444465637207,9.36111068725586,6.10641622543335
1995-08-10,6420600,9.416666984558105,9.472222328186035,9.472222328186035,9.30555534362793,6.12437629699707
1995-08-09,5201400,9.61111068725586,9.416666984558105,9.63888931274414,9.36111068725586,6.088455677032471
1995-08-08,2565000,9.69444465637207,9.666666984558105,9.75,9.63888931274414,6.250100612640381
1995-08-07,4119300,9.722222328186035,9.69444465637207,9.833333015441895,9.666666984558105,6.2680559158325195
1995-08-04,2682300,9.80555534362793,9.69444465637207,9.86111068725586,9.63888931274414,6.2680559158325195
1995-08-03,3955800,9.777777671813965,9.80555534362793,9.80555534362793,9.63888931274414,6.339900016784668
1995-08-02,6589800,9.88888931274414,9.833333015441895,9.972222328186035,9.777777671813965,6.3578596115112305
1995-08-01,4231200,9.777777671813965,9.777777671813965,9.80555534362793,9.63888931274414,6.321937561035156
1995-07-31,4947600,9.86111068725586,9.777777671813965,9.86111068725586,9.722222328186035,6.321937561035156
1995-07-28,5160000,9.916666984558105,9.86111068725586,10.05555534362793,9.777777671813965,6.375820159912109
1995-07-27,4768200,9.972222328186035,9.972222328186035,10.0,9.916666984558105,6.447660446166992
1995-07-26,7605000,9.777777671813965,9.88888931274414,9.94444465637207,9.777777671813965,6.393778324127197
1995-07-25,11870400,9.69444465637207,9.777777671813965,9.80555534362793,9.527777671813965,6.321937561035156
1995-07-24,3180000,9.5,9.472222328186035,9.527777671813965,9.416666984558105,6.12437629699707
1995-07-21,5671200,9.5,9.5,9.61111068725586,9.472222328186035,6.142338275909424
1995-07-20,4822200,9.38888931274414,9.472222328186035,9.472222328186035,9.277777671813965,6.12437629699707
1995-07-19,7893900,9.44444465637207,9.333333015441895,9.5,9.25,6.034577369689941
1995-07-18,5160000,9.583333015441895,9.472222328186035,9.583333015441895,9.44444465637207,6.12437629699707
1995-07-17,3713700,9.527777671813965,9.61111068725586,9.61111068725586,9.5,6.214181423187256
1995-07-14,8380200,9.666666984558105,9.583333015441895,9.75,9.55555534362793,6.196218967437744
1995-07-13,10987200,9.55555534362793,9.722222328186035,9.75,9.527777671813965,6.286015510559082
1995-07-12,5489400,9.44444465637207,9.55555534362793,9.55555534362793,9.38888931274414,6.1782546043396
1995-07-11,10443900,9.44444465637207,9.416666984558105,9.583333015441895,9.333333015441895,6.088455677032471
1995-07-10,6625200,9.63888931274414,9.44444465637207,9.69444465637207,9.36111068725586,6.10641622543335
1995-07-07,18651600,9.416666984558105,9.61111068725586,9.69444465637207,9.38888931274414,6.214181423187256
1995-07-06,10682400,9.222222328186035,9.416666984558105,9.44444465637207,9.166666984558105,6.088455677032471
1995-07-05,11185500,9.19444465637207,9.19444465637207,9.25,9.13888931274414,5.9447760581970215
1995-07-03,2981700,9.0,9.097222328186035,9.13888931274414,9.0,5.881918907165527
1995-06-30,5997900,9.0,9.05555534362793,9.05555534362793,8.972222328186035,5.854976177215576
1995-06-29,7742700,8.972222328186035,8.94444465637207,9.027777671813965,8.833333015441895,5.783135414123535
1995-06-28,8435700,8.75,8.88888931274414,8.972222328186035,8.75,5.747219085693359
1995-06-27,9333900,8.972222328186035,8.75,8.972222328186035,8.722222328186035,5.657415390014648
1995-06-26,11585100,8.88888931274414,8.86111068725586,8.94444465637207,8.833333015441895,5.729255199432373
1995-06-23,16488300,8.722222328186035,8.88888931274414,8.94444465637207,8.666666984558105,5.747219085693359
1995-06-22,15456600,8.69444465637207,8.777777671813965,8.833333015441895,8.61111068725586,5.675375938415527
1995-06-21,13181400,8.75,8.63888931274414,8.80555534362793,8.583333015441895,5.585578441619873
1995-06-20,23677200,8.75,8.69444465637207,8.972222328186035,8.63888931274414,5.621496200561523
1995-06-19,26949900,9.027777671813965,8.75,9.027777671813965,8.666666984558105,5.657415390014648
1995-06-16,31962900,9.333333015441895,9.027777671813965,9.333333015441895,8.86111068725586,5.837017059326172
1995-06-15,10615800,9.666666984558105,9.416666984558105,9.666666984558105,9.38888931274414,6.088455677032471
1995-06-14,7447500,9.472222328186035,9.61111068725586,9.63888931274414,9.38888931274414,6.214181423187256
1995-06-13,11155800,9.333333015441895,9.44444465637207,9.44444465637207,9.333333015441895,6.10641622543335
1995-06-12,6360600,9.19444465637207,9.30555534362793,9.36111068725586,9.19444465637207,6.0166168212890625
1995-06-09,5030100,9.166666984558105,9.13888931274414,9.222222328186035,9.05555534362793,5.9088568687438965
1995-06-08,7651200,9.11111068725586,9.13888931274414,9.166666984558105,9.027777671813965,5.9088568687438965
1995-06-07,10621200,9.25,9.083333015441895,9.25,9.05555534362793,5.840639591217041
1995-06-06,8030700,9.25,9.19444465637207,9.333333015441895,9.166666984558105,5.912085056304932
1995-06-05,5703600,9.333333015441895,9.333333015441895,9.44444465637207,9.222222328186035,6.001392364501953
1995-06-02,7678800,9.13888931274414,9.333333015441895,9.38888931274414,9.11111068725586,6.001392364501953
1995-06-01,5687100,9.30555534362793,9.19444465637207,9.30555534362793,9.166666984558105,5.912085056304932
1995-05-31,7823700,9.083333015441895,9.25,9.30555534362793,9.05555534362793,5.947810649871826
1995-05-30,5012400,9.027777671813965,9.083333015441895,9.13888931274414,9.027777671813965,5.840639591217041
1995-05-26,4707900,9.13888931274414,9.027777671813965,9.13888931274414,9.0,5.804919719696045
1995-05-25,8702100,9.333333015441895,9.13888931274414,9.333333015441895,9.083333015441895,5.8763628005981445
1995-05-24,9666900,9.30555534362793,9.277777671813965,9.5,9.166666984558105,5.965670585632324
1995-05-23,8029800,9.333333015441895,9.30555534362793,9.38888931274414,9.277777671813965,5.983530044555664
1995-05-22,10589700,9.0,9.333333015441895,9.333333015441895,8.972222328186035,6.001392364501953
1995-05-19,11560800,8.88888931274414,8.88888931274414,8.972222328186035,8.86111068725586,5.7156147956848145
1995-05-18,11957700,9.05555534362793,8.94444465637207,9.083333015441895,8.916666984558105,5.751334190368652
1995-05-17,17736600,9.166666984558105,9.05555534362793,9.166666984558105,9.027777671813965,5.822779655456543
1995-05-16,43512600,9.222222328186035,9.166666984558105,9.25,9.0,5.894225597381592
1995-05-15,9503100,9.88888931274414,9.666666984558105,10.0,9.666666984558105,6.215731143951416
1995-05-12,15894900,9.5,9.833333015441895,9.88888931274414,9.5,6.322896957397461
1995-05-11,10219800,9.30555534362793,9.5,9.527777671813965,9.25,6.108560562133789
1995-05-10,8859900,9.416666984558105,9.30555534362793,9.5,9.222222328186035,5.983530044555664
1995-05-09,9930900,9.333333015441895,9.30555534362793,9.44444465637207,9.222222328186035,5.983530044555664
1995-05-08,8427900,9.166666984558105,9.25,9.277777671813965,9.083333015441895,5.947810649871826
1995-05-05,6804300,9.333333015441895,9.166666984558105,9.36111068725586,9.11111068725586,5.894225597381592
1995-05-04,9139800,9.55555534362793,9.30555534362793,9.666666984558105,9.11111068725586,5.983530044555664
1995-05-03,11565900,9.30555534362793,9.527777671813965,9.527777671813965,9.222222328186035,6.126420974731445
1995-05-02,4208700,9.277777671813965,9.19444465637207,9.277777671813965,9.11111068725586,5.912085056304932
1995-05-01,5978100,9.277777671813965,9.222222328186035,9.277777671813965,9.166666984558105,5.92995023727417
1995-04-28,5742300,9.416666984558105,9.277777671813965,9.472222328186035,9.25,5.965670585632324
1995-04-27,7188300,9.027777671813965,9.38888931274414,9.44444465637207,9.0,6.037113189697266
1995-04-26,9814800,8.972222328186035,9.083333015441895,9.19444465637207,8.94444465637207,5.840639591217041
1995-04-25,13203900,9.19444465637207,9.05555534362793,9.222222328186035,9.0,5.822779655456543
1995-04-24,6948000,9.333333015441895,9.25,9.472222328186035,9.19444465637207,5.947810649871826
1995-04-21,4753800,9.277777671813965,9.30555534362793,9.5,9.25,5.983530044555664
1995-04-20,10856700,9.277777671813965,9.25,9.333333015441895,9.19444465637207,5.947810649871826
1995-04-19,8171400,9.44444465637207,9.277777671813965,9.583333015441895,9.19444465637207,5.965670585632324
1995-04-18,7549500,9.61111068725586,9.38888931274414,9.63888931274414,9.38888931274414,6.037113189697266
1995-04-17,7929300,9.63888931274414,9.61111068725586,9.69444465637207,9.55555534362793,6.180008411407471
1995-04-13,7085700,9.61111068725586,9.61111068725586,9.63888931274414,9.527777671813965,6.180008411407471
1995-04-12,11569500,9.333333015441895,9.44444465637207,9.5,9.25,6.0728373527526855
1995-04-11,14400900,9.5,9.333333015441895,9.833333015441895,9.222222328186035,6.001392364501953
1995-04-10,5040900,9.5,9.722222328186035,9.75,9.5,6.251450061798096
1995-04-07,6548400,9.5,9.527777671813965,9.61111068725586,9.44444465637207,6.126420974731445
1995-04-06,4203000,9.63888931274414,9.5,9.63888931274414,9.38888931274414,6.108560562133789
1995-04-05,5522400,9.61111068725586,9.63888931274414,9.69444465637207,9.583333015441895,6.197870254516602
1995-04-04,6363900,9.75,9.69444465637207,9.80555534362793,9.583333015441895,6.23358678817749
1995-04-03,6156300,9.80555534362793,9.777777671813965,9.833333015441895,9.722222328186035,6.287173748016357
1995-03-31,5645700,9.666666984558105,9.833333015441895,9.916666984558105,9.63888931274414,6.322896957397461
1995-03-30,5927400,9.80555534362793,9.86111068725586,9.86111068725586,9.722222328186035,6.340758800506592
1995-03-29,9575100,9.722222328186035,9.777777671813965,9.972222328186035,9.63888931274414,6.287173748016357
1995-03-28,6434100,9.55555534362793,9.75,9.75,9.527777671813965,6.269312858581543
1995-03-27,9266400,9.55555534362793,9.666666984558105,9.722222328186035,9.527777671813965,6.215731143951416
1995-03-24,15336300,9.527777671813965,9.55555534362793,9.722222328186035,9.416666984558105,6.144281387329102
1995-03-23,12366300,9.88888931274414,9.527777671813965,9.916666984558105,9.5,6.126420974731445
1995-03-22,7287300,9.86111068725586,9.972222328186035,10.0,9.722222328186035,6.412204265594482
1995-03-21,9003900,10.11111068725586,9.916666984558105,10.11111068725586,9.833333015441895,6.376482963562012
1995-03-20,4860300,10.222222328186035,10.11111068725586,10.333333015441895,10.083333015441895,6.50150728225708
1995-03-17,8913900,10.11111068725586,10.166666984558105,10.25,10.083333015441895,6.537232875823975
1995-03-16,4670400,9.916666984558105,10.083333015441895,10.11111068725586,9.916666984558105,6.483646869659424
1995-03-15,5199600,9.86111068725586,9.916666984558105,9.972222328186035,9.86111068725586,6.376482963562012
1995-03-14,4367100,9.94444465637207,9.777777671813965,10.0,9.75,6.287173748016357
1995-03-13,4670400,9.833333015441895,9.94444465637207,10.0,9.833333015441895,6.394341945648193
1995-03-10,6137400,9.75,9.80555534362793,9.833333015441895,9.722222328186035,6.3050360679626465
1995-03-09,4281300,9.777777671813965,9.722222328186035,9.86111068725586,9.722222328186035,6.251450061798096
1995-03-08,3607200,9.916666984558105,9.75,9.94444465637207,9.722222328186035,6.269312858581543
1995-03-07,7607700,10.027777671813965,9.88888931274414,10.05555534362793,9.75,6.358619213104248
1995-03-06,3712500,10.05555534362793,9.972222328186035,10.05555534362793,9.972222328186035,6.412204265594482
1995-03-03,4651200,10.027777671813965,10.11111068725586,10.13888931274414,9.972222328186035,6.50150728225708
1995-03-02,5480100,10.0,10.05555534362793,10.05555534362793,9.88888931274414,6.465786933898926
1995-03-01,7231500,10.0,10.027777671813965,10.083333015441895,9.86111068725586,6.447922706604004
1995-02-28,8164200,10.027777671813965,9.972222328186035,10.05555534362793,9.916666984558105,6.412204265594482
1995-02-27,8331300,10.25,10.11111068725586,10.277777671813965,9.777777671813965,6.50150728225708
1995-02-24,4293000,10.333333015441895,10.30555534362793,10.333333015441895,10.25,6.626540184020996
1995-02-23,13361400,10.527777671813965,10.30555534362793,10.55555534362793,10.277777671813965,6.626540184020996
1995-02-22,9516600,10.44444465637207,10.416666984558105,10.472222328186035,10.277777671813965,6.697984218597412
1995-02-21,25026300,10.25,10.36111068725586,10.472222328186035,10.166666984558105,6.636509895324707
1995-02-17,5023200,10.833333015441895,10.80555534362793,10.94444465637207,10.777777671813965,6.921184062957764
1995-02-16,5621400,10.777777671813965,10.833333015441895,10.86111068725586,10.666666984558105,6.938974857330322
1995-02-15,5086200,10.69444465637207,10.80555534362793,10.88888931274414,10.63888931274414,6.921184062957764
1995-02-14,3905400,10.80555534362793,10.777777671813965,10.833333015441895,10.722222328186035,6.9033918380737305
1995-02-13,2444400,10.833333015441895,10.833333015441895,10.88888931274414,10.80555534362793,6.938974857330322
1995-02-10,2997000,10.94444465637207,10.88888931274414,10.94444465637207,10.833333015441895,6.974559307098389
1995-02-09,3829800,10.94444465637207,10.94444465637207,11.027777671813965,10.916666984558105,7.01014518737793
1995-02-08,4575900,11.05555534362793,10.972222328186035,11.05555534362793,10.972222328186035,7.027935028076172
1995-02-07,9089400,10.972222328186035,11.05555534362793,11.11111068725586,10.94444465637207,7.0813117027282715
1995-02-06,6880800,10.69444465637207,10.916666984558105,11.027777671813965,10.666666984558105,6.992350101470947
1995-02-03,5280300,10.666666984558105,10.69444465637207,10.75,10.63888931274414,6.850017547607422
1995-02-02,6021000,10.722222328186035,10.63888931274414,10.777777671813965,10.61111068725586,6.8144307136535645
1995-02-01,7528500,10.38888931274414,10.63888931274414,10.63888931274414,10.333333015441895,6.8144307136535645
1995-01-31,4748700,10.472222328186035,10.38888931274414,10.55555534362793,10.36111068725586,6.654301643371582
1995-01-30,3507600,10.583333015441895,10.5,10.777777671813965,10.472222328186035,6.725470066070557
1995-01-27,2753400,10.55555534362793,10.61111068725586,10.666666984558105,10.55555534362793,6.796635627746582
1995-01-26,2961000,10.44444465637207,10.527777671813965,10.61111068725586,10.44444465637207,6.743261337280273
1995-01-25,3565200,10.44444465637207,10.5,10.583333015441895,10.36111068725586,6.725470066070557
1995-01-24,2698500,10.38888931274414,10.416666984558105,10.5,10.36111068725586,6.672092914581299
1995-01-23,2628900,10.277777671813965,10.416666984558105,10.472222328186035,10.277777671813965,6.672092914581299
1995-01-20,3612600,10.44444465637207,10.38888931274414,10.472222328186035,10.36111068725586,6.654301643371582
1995-01-19,3726000,10.38888931274414,10.472222328186035,10.55555534362793,10.36111068725586,6.707677364349365
1995-01-18,3455100,10.36111068725586,10.44444465637207,10.527777671813965,10.36111068725586,6.689883708953857
1995-01-17,4158000,10.416666984558105,10.44444465637207,10.5,10.333333015441895,6.689883708953857
1995-01-16,4188600,10.416666984558105,10.44444465637207,10.5,10.38888931274414,6.689883708953857
1995-01-13,4626300,10.222222328186035,10.36111068725586,10.44444465637207,10.19444465637207,6.636509895324707
1995-01-12,2626200,10.19444465637207,10.166666984558105,10.277777671813965,10.11111068725586,6.511962413787842
1995-01-11,3658800,10.222222328186035,10.19444465637207,10.30555534362793,10.0,6.5297532081604
1995-01-10,2899200,10.11111068725586,10.19444465637207,10.222222328186035,10.083333015441895,6.5297532081604
1995-01-09,4412700,9.94444465637207,10.083333015441895,10.083333015441895,9.916666984558105,6.458586692810059
1995-01-06,3774900,10.0,9.94444465637207,10.027777671813965,9.916666984558105,6.369626998901367
1995-01-05,4221000,10.027777671813965,9.972222328186035,10.027777671813965,9.94444465637207,6.387417793273926
1995-01-04,4594500,10.166666984558105,10.027777671813965,10.19444465637207,10.0,6.423001289367676
1995-01-03,3177900,10.19444465637207,10.083333015441895,10.19444465637207,10.027777671813965,6.458586692810059
1994-12-30,2752200,10.36111068725586,10.222222328186035,10.36111068725586,10.19444465637207,6.547547340393066
1994-12-29,2873700,10.333333015441895,10.30555534362793,10.38888931274414,10.277777671813965,6.600926399230957
1994-12-28,3636000,10.38888931274414,10.333333015441895,10.38888931274414,10.25,6.618715763092041
1994-12-27,1254600,10.333333015441895,10.38888931274414,10.416666984558105,10.333333015441895,6.654301643371582
1994-12-23,1359300,10.333333015441895,10.333333015441895,10.36111068725586,10.333333015441895,6.618715763092041
1994-12-22,3898200,10.36111068725586,10.30555534362793,10.36111068725586,10.25,6.600926399230957
1994-12-21,6951600,10.0,10.333333015441895,10.472222328186035,10.0,6.618715763092041
1994-12-20,3073500,10.19444465637207,9.972222328186035,10.19444465637207,9.972222328186035,6.387417793273926
1994-12-19,2169000,10.25,10.25,10.30555534362793,10.222222328186035,6.565337657928467
1994-12-16,6776100,10.5,10.30555534362793,10.5,10.277777671813965,6.600926399230957
1994-12-15,3837900,10.222222328186035,10.38888931274414,10.416666984558105,10.222222328186035,6.654301643371582
1994-12-14,8645400,9.972222328186035,10.222222328186035,10.30555534362793,9.94444465637207,6.547547340393066
1994-12-13,4155600,9.94444465637207,9.972222328186035,10.083333015441895,9.94444465637207,6.387417793273926
1994-12-12,4776300,9.88888931274414,9.94444465637207,10.0,9.86111068725586,6.369626998901367
1994-12-09,5463900,9.88888931274414,9.88888931274414,9.94444465637207,9.80555534362793,6.334040641784668
1994-12-08,5049300,10.11111068725586,9.88888931274414,10.11111068725586,9.80555534362793,6.334040641784668
1994-12-07,4833300,10.027777671813965,10.11111068725586,10.166666984558105,10.027777671813965,6.476376056671143
1994-12-06,4461300,10.166666984558105,10.11111068725586,10.222222328186035,10.0,6.476376056671143
1994-12-05,5475000,10.38888931274414,10.222222328186035,10.472222328186035,10.222222328186035,6.547547340393066
1994-12-02,3806400,10.25,10.36111068725586,10.38888931274414,10.25,6.636509895324707
1994-12-01,4772100,10.222222328186035,10.25,10.416666984558105,10.222222328186035,6.565337657928467
1994-11-30,4444500,10.472222328186035,10.277777671813965,10.5,10.277777671813965,6.557479381561279
1994-11-29,5201100,10.416666984558105,10.416666984558105,10.55555534362793,10.38888931274414,6.646095275878906
1994-11-28,4892700,10.166666984558105,10.38888931274414,10.38888931274414,10.13888931274414,6.628370761871338
1994-11-25,1026300,10.027777671813965,10.13888931274414,10.19444465637207,10.027777671813965,6.468864440917969
1994-11-23,8744400,10.05555534362793,10.11111068725586,10.222222328186035,9.972222328186035,6.451139450073242
1994-11-22,6491700,10.222222328186035,10.027777671813965,10.25,10.0,6.397971153259277
1994-11-21,4054500,10.416666984558105,10.277777671813965,10.416666984558105,10.25,6.557479381561279
1994-11-18,3077100,10.44444465637207,10.416666984558105,10.583333015441895,10.36111068725586,6.646095275878906
1994-11-17,3432900,10.61111068725586,10.472222328186035,10.63888931274414,10.416666984558105,6.681537628173828
1994-11-16,5194200,10.666666984558105,10.61111068725586,10.69444465637207,10.583333015441895,6.7701520919799805
1994-11-15,19775100,10.666666984558105,10.61111068725586,10.722222328186035,10.472222328186035,6.7701520919799805
1994-11-14,5176800,10.38888931274414,10.55555534362793,10.55555534362793,10.333333015441895,6.734707355499268
1994-11-11,4876200,10.38888931274414,10.333333015441895,10.63888931274414,10.30555534362793,6.592921733856201
1994-11-10,7358700,10.416666984558105,10.416666984558105,10.63888931274414,10.38888931274414,6.646095275878906
1994-11-09,7425300,10.5,10.36111068725586,10.527777671813965,10.333333015441895,6.610648155212402
1994-11-08,9135300,10.19444465637207,10.36111068725586,10.416666984558105,10.166666984558105,6.610648155212402
1994-11-07,4973700,10.083333015441895,10.166666984558105,10.25,10.0,6.4865875244140625
1994-11-04,5487300,10.25,10.11111068725586,10.25,10.11111068725586,6.451139450073242
1994-11-03,5222700,10.19444465637207,10.13888931274414,10.25,10.11111068725586,6.468864440917969
1994-11-02,5083500,9.916666984558105,10.19444465637207,10.19444465637207,9.88888931274414,6.504314422607422
1994-11-01,2828700,10.083333015441895,9.972222328186035,10.11111068725586,9.972222328186035,6.362524509429932
1994-10-31,4124700,10.13888931274414,10.11111068725586,10.222222328186035,10.11111068725586,6.451139450073242
1994-10-28,7791600,9.88888931274414,10.13888931274414,10.19444465637207,9.88888931274414,6.468864440917969
1994-10-27,2808000,9.80555534362793,9.916666984558105,9.916666984558105,9.75,6.327084541320801
1994-10-26,4077900,9.722222328186035,9.777777671813965,9.86111068725586,9.722222328186035,6.238468170166016
1994-10-25,3909900,9.55555534362793,9.666666984558105,9.69444465637207,9.55555534362793,6.167575359344482
1994-10-24,5136600,9.722222328186035,9.722222328186035,9.88888931274414,9.666666984558105,6.203022003173828
1994-10-21,2671500,9.63888931274414,9.722222328186035,9.722222328186035,9.527777671813965,6.203022003173828
1994-10-20,2826900,9.777777671813965,9.666666984558105,9.80555534362793,9.61111068725586,6.167575359344482
1994-10-19,3371700,9.55555534362793,9.833333015441895,9.86111068725586,9.55555534362793,6.27391242980957
1994-10-18,2943900,9.80555534362793,9.666666984558105,9.80555534362793,9.63888931274414,6.167575359344482
1994-10-17,3190800,9.833333015441895,9.80555534362793,9.833333015441895,9.722222328186035,6.256191253662109
1994-10-14,2430000,9.86111068725586,9.833333015441895,9.86111068725586,9.777777671813965,6.27391242980957
1994-10-13,5602500,9.88888931274414,9.833333015441895,9.94444465637207,9.80555534362793,6.27391242980957
1994-10-12,3444300,9.75,9.777777671813965,9.833333015441895,9.69444465637207,6.238468170166016
1994-10-11,9755400,9.583333015441895,9.75,9.86111068725586,9.55555534362793,6.220742225646973
1994-10-10,4718100,9.19444465637207,9.527777671813965,9.527777671813965,9.19444465637207,6.078956604003906
1994-10-07,3711900,9.11111068725586,9.13888931274414,9.277777671813965,9.083333015441895,5.830838203430176
1994-10-06,3170100,9.277777671813965,9.166666984558105,9.277777671813965,9.11111068725586,5.848562240600586
1994-10-05,4588500,9.25,9.222222328186035,9.25,9.083333015441895,5.884008407592773
1994-10-04,4743000,9.527777671813965,9.222222328186035,9.527777671813965,9.222222328186035,5.884008407592773
1994-10-03,3480600,9.38888931274414,9.44444465637207,9.44444465637207,9.30555534362793,6.025788307189941
1994-09-30,6126300,9.333333015441895,9.333333015441895,9.583333015441895,9.25,5.954901218414307
1994-09-29,3648000,9.333333015441895,9.30555534362793,9.416666984558105,9.30555534362793,5.937176704406738
1994-09-28,4082700,9.333333015441895,9.30555534362793,9.38888931274414,9.25,5.937176704406738
1994-09-27,6258600,9.44444465637207,9.333333015441895,9.527777671813965,9.333333015441895,5.954901218414307
1994-09-26,3429300,9.55555534362793,9.44444465637207,9.55555534362793,9.416666984558105,6.025788307189941
1994-09-23,3570300,9.527777671813965,9.472222328186035,9.55555534362793,9.472222328186035,6.043513774871826
1994-09-22,4092300,9.55555534362793,9.55555534362793,9.55555534362793,9.472222328186035,6.096681118011475
1994-09-21,6441600,9.69444465637207,9.472222328186035,9.69444465637207,9.416666984558105,6.043513774871826
1994-09-20,5679900,9.833333015441895,9.69444465637207,9.86111068725586,9.666666984558105,6.185293674468994
1994-09-19,5473200,9.777777671813965,9.88888931274414,10.0,9.75,6.3093581199646
1994-09-16,6353100,9.61111068725586,9.777777671813965,9.777777671813965,9.61111068725586,6.238468170166016
1994-09-15,5652000,9.75,9.80555534362793,9.86111068725586,9.722222328186035,6.256191253662109
1994-09-14,3472200,9.666666984558105,9.722222328186035,9.722222328186035,9.63888931274414,6.203022003173828
1994-09-13,3263400,9.75,9.63888931274414,9.80555534362793,9.63888931274414,6.1498541831970215
1994-09-12,2934300,9.777777671813965,9.69444465637207,9.80555534362793,9.69444465637207,6.185293674468994
1994-09-09,3679200,9.833333015441895,9.777777671813965,9.916666984558105,9.75,6.238468170166016
1994-09-08,3473400,9.80555534362793,9.94444465637207,9.972222328186035,9.80555534362793,6.344803333282471
1994-09-07,2127600,9.777777671813965,9.777777671813965,9.833333015441895,9.722222328186035,6.238468170166016
1994-09-06,2217900,9.777777671813965,9.80555534362793,9.833333015441895,9.722222328186035,6.256191253662109
1994-09-02,4298400,9.833333015441895,9.833333015441895,9.86111068725586,9.69444465637207,6.27391242980957
1994-09-01,2821500,9.88888931274414,9.80555534362793,9.94444465637207,9.777777671813965,6.230637073516846
1994-08-31,4234500,10.027777671813965,10.05555534362793,10.083333015441895,9.972222328186035,6.389496326446533
1994-08-30,4074300,10.05555534362793,10.083333015441895,10.11111068725586,9.972222328186035,6.4071431159973145
1994-08-29,5515500,10.222222328186035,10.083333015441895,10.277777671813965,10.05555534362793,6.4071431159973145
1994-08-26,5601600,10.05555534362793,10.166666984558105,10.19444465637207,10.0,6.460092544555664
1994-08-25,5082600,10.11111068725586,10.0,10.11111068725586,9.94444465637207,6.354190349578857
1994-08-24,6170700,10.05555534362793,10.11111068725586,10.13888931274414,10.027777671813965,6.424789905548096
1994-08-23,7586400,9.88888931274414,10.0,10.027777671813965,9.88888931274414,6.354190349578857
1994-08-22,3053100,9.833333015441895,9.88888931274414,9.88888931274414,9.777777671813965,6.283587455749512
1994-08-19,6003900,9.833333015441895,9.916666984558105,9.916666984558105,9.777777671813965,6.301241397857666
1994-08-18,4013400,9.722222328186035,9.777777671813965,9.833333015441895,9.69444465637207,6.212988376617432
1994-08-17,7443000,9.86111068725586,9.75,9.88888931274414,9.69444465637207,6.195333957672119
1994-08-16,19369200,9.63888931274414,9.86111068725586,9.94444465637207,9.527777671813965,6.265936851501465
1994-08-15,5427000,9.222222328186035,9.333333015441895,9.38888931274414,9.222222328186035,5.93057918548584
1994-08-12,5597100,9.166666984558105,9.19444465637207,9.222222328186035,9.083333015441895,5.842322826385498
1994-08-11,6309900,9.166666984558105,9.13888931274414,9.30555534362793,9.05555534362793,5.807021617889404
1994-08-10,7032600,8.972222328186035,9.19444465637207,9.25,8.972222328186035,5.842322826385498
1994-08-09,5440800,8.86111068725586,8.94444465637207,9.027777671813965,8.86111068725586,5.683468341827393
1994-08-08,2924100,9.0,8.88888931274414,9.0,8.86111068725586,5.64816951751709
1994-08-05,5361300,8.94444465637207,8.94444465637207,8.94444465637207,8.833333015441895,5.683468341827393
1994-08-04,5220000,9.222222328186035,8.94444465637207,9.25,8.94444465637207,5.683468341827393
1994-08-03,3183600,9.166666984558105,9.19444465637207,9.277777671813965,9.0,5.842322826385498
1994-08-02,3051300,9.083333015441895,9.05555534362793,9.083333015441895,8.972222328186035,5.754069805145264
1994-08-01,2954700,9.05555534362793,9.0,9.13888931274414,9.0,5.718771457672119
1994-07-29,7268400,8.916666984558105,9.083333015441895,9.222222328186035,8.916666984558105,5.771719932556152
1994-07-28,6035400,8.88888931274414,8.916666984558105,9.0,8.88888931274414,5.665818691253662
1994-07-27,6151500,9.166666984558105,8.972222328186035,9.166666984558105,8.94444465637207,5.701120376586914
1994-07-26,2615700,9.05555534362793,9.11111068725586,9.13888931274414,9.027777671813965,5.789374351501465
1994-07-25,4609200,9.027777671813965,9.05555534362793,9.05555534362793,8.972222328186035,5.754069805145264
1994-07-22,10004700,9.36111068725586,9.05555534362793,9.38888931274414,9.05555534362793,5.754069805145264
1994-07-21,5773500,9.472222328186035,9.36111068725586,9.55555534362793,9.36111068725586,5.948230743408203
1994-07-20,2949300,9.527777671813965,9.472222328186035,9.55555534362793,9.44444465637207,6.018828392028809
1994-07-19,2418300,9.55555534362793,9.55555534362793,9.61111068725586,9.527777671813965,6.071779727935791
1994-07-18,2035800,9.61111068725586,9.583333015441895,9.63888931274414,9.55555534362793,6.089432239532471
1994-07-15,1828800,9.666666984558105,9.55555534362793,9.69444465637207,9.55555534362793,6.071779727935791
1994-07-14,2627100,9.75,9.666666984558105,9.75,9.61111068725586,6.142385482788086
1994-07-13,4080600,9.583333015441895,9.583333015441895,9.61111068725586,9.472222328186035,6.089432239532471
1994-07-12,2086200,9.63888931274414,9.61111068725586,9.666666984558105,9.527777671813965,6.107081890106201
1994-07-11,3014400,9.80555534362793,9.63888931274414,9.833333015441895,9.472222328186035,6.124736785888672
1994-07-08,3615300,9.61111068725586,9.75,9.75,9.55555534362793,6.195333957672119
1994-07-07,2754900,9.63888931274414,9.666666984558105,9.69444465637207,9.527777671813965,6.142385482788086
1994-07-06,2729100,9.583333015441895,9.666666984558105,9.69444465637207,9.55555534362793,6.142385482788086
1994-07-05,2619300,9.5,9.583333015441895,9.61111068725586,9.472222328186035,6.089432239532471
1994-07-01,5376000,9.416666984558105,9.527777671813965,9.527777671813965,9.36111068725586,6.054129123687744
1994-06-30,6078900,9.44444465637207,9.36111068725586,9.472222328186035,9.30555534362793,5.948230743408203
1994-06-29,3487800,9.472222328186035,9.5,9.61111068725586,9.44444465637207,6.03648042678833
1994-06-28,5093100,9.36111068725586,9.44444465637207,9.472222328186035,9.30555534362793,6.0011773109436035
1994-06-27,4670100,9.19444465637207,9.36111068725586,9.38888931274414,9.083333015441895,5.948230743408203
1994-06-24,6404400,9.38888931274414,9.166666984558105,9.44444465637207,9.166666984558105,5.824675559997559
1994-06-23,4969800,9.55555534362793,9.416666984558105,9.55555534362793,9.38888931274414,5.983526706695557
1994-06-22,3141000,9.55555534362793,9.583333015441895,9.666666984558105,9.527777671813965,6.089432239532471
1994-06-21,5860200,9.5,9.5,9.527777671813965,9.30555534362793,6.03648042678833
1994-06-20,3157200,9.5,9.55555534362793,9.666666984558105,9.472222328186035,6.071779727935791
1994-06-17,4709700,9.777777671813965,9.63888931274414,9.777777671813965,9.61111068725586,6.124736785888672
1994-06-16,2501400,9.80555534362793,9.75,9.833333015441895,9.722222328186035,6.195333957672119
1994-06-15,3083400,9.80555534362793,9.80555534362793,9.88888931274414,9.777777671813965,6.230637073516846
1994-06-14,12923400,9.916666984558105,9.55555534362793,10.027777671813965,9.44444465637207,6.071779727935791
1994-06-13,1359900,9.86111068725586,9.916666984558105,9.916666984558105,9.777777671813965,6.301241397857666
1994-06-10,1407900,9.94444465637207,9.86111068725586,9.972222328186035,9.86111068725586,6.265936851501465
1994-06-09,3221100,9.833333015441895,9.916666984558105,9.972222328186035,9.722222328186035,6.301241397857666
1994-06-08,5099700,10.0,9.80555534362793,10.0,9.777777671813965,6.230637073516846
1994-06-07,4003200,10.0,9.916666984558105,10.0,9.86111068725586,6.301241397857666
1994-06-06,3358800,10.11111068725586,10.05555534362793,10.166666984558105,10.05555534362793,6.389496326446533
1994-06-03,5302200,10.11111068725586,10.11111068725586,10.222222328186035,10.11111068725586,6.399341106414795
1994-06-02,3256500,10.25,10.222222328186035,10.25,10.11111068725586,6.469664096832275
1994-06-01,4917600,10.0,10.222222328186035,10.30555534362793,10.0,6.469664096832275
1994-05-31,6038400,10.11111068725586,10.027777671813965,10.13888931274414,10.0,6.346599102020264
1994-05-27,4386900,10.166666984558105,10.13888931274414,10.222222328186035,10.11111068725586,6.416923999786377
1994-05-26,5352600,10.277777671813965,10.222222328186035,10.30555534362793,10.19444465637207,6.469664096832275
1994-05-25,7766400,10.166666984558105,10.30555534362793,10.30555534362793,10.13888931274414,6.522407054901123
1994-05-24,9568800,9.972222328186035,10.13888931274414,10.25,9.94444465637207,6.416923999786377
1994-05-23,6162300,9.86111068725586,9.94444465637207,10.0,9.833333015441895,6.293857574462891
1994-05-20,6139200,9.916666984558105,9.916666984558105,9.972222328186035,9.86111068725586,6.276282787322998
1994-05-19,8923800,9.88888931274414,9.94444465637207,9.972222328186035,9.777777671813965,6.293857574462891
1994-05-18,14749500,9.55555534362793,9.86111068725586,9.972222328186035,9.527777671813965,6.241116523742676
1994-05-17,10927800,9.222222328186035,9.472222328186035,9.472222328186035,9.222222328186035,5.994985580444336
1994-05-16,3663900,8.94444465637207,9.05555534362793,9.222222328186035,8.94444465637207,5.731278419494629
1994-05-13,2449200,8.972222328186035,8.916666984558105,9.0,8.833333015441895,5.64337682723999
1994-05-12,4962900,8.88888931274414,8.88888931274414,8.972222328186035,8.80555534362793,5.625797748565674
1994-05-11,4152900,9.166666984558105,8.88888931274414,9.166666984558105,8.86111068725586,5.625797748565674
1994-05-10,3687600,9.25,9.13888931274414,9.25,9.083333015441895,5.784022331237793
1994-05-09,2911500,9.166666984558105,9.05555534362793,9.277777671813965,9.0,5.731278419494629
1994-05-06,3701100,9.277777671813965,9.277777671813965,9.333333015441895,9.19444465637207,5.871926307678223
1994-05-05,2334900,9.472222328186035,9.5,9.527777671813965,9.38888931274414,6.012567520141602
1994-05-04,2907300,9.277777671813965,9.5,9.527777671813965,9.25,6.012567520141602
1994-05-03,2232000,9.416666984558105,9.30555534362793,9.416666984558105,9.19444465637207,5.889505863189697
1994-05-02,3243600,9.38888931274414,9.38888931274414,9.527777671813965,9.30555534362793,5.942249298095703
1994-04-29,3037800,9.166666984558105,9.333333015441895,9.333333015441895,9.11111068725586,5.907086372375488
1994-04-28,2815200,9.333333015441895,9.13888931274414,9.333333015441895,9.11111068725586,5.784022331237793
1994-04-26,2251200,9.277777671813965,9.30555534362793,9.30555534362793,9.222222328186035,5.889505863189697
1994-04-25,2260200,9.222222328186035,9.277777671813965,9.30555534362793,9.13888931274414,5.871926307678223
1994-04-22,3077100,9.19444465637207,9.19444465637207,9.222222328186035,9.083333015441895,5.819182872772217
1994-04-21,4853700,8.94444465637207,9.166666984558105,9.166666984558105,8.80555534362793,5.801601886749268
1994-04-20,3696300,8.916666984558105,8.80555534362793,9.027777671813965,8.777777671813965,5.573055744171143
1994-04-19,5031900,8.94444465637207,8.916666984558105,9.027777671813965,8.80555534362793,5.64337682723999
1994-04-18,4030200,9.36111068725586,9.0,9.36111068725586,9.0,5.696117401123047
1994-04-15,4049100,9.25,9.277777671813965,9.36111068725586,9.166666984558105,5.871926307678223
1994-04-14,3639900,9.222222328186035,9.25,9.36111068725586,9.13888931274414,5.854343891143799
1994-04-13,2639100,9.36111068725586,9.277777671813965,9.36111068725586,9.13888931274414,5.871926307678223
1994-04-12,3594600,9.55555534362793,9.333333015441895,9.583333015441895,9.277777671813965,5.907086372375488
1994-04-11,4852200,9.44444465637207,9.55555534362793,9.61111068725586,9.416666984558105,6.047731399536133
1994-04-08,3578700,9.55555534362793,9.472222328186035,9.55555534362793,9.38888931274414,5.994985580444336
1994-04-07,5531700,9.38888931274414,9.527777671813965,9.55555534362793,9.36111068725586,6.030150413513184
1994-04-06,5432700,9.44444465637207,9.38888931274414,9.5,9.333333015441895,5.942249298095703
1994-04-05,7245900,9.277777671813965,9.44444465637207,9.44444465637207,9.13888931274414,5.977407455444336
1994-04-04,6144300,8.833333015441895,8.94444465637207,9.0,8.777777671813965,5.6609578132629395
1994-03-31,9322200,9.05555534362793,9.05555534362793,9.11111068725586,8.666666984558105,5.731278419494629
1994-03-30,11243100,9.083333015441895,9.05555534362793,9.222222328186035,8.916666984558105,5.731278419494629
1994-03-29,4596600,9.5,9.05555534362793,9.5,9.05555534362793,5.731278419494629
1994-03-28,5032200,9.63888931274414,9.472222328186035,9.666666984558105,9.36111068725586,5.994985580444336
1994-03-25,3680100,9.61111068725586,9.63888931274414,9.75,9.527777671813965,6.100473880767822
1994-03-24,7625700,9.722222328186035,9.61111068725586,9.80555534362793,9.472222328186035,6.0828938484191895
1994-03-23,8453100,9.583333015441895,9.86111068725586,9.916666984558105,9.583333015441895,6.241116523742676
1994-03-22,5480100,9.55555534362793,9.63888931274414,9.63888931274414,9.416666984558105,6.100473880767822
1994-03-21,6837600,9.36111068725586,9.55555534362793,9.61111068725586,9.333333015441895,6.047731399536133
1994-03-18,7594200,9.44444465637207,9.36111068725586,9.44444465637207,9.30555534362793,5.924668312072754
1994-03-17,3991800,9.527777671813965,9.472222328186035,9.583333015441895,9.44444465637207,5.994985580444336
1994-03-16,3153000,9.527777671813965,9.55555534362793,9.55555534362793,9.472222328186035,6.047731399536133
1994-03-15,5635200,9.527777671813965,9.527777671813965,9.55555534362793,9.472222328186035,6.030150413513184
1994-03-14,5069100,9.527777671813965,9.5,9.527777671813965,9.36111068725586,6.012567520141602
1994-03-11,4186800,9.333333015441895,9.36111068725586,9.38888931274414,9.25,5.924668312072754
1994-03-10,4137300,9.416666984558105,9.30555534362793,9.44444465637207,9.25,5.889505863189697
1994-03-09,5340600,9.55555534362793,9.416666984558105,9.55555534362793,9.36111068725586,5.959829330444336
1994-03-08,7622400,9.333333015441895,9.5,9.5,9.277777671813965,6.012567520141602
1994-03-07,4020300,9.36111068725586,9.277777671813965,9.36111068725586,9.277777671813965,5.871926307678223
1994-03-04,7274700,9.19444465637207,9.333333015441895,9.38888931274414,9.13888931274414,5.907086372375488
1994-03-03,6019200,9.11111068725586,9.083333015441895,9.13888931274414,9.0,5.7488627433776855
1994-03-02,5756700,8.86111068725586,9.11111068725586,9.11111068725586,8.833333015441895,5.747360706329346
1994-03-01,4949400,9.25,9.13888931274414,9.25,9.083333015441895,5.764881610870361
1994-02-28,7194600,9.222222328186035,9.25,9.30555534362793,9.13888931274414,5.8349714279174805
1994-02-25,8256000,9.25,9.166666984558105,9.277777671813965,9.027777671813965,5.78240442276001
1994-02-24,10444500,9.277777671813965,9.222222328186035,9.44444465637207,9.19444465637207,5.817451477050781
1994-02-23,16460400,9.05555534362793,9.416666984558105,9.416666984558105,9.0,5.9401068687438965
1994-02-22,8430300,8.44444465637207,8.916666984558105,8.916666984558105,8.44444465637207,5.624700546264648
1994-02-18,3227400,8.722222328186035,8.666666984558105,8.777777671813965,8.583333015441895,5.467000961303711
1994-02-17,3666600,8.86111068725586,8.75,8.94444465637207,8.63888931274414,5.519569396972656
1994-02-16,2765700,8.86111068725586,8.86111068725586,8.916666984558105,8.80555534362793,5.589655876159668
1994-02-15,3240300,8.75,8.833333015441895,8.86111068725586,8.75,5.572135925292969
1994-02-14,2838000,8.777777671813965,8.75,8.833333015441895,8.69444465637207,5.519569396972656
1994-02-11,3012300,8.80555534362793,8.75,8.833333015441895,8.583333015441895,5.519569396972656
1994-02-10,6683400,8.86111068725586,8.80555534362793,9.0,8.80555534362793,5.554614067077637
1994-02-09,6046500,8.80555534362793,8.833333015441895,8.86111068725586,8.722222328186035,5.572135925292969
1994-02-08,6885300,8.666666984558105,8.666666984558105,8.75,8.61111068725586,5.467000961303711
1994-02-07,7591800,8.25,8.666666984558105,8.666666984558105,8.25,5.467000961303711
1994-02-04,7113000,8.583333015441895,8.30555534362793,8.86111068725586,8.277777671813965,5.239208221435547
1994-02-03,5442600,8.69444465637207,8.61111068725586,8.722222328186035,8.55555534362793,5.431954383850098
1994-02-02,3344400,8.69444465637207,8.722222328186035,8.777777671813965,8.666666984558105,5.50204610824585
1994-02-01,6521400,8.666666984558105,8.666666984558105,8.75,8.61111068725586,5.467000961303711
1994-01-31,5693700,8.833333015441895,8.666666984558105,8.833333015441895,8.666666984558105,5.467000961303711
1994-01-28,9475500,8.666666984558105,8.75,8.80555534362793,8.63888931274414,5.519569396972656
1994-01-27,5739300,8.416666984558105,8.55555534362793,8.583333015441895,8.38888931274414,5.396913528442383
1994-01-26,5764800,8.30555534362793,8.38888931274414,8.38888931274414,8.277777671813965,5.291777610778809
1994-01-25,7004700,8.13888931274414,8.277777671813965,8.333333015441895,8.11111068725586,5.221688270568848
1994-01-24,8982000,8.333333015441895,8.13888931274414,8.38888931274414,8.11111068725586,5.134073734283447
1994-01-21,4883400,8.277777671813965,8.30555534362793,8.38888931274414,8.277777671813965,5.239208221435547
1994-01-20,6373800,8.472222328186035,8.277777671813965,8.472222328186035,8.25,5.221688270568848
1994-01-19,5967000,8.222222328186035,8.416666984558105,8.416666984558105,8.222222328186035,5.309298515319824
1994-01-18,7733700,8.38888931274414,8.222222328186035,8.44444465637207,8.166666984558105,5.186641693115234
1994-01-17,4719000,8.44444465637207,8.38888931274414,8.5,8.36111068725586,5.291777610778809
1994-01-14,9200700,8.38888931274414,8.38888931274414,8.416666984558105,8.25,5.291777610778809
1994-01-13,9363900,8.63888931274414,8.416666984558105,8.63888931274414,8.36111068725586,5.309298515319824
1994-01-12,6417000,8.666666984558105,8.75,8.75,8.583333015441895,5.519569396972656
1994-01-11,5313900,8.666666984558105,8.583333015441895,8.75,8.583333015441895,5.414433002471924
1994-01-10,7637700,8.63888931274414,8.69444465637207,8.69444465637207,8.55555534362793,5.484522819519043
1994-01-07,7797000,8.5,8.583333015441895,8.63888931274414,8.38888931274414,5.414433002471924
1994-01-06,11669400,8.972222328186035,8.472222328186035,9.0,8.44444465637207,5.344342231750488
1994-01-05,6868800,8.722222328186035,8.88888931274414,8.88888931274414,8.61111068725586,5.607180595397949
1994-01-04,5344200,8.61111068725586,8.722222328186035,8.722222328186035,8.472222328186035,5.50204610824585
1994-01-03,5246400,8.777777671813965,8.61111068725586,8.80555534362793,8.527777671813965,5.431954383850098
1993-12-31,3655800,8.80555534362793,8.777777671813965,8.833333015441895,8.722222328186035,5.537087917327881
1993-12-30,4078200,8.94444465637207,8.833333015441895,8.972222328186035,8.80555534362793,5.572135925292969
1993-12-29,3592200,8.86111068725586,8.916666984558105,8.972222328186035,8.833333015441895,5.624700546264648
1993-12-28,3207000,8.86111068725586,8.916666984558105,8.972222328186035,8.833333015441895,5.624700546264648
1993-12-27,2122200,8.80555534362793,8.80555534362793,8.86111068725586,8.75,5.554614067077637
1993-12-23,4978200,8.69444465637207,8.86111068725586,8.972222328186035,8.666666984558105,5.589655876159668
1993-12-22,5196600,8.777777671813965,8.722222328186035,8.833333015441895,8.666666984558105,5.50204610824585
1993-12-21,5817600,8.916666984558105,8.69444465637207,8.916666984558105,8.69444465637207,5.484522819519043
1993-12-20,4697400,8.86111068725586,8.94444465637207,8.972222328186035,8.833333015441895,5.6422247886657715
1993-12-17,7053300,8.833333015441895,8.88888931274414,8.88888931274414,8.80555534362793,5.607180595397949
1993-12-16,5639700,8.916666984558105,8.86111068725586,8.94444465637207,8.777777671813965,5.589655876159668
1993-12-15,5749200,8.916666984558105,8.88888931274414,8.972222328186035,8.833333015441895,5.607180595397949
1993-12-14,2809800,9.19444465637207,9.0,9.19444465637207,9.0,5.677268981933594
1993-12-13,4394700,9.13888931274414,9.13888931274414,9.166666984558105,9.05555534362793,5.764881610870361
1993-12-10,4137300,9.333333015441895,9.19444465637207,9.333333015441895,9.13888931274414,5.799925804138184
1993-12-09,3093300,9.416666984558105,9.333333015441895,9.416666984558105,9.333333015441895,5.887539386749268
1993-12-08,3737100,9.44444465637207,9.416666984558105,9.5,9.333333015441895,5.9401068687438965
1993-12-07,3460500,9.472222328186035,9.472222328186035,9.5,9.30555534362793,5.9751482009887695
1993-12-06,3560700,9.527777671813965,9.472222328186035,9.61111068725586,9.472222328186035,5.9751482009887695
1993-12-03,2141400,9.5,9.472222328186035,9.5,9.38888931274414,5.9751482009887695
1993-12-02,3552600,9.38888931274414,9.5,9.527777671813965,9.36111068725586,5.992672443389893
1993-12-01,3108900,9.38888931274414,9.30555534362793,9.44444465637207,9.277777671813965,5.870017051696777
1993-11-30,3029700,9.36111068725586,9.222222328186035,9.44444465637207,9.19444465637207,5.817451477050781
1993-11-29,4759200,9.61111068725586,9.38888931274414,9.666666984558105,9.38888931274414,5.922585487365723
1993-11-26,1157400,9.472222328186035,9.527777671813965,9.55555534362793,9.416666984558105,6.010193347930908
1993-11-24,3124200,9.25,9.38888931274414,9.44444465637207,9.19444465637207,5.922585487365723
1993-11-23,3877200,9.25,9.277777671813965,9.277777671813965,9.13888931274414,5.83347749710083
1993-11-22,5280300,9.472222328186035,9.222222328186035,9.5,9.166666984558105,5.798545837402344
1993-11-19,7263300,9.416666984558105,9.55555534362793,9.63888931274414,9.38888931274414,6.008131980895996
1993-11-18,7059600,9.583333015441895,9.472222328186035,9.583333015441895,9.38888931274414,5.9557294845581055
1993-11-17,10458000,9.527777671813965,9.583333015441895,9.80555534362793,9.472222328186035,6.02559757232666
1993-11-16,13942200,9.583333015441895,9.416666984558105,9.583333015441895,9.13888931274414,5.920803546905518
1993-11-15,7207200,9.55555534362793,9.833333015441895,9.833333015441895,9.472222328186035,6.182787895202637
1993-11-12,6615000,9.44444465637207,9.527777671813965,9.61111068725586,9.36111068725586,5.990663528442383
1993-11-11,5731200,9.333333015441895,9.36111068725586,9.416666984558105,9.25,5.885872840881348
1993-11-10,7694100,9.05555534362793,9.30555534362793,9.333333015441895,9.0,5.850940704345703
1993-11-09,3786600,9.13888931274414,9.0,9.166666984558105,8.972222328186035,5.658819675445557
1993-11-08,3190800,8.86111068725586,9.027777671813965,9.027777671813965,8.833333015441895,5.6762871742248535
1993-11-05,3433500,8.86111068725586,8.86111068725586,8.88888931274414,8.722222328186035,5.57149076461792
1993-11-04,3947700,9.027777671813965,8.86111068725586,9.027777671813965,8.833333015441895,5.57149076461792
1993-11-03,6447600,9.027777671813965,9.05555534362793,9.277777671813965,9.0,5.69374942779541
1993-11-02,5788200,8.94444465637207,9.027777671813965,9.027777671813965,8.86111068725586,5.6762871742248535
1993-11-01,3924300,8.80555534362793,8.94444465637207,8.94444465637207,8.80555534362793,5.623889446258545
1993-10-29,5142900,8.722222328186035,8.80555534362793,8.833333015441895,8.69444465637207,5.536561965942383
1993-10-28,4311300,8.63888931274414,8.722222328186035,8.833333015441895,8.61111068725586,5.484167098999023
1993-10-27,2743200,8.55555534362793,8.63888931274414,8.69444465637207,8.55555534362793,5.4317708015441895
1993-10-26,3568800,8.75,8.63888931274414,8.75,8.61111068725586,5.4317708015441895
1993-10-25,3093300,8.61111068725586,8.75,8.777777671813965,8.55555534362793,5.501632213592529
1993-10-22,4130400,8.69444465637207,8.55555534362793,8.80555534362793,8.55555534362793,5.379373550415039
1993-10-21,5577300,8.63888931274414,8.69444465637207,8.75,8.583333015441895,5.466700077056885
1993-10-20,2703000,8.55555534362793,8.63888931274414,8.63888931274414,8.5,5.4317708015441895
1993-10-19,5200500,8.80555534362793,8.55555534362793,8.88888931274414,8.55555534362793,5.379373550415039
1993-10-18,6218400,8.833333015441895,8.75,8.916666984558105,8.69444465637207,5.501632213592529
1993-10-15,8524800,8.666666984558105,8.80555534362793,8.833333015441895,8.583333015441895,5.536561965942383
1993-10-14,6150000,8.416666984558105,8.44444465637207,8.5,8.277777671813965,5.309511661529541
1993-10-13,4137600,8.416666984558105,8.416666984558105,8.44444465637207,8.38888931274414,5.292043685913086
1993-10-12,4708200,8.44444465637207,8.472222328186035,8.55555534362793,8.416666984558105,5.326974868774414
1993-10-11,3033900,8.527777671813965,8.416666984558105,8.55555534362793,8.38888931274414,5.292043685913086
1993-10-08,4123800,8.69444465637207,8.527777671813965,8.722222328186035,8.5,5.361908912658691
1993-10-07,3227400,8.75,8.666666984558105,8.833333015441895,8.63888931274414,5.449234485626221
1993-10-06,4360500,8.69444465637207,8.75,8.777777671813965,8.666666984558105,5.501632213592529
1993-10-05,4471500,8.75,8.63888931274414,8.75,8.61111068725586,5.4317708015441895
1993-10-04,4238100,8.75,8.75,8.777777671813965,8.722222328186035,5.501632213592529
1993-10-01,5342400,8.666666984558105,8.69444465637207,8.722222328186035,8.61111068725586,5.466700077056885
1993-09-30,5608800,8.63888931274414,8.55555534362793,8.69444465637207,8.527777671813965,5.379373550415039
1993-09-29,7501800,8.666666984558105,8.63888931274414,8.69444465637207,8.55555534362793,5.4317708015441895
1993-09-28,7853700,8.55555534362793,8.722222328186035,8.75,8.55555534362793,5.484167098999023
1993-09-27,6347700,8.583333015441895,8.55555534362793,8.61111068725586,8.5,5.379373550415039
1993-09-24,8881200,8.333333015441895,8.416666984558105,8.5,8.333333015441895,5.292043685913086
1993-09-23,8361900,8.277777671813965,8.25,8.30555534362793,8.19444465637207,5.187252521514893
1993-09-22,10910700,8.222222328186035,8.166666984558105,8.222222328186035,8.11111068725586,5.134859085083008
1993-09-21,10489800,8.166666984558105,8.05555534362793,8.19444465637207,7.94444465637207,5.064992427825928
1993-09-20,8181900,8.36111068725586,8.13888931274414,8.36111068725586,7.972222328186035,5.117389678955078
1993-09-17,14679300,8.25,8.36111068725586,8.38888931274414,8.222222328186035,5.257115840911865
1993-09-16,31585800,7.888888835906982,8.30555534362793,8.333333015441895,7.777777671813965,5.2221832275390625
1993-09-15,28762200,8.027777671813965,7.888888835906982,8.222222328186035,7.861111164093018,4.960200309753418
1993-09-14,38734500,8.5,8.05555534362793,8.5,8.0,5.064992427825928
1993-09-13,6547500,9.30555534362793,8.94444465637207,9.36111068725586,8.916666984558105,5.623889446258545
1993-09-10,3685800,9.166666984558105,9.277777671813965,9.333333015441895,9.13888931274414,5.83347749710083
1993-09-09,3125700,9.11111068725586,9.11111068725586,9.25,9.083333015441895,5.728683948516846
1993-09-08,5572200,9.13888931274414,9.083333015441895,9.222222328186035,9.0,5.711218357086182
1993-09-07,4572300,9.05555534362793,9.11111068725586,9.277777671813965,9.05555534362793,5.728683948516846
1993-09-03,4179600,9.222222328186035,9.05555534362793,9.25,9.027777671813965,5.69374942779541
1993-09-02,4347000,9.38888931274414,9.25,9.38888931274414,9.222222328186035,5.816009044647217
1993-09-01,4780200,9.38888931274414,9.36111068725586,9.416666984558105,9.30555534362793,5.885872840881348
1993-08-31,6007500,9.25,9.5,9.5,9.222222328186035,5.973196983337402
1993-08-30,4911600,9.222222328186035,9.25,9.277777671813965,9.13888931274414,5.797054767608643
1993-08-27,6749400,9.027777671813965,9.13888931274414,9.19444465637207,8.94444465637207,5.727419853210449
1993-08-26,10345500,9.222222328186035,9.027777671813965,9.277777671813965,8.972222328186035,5.6577839851379395
1993-08-25,9667800,9.25,9.222222328186035,9.30555534362793,9.166666984558105,5.779646873474121
1993-08-24,17966100,9.0,9.13888931274414,9.19444465637207,8.86111068725586,5.727419853210449
1993-08-23,12228300,9.222222328186035,9.11111068725586,9.222222328186035,9.0,5.710010528564453
1993-08-20,17089200,9.11111068725586,9.25,9.38888931274414,9.11111068725586,5.797054767608643
1993-08-19,23782500,9.416666984558105,9.05555534362793,9.44444465637207,9.05555534362793,5.675192832946777
1993-08-18,23953800,9.94444465637207,9.416666984558105,9.972222328186035,9.333333015441895,5.901503562927246
1993-08-17,9095400,10.36111068725586,9.94444465637207,10.36111068725586,9.88888931274414,6.232267379760742
1993-08-16,2401500,10.30555534362793,10.36111068725586,10.416666984558105,10.25,6.4933929443359375
1993-08-13,2056800,10.36111068725586,10.30555534362793,10.38888931274414,10.30555534362793,6.458578109741211
1993-08-12,3621600,10.416666984558105,10.30555534362793,10.472222328186035,10.25,6.458578109741211
1993-08-11,2863800,10.222222328186035,10.333333015441895,10.333333015441895,10.19444465637207,6.475988864898682
1993-08-10,4869900,10.36111068725586,10.166666984558105,10.5,10.166666984558105,6.371535778045654
1993-08-09,4003200,10.30555534362793,10.333333015441895,10.333333015441895,10.222222328186035,6.475988864898682
1993-08-06,3162900,10.277777671813965,10.277777671813965,10.333333015441895,10.13888931274414,6.4411725997924805
1993-08-05,5399400,10.36111068725586,10.277777671813965,10.38888931274414,10.25,6.4411725997924805
1993-08-04,7887600,10.222222328186035,10.38888931274414,10.416666984558105,10.05555534362793,6.510806083679199
1993-08-03,4773900,10.166666984558105,10.19444465637207,10.277777671813965,10.166666984558105,6.388946056365967
1993-08-02,6435900,9.94444465637207,10.166666984558105,10.19444465637207,9.916666984558105,6.371535778045654
1993-07-30,2132400,9.916666984558105,9.80555534362793,9.916666984558105,9.75,6.145224094390869
1993-07-29,3190800,9.88888931274414,9.916666984558105,9.94444465637207,9.80555534362793,6.214861869812012
1993-07-28,2754300,9.61111068725586,9.833333015441895,9.833333015441895,9.55555534362793,6.162633895874023
1993-07-27,1812000,9.722222328186035,9.55555534362793,9.722222328186035,9.527777671813965,5.9885454177856445
1993-07-26,2756700,9.63888931274414,9.69444465637207,9.777777671813965,9.63888931274414,6.075592041015625
1993-07-23,2249100,9.5,9.63888931274414,9.63888931274414,9.472222328186035,6.04077672958374
1993-07-22,3624300,9.55555534362793,9.44444465637207,9.583333015441895,9.44444465637207,5.918912887573242
1993-07-21,2282700,9.55555534362793,9.583333015441895,9.61111068725586,9.5,6.005956172943115
1993-07-20,2532600,9.55555534362793,9.55555534362793,9.69444465637207,9.416666984558105,5.9885454177856445
1993-07-19,2347500,9.75,9.55555534362793,9.777777671813965,9.527777671813965,5.9885454177856445
1993-07-16,4620900,9.86111068725586,9.722222328186035,9.916666984558105,9.666666984558105,6.092995643615723
1993-07-15,2583300,9.972222328186035,9.88888931274414,9.972222328186035,9.833333015441895,6.197450160980225
1993-07-14,5817000,9.972222328186035,9.916666984558105,10.027777671813965,9.916666984558105,6.214861869812012
1993-07-13,4325400,9.61111068725586,9.972222328186035,10.0,9.55555534362793,6.2496724128723145
1993-07-12,1937700,9.55555534362793,9.61111068725586,9.63888931274414,9.5,6.023364067077637
1993-07-09,3788100,9.583333015441895,9.5,9.63888931274414,9.5,5.953727722167969
1993-07-08,3772200,9.472222328186035,9.61111068725586,9.69444465637207,9.44444465637207,6.023364067077637
1993-07-07,2966700,9.333333015441895,9.44444465637207,9.5,9.333333015441895,5.918912887573242
1993-07-06,2806500,9.666666984558105,9.333333015441895,9.666666984558105,9.333333015441895,5.849279403686523
1993-07-02,2635200,9.63888931274414,9.69444465637207,9.722222328186035,9.583333015441895,6.075592041015625
1993-07-01,3601800,9.722222328186035,9.63888931274414,9.75,9.61111068725586,6.04077672958374
1993-06-30,5067300,9.61111068725586,9.722222328186035,9.75,9.583333015441895,6.092995643615723
1993-06-29,3854700,9.61111068725586,9.61111068725586,9.69444465637207,9.55555534362793,6.023364067077637
1993-06-28,3059100,9.55555534362793,9.61111068725586,9.666666984558105,9.55555534362793,6.023364067077637
1993-06-25,5398500,9.527777671813965,9.527777671813965,9.63888931274414,9.472222328186035,5.971137523651123
1993-06-24,4538700,9.333333015441895,9.5,9.527777671813965,9.222222328186035,5.953727722167969
1993-06-23,5088000,9.30555534362793,9.30555534362793,9.36111068725586,9.222222328186035,5.831868648529053
1993-06-22,8858100,9.36111068725586,9.222222328186035,9.38888931274414,9.13888931274414,5.779646873474121
1993-06-21,3498600,9.527777671813965,9.36111068725586,9.55555534362793,9.36111068725586,5.866687774658203
1993-06-18,5083500,9.36111068725586,9.5,9.55555534362793,9.333333015441895,5.953727722167969
1993-06-17,3460800,9.5,9.36111068725586,9.55555534362793,9.333333015441895,5.866687774658203
1993-06-16,2749800,9.61111068725586,9.5,9.63888931274414,9.472222328186035,5.953727722167969
1993-06-15,6268800,9.61111068725586,9.61111068725586,9.63888931274414,9.30555534362793,6.023364067077637
1993-06-14,3560700,9.666666984558105,9.583333015441895,9.75,9.583333015441895,6.005956172943115
1993-06-11,5059800,9.75,9.666666984558105,9.86111068725586,9.61111068725586,6.058180332183838
1993-06-10,4436400,9.583333015441895,9.777777671813965,9.777777671813965,9.55555534362793,6.127813339233398
1993-06-09,5489400,9.55555534362793,9.583333015441895,9.666666984558105,9.472222328186035,5.987060546875
1993-06-08,10374300,9.222222328186035,9.55555534362793,9.63888931274414,9.222222328186035,5.969705104827881
1993-06-07,9402300,9.916666984558105,9.416666984558105,9.94444465637207,9.333333015441895,5.882937431335449
1993-06-04,7676400,10.0,9.88888931274414,10.027777671813965,9.75,6.177950382232666
1993-06-03,2823300,10.277777671813965,10.13888931274414,10.30555534362793,10.11111068725586,6.334136009216309
1993-06-02,4735800,10.333333015441895,10.30555534362793,10.36111068725586,10.222222328186035,6.438259124755859
1993-06-01,2588700,10.277777671813965,10.30555534362793,10.416666984558105,10.25,6.438259124755859
1993-05-28,2330100,10.277777671813965,10.277777671813965,10.30555534362793,10.166666984558105,6.420905113220215
1993-05-27,3675600,10.333333015441895,10.333333015441895,10.44444465637207,10.25,6.455613613128662
1993-05-26,3709800,10.277777671813965,10.36111068725586,10.38888931274414,10.277777671813965,6.472964763641357
1993-05-25,3580500,10.222222328186035,10.25,10.30555534362793,10.19444465637207,6.4035491943359375
1993-05-24,4891500,10.277777671813965,10.19444465637207,10.30555534362793,10.13888931274414,6.368842601776123
1993-05-21,5392200,10.38888931274414,10.30555534362793,10.38888931274414,10.277777671813965,6.438259124755859
1993-05-20,9881100,10.277777671813965,10.44444465637207,10.44444465637207,10.25,6.525027751922607
1993-05-19,15672900,9.86111068725586,10.25,10.277777671813965,9.722222328186035,6.4035491943359375
1993-05-18,11842200,9.61111068725586,9.833333015441895,9.833333015441895,9.583333015441895,6.143244743347168
1993-05-17,4829400,9.5,9.44444465637207,9.55555534362793,9.44444465637207,5.900291442871094
1993-05-14,3844800,9.5,9.5,9.527777671813965,9.38888931274414,5.934997081756592
1993-05-13,4639500,9.75,9.472222328186035,9.75,9.44444465637207,5.917644500732422
1993-05-12,3885300,9.666666984558105,9.75,9.80555534362793,9.63888931274414,6.091182231903076
1993-05-11,4578300,9.722222328186035,9.722222328186035,9.777777671813965,9.63888931274414,6.073826789855957
1993-05-10,6091500,9.722222328186035,9.75,9.88888931274414,9.583333015441895,6.091182231903076
1993-05-07,4681200,9.75,9.86111068725586,9.86111068725586,9.666666984558105,6.160593509674072
1993-05-06,5859000,9.94444465637207,9.75,9.94444465637207,9.666666984558105,6.091182231903076
1993-05-05,5935800,9.55555534362793,9.80555534362793,9.86111068725586,9.527777671813965,6.125890731811523
1993-05-04,7181100,9.5,9.527777671813965,9.69444465637207,9.472222328186035,5.952350616455078
1993-05-03,3222000,9.36111068725586,9.472222328186035,9.5,9.277777671813965,5.917644500732422
1993-04-30,4018800,9.25,9.38888931274414,9.416666984558105,9.25,5.865582466125488
1993-04-29,4111500,9.38888931274414,9.277777671813965,9.416666984558105,9.13888931274414,5.796170711517334
1993-04-28,6110400,9.44444465637207,9.38888931274414,9.472222328186035,9.36111068725586,5.865582466125488
1993-04-27,12510900,9.083333015441895,9.333333015441895,9.333333015441895,8.86111068725586,5.830877304077148
1993-04-26,8460900,9.416666984558105,9.05555534362793,9.44444465637207,8.972222328186035,5.657336711883545
1993-04-23,6754800,9.30555534362793,9.25,9.416666984558105,9.25,5.778814792633057
1993-04-22,14842200,9.416666984558105,9.36111068725586,9.69444465637207,9.25,5.848230838775635
1993-04-21,13172700,9.333333015441895,9.36111068725586,9.38888931274414,9.083333015441895,5.848230838775635
1993-04-20,20479800,8.94444465637207,9.05555534362793,9.05555534362793,8.80555534362793,5.657336711883545
1993-04-19,12951900,9.19444465637207,9.222222328186035,9.333333015441895,9.083333015441895,5.761463165283203
1993-04-16,22813500,9.5,9.11111068725586,9.61111068725586,9.05555534362793,5.69204568862915
1993-04-15,8762400,9.44444465637207,9.527777671813965,9.666666984558105,9.416666984558105,5.952350616455078
1993-04-14,12371700,9.916666984558105,9.5,10.0,9.166666984558105,5.934997081756592
1993-04-13,8073000,9.75,9.916666984558105,9.9375,9.75,6.195309162139893
1993-04-12,8960700,9.75,9.75,9.833333015441895,9.666666984558105,6.091182231903076
1993-04-08,10121400,9.708333015441895,9.645833015441895,9.75,9.4375,6.026108264923096
1993-04-07,21819600,9.416666984558105,9.666666984558105,9.6875,9.375,6.039124011993408
1993-04-06,35167500,9.75,9.270833015441895,9.791666984558105,9.145833015441895,5.7918267250061035
1993-04-05,12852900,10.0625,9.875,10.145833015441895,9.666666984558105,6.169271945953369
1993-04-02,12005100,10.270833015441895,10.083333015441895,10.291666984558105,10.0,6.299429893493652
1993-04-01,5922000,10.604166984558105,10.395833015441895,10.604166984558105,10.354166984558105,6.494661331176758
1993-03-31,7040100,10.458333015441895,10.541666984558105,10.645833015441895,10.375,6.585766315460205
1993-03-30,5474100,10.541666984558105,10.395833015441895,10.5625,10.375,6.494661331176758
1993-03-29,4019400,10.479166984558105,10.5625,10.604166984558105,10.479166984558105,6.5987772941589355
1993-03-26,4111200,10.645833015441895,10.458333015441895,10.6875,10.458333015441895,6.533703804016113
1993-03-25,6711300,10.333333015441895,10.5625,10.604166984558105,10.291666984558105,6.5987772941589355
1993-03-24,12357000,10.458333015441895,10.208333015441895,10.520833015441895,10.083333015441895,6.377518177032471
1993-03-23,5603400,10.583333015441895,10.458333015441895,10.604166984558105,10.458333015441895,6.533703804016113
1993-03-22,4780800,10.708333015441895,10.625,10.708333015441895,10.583333015441895,6.6378302574157715
1993-03-19,6419100,10.8125,10.770833015441895,10.8125,10.75,6.728933811187744
1993-03-18,5882700,10.708333015441895,10.770833015441895,10.791666984558105,10.708333015441895,6.728933811187744
1993-03-17,4324500,10.708333015441895,10.6875,10.729166984558105,10.666666984558105,6.67687463760376
1993-03-16,4308300,10.791666984558105,10.75,10.8125,10.708333015441895,6.71591854095459
1993-03-15,4751100,10.708333015441895,10.791666984558105,10.791666984558105,10.625,6.741948127746582
1993-03-12,5651100,10.541666984558105,10.666666984558105,10.666666984558105,10.479166984558105,6.663862228393555
1993-03-11,4831200,10.708333015441895,10.625,10.729166984558105,10.625,6.6378302574157715
1993-03-10,4613700,10.770833015441895,10.729166984558105,10.770833015441895,10.645833015441895,6.702905654907227
1993-03-09,6555600,10.770833015441895,10.791666984558105,10.833333015441895,10.666666984558105,6.741948127746582
1993-03-08,6666300,10.583333015441895,10.770833015441895,10.770833015441895,10.583333015441895,6.728933811187744
1993-03-05,6537900,10.604166984558105,10.541666984558105,10.666666984558105,10.520833015441895,6.585766315460205
1993-03-04,4685700,10.6875,10.604166984558105,10.6875,10.5625,6.624809265136719
1993-03-03,6965100,10.708333015441895,10.708333015441895,10.833333015441895,10.645833015441895,6.675827980041504
1993-03-02,8129100,10.479166984558105,10.666666984558105,10.6875,10.4375,6.6498541831970215
1993-03-01,7136100,10.645833015441895,10.458333015441895,10.666666984558105,10.395833015441895,6.519975662231445
1993-02-26,5814000,10.6875,10.604166984558105,10.75,10.520833015441895,6.610890865325928
1993-02-25,10759500,10.5625,10.645833015441895,10.708333015441895,10.395833015441895,6.636866569519043
1993-02-24,16937100,9.9375,10.541666984558105,10.541666984558105,9.916666984558105,6.571926593780518
1993-02-23,28774800,10.0625,9.916666984558105,10.083333015441895,9.25,6.182290077209473
1993-02-22,14991300,10.229166984558105,9.958333015441895,10.583333015441895,9.895833015441895,6.208261489868164
1993-02-19,6539400,10.375,10.229166984558105,10.458333015441895,10.208333015441895,6.377107620239258
1993-02-18,11342100,10.333333015441895,10.354166984558105,10.4375,10.041666984558105,6.455035209655762
1993-02-17,12391200,10.333333015441895,10.145833015441895,10.354166984558105,10.125,6.3251566886901855
1993-02-16,23229900,10.479166984558105,10.083333015441895,10.479166984558105,9.666666984558105,6.286192893981934
1993-02-12,3009600,10.770833015441895,10.645833015441895,10.8125,10.604166984558105,6.636866569519043
1993-02-11,3414900,10.6875,10.75,10.8125,10.6875,6.701802730560303
1993-02-10,5548500,10.604166984558105,10.6875,10.770833015441895,10.604166984558105,6.662843227386475
1993-02-09,6340500,10.541666984558105,10.625,10.6875,10.541666984558105,6.623878479003906
1993-02-08,5786100,10.9375,10.6875,10.9375,10.666666984558105,6.662843227386475
1993-02-05,5060700,11.125,10.979166984558105,11.125,10.791666984558105,6.844676494598389
1993-02-04,4836600,11.208333015441895,11.125,11.229166984558105,11.0625,6.935593605041504
1993-02-03,5571900,11.104166984558105,11.104166984558105,11.166666984558105,11.020833015441895,6.92260217666626
1993-02-02,4375800,11.104166984558105,11.0625,11.125,11.020833015441895,6.896628379821777
1993-02-01,4020300,11.0,11.104166984558105,11.104166984558105,10.9375,6.92260217666626
1993-01-29,3706200,10.708333015441895,10.854166984558105,10.9375,10.6875,6.766749382019043
1993-01-28,5388300,10.75,10.666666984558105,10.833333015441895,10.666666984558105,6.6498541831970215
1993-01-27,7687800,10.895833015441895,10.729166984558105,10.958333015441895,10.625,6.688817501068115
1993-01-26,4777200,11.0625,10.9375,11.1875,10.9375,6.818700313568115
1993-01-25,4284300,10.833333015441895,11.020833015441895,11.041666984558105,10.75,6.870652198791504
1993-01-22,3009600,10.916666984558105,10.875,10.958333015441895,10.833333015441895,6.7797346115112305
1993-01-21,5358600,10.791666984558105,10.770833015441895,10.958333015441895,10.770833015441895,6.7147979736328125
1993-01-20,3961800,10.895833015441895,10.791666984558105,10.916666984558105,10.708333015441895,6.727781295776367
1993-01-19,4646100,11.020833015441895,10.958333015441895,11.0625,10.875,6.831689834594727
1993-01-18,2533500,10.958333015441895,11.020833015441895,11.0625,10.916666984558105,6.870652198791504
1993-01-15,6339900,11.0625,10.979166984558105,11.125,10.916666984558105,6.844676494598389
1993-01-14,4503900,10.916666984558105,11.020833015441895,11.041666984558105,10.875,6.870652198791504
1993-01-13,4328100,10.708333015441895,10.875,10.875,10.6875,6.7797346115112305
1993-01-12,6477300,10.666666984558105,10.645833015441895,10.791666984558105,10.625,6.636866569519043
1993-01-11,7389000,10.625,10.625,10.6875,10.583333015441895,6.623878479003906
1993-01-08,9026100,10.604166984558105,10.541666984558105,10.625,10.416666984558105,6.571926593780518
1993-01-07,11016300,10.666666984558105,10.604166984558105,10.770833015441895,10.541666984558105,6.610890865325928
1993-01-06,16992900,11.020833015441895,10.583333015441895,11.020833015441895,10.5625,6.597905158996582
1993-01-05,6638400,10.9375,11.041666984558105,11.104166984558105,10.916666984558105,6.883640289306641
1993-01-04,8298300,11.291666984558105,10.9375,11.3125,10.895833015441895,6.818700313568115
1992-12-31,4113000,11.354166984558105,11.25,11.4375,11.229166984558105,7.013519287109375
1992-12-30,4318200,11.3125,11.354166984558105,11.354166984558105,11.208333015441895,7.078458786010742
1992-12-29,5596200,11.25,11.3125,11.395833015441895,11.25,7.05248498916626
1992-12-28,4394100,11.333333015441895,11.229166984558105,11.354166984558105,11.208333015441895,7.000533580780029
1992-12-24,1814400,11.3125,11.354166984558105,11.375,11.3125,7.078458786010742
1992-12-23,5672100,11.208333015441895,11.291666984558105,11.416666984558105,11.208333015441895,7.039495468139648
1992-12-22,5348700,11.25,11.208333015441895,11.291666984558105,11.083333015441895,6.987544059753418
1992-12-21,7253100,11.208333015441895,11.229166984558105,11.375,11.1875,7.000533580780029
1992-12-18,11696400,11.25,11.166666984558105,11.333333015441895,11.166666984558105,6.9615678787231445
1992-12-17,7180500,10.854166984558105,11.208333015441895,11.229166984558105,10.833333015441895,6.987544059753418
1992-12-16,4338900,10.791666984558105,10.854166984558105,10.895833015441895,10.770833015441895,6.766749382019043
1992-12-15,4454100,10.791666984558105,10.791666984558105,10.8125,10.708333015441895,6.727781295776367
1992-12-14,4327200,10.770833015441895,10.8125,10.833333015441895,10.75,6.740773677825928
1992-12-11,3005100,10.791666984558105,10.770833015441895,10.791666984558105,10.729166984558105,6.7147979736328125
1992-12-10,4420800,10.791666984558105,10.8125,10.8125,10.729166984558105,6.740773677825928
1992-12-09,4594500,10.8125,10.791666984558105,10.875,10.708333015441895,6.727781295776367
1992-12-08,7554900,10.833333015441895,10.8125,10.916666984558105,10.729166984558105,6.740773677825928
1992-12-07,9489600,10.666666984558105,10.833333015441895,10.833333015441895,10.5625,6.753757476806641
1992-12-04,8226000,10.5,10.625,10.645833015441895,10.4375,6.623878479003906
1992-12-03,5470200,10.25,10.5,10.5,10.208333015441895,6.545950412750244
1992-12-02,4114800,10.25,10.208333015441895,10.25,10.125,6.3641204833984375
1992-12-01,4389300,10.166666984558105,10.229166984558105,10.25,10.104166984558105,6.377107620239258
1992-11-30,3958200,10.125,10.166666984558105,10.166666984558105,10.104166984558105,6.338143348693848
1992-11-27,1721100,10.083333015441895,10.0625,10.145833015441895,10.0625,6.259177207946777
1992-11-25,3236700,10.083333015441895,10.083333015441895,10.125,10.041666984558105,6.272136688232422
1992-11-24,6210300,9.9375,10.083333015441895,10.125,9.916666984558105,6.272136688232422
1992-11-23,3641700,9.9375,9.9375,10.0,9.9375,6.181421279907227
1992-11-20,7348500,10.0,9.979166984558105,10.0625,9.9375,6.20734167098999
1992-11-19,4169700,9.9375,9.979166984558105,9.979166984558105,9.875,6.20734167098999
1992-11-18,6555600,9.791666984558105,9.916666984558105,9.916666984558105,9.729166984558105,6.1684675216674805
1992-11-17,7641300,9.916666984558105,9.75,9.916666984558105,9.666666984558105,6.064793586730957
1992-11-16,8034300,10.020833015441895,9.916666984558105,10.020833015441895,9.833333015441895,6.1684675216674805
1992-11-13,3395700,10.020833015441895,10.041666984558105,10.0625,9.979166984558105,6.246217250823975
1992-11-12,7932600,10.0625,10.0,10.083333015441895,9.9375,6.220302104949951
1992-11-11,4281300,10.0,10.0625,10.0625,9.9375,6.259177207946777
1992-11-10,5687100,9.9375,10.0,10.020833015441895,9.895833015441895,6.220302104949951
1992-11-09,6343200,9.8125,9.916666984558105,9.9375,9.791666984558105,6.1684675216674805
1992-11-06,5365800,9.8125,9.791666984558105,9.895833015441895,9.666666984558105,6.090709686279297
1992-11-05,5103900,9.666666984558105,9.833333015441895,9.833333015441895,9.625,6.116630554199219
1992-11-04,4516500,9.583333015441895,9.645833015441895,9.6875,9.479166984558105,6.000001430511475
1992-11-03,10274400,9.666666984558105,9.604166984558105,9.6875,9.5,5.974080562591553
1992-11-02,5000700,9.645833015441895,9.708333015441895,9.75,9.625,6.038873195648193
1992-10-30,6140100,9.604166984558105,9.645833015441895,9.708333015441895,9.583333015441895,6.000001430511475
1992-10-29,2883600,9.5625,9.604166984558105,9.625,9.520833015441895,5.974080562591553
1992-10-28,3813300,9.5,9.5625,9.5625,9.395833015441895,5.948163986206055
1992-10-27,4977000,9.625,9.5,9.625,9.4375,5.909285068511963
1992-10-26,3460500,9.416666984558105,9.520833015441895,9.541666984558105,9.416666984558105,5.922242641448975
1992-10-23,5062500,9.458333015441895,9.4375,9.541666984558105,9.416666984558105,5.8704094886779785
1992-10-22,9031500,9.520833015441895,9.416666984558105,9.541666984558105,9.354166984558105,5.857449531555176
1992-10-21,7158900,9.520833015441895,9.604166984558105,9.645833015441895,9.5,5.974080562591553
1992-10-20,8771400,9.479166984558105,9.458333015441895,9.5,9.354166984558105,5.8833699226379395
1992-10-19,7886100,9.125,9.395833015441895,9.395833015441895,9.125,5.844489574432373
1992-10-16,4607100,9.104166984558105,9.229166984558105,9.25,9.020833015441895,5.740820407867432
1992-10-15,4312800,9.0,9.0625,9.104166984558105,8.979166984558105,5.637147426605225
1992-10-14,4000500,8.958333015441895,9.041666984558105,9.104166984558105,8.916666984558105,5.624187469482422
1992-10-13,5165100,8.895833015441895,8.958333015441895,9.0,8.833333015441895,5.572350978851318
1992-10-12,3353400,8.729166984558105,8.854166984558105,8.854166984558105,8.604166984558105,5.507559776306152
1992-10-09,6543900,8.833333015441895,8.645833015441895,8.854166984558105,8.604166984558105,5.377963542938232
1992-10-08,6460200,8.75,8.854166984558105,8.895833015441895,8.729166984558105,5.507559776306152
1992-10-07,4934700,8.9375,8.6875,9.0,8.625,5.4038872718811035
1992-10-06,7857900,8.895833015441895,8.916666984558105,9.0,8.8125,5.5464348793029785
1992-10-05,23425200,8.75,8.916666984558105,8.916666984558105,8.166666984558105,5.5464348793029785
1992-10-02,9639900,9.229166984558105,8.9375,9.229166984558105,8.916666984558105,5.559392929077148
1992-10-01,4473900,9.229166984558105,9.229166984558105,9.291666984558105,9.1875,5.740820407867432
1992-09-30,3646800,9.208333015441895,9.229166984558105,9.291666984558105,9.208333015441895,5.740820407867432
1992-09-29,3743100,9.291666984558105,9.1875,9.291666984558105,9.1875,5.714902877807617
1992-09-28,4031100,9.229166984558105,9.3125,9.354166984558105,9.229166984558105,5.792654991149902
1992-09-25,7438500,9.458333015441895,9.291666984558105,9.458333015441895,9.166666984558105,5.7796950340271
1992-09-24,6068100,9.4375,9.458333015441895,9.5,9.395833015441895,5.8833699226379395
1992-09-23,5425500,9.354166984558105,9.458333015441895,9.479166984558105,9.291666984558105,5.8833699226379395
1992-09-22,5327100,9.333333015441895,9.291666984558105,9.416666984558105,9.25,5.7796950340271
1992-09-21,6697800,9.208333015441895,9.375,9.416666984558105,9.166666984558105,5.8315300941467285
1992-09-18,8435100,9.0625,9.208333015441895,9.229166984558105,9.0,5.727861404418945
1992-09-17,3721500,9.104166984558105,9.041666984558105,9.104166984558105,9.041666984558105,5.624187469482422
1992-09-16,4622400,9.020833015441895,9.0625,9.104166984558105,8.9375,5.637147426605225
1992-09-15,4235400,9.0625,9.0625,9.145833015441895,9.020833015441895,5.637147426605225
1992-09-14,7067700,9.083333015441895,9.083333015441895,9.125,8.979166984558105,5.650104999542236
1992-09-11,2922300,9.041666984558105,9.020833015441895,9.041666984558105,8.979166984558105,5.611227035522461
1992-09-10,5292000,8.979166984558105,9.020833015441895,9.041666984558105,8.9375,5.611227035522461
1992-09-09,3635100,8.8125,8.895833015441895,8.916666984558105,8.770833015441895,5.533474445343018
1992-09-08,2265300,8.833333015441895,8.8125,8.854166984558105,8.75,5.481639862060547
1992-09-04,4777200,8.833333015441895,8.8125,8.833333015441895,8.770833015441895,5.481639862060547
1992-09-03,5233500,9.041666984558105,8.875,9.041666984558105,8.875,5.520517826080322
1992-09-02,5952600,9.0625,9.0,9.083333015441895,8.958333015441895,5.598270893096924
1992-09-01,6791400,8.895833015441895,9.0625,9.083333015441895,8.875,5.637147426605225
1992-08-31,5807700,8.895833015441895,8.895833015441895,8.916666984558105,8.833333015441895,5.533474445343018
1992-08-28,6964200,8.729166984558105,8.8125,8.833333015441895,8.6875,5.481639862060547
1992-08-27,8448300,8.666666984558105,8.708333015441895,8.75,8.604166984558105,5.416842937469482
1992-08-26,9101700,8.416666984558105,8.479166984558105,8.541666984558105,8.3125,5.260302543640137
1992-08-25,8989500,8.604166984558105,8.395833015441895,8.625,8.395833015441895,5.208601951599121
1992-08-24,5045400,8.625,8.583333015441895,8.666666984558105,8.541666984558105,5.324923038482666
1992-08-21,7364700,8.75,8.666666984558105,8.770833015441895,8.5,5.376619815826416
1992-08-20,4793400,8.708333015441895,8.6875,8.729166984558105,8.5625,5.3895463943481445
1992-08-19,5319900,8.770833015441895,8.708333015441895,8.791666984558105,8.708333015441895,5.402470588684082
1992-08-18,7531500,8.645833015441895,8.708333015441895,8.75,8.625,5.402470588684082
1992-08-17,6649200,8.5625,8.645833015441895,8.666666984558105,8.541666984558105,5.36369514465332
1992-08-14,7373100,8.666666984558105,8.541666984558105,8.6875,8.5,5.299073219299316
1992-08-13,4588200,8.625,8.645833015441895,8.708333015441895,8.583333015441895,5.36369514465332
1992-08-12,3776400,8.666666984558105,8.583333015441895,8.708333015441895,8.5,5.324923038482666
1992-08-11,5692500,8.666666984558105,8.666666984558105,8.708333015441895,8.5625,5.376619815826416
1992-08-10,5151900,8.458333015441895,8.6875,8.6875,8.458333015441895,5.3895463943481445
1992-08-07,5594700,8.541666984558105,8.5,8.666666984558105,8.479166984558105,5.273223876953125
1992-08-06,4131300,8.479166984558105,8.5,8.625,8.458333015441895,5.273223876953125
1992-08-05,3817800,8.541666984558105,8.479166984558105,8.5625,8.458333015441895,5.260302543640137
1992-08-04,5135700,8.645833015441895,8.520833015441895,8.645833015441895,8.479166984558105,5.286146640777588
1992-08-03,5889900,8.375,8.604166984558105,8.625,8.354166984558105,5.337850093841553
1992-07-31,3605400,8.375,8.375,8.395833015441895,8.291666984558105,5.195675849914551
1992-07-30,5020500,8.25,8.333333015441895,8.395833015441895,8.1875,5.169827938079834
1992-07-29,9356400,8.333333015441895,8.229166984558105,8.4375,8.229166984558105,5.10520601272583
1992-07-28,6816600,8.1875,8.3125,8.3125,8.166666984558105,5.1569037437438965
1992-07-27,3319200,8.0,8.145833015441895,8.145833015441895,8.0,5.053507328033447
1992-07-24,5288400,7.854166507720947,7.958333492279053,8.020833015441895,7.833333492279053,4.937185764312744
1992-07-23,3287100,7.854166507720947,7.916666507720947,7.9375,7.854166507720947,4.911337375640869
1992-07-22,3749400,7.833333492279053,7.8125,7.875,7.770833492279053,4.846714973449707
1992-07-21,3312000,7.833333492279053,7.916666507720947,7.9375,7.791666507720947,4.911337375640869
1992-07-20,4492800,7.8125,7.833333492279053,7.833333492279053,7.729166507720947,4.85963773727417
1992-07-17,3177300,7.854166507720947,7.895833492279053,7.895833492279053,7.770833492279053,4.898414134979248
1992-07-16,3843300,7.875,7.875,7.895833492279053,7.833333492279053,4.885486125946045
1992-07-15,4851300,7.916666507720947,7.895833492279053,7.9375,7.875,4.898414134979248
1992-07-14,3061800,7.8125,7.875,7.895833492279053,7.770833492279053,4.885486125946045
1992-07-13,4104900,7.854166507720947,7.8125,7.916666507720947,7.770833492279053,4.846714973449707
1992-07-10,4190400,7.895833492279053,7.854166507720947,7.916666507720947,7.791666507720947,4.872561454772949
1992-07-09,5393700,7.729166507720947,7.8125,7.854166507720947,7.6875,4.846714973449707
1992-07-08,4299300,7.520833492279053,7.645833492279053,7.666666507720947,7.520833492279053,4.743318557739258
1992-07-07,5183100,7.75,7.5,7.8125,7.479166507720947,4.65284538269043
1992-07-06,5345100,7.708333492279053,7.708333492279053,7.770833492279053,7.5625,4.782089710235596
1992-07-02,8190000,7.666666507720947,7.6875,7.8125,7.520833492279053,4.769166469573975
1992-07-01,6053700,7.458333492279053,7.638888835906982,7.652777671813965,7.44444465637207,4.73900842666626
1992-06-30,4732200,7.416666507720947,7.472222328186035,7.486111164093018,7.333333492279053,4.6356120109558105
1992-06-29,8710500,7.111111164093018,7.43055534362793,7.458333492279053,7.027777671813965,4.609764099121094
1992-06-26,6640200,7.111111164093018,7.125,7.18055534362793,7.05555534362793,4.42020320892334
1992-06-25,12845100,7.277777671813965,7.083333492279053,7.30555534362793,7.06944465637207,4.394357204437256
1992-06-24,6005100,7.5,7.236111164093018,7.527777671813965,7.222222328186035,4.489136219024658
1992-06-23,7353300,7.375,7.527777671813965,7.55555534362793,7.375,4.670078754425049
1992-06-22,6508800,7.222222328186035,7.375,7.375,7.166666507720947,4.575297832489014
1992-06-19,10962300,7.388888835906982,7.25,7.43055534362793,7.236111164093018,4.497751235961914
1992-06-18,13305900,7.43055534362793,7.361111164093018,7.458333492279053,7.30555534362793,4.5666823387146
1992-06-17,7805100,7.708333492279053,7.458333492279053,7.722222328186035,7.44444465637207,4.626996994018555
1992-06-16,5778300,7.75,7.708333492279053,7.80555534362793,7.708333492279053,4.782089710235596
1992-06-15,4122000,7.583333492279053,7.69444465637207,7.708333492279053,7.55555534362793,4.773475170135498
1992-06-12,4242900,7.763888835906982,7.597222328186035,7.763888835906982,7.583333492279053,4.713159084320068
1992-06-11,5549400,7.55555534362793,7.652777671813965,7.68055534362793,7.486111164093018,4.747627258300781
1992-06-10,6478200,7.611111164093018,7.541666507720947,7.625,7.527777671813965,4.678695201873779
1992-06-09,5947500,7.708333492279053,7.597222328186035,7.708333492279053,7.541666507720947,4.713159084320068
1992-06-08,3530100,7.69444465637207,7.68055534362793,7.75,7.666666507720947,4.764857292175293
1992-06-05,8487000,7.763888835906982,7.69444465637207,7.791666507720947,7.583333492279053,4.773475170135498
1992-06-04,6048000,7.847222328186035,7.777777671813965,7.861111164093018,7.763888835906982,4.8251729011535645
1992-06-03,6678000,7.722222328186035,7.81944465637207,7.888888835906982,7.722222328186035,4.851023197174072
1992-06-02,7772700,7.875,7.722222328186035,7.93055534362793,7.69444465637207,4.790709495544434
1992-06-01,8188200,7.847222328186035,7.861111164093018,7.875,7.722222328186035,4.876871585845947
1992-05-29,12420300,7.69444465637207,7.847222328186035,7.888888835906982,7.69444465637207,4.868252754211426
1992-05-28,10258200,7.527777671813965,7.68055534362793,7.69444465637207,7.5,4.764857292175293
1992-05-27,6843600,7.388888835906982,7.513888835906982,7.541666507720947,7.375,4.661460876464844
1992-05-26,5731500,7.361111164093018,7.375,7.388888835906982,7.31944465637207,4.575297832489014
1992-05-22,6424500,7.347222328186035,7.44444465637207,7.472222328186035,7.347222328186035,4.618380069732666
1992-05-21,6692400,7.361111164093018,7.361111164093018,7.388888835906982,7.222222328186035,4.552721977233887
1992-05-20,6663900,7.375,7.388888835906982,7.416666507720947,7.347222328186035,4.569903373718262
1992-05-19,8364600,7.291666507720947,7.31944465637207,7.347222328186035,7.152777671813965,4.526954650878906
1992-05-18,5376600,7.152777671813965,7.222222328186035,7.222222328186035,7.111111164093018,4.466824054718018
1992-05-15,5526000,7.125,7.083333492279053,7.138888835906982,7.06944465637207,4.380923748016357
1992-05-14,7653600,7.31944465637207,7.152777671813965,7.31944465637207,7.138888835906982,4.4238739013671875
1992-05-13,5855400,7.416666507720947,7.31944465637207,7.43055534362793,7.30555534362793,4.526954650878906
1992-05-12,9993600,7.361111164093018,7.375,7.402777671813965,7.25,4.561313629150391
1992-05-11,8013900,7.236111164093018,7.30555534362793,7.30555534362793,7.208333492279053,4.518362045288086
1992-05-08,5054400,7.111111164093018,7.138888835906982,7.152777671813965,7.0,4.415282249450684
1992-05-07,4921200,7.083333492279053,7.083333492279053,7.138888835906982,7.06944465637207,4.380923748016357
1992-05-06,8713800,7.152777671813965,7.06944465637207,7.19444465637207,7.05555534362793,4.37233304977417
1992-05-05,7493400,6.958333492279053,7.111111164093018,7.152777671813965,6.93055534362793,4.3981032371521
1992-05-04,5465100,6.861111164093018,6.972222328186035,7.0,6.861111164093018,4.312203407287598
1992-05-01,7099200,6.93055534362793,6.847222328186035,6.94444465637207,6.736111164093018,4.234891891479492
1992-04-30,8083800,6.888888835906982,6.93055534362793,7.0,6.888888835906982,4.286431312561035
1992-04-29,6213900,6.833333492279053,6.875,6.902777671813965,6.80555534362793,4.252072811126709
1992-04-28,12270900,6.875,6.777777671813965,6.916666507720947,6.708333492279053,4.191940784454346
1992-04-27,5740200,6.861111164093018,6.861111164093018,6.972222328186035,6.833333492279053,4.243481636047363
1992-04-24,9281100,7.013888835906982,6.847222328186035,7.041666507720947,6.833333492279053,4.234891891479492
1992-04-23,9227100,7.027777671813965,7.027777671813965,7.05555534362793,6.902777671813965,4.346562385559082
1992-04-22,7230600,7.097222328186035,7.013888835906982,7.138888835906982,7.013888835906982,4.3379740715026855
1992-04-21,5677200,7.138888835906982,7.05555534362793,7.19444465637207,7.0,4.363743305206299
1992-04-20,7459200,7.25,7.152777671813965,7.30555534362793,7.041666507720947,4.4238739013671875
1992-04-16,7552800,7.527777671813965,7.375,7.541666507720947,7.347222328186035,4.561313629150391
1992-04-15,7619700,7.513888835906982,7.597222328186035,7.625,7.5,4.698753356933594
1992-04-14,8483400,7.333333492279053,7.458333492279053,7.5,7.31944465637207,4.612852096557617
1992-04-13,3994500,7.19444465637207,7.277777671813965,7.291666507720947,7.152777671813965,4.5011820793151855
1992-04-10,7425000,7.30555534362793,7.152777671813965,7.31944465637207,7.152777671813965,4.4238739013671875
1992-04-09,10405800,7.083333492279053,7.18055534362793,7.208333492279053,6.986111164093018,4.441051959991455
1992-04-08,12515400,6.958333492279053,6.986111164093018,7.013888835906982,6.80555534362793,4.320791721343994
1992-04-07,7637400,7.166666507720947,7.013888835906982,7.222222328186035,7.0,4.3379740715026855
1992-04-06,5805000,6.972222328186035,7.19444465637207,7.208333492279053,6.94444465637207,4.449641704559326
1992-04-03,8042400,6.972222328186035,6.972222328186035,7.013888835906982,6.833333492279053,4.312203407287598
1992-04-02,8764500,7.152777671813965,6.94444465637207,7.166666507720947,6.93055534362793,4.295020580291748
1992-04-01,13019400,7.166666507720947,7.152777671813965,7.236111164093018,7.097222328186035,4.4238739013671875
1992-03-31,8012100,7.138888835906982,7.19444465637207,7.25,7.125,4.449641704559326
1992-03-30,6590100,7.291666507720947,7.111111164093018,7.30555534362793,7.111111164093018,4.3981032371521
1992-03-27,4986000,7.416666507720947,7.31944465637207,7.416666507720947,7.30555534362793,4.526954650878906
1992-03-26,4294800,7.361111164093018,7.416666507720947,7.43055534362793,7.347222328186035,4.587083339691162
1992-03-25,4390200,7.30555534362793,7.291666507720947,7.43055534362793,7.291666507720947,4.5097737312316895
1992-03-24,3731400,7.333333492279053,7.31944465637207,7.402777671813965,7.291666507720947,4.526954650878906
1992-03-23,4012500,7.277777671813965,7.31944465637207,7.347222328186035,7.277777671813965,4.526954650878906
1992-03-20,5816100,7.277777671813965,7.291666507720947,7.30555534362793,7.263888835906982,4.5097737312316895
1992-03-19,4147500,7.291666507720947,7.277777671813965,7.291666507720947,7.25,4.5011820793151855
1992-03-18,6933600,7.361111164093018,7.263888835906982,7.388888835906982,7.263888835906982,4.492593288421631
1992-03-17,8496300,7.263888835906982,7.333333492279053,7.361111164093018,7.166666507720947,4.535542964935303
1992-03-16,8881200,7.0,7.208333492279053,7.222222328186035,7.0,4.45823335647583
1992-03-13,5128200,6.94444465637207,6.958333492279053,6.986111164093018,6.888888835906982,4.303613662719727
1992-03-12,5963700,6.791666507720947,6.888888835906982,6.902777671813965,6.791666507720947,4.26066255569458
1992-03-11,5151900,6.847222328186035,6.80555534362793,6.861111164093018,6.75,4.2091217041015625
1992-03-10,5446800,6.81944465637207,6.847222328186035,6.94444465637207,6.81944465637207,4.234891891479492
1992-03-09,4880100,6.81944465637207,6.791666507720947,6.81944465637207,6.763888835906982,4.2005295753479
1992-03-06,6235200,6.93055534362793,6.81944465637207,6.958333492279053,6.722222328186035,4.217714309692383
1992-03-05,5481300,6.94444465637207,6.94444465637207,7.027777671813965,6.888888835906982,4.295020580291748
1992-03-04,4107900,7.06944465637207,7.0,7.097222328186035,6.972222328186035,4.329382419586182
1992-03-03,6339900,7.125,7.083333492279053,7.19444465637207,7.083333492279053,4.380923748016357
1992-03-02,5113800,7.125,7.111111164093018,7.166666507720947,7.083333492279053,4.388919353485107
1992-02-28,7128000,7.208333492279053,7.111111164093018,7.277777671813965,7.083333492279053,4.388919353485107
1992-02-27,6651300,7.222222328186035,7.208333492279053,7.236111164093018,7.138888835906982,4.448923587799072
1992-02-26,11043300,6.958333492279053,7.152777671813965,7.19444465637207,6.958333492279053,4.414633274078369
1992-02-25,8447400,6.888888835906982,6.916666507720947,6.93055534362793,6.777777671813965,4.268908977508545
1992-02-24,8424000,6.94444465637207,6.861111164093018,7.083333492279053,6.847222328186035,4.234620571136475
1992-02-21,8219100,6.958333492279053,6.847222328186035,6.986111164093018,6.847222328186035,4.226048946380615
1992-02-20,7279200,6.80555534362793,6.958333492279053,7.0,6.80555534362793,4.294624328613281
1992-02-19,14596200,6.68055534362793,6.791666507720947,6.791666507720947,6.611111164093018,4.191756725311279
1992-02-18,13610100,6.902777671813965,6.736111164093018,6.93055534362793,6.625,4.157471179962158
1992-02-14,6980700,7.027777671813965,6.94444465637207,7.027777671813965,6.93055534362793,4.286050796508789
1992-02-13,4257300,7.208333492279053,7.083333492279053,7.236111164093018,7.05555534362793,4.371776103973389
1992-02-12,4869300,7.125,7.208333492279053,7.222222328186035,7.125,4.448923587799072
1992-02-11,4541700,7.222222328186035,7.18055534362793,7.236111164093018,7.152777671813965,4.4317779541015625
1992-02-10,4437300,7.152777671813965,7.19444465637207,7.541666507720947,7.152777671813965,4.440351486206055
1992-02-07,4483800,7.277777671813965,7.152777671813965,7.277777671813965,7.083333492279053,4.414633274078369
1992-02-06,5913300,7.222222328186035,7.25,7.31944465637207,7.166666507720947,4.474637985229492
1992-02-05,4734000,7.152777671813965,7.208333492279053,7.236111164093018,7.138888835906982,4.448923587799072
1992-02-04,7083000,7.041666507720947,7.138888835906982,7.138888835906982,7.0,4.40606164932251
1992-02-03,7869900,6.861111164093018,7.06944465637207,7.111111164093018,6.777777671813965,4.363204002380371
1992-01-31,9171300,6.94444465637207,6.847222328186035,6.972222328186035,6.81944465637207,4.226048946380615
1992-01-30,9702300,6.93055534362793,6.888888835906982,6.958333492279053,6.833333492279053,4.25176477432251
1992-01-29,16382100,7.0,6.93055534362793,7.125,6.875,4.277480602264404
1992-01-28,6833100,7.097222328186035,7.013888835906982,7.152777671813965,7.013888835906982,4.328914165496826
1992-01-27,8600700,7.166666507720947,7.06944465637207,7.222222328186035,7.05555534362793,4.363204002380371
1992-01-24,22156500,7.111111164093018,7.152777671813965,7.18055534362793,6.94444465637207,4.414633274078369
1992-01-23,13458600,7.30555534362793,7.152777671813965,7.416666507720947,7.138888835906982,4.414633274078369
1992-01-22,14862900,6.916666507720947,7.291666507720947,7.291666507720947,6.916666507720947,4.5003557205200195
1992-01-21,17852700,7.125,6.861111164093018,7.138888835906982,6.75,4.234620571136475
1992-01-20,14421600,7.19444465637207,7.208333492279053,7.291666507720947,7.0,4.448923587799072
1992-01-17,11273400,7.597222328186035,7.402777671813965,7.652777671813965,7.388888835906982,4.568931579589844
1992-01-16,7876800,7.777777671813965,7.597222328186035,7.791666507720947,7.527777671813965,4.6889424324035645
1992-01-15,5385600,7.888888835906982,7.847222328186035,7.986111164093018,7.777777671813965,4.843241214752197
1992-01-14,8402400,7.763888835906982,7.875,7.93055534362793,7.763888835906982,4.8603835105896
1992-01-13,6910200,7.541666507720947,7.708333492279053,7.722222328186035,7.5,4.757518768310547
1992-01-10,4053600,7.472222328186035,7.541666507720947,7.55555534362793,7.44444465637207,4.654652118682861
1992-01-09,10076400,7.652777671813965,7.5,7.666666507720947,7.44444465637207,4.628939151763916
1992-01-08,8415000,7.611111164093018,7.611111164093018,7.75,7.583333492279053,4.697514057159424
1992-01-07,6937200,7.625,7.68055534362793,7.69444465637207,7.583333492279053,4.740373611450195
1992-01-06,6591600,7.736111164093018,7.722222328186035,7.80555534362793,7.68055534362793,4.766091346740723
1992-01-03,8127000,7.597222328186035,7.736111164093018,7.75,7.56944465637207,4.774661540985107
1992-01-02,9550800,7.416666507720947,7.611111164093018,7.611111164093018,7.375,4.697514057159424
1991-12-31,10236600,7.69444465637207,7.486111164093018,7.722222328186035,7.458333492279053,4.620363712310791
1991-12-30,7642800,7.486111164093018,7.69444465637207,7.791666507720947,7.472222328186035,4.748947620391846
1991-12-27,6269400,7.333333492279053,7.44444465637207,7.44444465637207,7.31944465637207,4.594648838043213
1991-12-26,4253400,7.236111164093018,7.277777671813965,7.30555534362793,7.222222328186035,4.491781711578369
1991-12-24,4384800,7.263888835906982,7.222222328186035,7.333333492279053,7.208333492279053,4.457493782043457
1991-12-23,9421200,7.097222328186035,7.18055534362793,7.263888835906982,7.06944465637207,4.4317779541015625
1991-12-20,10521300,7.111111164093018,7.083333492279053,7.166666507720947,7.05555534362793,4.371776103973389
1991-12-19,5907600,7.097222328186035,7.013888835906982,7.097222328186035,7.0,4.328914165496826
1991-12-18,6739200,7.125,7.138888835906982,7.152777671813965,7.027777671813965,4.40606164932251
1991-12-17,4986000,7.222222328186035,7.111111164093018,7.222222328186035,7.111111164093018,4.388919353485107
1991-12-16,3796200,7.25,7.208333492279053,7.291666507720947,7.208333492279053,4.448923587799072
1991-12-13,6131100,7.19444465637207,7.25,7.291666507720947,7.138888835906982,4.474637985229492
1991-12-12,6964200,7.083333492279053,7.166666507720947,7.222222328186035,7.083333492279053,4.4232072830200195
1991-12-11,8125500,7.19444465637207,7.166666507720947,7.222222328186035,7.013888835906982,4.4232072830200195
1991-12-10,6518100,7.06944465637207,7.208333492279053,7.208333492279053,7.05555534362793,4.448923587799072
1991-12-09,5810400,7.097222328186035,7.06944465637207,7.138888835906982,7.0,4.363204002380371
1991-12-06,7112100,6.861111164093018,7.097222328186035,7.097222328186035,6.833333492279053,4.380346298217773
1991-12-05,4914300,6.888888835906982,6.888888835906982,6.94444465637207,6.847222328186035,4.25176477432251
1991-12-04,5589000,6.888888835906982,6.902777671813965,6.94444465637207,6.833333492279053,4.260336399078369
1991-12-03,7300800,6.861111164093018,6.888888835906982,6.94444465637207,6.81944465637207,4.25176477432251
1991-12-02,8469000,6.638888835906982,6.847222328186035,6.888888835906982,6.611111164093018,4.226048946380615
1991-11-29,2694600,6.625,6.69444465637207,6.722222328186035,6.611111164093018,4.1317524909973145
1991-11-27,4026900,6.611111164093018,6.625,6.666666507720947,6.583333492279053,4.088893413543701
1991-11-26,7801500,6.583333492279053,6.611111164093018,6.638888835906982,6.402777671813965,4.080322742462158
1991-11-25,5708100,6.583333492279053,6.513888835906982,6.583333492279053,6.486111164093018,4.011151313781738
1991-11-22,6138300,6.56944465637207,6.611111164093018,6.638888835906982,6.486111164093018,4.071019172668457
1991-11-21,4885500,6.486111164093018,6.597222328186035,6.625,6.472222328186035,4.062465667724609
1991-11-20,10074900,6.638888835906982,6.513888835906982,6.638888835906982,6.513888835906982,4.011151313781738
1991-11-19,19811100,6.597222328186035,6.458333492279053,6.597222328186035,6.236111164093018,3.9769415855407715
1991-11-18,18329400,6.44444465637207,6.666666507720947,6.666666507720947,6.166666507720947,4.10522985458374
1991-11-15,8690700,6.68055534362793,6.416666507720947,6.69444465637207,6.347222328186035,3.9512829780578613
1991-11-14,5778300,6.81944465637207,6.75,6.833333492279053,6.722222328186035,4.1565470695495605
1991-11-13,6508800,6.736111164093018,6.75,6.763888835906982,6.68055534362793,4.1565470695495605
1991-11-12,6858300,6.736111164093018,6.80555534362793,6.81944465637207,6.69444465637207,4.1907572746276855
1991-11-11,3292500,6.625,6.652777671813965,6.652777671813965,6.611111164093018,4.096680641174316
1991-11-08,6082200,6.68055534362793,6.597222328186035,6.722222328186035,6.55555534362793,4.062465667724609
1991-11-07,6550200,6.44444465637207,6.638888835906982,6.652777671813965,6.388888835906982,4.0881266593933105
1991-11-06,4784700,6.30555534362793,6.402777671813965,6.44444465637207,6.291666507720947,3.9427313804626465
1991-11-05,3187800,6.30555534362793,6.333333492279053,6.347222328186035,6.277777671813965,3.899970293045044
1991-11-04,2545500,6.208333492279053,6.30555534362793,6.30555534362793,6.166666507720947,3.8828659057617188
1991-11-01,6469200,6.361111164093018,6.277777671813965,6.375,6.208333492279053,3.8657591342926025
1991-10-31,3735000,6.25,6.333333492279053,6.333333492279053,6.236111164093018,3.899970293045044
1991-10-30,6427800,6.152777671813965,6.263888835906982,6.263888835906982,6.06944465637207,3.857208013534546
1991-10-29,4248000,6.19444465637207,6.125,6.19444465637207,6.083333492279053,3.771681547164917
1991-10-28,4428300,6.125,6.166666507720947,6.166666507720947,6.05555534362793,3.7973384857177734
1991-10-25,4289700,5.972222328186035,6.06944465637207,6.06944465637207,5.972222328186035,3.737470865249634
1991-10-24,6615300,6.138888835906982,6.013888835906982,6.138888835906982,5.958333492279053,3.7032582759857178
1991-10-23,7056300,6.347222328186035,6.125,6.361111164093018,6.083333492279053,3.771681547164917
1991-10-22,5185800,6.18055534362793,6.263888835906982,6.30555534362793,6.18055534362793,3.857208013534546
1991-10-21,4190400,6.19444465637207,6.18055534362793,6.236111164093018,6.125,3.8058905601501465
1991-10-18,4728900,6.18055534362793,6.19444465637207,6.19444465637207,6.138888835906982,3.814443349838257
1991-10-17,5353500,6.138888835906982,6.18055534362793,6.18055534362793,6.05555534362793,3.8058905601501465
1991-10-16,7392900,6.013888835906982,6.138888835906982,6.138888835906982,5.94444465637207,3.780233144760132
1991-10-15,4287900,6.027777671813965,6.0,6.111111164093018,5.986111164093018,3.6947076320648193
1991-10-14,3983400,5.875,6.013888835906982,6.013888835906982,5.875,3.7032582759857178
1991-10-11,3830400,5.93055534362793,5.861111164093018,5.93055534362793,5.80555534362793,3.609182596206665
1991-10-10,7884300,5.861111164093018,5.916666507720947,5.916666507720947,5.722222328186035,3.643392562866211
1991-10-09,7385700,6.013888835906982,5.861111164093018,6.083333492279053,5.847222328186035,3.609182596206665
1991-10-08,5603700,5.80555534362793,6.027777671813965,6.027777671813965,5.80555534362793,3.7118139266967773
1991-10-07,5893200,5.861111164093018,5.80555534362793,5.875,5.791666507720947,3.574971914291382
1991-10-04,7720500,6.111111164093018,5.916666507720947,6.125,5.861111164093018,3.643392562866211
1991-10-03,2705400,6.152777671813965,6.097222328186035,6.208333492279053,6.05555534362793,3.754575729370117
1991-10-02,5281200,6.111111164093018,6.152777671813965,6.208333492279053,6.083333492279053,3.788785696029663
1991-10-01,5313900,6.111111164093018,6.111111164093018,6.152777671813965,6.06944465637207,3.763129949569702
1991-09-30,3267300,5.94444465637207,6.05555534362793,6.06944465637207,5.94444465637207,3.7289178371429443
1991-09-27,3611100,6.027777671813965,5.958333492279053,6.097222328186035,5.94444465637207,3.6690492630004883
1991-09-26,3929400,6.06944465637207,6.013888835906982,6.06944465637207,5.94444465637207,3.7032582759857178
1991-09-25,6220800,6.097222328186035,6.097222328186035,6.152777671813965,6.06944465637207,3.754575729370117
1991-09-24,4678200,6.013888835906982,6.06944465637207,6.111111164093018,5.972222328186035,3.737470865249634
1991-09-23,6483600,5.916666507720947,5.986111164093018,6.05555534362793,5.888888835906982,3.686155319213867
1991-09-20,12308400,5.847222328186035,5.902777671813965,5.916666507720947,5.80555534362793,3.6348395347595215
1991-09-19,6285900,5.791666507720947,5.791666507720947,5.861111164093018,5.75,3.566418409347534
1991-09-18,3879300,5.638888835906982,5.791666507720947,5.80555534362793,5.625,3.566418409347534
1991-09-17,3099600,5.638888835906982,5.638888835906982,5.722222328186035,5.611111164093018,3.472341299057007
1991-09-16,5254200,5.611111164093018,5.652777671813965,5.652777671813965,5.56944465637207,3.4808943271636963
1991-09-13,5477400,5.791666507720947,5.652777671813965,5.80555534362793,5.625,3.4808943271636963
1991-09-12,6298500,5.708333492279053,5.763888835906982,5.777777671813965,5.69444465637207,3.54931378364563
1991-09-11,5873700,5.69444465637207,5.666666507720947,5.722222328186035,5.652777671813965,3.4894444942474365
1991-09-10,4483800,5.847222328186035,5.652777671813965,5.847222328186035,5.638888835906982,3.4808943271636963
1991-09-09,2514600,5.722222328186035,5.80555534362793,5.80555534362793,5.708333492279053,3.574971914291382
1991-09-06,3755100,5.833333492279053,5.75,5.847222328186035,5.722222328186035,3.540759801864624
1991-09-05,4608300,5.888888835906982,5.791666507720947,5.958333492279053,5.777777671813965,3.566418409347534
1991-09-04,6710400,5.986111164093018,5.888888835906982,5.986111164093018,5.75,3.626286506652832
1991-09-03,3789000,5.972222328186035,5.958333492279053,6.05555534362793,5.94444465637207,3.6690492630004883
1991-08-30,2340000,5.958333492279053,5.986111164093018,5.986111164093018,5.916666507720947,3.686155319213867
1991-08-29,4705200,6.0,5.94444465637207,6.013888835906982,5.916666507720947,3.6604974269866943
1991-08-28,5679300,5.861111164093018,5.986111164093018,6.0,5.847222328186035,3.686155319213867
1991-08-27,4160100,5.69444465637207,5.861111164093018,5.875,5.652777671813965,3.6000375747680664
1991-08-26,5234700,5.791666507720947,5.722222328186035,5.791666507720947,5.652777671813965,3.514728307723999
1991-08-23,6757200,5.763888835906982,5.791666507720947,5.861111164093018,5.763888835906982,3.5573818683624268
1991-08-22,5765400,5.81944465637207,5.833333492279053,5.875,5.763888835906982,3.5829739570617676
1991-08-21,12038400,5.652777671813965,5.80555534362793,5.902777671813965,5.638888835906982,3.565913438796997
1991-08-20,13201200,5.55555534362793,5.513888835906982,5.611111164093018,5.388888835906982,3.386765241622925
1991-08-19,1810800,5.027777671813965,5.44444465637207,5.472222328186035,5.013888835906982,3.3441107273101807
1991-08-16,9806400,5.722222328186035,5.56944465637207,5.736111164093018,5.513888835906982,3.420886993408203
1991-08-15,10560600,5.80555534362793,5.69444465637207,5.861111164093018,5.625,3.497666835784912
1991-08-14,6197400,5.916666507720947,5.875,5.916666507720947,5.81944465637207,3.608569860458374
1991-08-13,7578000,5.69444465637207,5.763888835906982,5.80555534362793,5.69444465637207,3.5403215885162354
1991-08-12,4419000,5.541666507720947,5.652777671813965,5.666666507720947,5.513888835906982,3.472074031829834
1991-08-09,5987100,5.527777671813965,5.541666507720947,5.597222328186035,5.5,3.4038257598876953
1991-08-08,8573400,5.486111164093018,5.541666507720947,5.56944465637207,5.416666507720947,3.4038257598876953
1991-08-07,4822500,5.527777671813965,5.486111164093018,5.541666507720947,5.458333492279053,3.369704246520996
1991-08-06,6791400,5.333333492279053,5.541666507720947,5.541666507720947,5.333333492279053,3.4038257598876953
1991-08-05,3027900,5.361111164093018,5.333333492279053,5.375,5.291666507720947,3.275864601135254
1991-08-02,4516500,5.375,5.347222328186035,5.388888835906982,5.291666507720947,3.2843949794769287
1991-08-01,3585900,5.375,5.333333492279053,5.375,5.30555534362793,3.275864601135254
1991-07-31,6654900,5.375,5.388888835906982,5.44444465637207,5.333333492279053,3.3099873065948486
1991-07-30,6053400,5.263888835906982,5.375,5.375,5.263888835906982,3.3014557361602783
1991-07-29,4480200,5.222222328186035,5.25,5.291666507720947,5.208333492279053,3.224677324295044
1991-07-26,4698000,5.083333492279053,5.208333492279053,5.208333492279053,5.06944465637207,3.199084520339966
1991-07-25,5067300,5.027777671813965,5.06944465637207,5.097222328186035,5.027777671813965,3.1137757301330566
1991-07-24,6253200,5.0,5.027777671813965,5.041666507720947,4.94444465637207,3.088183641433716
1991-07-23,9482700,5.097222328186035,5.0,5.125,4.94444465637207,3.0711214542388916
1991-07-22,10589700,5.25,5.125,5.25,4.916666507720947,3.1478984355926514
1991-07-19,7297500,5.277777671813965,5.222222328186035,5.31944465637207,5.166666507720947,3.207615852355957
1991-07-18,7968900,5.263888835906982,5.30555534362793,5.361111164093018,5.25,3.258802652359009
1991-07-17,6231900,5.361111164093018,5.291666507720947,5.388888835906982,5.277777671813965,3.2502715587615967
1991-07-16,7720200,5.472222328186035,5.361111164093018,5.513888835906982,5.361111164093018,3.2929255962371826
1991-07-15,6415200,5.375,5.458333492279053,5.486111164093018,5.375,3.3526415824890137
1991-07-12,5501100,5.347222328186035,5.375,5.402777671813965,5.31944465637207,3.3014557361602783
1991-07-11,7853700,5.347222328186035,5.31944465637207,5.402777671813965,5.277777671813965,3.2673325538635254
1991-07-10,6170700,5.347222328186035,5.333333492279053,5.44444465637207,5.333333492279053,3.275864601135254
1991-07-09,5680800,5.30555534362793,5.30555534362793,5.375,5.291666507720947,3.258802652359009
1991-07-08,6501600,5.19444465637207,5.263888835906982,5.347222328186035,5.18055534362793,3.2332096099853516
1991-07-05,2309400,5.222222328186035,5.222222328186035,5.222222328186035,5.18055534362793,3.207615852355957
1991-07-03,5999700,5.25,5.236111164093018,5.25,5.166666507720947,3.2161457538604736
1991-07-02,6951600,5.222222328186035,5.25,5.277777671813965,5.208333492279053,3.2155568599700928
1991-07-01,9216300,5.05555534362793,5.222222328186035,5.236111164093018,5.05555534362793,3.1985416412353516
1991-06-28,8001000,5.06944465637207,5.013888835906982,5.111111164093018,4.94444465637207,3.0709424018859863
1991-06-27,7898700,4.916666507720947,5.06944465637207,5.083333492279053,4.916666507720947,3.104968547821045
1991-06-26,7353300,4.847222328186035,4.875,4.93055534362793,4.80555534362793,2.9858741760253906
1991-06-25,7470300,4.879629611968994,4.870370388031006,4.888888835906982,4.759259223937988,2.983038902282715
1991-06-24,4410000,4.962963104248047,4.8240742683410645,4.962963104248047,4.814815044403076,2.954681873321533
1991-06-21,5141100,4.981481552124023,4.981481552124023,5.018518447875977,4.953703880310059,3.0510919094085693
1991-06-20,5032800,4.981481552124023,4.981481552124023,5.009259223937988,4.9259257316589355,3.0510919094085693
1991-06-19,6964200,4.981481552124023,4.990740776062012,5.0,4.916666507720947,3.05676531791687
1991-06-18,8499900,5.120370388031006,5.018518447875977,5.129629611968994,5.0,3.0737762451171875
1991-06-17,8292600,5.037036895751953,5.129629611968994,5.166666507720947,5.018518447875977,3.141831398010254
1991-06-14,8273100,4.907407283782959,5.05555534362793,5.0740742683410645,4.907407283782959,3.0964620113372803
1991-06-13,6075000,4.8240742683410645,4.888888835906982,4.898148059844971,4.8240742683410645,2.9943795204162598
1991-06-12,5999700,4.8240742683410645,4.8240742683410645,4.833333492279053,4.80555534362793,2.954681873321533
1991-06-11,4584600,4.777777671813965,4.833333492279053,4.842592716217041,4.768518447875977,2.9603543281555176
1991-06-10,6086100,4.833333492279053,4.768518447875977,4.851851940155029,4.75,2.9206554889678955
1991-06-07,5592600,4.814815044403076,4.842592716217041,4.870370388031006,4.796296119689941,2.966024875640869
1991-06-06,7362300,4.907407283782959,4.870370388031006,4.990740776062012,4.861111164093018,2.983038902282715
1991-06-05,7862700,4.861111164093018,4.907407283782959,4.935184955596924,4.851851940155029,3.0057225227355957
1991-06-04,4960800,4.861111164093018,4.861111164093018,4.870370388031006,4.777777671813965,2.977367877960205
1991-06-03,6397200,4.861111164093018,4.888888835906982,4.962963104248047,4.8240742683410645,2.9943795204162598
1991-05-31,7628400,4.833333492279053,4.879629611968994,4.879629611968994,4.796296119689941,2.9887092113494873
1991-05-30,9614100,4.75,4.833333492279053,4.916666507720947,4.740740776062012,2.9603543281555176
1991-05-29,9531300,4.759259223937988,4.731481552124023,4.768518447875977,4.712963104248047,2.8979721069335938
1991-05-28,9050700,4.777777671813965,4.796296119689941,4.814815044403076,4.777777671813965,2.9376678466796875
1991-05-24,2071800,4.787036895751953,4.851851940155029,4.94444465637207,4.787036895751953,2.9716951847076416
1991-05-23,12972900,4.629629611968994,4.796296119689941,4.814815044403076,4.629629611968994,2.9376678466796875
1991-05-22,12020400,4.472222328186035,4.638888835906982,4.657407283782959,4.472222328186035,2.841259717941284
1991-05-21,12416700,4.398148059844971,4.5,4.55555534362793,4.388888835906982,2.756190776824951
1991-05-20,4617000,4.314815044403076,4.361111164093018,4.361111164093018,4.314815044403076,2.6711244583129883
1991-05-17,5396700,4.277777671813965,4.333333492279053,4.351851940155029,4.259259223937988,2.654109477996826
1991-05-16,5524500,4.259259223937988,4.287036895751953,4.296296119689941,4.231481552124023,2.62575364112854
1991-05-15,11021400,4.287036895751953,4.185184955596924,4.30555534362793,4.092592716217041,2.563371419906616
1991-05-14,5419800,4.3240742683410645,4.287036895751953,4.3240742683410645,4.277777671813965,2.62575364112854
1991-05-13,4410000,4.370370388031006,4.3240742683410645,4.379629611968994,4.314815044403076,2.6484384536743164
1991-05-10,5540400,4.44444465637207,4.342592716217041,4.462963104248047,4.333333492279053,2.6597816944122314
1991-05-09,4460700,4.351851940155029,4.44444465637207,4.44444465637207,4.342592716217041,2.722165107727051
1991-05-08,5159100,4.296296119689941,4.333333492279053,4.342592716217041,4.259259223937988,2.654109477996826
1991-05-07,3324600,4.398148059844971,4.314815044403076,4.4259257316589355,4.30555534362793,2.642767906188965
1991-05-06,3832200,4.370370388031006,4.379629611968994,4.407407283782959,4.342592716217041,2.682464361190796
1991-05-03,3470400,4.416666507720947,4.370370388031006,4.44444465637207,4.361111164093018,2.676793098449707
1991-05-02,6021300,4.435184955596924,4.416666507720947,4.481481552124023,4.398148059844971,2.7051503658294678
1991-05-01,7326000,4.259259223937988,4.388888835906982,4.407407283782959,4.259259223937988,2.688136339187622
1991-04-30,9327900,4.296296119689941,4.259259223937988,4.407407283782959,4.259259223937988,2.608741521835327
1991-04-29,7112100,4.361111164093018,4.296296119689941,4.462963104248047,4.296296119689941,2.6314258575439453
1991-04-26,5292000,4.314815044403076,4.351851940155029,4.361111164093018,4.296296119689941,2.6654529571533203
1991-04-25,6836700,4.361111164093018,4.333333492279053,4.370370388031006,4.30555534362793,2.654109477996826
1991-04-24,8143500,4.351851940155029,4.407407283782959,4.4259257316589355,4.3240742683410645,2.699479103088379
1991-04-23,7405500,4.296296119689941,4.30555534362793,4.314815044403076,4.259259223937988,2.637096405029297
1991-04-22,4921500,4.203703880310059,4.240740776062012,4.25,4.129629611968994,2.5973973274230957
1991-04-19,4941300,4.296296119689941,4.203703880310059,4.296296119689941,4.1759257316589355,2.5747127532958984
1991-04-18,4482000,4.333333492279053,4.287036895751953,4.361111164093018,4.277777671813965,2.62575364112854
1991-04-17,7916400,4.30555534362793,4.361111164093018,4.370370388031006,4.296296119689941,2.6711244583129883
1991-04-16,7119300,4.296296119689941,4.30555534362793,4.30555534362793,4.25,2.637096405029297
1991-04-15,10256700,4.296296119689941,4.287036895751953,4.3240742683410645,4.1759257316589355,2.62575364112854
1991-04-12,23106600,4.185184955596924,4.30555534362793,4.3240742683410645,4.157407283782959,2.637096405029297
1991-04-11,7725600,4.0740742683410645,4.157407283782959,4.185184955596924,4.0740742683410645,2.5463576316833496
1991-04-10,6129000,4.064815044403076,4.064815044403076,4.101851940155029,4.05555534362793,2.4896461963653564
1991-04-09,7439400,4.111111164093018,4.046296119689941,4.1759257316589355,4.037036895751953,2.4783036708831787
1991-04-08,4908900,4.037036895751953,4.092592716217041,4.101851940155029,4.037036895751953,2.5066592693328857
1991-04-05,6048000,4.1759257316589355,4.037036895751953,4.1759257316589355,4.0,2.472632646560669
1991-04-04,4390500,4.19444465637207,4.157407283782959,4.19444465637207,4.138888835906982,2.5463576316833496
1991-04-03,8353800,4.222222328186035,4.157407283782959,4.25,4.148148059844971,2.5463576316833496
1991-04-02,4782600,4.0,4.111111164093018,4.111111164093018,3.935185194015503,2.5180017948150635
1991-04-01,3218700,4.0,3.9629628658294678,4.018518447875977,3.9259259700775146,2.4272634983062744
1991-03-28,3679500,4.018518447875977,4.0,4.037036895751953,3.9629628658294678,2.4499473571777344
1991-03-27,5405700,4.018518447875977,4.009259223937988,4.046296119689941,3.972222328186035,2.4556193351745605
1991-03-26,6426000,3.8611111640930176,3.9814815521240234,3.9814815521240234,3.8333332538604736,2.4386050701141357
1991-03-25,7353000,3.814814805984497,3.8611111640930176,3.870370388031006,3.7037036418914795,2.364880084991455
1991-03-22,6053400,3.694444417953491,3.777777671813965,3.8333332538604736,3.685185194015503,2.313840627670288
1991-03-21,4087800,3.657407522201538,3.6666667461395264,3.7037036418914795,3.6481480598449707,2.2457847595214844
1991-03-20,9826200,3.620370388031006,3.6111111640930176,3.6481480598449707,3.5740740299224854,2.211759328842163
1991-03-19,5812500,3.6759259700775146,3.657407522201538,3.6759259700775146,3.6018519401550293,2.2401137351989746
1991-03-18,4764900,3.685185194015503,3.694444417953491,3.722222328186035,3.6666667461395264,2.262799024581909
1991-03-15,7111800,3.7685184478759766,3.685185194015503,3.7685184478759766,3.657407522201538,2.257127046585083
1991-03-14,5488500,3.805555582046509,3.7314815521240234,3.8240740299224854,3.685185194015503,2.2854831218719482
1991-03-13,5545800,3.6481480598449707,3.7685184478759766,3.7685184478759766,3.6481480598449707,2.3081681728363037
1991-03-12,10603800,3.7129628658294678,3.6481480598449707,3.75,3.6388888359069824,2.234443187713623
1991-03-11,2527500,3.7962963581085205,3.7314815521240234,3.814814805984497,3.722222328186035,2.2854831218719482
1991-03-08,4887000,3.8518519401550293,3.7685184478759766,3.8888888359069824,3.7592592239379883,2.3081681728363037
1991-03-07,3315600,3.8518519401550293,3.8518519401550293,3.870370388031006,3.814814805984497,2.359208345413208
1991-03-06,7849800,3.879629611968994,3.8611111640930176,3.907407522201538,3.8518519401550293,2.3585405349731445
1991-03-05,8492400,3.7407407760620117,3.8333332538604736,3.842592477798462,3.6666667461395264,2.3415729999542236
1991-03-04,7792500,3.620370388031006,3.6759259700775146,3.722222328186035,3.620370388031006,2.245422124862671
1991-03-01,5151900,3.5833332538604736,3.620370388031006,3.6388888359069824,3.5740740299224854,2.2114858627319336
1991-02-28,3857700,3.694444417953491,3.6111111640930176,3.7037036418914795,3.6018519401550293,2.205829381942749
1991-02-27,10213500,3.592592477798462,3.6666667461395264,3.685185194015503,3.5833332538604736,2.239764928817749
1991-02-26,5202300,3.6111111640930176,3.592592477798462,3.629629611968994,3.5833332538604736,2.1945180892944336
1991-02-25,11939700,3.7037036418914795,3.629629611968994,3.7592592239379883,3.5740740299224854,2.2171413898468018
1991-02-22,21931500,3.435185194015503,3.6759259700775146,3.694444417953491,3.3888888359069824,2.245422124862671
1991-02-21,9990300,3.4814815521240234,3.4259259700775146,3.5185184478759766,3.4259259700775146,2.09270977973938
1991-02-20,8492400,3.6759259700775146,3.555555582046509,3.694444417953491,3.5462963581085205,2.171893835067749
1991-02-19,8157600,3.620370388031006,3.685185194015503,3.7037036418914795,3.592592477798462,2.25107741355896
1991-02-15,8454600,3.555555582046509,3.629629611968994,3.657407522201538,3.5370371341705322,2.2171413898468018
1991-02-14,9250200,3.564814805984497,3.4814815521240234,3.5740740299224854,3.444444417953491,2.1266462802886963
1991-02-13,5913000,3.5,3.555555582046509,3.5740740299224854,3.472222328186035,2.171893835067749
1991-02-12,10600500,3.5370371341705322,3.5185184478759766,3.592592477798462,3.4907407760620117,2.1492693424224854
1991-02-11,11383200,3.435185194015503,3.564814805984497,3.6018519401550293,3.4166667461395264,2.1775498390197754
1991-02-08,8966100,3.407407522201538,3.407407522201538,3.4259259700775146,3.3611111640930176,2.0813980102539062
1991-02-07,19868700,3.444444417953491,3.4629628658294678,3.620370388031006,3.407407522201538,2.1153340339660645
1991-02-06,11482500,3.2870371341705322,3.3888888359069824,3.407407522201538,3.2685184478759766,2.070087194442749
1991-02-05,8399100,3.2129628658294678,3.2870371341705322,3.2870371341705322,3.185185194015503,2.00787091255188
1991-02-04,7025400,3.194444417953491,3.2037036418914795,3.2314815521240234,3.157407522201538,1.956966757774353
1991-02-01,17116200,3.194444417953491,3.1759259700775146,3.2129628658294678,3.120370388031006,1.9399981498718262
1991-01-31,6791400,3.2592592239379883,3.2037036418914795,3.2685184478759766,3.2037036418914795,1.956966757774353
1991-01-30,9030900,3.1388888359069824,3.2870371341705322,3.2870371341705322,3.1388888359069824,2.00787091255188
1991-01-29,6593700,3.1388888359069824,3.129629611968994,3.1481480598449707,3.0833332538604736,1.9117196798324585
1991-01-28,3632400,3.185185194015503,3.157407522201538,3.2129628658294678,3.157407522201538,1.9286870956420898
1991-01-25,18613800,3.2129628658294678,3.222222328186035,3.2685184478759766,3.185185194015503,1.968279480934143
1991-01-24,16279200,3.1018519401550293,3.2407407760620117,3.2685184478759766,3.1018519401550293,1.979590654373169
1991-01-23,6487500,3.0370371341705322,3.0833332538604736,3.1018519401550293,3.0,1.8834383487701416
1991-01-22,3873900,3.027777671813965,3.0185184478759766,3.0740740299224854,3.0185184478759766,1.8438475131988525
1991-01-21,4736100,2.9629628658294678,3.0462963581085205,3.0462963581085205,2.9537036418914795,1.8608156442642212
1991-01-18,10596900,3.0,3.0185184478759766,3.0370371341705322,2.944444417953491,1.8438475131988525
1991-01-17,19796400,3.055555582046509,2.9814815521240234,3.064814805984497,2.972222328186035,1.8212229013442993
1991-01-16,6123600,2.7962963581085205,2.8611111640930176,2.9259259700775146,2.777777671813965,1.747695803642273
1991-01-15,4897800,2.722222328186035,2.7962963581085205,2.7962963581085205,2.7037036418914795,1.708103895187378
1991-01-14,5709900,2.629629611968994,2.7407407760620117,2.7407407760620117,2.6111111640930176,1.6741682291030884
1991-01-11,4260600,2.694444417953491,2.722222328186035,2.722222328186035,2.685185194015503,1.662857174873352
1991-01-10,4217400,2.6666667461395264,2.7037036418914795,2.722222328186035,2.6388888359069824,1.6515443325042725
1991-01-09,11525700,2.6666667461395264,2.620370388031006,2.7407407760620117,2.6018519401550293,1.6006399393081665
1991-01-08,11331300,2.629629611968994,2.6111111640930176,2.6481480598449707,2.564814805984497,1.594984769821167
1991-01-07,8040900,2.75,2.6759259700775146,2.75,2.6666667461395264,1.634576678276062
1991-01-04,7140900,2.7685184478759766,2.777777671813965,2.7870371341705322,2.7314815521240234,1.6967910528182983
1991-01-03,8211600,2.8240740299224854,2.7685184478759766,2.842592477798462,2.7685184478759766,1.6911356449127197
1991-01-02,4514400,2.8518519401550293,2.8240740299224854,2.879629611968994,2.814814805984497,1.7250720262527466
1990-12-31,2523900,2.8240740299224854,2.8611111640930176,2.879629611968994,2.814814805984497,1.747695803642273
1990-12-28,2174400,2.8240740299224854,2.8333332538604736,2.907407522201538,2.814814805984497,1.7307275533676147
1990-12-27,2043300,2.8888888359069824,2.842592477798462,2.8888888359069824,2.842592477798462,1.736383080482483
1990-12-26,1425900,2.8611111640930176,2.8888888359069824,2.8888888359069824,2.8518519401550293,1.7646645307540894
1990-12-24,1184700,2.879629611968994,2.8518519401550293,2.879629611968994,2.842592477798462,1.7420400381088257
1990-12-21,7657500,2.8981480598449707,2.8981480598449707,2.907407522201538,2.879629611968994,1.7703193426132202
1990-12-20,8312700,2.8611111640930176,2.879629611968994,2.8981480598449707,2.8333332538604736,1.7590082883834839
1990-12-19,9232200,2.8888888359069824,2.907407522201538,2.935185194015503,2.8888888359069824,1.775976300239563
1990-12-18,4811400,2.7870371341705322,2.8518519401550293,2.870370388031006,2.777777671813965,1.7420400381088257
1990-12-17,3645300,2.7962963581085205,2.777777671813965,2.7962963581085205,2.7592592239379883,1.6967910528182983
1990-12-14,4975500,2.7592592239379883,2.7962963581085205,2.7962963581085205,2.7314815521240234,1.708103895187378
1990-12-13,4725300,2.805555582046509,2.777777671813965,2.870370388031006,2.777777671813965,1.6967910528182983
1990-12-12,8503200,2.777777671813965,2.7962963581085205,2.805555582046509,2.7592592239379883,1.708103895187378
1990-12-11,5331900,2.777777671813965,2.777777671813965,2.8240740299224854,2.7685184478759766,1.6967910528182983
1990-12-10,4222800,2.805555582046509,2.8333332538604736,2.8518519401550293,2.7870371341705322,1.7307275533676147
1990-12-07,7056000,2.8611111640930176,2.814814805984497,2.870370388031006,2.777777671813965,1.7194157838821411
1990-12-06,13280700,3.0370371341705322,2.842592477798462,3.0370371341705322,2.7962963581085205,1.736383080482483
1990-12-05,7471800,2.8518519401550293,2.8888888359069824,2.9259259700775146,2.814814805984497,1.7646645307540894
1990-12-04,11403000,2.7962963581085205,2.842592477798462,2.870370388031006,2.7870371341705322,1.736383080482483
1990-12-03,17226000,2.7037036418914795,2.7962963581085205,2.8333332538604736,2.694444417953491,1.708103895187378
1990-11-30,7257900,2.564814805984497,2.6481480598449707,2.6666667461395264,2.5185184478759766,1.6176079511642456
1990-11-29,5103300,2.5833332538604736,2.5740740299224854,2.620370388031006,2.564814805984497,1.5723607540130615
1990-11-28,8807700,2.564814805984497,2.5740740299224854,2.592592477798462,2.555555582046509,1.5723607540130615
1990-11-27,7085100,2.5462963581085205,2.527777671813965,2.5740740299224854,2.5092592239379883,1.544080138206482
1990-11-26,7633800,2.4814815521240234,2.5370371341705322,2.5462963581085205,2.379629611968994,1.5497374534606934
1990-11-23,2462400,2.564814805984497,2.5,2.5740740299224854,2.5,1.5207905769348145
1990-11-21,10333800,2.6666667461395264,2.564814805984497,2.6759259700775146,2.5,1.5602190494537354
1990-11-20,9768900,2.6666667461395264,2.6666667461395264,2.694444417953491,2.6481480598449707,1.6221765279769897
1990-11-19,9028800,2.6111111640930176,2.6666667461395264,2.685185194015503,2.592592477798462,1.6221765279769897
1990-11-16,7166100,2.564814805984497,2.592592477798462,2.592592477798462,2.5,1.5771162509918213
1990-11-15,7783500,2.5833332538604736,2.555555582046509,2.620370388031006,2.555555582046509,1.5545856952667236
1990-11-14,20773800,2.5,2.6111111640930176,2.6481480598449707,2.4907407760620117,1.588381052017212
1990-11-13,12432900,2.4537036418914795,2.4907407760620117,2.5185184478759766,2.435185194015503,1.5151584148406982
1990-11-12,11095200,2.4259259700775146,2.4259259700775146,2.444444417953491,2.3888888359069824,1.4757298231124878
1990-11-09,8118300,2.25,2.370370388031006,2.370370388031006,2.25,1.4419349431991577
1990-11-08,4725300,2.222222328186035,2.25,2.277777671813965,2.194444417953491,1.3687114715576172
1990-11-07,11475300,2.277777671813965,2.222222328186035,2.277777671813965,2.185185194015503,1.3518129587173462
1990-11-06,8991300,2.3888888359069824,2.314814805984497,2.407407522201538,2.305555582046509,1.4081393480300903
1990-11-05,7736400,2.277777671813965,2.370370388031006,2.370370388031006,2.277777671813965,1.4419349431991577
1990-11-02,5659500,2.157407522201538,2.2592592239379883,2.2685184478759766,2.157407522201538,1.3743442296981812
1990-11-01,5760000,2.185185194015503,2.157407522201538,2.185185194015503,2.120370388031006,1.3123854398727417
1990-10-31,6334200,2.2037036418914795,2.1759259700775146,2.2129628658294678,2.1759259700775146,1.3236511945724487
1990-10-30,7718700,2.120370388031006,2.2037036418914795,2.2037036418914795,2.092592477798462,1.3405492305755615
1990-10-29,7486500,2.222222328186035,2.1481480598449707,2.2407407760620117,2.092592477798462,1.3067535161972046
1990-10-26,4762800,2.277777671813965,2.222222328186035,2.2870371341705322,2.222222328186035,1.3518129587173462
1990-10-25,6528900,2.2962963581085205,2.3240740299224854,2.3240740299224854,2.222222328186035,1.413772702217102
1990-10-24,4460400,2.314814805984497,2.277777671813965,2.314814805984497,2.2407407760620117,1.3856091499328613
1990-10-23,6507000,2.314814805984497,2.314814805984497,2.3518519401550293,2.277777671813965,1.4081393480300903
1990-10-22,10505100,2.2314815521240234,2.3333332538604736,2.342592477798462,2.222222328186035,1.4194047451019287
1990-10-19,10974900,2.2407407760620117,2.2314815521240234,2.25,2.194444417953491,1.3574466705322266
1990-10-18,7787100,2.055555582046509,2.157407522201538,2.157407522201538,2.055555582046509,1.3123854398727417
1990-10-17,8130600,2.0092592239379883,2.0740740299224854,2.1111111640930176,2.0,1.2616928815841675
1990-10-16,4716300,2.0185184478759766,2.0185184478759766,2.0462963581085205,2.0,1.2278972864151
1990-10-15,9930900,2.129629611968994,2.027777671813965,2.157407522201538,2.0185184478759766,1.2335301637649536
1990-10-12,9412500,2.092592477798462,2.129629611968994,2.1481480598449707,2.0370371341705322,1.2954883575439453
1990-10-11,10933200,2.0370371341705322,2.0740740299224854,2.0740740299224854,2.0092592239379883,1.2616928815841675
1990-10-10,14740200,2.027777671813965,2.0462963581085205,2.092592477798462,2.0,1.244795560836792
1990-10-09,29478900,2.222222328186035,2.0370371341705322,2.222222328186035,1.9814814329147339,1.239162564277649
1990-10-08,7049100,2.2870371341705322,2.222222328186035,2.2962963581085205,2.2129628658294678,1.3518129587173462
1990-10-05,8913600,2.222222328186035,2.2592592239379883,2.305555582046509,2.185185194015503,1.3743442296981812
1990-10-04,7270500,2.305555582046509,2.2962963581085205,2.3333332538604736,2.25,1.3968745470046997
1990-10-03,5653800,2.4166667461395264,2.314814805984497,2.435185194015503,2.305555582046509,1.4081393480300903
1990-10-02,13367100,2.5,2.4259259700775146,2.527777671813965,2.407407522201538,1.4757298231124878
1990-10-01,13249800,2.277777671813965,2.3888888359069824,2.4259259700775146,2.277777671813965,1.4531997442245483
1990-09-28,12044100,2.1759259700775146,2.25,2.3240740299224854,2.1481480598449707,1.3687114715576172
1990-09-27,10929900,2.2962963581085205,2.2129628658294678,2.314814805984497,2.185185194015503,1.3461809158325195
1990-09-26,5637900,2.2962963581085205,2.2685184478759766,2.314814805984497,2.222222328186035,1.379976749420166
1990-09-25,7050600,2.305555582046509,2.305555582046509,2.314814805984497,2.2592592239379883,1.4025073051452637
1990-09-24,6814800,2.3333332538604736,2.2870371341705322,2.3333332538604736,2.2685184478759766,1.391241192817688
1990-09-21,7061400,2.407407522201538,2.342592477798462,2.4166667461395264,2.314814805984497,1.425036907196045
1990-09-20,5627100,2.4629628658294678,2.3888888359069824,2.4629628658294678,2.370370388031006,1.4531997442245483
1990-09-19,5585700,2.5185184478759766,2.5092592239379883,2.5185184478759766,2.4907407760620117,1.5264232158660889
1990-09-18,5124600,2.444444417953491,2.4907407760620117,2.4907407760620117,2.407407522201538,1.5151584148406982
1990-09-17,3683100,2.407407522201538,2.4629628658294678,2.472222328186035,2.3888888359069824,1.4982599020004272
1990-09-14,6383100,2.3981480598449707,2.407407522201538,2.4166667461395264,2.370370388031006,1.4644650220870972
1990-09-13,4833000,2.435185194015503,2.4166667461395264,2.4814815521240234,2.379629611968994,1.4700976610183716
1990-09-12,9570900,2.407407522201538,2.444444417953491,2.444444417953491,2.3518519401550293,1.4869946241378784
1990-09-11,12249300,2.5092592239379883,2.4166667461395264,2.5092592239379883,2.407407522201538,1.4700976610183716
1990-09-10,7273800,2.555555582046509,2.5092592239379883,2.5740740299224854,2.4907407760620117,1.5264232158660889
1990-09-07,8564700,2.4814815521240234,2.5,2.5370371341705322,2.4814815521240234,1.5207905769348145
1990-09-06,6296700,2.564814805984497,2.5,2.564814805984497,2.4537036418914795,1.5207905769348145
1990-09-05,7072200,2.5833332538604736,2.5833332538604736,2.6111111640930176,2.564814805984497,1.571482539176941
1990-09-04,4530600,2.4814815521240234,2.592592477798462,2.592592477798462,2.472222328186035,1.5771162509918213
1990-08-31,4035900,2.5092592239379883,2.5092592239379883,2.5092592239379883,2.4537036418914795,1.5264232158660889
1990-08-30,4406400,2.6111111640930176,2.5092592239379883,2.6111111640930176,2.4907407760620117,1.5264232158660889
1990-08-29,11754000,2.5740740299224854,2.6111111640930176,2.6388888359069824,2.5462963581085205,1.588381052017212
1990-08-28,9191100,2.5,2.564814805984497,2.5740740299224854,2.472222328186035,1.5602190494537354
1990-08-27,12992700,2.4629628658294678,2.5092592239379883,2.5092592239379883,2.3981480598449707,1.5264232158660889
1990-08-24,15984000,2.222222328186035,2.314814805984497,2.3333332538604736,2.194444417953491,1.4081393480300903
1990-08-23,19029900,2.2037036418914795,2.120370388031006,2.2129628658294678,2.120370388031006,1.2898560762405396
1990-08-22,9658800,2.314814805984497,2.2592592239379883,2.370370388031006,2.25,1.3680481910705566
1990-08-21,23175000,2.2592592239379883,2.2962963581085205,2.3611111640930176,2.2037036418914795,1.3904749155044556
1990-08-20,14427000,2.5,2.370370388031006,2.5185184478759766,2.370370388031006,1.4353294372558594
1990-08-17,13681800,2.4814815521240234,2.5092592239379883,2.555555582046509,2.4537036418914795,1.5194300413131714
1990-08-16,4568700,2.7314815521240234,2.5833332538604736,2.7314815521240234,2.5740740299224854,1.5642846822738647
1990-08-15,12675900,2.722222328186035,2.75,2.777777671813965,2.7037036418914795,1.6652063131332397
1990-08-14,6348600,2.685185194015503,2.6666667461395264,2.7314815521240234,2.6666667461395264,1.614744782447815
1990-08-13,8521200,2.555555582046509,2.6481480598449707,2.657407522201538,2.5370371341705322,1.6035315990447998
1990-08-10,6050100,2.657407522201538,2.555555582046509,2.6666667461395264,2.5185184478759766,1.54746413230896
1990-08-09,6494400,2.592592477798462,2.629629611968994,2.6388888359069824,2.5370371341705322,1.5923187732696533
1990-08-08,9639000,2.4814815521240234,2.5740740299224854,2.5833332538604736,2.4814815521240234,1.5586774349212646
1990-08-07,17353800,2.5185184478759766,2.472222328186035,2.5370371341705322,2.407407522201538,1.4970030784606934
1990-08-06,12287100,2.4537036418914795,2.444444417953491,2.5,2.370370388031006,1.4801828861236572
1990-08-03,14293800,2.629629611968994,2.592592477798462,2.629629611968994,2.5092592239379883,1.5698906183242798
1990-08-02,11109900,2.564814805984497,2.6481480598449707,2.6759259700775146,2.564814805984497,1.6035315990447998
1990-08-01,18277200,2.527777671813965,2.7129628658294678,2.722222328186035,2.5092592239379883,1.6427785158157349
1990-07-31,9806700,2.6388888359069824,2.5370371341705322,2.6666667461395264,2.5370371341705322,1.5362507104873657
1990-07-30,12486900,2.722222328186035,2.6481480598449707,2.722222328186035,2.6018519401550293,1.6035315990447998
1990-07-27,4896000,2.8518519401550293,2.722222328186035,2.8518519401550293,2.722222328186035,1.6483858823776245
1990-07-26,4865700,2.814814805984497,2.8518519401550293,2.879629611968994,2.6666667461395264,1.726880669593811
1990-07-25,3144900,2.7962963581085205,2.805555582046509,2.8518519401550293,2.7870371341705322,1.698846459388733
1990-07-24,7718700,2.814814805984497,2.805555582046509,2.8240740299224854,2.7129628658294678,1.698846459388733
1990-07-23,23220000,2.8888888359069824,2.8240740299224854,2.8888888359069824,2.5185184478759766,1.7100598812103271
1990-07-20,5896800,2.9629628658294678,2.9537036418914795,2.9907407760620117,2.9259259700775146,1.7885547876358032
1990-07-19,9732900,2.8518519401550293,2.972222328186035,2.972222328186035,2.8518519401550293,1.7997685670852661
1990-07-18,10776600,3.0462963581085205,2.935185194015503,3.0740740299224854,2.9259259700775146,1.777341365814209
1990-07-17,5572800,3.222222328186035,3.0833332538604736,3.222222328186035,3.0462963581085205,1.8670495748519897
1990-07-16,5524200,3.157407522201538,3.2314815521240234,3.2314815521240234,3.1388888359069824,1.956756591796875
1990-07-13,6140100,3.1666667461395264,3.1481480598449707,3.185185194015503,3.1388888359069824,1.9000296592712402
1990-07-12,11685600,3.0185184478759766,3.120370388031006,3.129629611968994,3.0092592239379883,1.8832646608352661
1990-07-11,8327100,2.944444417953491,3.0,3.0740740299224854,2.935185194015503,1.8106154203414917
1990-07-10,5662800,2.9629628658294678,2.9629628658294678,2.9814815521240234,2.935185194015503,1.7882624864578247
1990-07-09,8532000,2.907407522201538,2.9629628658294678,2.9629628658294678,2.907407522201538,1.7882624864578247
1990-07-06,7072200,2.842592477798462,2.907407522201538,2.9166667461395264,2.842592477798462,1.7547314167022705
1990-07-05,6071700,2.790123462677002,2.8456790447235107,2.8518519401550293,2.765432119369507,1.7174774408340454
1990-07-03,3151800,2.8580245971679688,2.814814805984497,2.8580245971679688,2.802469253540039,1.6988499164581299
1990-07-02,2300400,2.8518519401550293,2.8580245971679688,2.8580245971679688,2.839506149291992,1.7249279022216797
1990-06-29,6127200,2.8888888359069824,2.8518519401550293,2.8888888359069824,2.814814805984497,1.7212029695510864
1990-06-28,7471800,2.895061731338501,2.8888888359069824,2.9012346267700195,2.8580245971679688,1.7435561418533325
1990-06-27,5679000,2.8518519401550293,2.8765432834625244,2.8888888359069824,2.8333332538604736,1.7361044883728027
1990-06-26,6723300,2.8518519401550293,2.8456790447235107,2.870370388031006,2.8209877014160156,1.7174774408340454
1990-06-25,8816400,2.9259259700775146,2.8456790447235107,2.932098865509033,2.790123462677002,1.7174774408340454
1990-06-22,4487700,3.0061728954315186,2.9506173133850098,3.0308642387390137,2.9382715225219727,1.7808122634887695
1990-06-21,5337300,2.9629628658294678,3.012345790863037,3.012345790863037,2.919753074645996,1.818067193031311
1990-06-20,11894400,3.012345790863037,2.9629628658294678,3.012345790863037,2.9567902088165283,1.7882624864578247
1990-06-19,7076100,2.9506173133850098,2.9691357612609863,2.9814815521240234,2.9135801792144775,1.791987657546997
1990-06-18,6410100,2.987654209136963,2.9691357612609863,3.0185184478759766,2.9567902088165283,1.791987657546997
1990-06-15,5848500,3.080246925354004,3.024691343307495,3.080246925354004,3.0061728954315186,1.825518012046814
1990-06-14,5974500,3.1111111640930176,3.0740740299224854,3.1111111640930176,3.0308642387390137,1.8553225994110107
1990-06-13,10740900,3.012345790863037,3.0370371341705322,3.080246925354004,3.0061728954315186,1.8329687118530273
1990-06-12,9538500,2.9506173133850098,3.012345790863037,3.012345790863037,2.944444417953491,1.818067193031311
1990-06-11,6917400,2.765432119369507,2.9012346267700195,2.907407522201538,2.765432119369507,1.7510075569152832
1990-06-08,14029500,2.839506149291992,2.802469253540039,2.8456790447235107,2.7037036418914795,1.6913985013961792
1990-06-07,7201800,2.8765432834625244,2.8333332538604736,2.8888888359069824,2.8333332538604736,1.710025668144226
1990-06-06,9911100,2.9382715225219727,2.8888888359069824,2.944444417953491,2.839506149291992,1.7435561418533325
1990-06-05,4244700,3.024691343307495,2.9629628658294678,3.024691343307495,2.9567902088165283,1.7882624864578247
1990-06-04,7752600,3.0185184478759766,3.0185184478759766,3.0370371341705322,3.0,1.821792483329773
1990-06-01,8974800,3.024691343307495,3.024691343307495,3.0493826866149902,2.987654209136963,1.825518012046814
1990-05-31,11178000,3.0,2.9938271045684814,3.0432097911834717,2.987654209136963,1.806890606880188
1990-05-30,8271000,2.9629628658294678,2.9567902088165283,2.987654209136963,2.944444417953491,1.7845369577407837
1990-05-29,10506600,2.8456790447235107,2.9382715225219727,2.9567902088165283,2.8456790447235107,1.773361086845398
1990-05-25,2309400,2.8888888359069824,2.8580245971679688,2.8888888359069824,2.8518519401550293,1.7249279022216797
1990-05-24,3531900,2.919753074645996,2.9012346267700195,2.9259259700775146,2.882715940475464,1.7510075569152832
1990-05-23,5195100,2.8888888359069824,2.895061731338501,2.9382715225219727,2.8641974925994873,1.7472810745239258
1990-05-22,9194400,2.9938271045684814,2.8888888359069824,2.9938271045684814,2.8641974925994873,1.7435561418533325
1990-05-21,12655800,2.8086419105529785,2.9012346267700195,2.907407522201538,2.7839505672454834,1.7510075569152832
1990-05-18,10846800,2.722222328186035,2.790123462677002,2.8456790447235107,2.722222328186035,1.6839475631713867
1990-05-17,7938300,2.6543209552764893,2.7283949851989746,2.7283949851989746,2.6543209552764893,1.646692156791687
1990-05-16,7108500,2.6111111640930176,2.6234567165374756,2.660493850708008,2.604938268661499,1.5833568572998047
1990-05-15,9108000,2.580246925354004,2.5987653732299805,2.604938268661499,2.567901134490967,1.5684553384780884
1990-05-14,18354900,2.5061728954315186,2.5740740299224854,2.6234567165374756,2.5061728954315186,1.5535534620285034
1990-05-11,7617600,2.4938271045684814,2.512345790863037,2.512345790863037,2.4814815521240234,1.516297698020935
1990-05-10,10765800,2.4506173133850098,2.4629628658294678,2.4814815521240234,2.419753074645996,1.4864940643310547
1990-05-09,6100200,2.4814815521240234,2.4629628658294678,2.5061728954315186,2.4629628658294678,1.4864940643310547
1990-05-08,5168100,2.5432097911834717,2.5308642387390137,2.5617284774780273,2.512345790863037,1.527474045753479
1990-05-07,14094300,2.475308656692505,2.5432097911834717,2.5432097911834717,2.4691357612609863,1.5349254608154297
1990-05-04,8119800,2.444444417953491,2.475308656692505,2.487654209136963,2.444444417953491,1.4939444065093994
1990-05-03,5304900,2.419753074645996,2.432098865509033,2.432098865509033,2.395061731338501,1.4678654670715332
1990-05-02,7007400,2.3765432834625244,2.407407522201538,2.407407522201538,2.3765432834625244,1.4529637098312378
1990-05-01,3758700,2.3580245971679688,2.3641974925994873,2.3641974925994873,2.3209877014160156,1.4268848896026611
1990-04-30,5950800,2.234567880630493,2.3086419105529785,2.3086419105529785,2.234567880630493,1.3933542966842651
1990-04-27,5614200,2.2716050148010254,2.2469136714935303,2.2716050148010254,2.2469136714935303,1.3560991287231445
1990-04-26,2442900,2.2716050148010254,2.265432119369507,2.2839505672454834,2.2469136714935303,1.367275595664978
1990-04-25,2494800,2.2469136714935303,2.2592592239379883,2.2716050148010254,2.2469136714935303,1.3635504245758057
1990-04-24,2948400,2.234567880630493,2.2407407760620117,2.2469136714935303,2.222222328186035,1.3523732423782349
1990-04-23,7112100,2.2469136714935303,2.2283949851989746,2.2530863285064697,2.197530746459961,1.3449230194091797
1990-04-20,6312900,2.3209877014160156,2.2716050148010254,2.3209877014160156,2.2469136714935303,1.3710013628005981
1990-04-19,6561300,2.234567880630493,2.2962963581085205,2.3086419105529785,2.222222328186035,1.3859034776687622
1990-04-18,3531900,2.302469253540039,2.2530863285064697,2.302469253540039,2.2407407760620117,1.3598240613937378
1990-04-17,4543500,2.302469253540039,2.290123462677002,2.302469253540039,2.2716050148010254,1.3821781873703003
1990-04-16,4831200,2.3333332538604736,2.314814805984497,2.3888888359069824,2.3086419105529785,1.3970798254013062
1990-04-12,2554500,2.314814805984497,2.3209877014160156,2.327160596847534,2.3086419105529785,1.400806188583374
1990-04-11,3731400,2.3333332538604736,2.314814805984497,2.3456790447235107,2.3086419105529785,1.3970798254013062
1990-04-10,3251100,2.314814805984497,2.3333332538604736,2.339506149291992,2.314814805984497,1.4082571268081665
1990-04-09,6228300,2.3086419105529785,2.3333332538604736,2.3456790447235107,2.2962963581085205,1.4082571268081665
1990-04-06,5592600,2.3518519401550293,2.327160596847534,2.3580245971679688,2.3209877014160156,1.404531478881836
1990-04-05,5929500,2.3086419105529785,2.314814805984497,2.327160596847534,2.302469253540039,1.3970798254013062
1990-04-04,3243600,2.314814805984497,2.290123462677002,2.327160596847534,2.2839505672454834,1.3821781873703003
1990-04-03,5378400,2.2716050148010254,2.314814805984497,2.3209877014160156,2.2716050148010254,1.3970798254013062
1990-04-02,4897800,2.234567880630493,2.2592592239379883,2.2592592239379883,2.2283949851989746,1.3635504245758057
1990-03-30,1348200,2.265432119369507,2.2592592239379883,2.265432119369507,2.234567880630493,1.3635504245758057
1990-03-29,3839400,2.2839505672454834,2.265432119369507,2.2839505672454834,2.2530863285064697,1.367275595664978
1990-03-28,4397700,2.302469253540039,2.2839505672454834,2.302469253540039,2.2530863285064697,1.3784524202346802
1990-03-27,4674600,2.3086419105529785,2.314814805984497,2.327160596847534,2.2839505672454834,1.3970798254013062
1990-03-26,6310800,2.290123462677002,2.3086419105529785,2.3333332538604736,2.290123462677002,1.3933542966842651
1990-03-23,6503700,2.2283949851989746,2.2530863285064697,2.2716050148010254,2.2283949851989746,1.3598240613937378
1990-03-22,5508000,2.2407407760620117,2.1913580894470215,2.2407407760620117,2.160493850708008,1.3225696086883545
1990-03-21,8262300,2.2962963581085205,2.2407407760620117,2.302469253540039,2.234567880630493,1.3523732423782349
1990-03-20,10569900,2.2716050148010254,2.265432119369507,2.3086419105529785,2.2469136714935303,1.367275595664978
1990-03-19,11907300,2.2037036418914795,2.302469253540039,2.314814805984497,2.197530746459961,1.3896288871765137
1990-03-16,11890800,2.197530746459961,2.2037036418914795,2.2160494327545166,2.172839403152466,1.3300201892852783
1990-03-15,8836500,2.1358025074005127,2.172839403152466,2.1790122985839844,2.1358025074005127,1.3113927841186523
1990-03-14,4755600,2.1234567165374756,2.1358025074005127,2.1419754028320312,2.117284059524536,1.2890397310256958
1990-03-13,4244400,2.1481480598449707,2.1234567165374756,2.160493850708008,2.104938268661499,1.2815885543823242
1990-03-12,2649600,2.1358025074005127,2.160493850708008,2.160493850708008,2.1111111640930176,1.3039417266845703
1990-03-09,6003000,2.1358025074005127,2.1419754028320312,2.1543209552764893,2.117284059524536,1.292764663696289
1990-03-08,10587600,2.1481480598449707,2.1666667461395264,2.185185194015503,2.104938268661499,1.307666301727295
1990-03-07,13907100,2.055555582046509,2.1666667461395264,2.1666667461395264,2.0493826866149902,1.307666301727295
1990-03-06,10339200,1.9876543283462524,2.055555582046509,2.0617284774780273,1.9876543283462524,1.2406072616577148
1990-03-05,3670200,1.9567900896072388,1.9814814329147339,2.0,1.9567900896072388,1.1959000825881958
1990-03-02,3184200,1.9629629850387573,1.9691357612609863,1.9753086566925049,1.9567900896072388,1.1884492635726929
1990-03-01,6570000,1.9691357612609863,1.9691357612609863,1.9691357612609863,1.9567900896072388,1.1884492635726929
1990-02-28,8991300,1.9320987462997437,1.9629629850387573,1.9938271045684814,1.9320987462997437,1.184723973274231
1990-02-27,9808500,1.8765431642532349,1.9382716417312622,1.9444444179534912,1.8641974925994873,1.1698213815689087
1990-02-26,3656100,1.8209877014160156,1.8765431642532349,1.8827160596847534,1.814814805984497,1.1325663328170776
1990-02-23,2763000,1.8271604776382446,1.808642029762268,1.8333333730697632,1.7839505672454834,1.091585636138916
1990-02-22,6201300,1.8641974925994873,1.8641974925994873,1.8888888359069824,1.8395061492919922,1.1251153945922852
1990-02-21,3571500,1.7654321193695068,1.8209877014160156,1.8209877014160156,1.7407407760620117,1.0949623584747314
1990-02-20,4309500,1.7839505672454834,1.7654321193695068,1.7839505672454834,1.7345678806304932,1.0615569353103638
1990-02-16,2741400,1.8271604776382446,1.796296238899231,1.8518518209457397,1.790123462677002,1.0801148414611816
1990-02-15,3269100,1.8271604776382446,1.8271604776382446,1.8395061492919922,1.814814805984497,1.0986744165420532
1990-02-14,3378600,1.8271604776382446,1.8271604776382446,1.8641974925994873,1.8209877014160156,1.0986744165420532
1990-02-13,2624700,1.8333333730697632,1.8209877014160156,1.8333333730697632,1.814814805984497,1.0949623584747314
1990-02-12,2054100,1.8580247163772583,1.8209877014160156,1.8580247163772583,1.814814805984497,1.0949623584747314
1990-02-09,4883700,1.8271604776382446,1.8580247163772583,1.8703703880310059,1.814814805984497,1.1172324419021606
1990-02-08,4491000,1.8827160596847534,1.8333333730697632,1.8827160596847534,1.8271604776382446,1.102386236190796
1990-02-07,6195900,1.8209877014160156,1.8765431642532349,1.8888888359069824,1.814814805984497,1.1283682584762573
1990-02-06,4662300,1.8271604776382446,1.8271604776382446,1.8333333730697632,1.796296238899231,1.0986744165420532
1990-02-05,3949500,1.796296238899231,1.8209877014160156,1.8395061492919922,1.796296238899231,1.0949623584747314
1990-02-02,7221900,1.7222222089767456,1.796296238899231,1.8209877014160156,1.7222222089767456,1.0801148414611816
1990-02-01,3475800,1.7469135522842407,1.7407407760620117,1.7530864477157593,1.7222222089767456,1.0467101335525513
1990-01-31,8605800,1.7160494327545166,1.7345678806304932,1.7345678806304932,1.703703761100769,1.0429983139038086
1990-01-30,10829100,1.7654321193695068,1.7283951044082642,1.7716048955917358,1.703703761100769,1.039286494255066
1990-01-29,6661800,1.8024691343307495,1.7777777910232544,1.808642029762268,1.7407407760620117,1.0689806938171387
1990-01-26,5067300,1.8271604776382446,1.808642029762268,1.8518518209457397,1.7716048955917358,1.0875389575958252
1990-01-25,3438000,1.8765431642532349,1.8271604776382446,1.8827160596847534,1.8209877014160156,1.0986744165420532
1990-01-24,5790900,1.8024691343307495,1.8827160596847534,1.8827160596847534,1.7839505672454834,1.132079839706421
1990-01-23,5130300,1.8518518209457397,1.8827160596847534,1.9074074029922485,1.8518518209457397,1.132079839706421
1990-01-22,5589300,1.9012346267700195,1.8518518209457397,1.9012346267700195,1.8271604776382446,1.1135215759277344
1990-01-19,7034400,1.8765431642532349,1.895061731338501,1.913580298423767,1.8765431642532349,1.1395031213760376
1990-01-18,5972700,1.7777777910232544,1.8641974925994873,1.8641974925994873,1.7716048955917358,1.1209449768066406
1990-01-17,8642100,1.7654321193695068,1.8024691343307495,1.8271604776382446,1.7592592239379883,1.083827018737793
1990-01-16,4581300,1.7160494327545166,1.7530864477157593,1.7592592239379883,1.7160494327545166,1.054133415222168
1990-01-15,2968200,1.7407407760620117,1.7283951044082642,1.7469135522842407,1.703703761100769,1.039286494255066
1990-01-12,2376300,1.796296238899231,1.7469135522842407,1.808642029762268,1.7222222089767456,1.0504220724105835
1990-01-11,1098300,1.8271604776382446,1.814814805984497,1.8333333730697632,1.808642029762268,1.0912508964538574
1990-01-10,1890300,1.790123462677002,1.8024691343307495,1.8024691343307495,1.7654321193695068,1.083827018737793
1990-01-09,1854300,1.8395061492919922,1.790123462677002,1.8395061492919922,1.790123462677002,1.0764044523239136
1990-01-08,1454700,1.8456790447235107,1.8395061492919922,1.8518518209457397,1.8333333730697632,1.10609769821167
1990-01-05,2781300,1.8827160596847534,1.8580247163772583,1.8827160596847534,1.8518518209457397,1.1172324419021606
1990-01-04,3182700,1.8641974925994873,1.8827160596847534,1.8888888359069824,1.8580247163772583,1.132079839706421
1990-01-03,5589300,1.8765431642532349,1.8703703880310059,1.8888888359069824,1.8518518209457397,1.1246566772460938
1990-01-02,6204900,1.814814805984497,1.8641974925994873,1.8641974925994873,1.796296238899231,1.1209449768066406
1989-12-29,3472200,1.790123462677002,1.808642029762268,1.8271604776382446,1.7777777910232544,1.0875389575958252
1989-12-28,4847400,1.7407407760620117,1.7777777910232544,1.7777777910232544,1.7345678806304932,1.0689806938171387
1989-12-27,2386800,1.7283951044082642,1.7407407760620117,1.7530864477157593,1.7160494327545166,1.0467101335525513
1989-12-26,1560600,1.7345678806304932,1.7222222089767456,1.7469135522842407,1.709876537322998,1.0355746746063232
1989-12-22,1778700,1.7222222089767456,1.7345678806304932,1.7407407760620117,1.7222222089767456,1.0429983139038086
1989-12-21,4552200,1.703703761100769,1.709876537322998,1.7222222089767456,1.703703761100769,1.028151273727417
1989-12-20,3859200,1.6790122985839844,1.6728395223617554,1.685185194015503,1.6666666269302368,1.0058811902999878
1989-12-19,6499800,1.685185194015503,1.6728395223617554,1.685185194015503,1.6481481790542603,1.0058811902999878
1989-12-18,4997100,1.7592592239379883,1.685185194015503,1.7654321193695068,1.6790122985839844,1.0133038759231567
1989-12-15,3409500,1.7716048955917358,1.7592592239379883,1.7716048955917358,1.7469135522842407,1.0578454732894897
1989-12-14,2889000,1.7407407760620117,1.7469135522842407,1.7469135522842407,1.7283951044082642,1.0504220724105835
1989-12-13,3427200,1.7222222089767456,1.7345678806304932,1.7530864477157593,1.709876537322998,1.0429983139038086
1989-12-12,4345200,1.7592592239379883,1.7160494327545166,1.7592592239379883,1.691357970237732,1.0318630933761597
1989-12-11,1332000,1.7654321193695068,1.7530864477157593,1.7716048955917358,1.7530864477157593,1.054133415222168
1989-12-08,2122500,1.790123462677002,1.7716048955917358,1.814814805984497,1.7592592239379883,1.065269112586975
1989-12-07,1011900,1.796296238899231,1.790123462677002,1.8024691343307495,1.7839505672454834,1.0764044523239136
1989-12-06,3119400,1.8024691343307495,1.790123462677002,1.8024691343307495,1.7839505672454834,1.0764044523239136
1989-12-05,2329500,1.808642029762268,1.796296238899231,1.814814805984497,1.790123462677002,1.0801148414611816
1989-12-04,3243600,1.8333333730697632,1.808642029762268,1.8580247163772583,1.808642029762268,1.0875389575958252
1989-12-01,5313900,1.814814805984497,1.8456790447235107,1.8518518209457397,1.808642029762268,1.1098095178604126
1989-11-30,4763100,1.8271604776382446,1.814814805984497,1.8271604776382446,1.8024691343307495,1.0912508964538574
1989-11-29,2316900,1.8641974925994873,1.808642029762268,1.8641974925994873,1.8024691343307495,1.0875389575958252
1989-11-28,8249400,1.8888888359069824,1.8703703880310059,1.895061731338501,1.8641974925994873,1.1246566772460938
1989-11-27,3297600,1.8580247163772583,1.8827160596847534,1.895061731338501,1.8518518209457397,1.132079839706421
1989-11-24,1445400,1.796296238899231,1.8456790447235107,1.8580247163772583,1.796296238899231,1.1098095178604126
1989-11-22,1042200,1.7839505672454834,1.796296238899231,1.808642029762268,1.7839505672454834,1.0801148414611816
1989-11-21,3211200,1.8024691343307495,1.796296238899231,1.8024691343307495,1.7839505672454834,1.0760564804077148
1989-11-20,2894700,1.7592592239379883,1.8024691343307495,1.808642029762268,1.7592592239379883,1.0797542333602905
1989-11-17,3245400,1.7716048955917358,1.7592592239379883,1.7777777910232544,1.7592592239379883,1.0538705587387085
1989-11-16,3715200,1.7654321193695068,1.7654321193695068,1.796296238899231,1.7592592239379883,1.0575681924819946
1989-11-15,1782000,1.7345678806304932,1.7592592239379883,1.7592592239379883,1.7345678806304932,1.0538705587387085
1989-11-14,5596500,1.7283951044082642,1.7345678806304932,1.7592592239379883,1.7283951044082642,1.039078712463379
1989-11-13,1544400,1.7407407760620117,1.7407407760620117,1.7530864477157593,1.7283951044082642,1.0427765846252441
1989-11-10,2117100,1.7283951044082642,1.7407407760620117,1.7407407760620117,1.7222222089767456,1.0427765846252441
1989-11-09,2732700,1.7283951044082642,1.7283951044082642,1.7283951044082642,1.709876537322998,1.0353814363479614
1989-11-08,2280900,1.703703761100769,1.7160494327545166,1.7407407760620117,1.6975308656692505,1.0279854536056519
1989-11-07,3159300,1.685185194015503,1.691357970237732,1.709876537322998,1.6666666269302368,1.0131944417953491
1989-11-06,2932500,1.703703761100769,1.685185194015503,1.7345678806304932,1.685185194015503,1.0094962120056152
1989-11-03,1495800,1.6975308656692505,1.703703761100769,1.7160494327545166,1.6975308656692505,1.0205899477005005
1989-11-02,5794500,1.6975308656692505,1.703703761100769,1.7222222089767456,1.6975308656692505,1.0205899477005005
1989-11-01,3733500,1.6790122985839844,1.6975308656692505,1.6975308656692505,1.6790122985839844,1.0168917179107666
1989-10-31,3645000,1.6543209552764893,1.6666666269302368,1.6666666269302368,1.6543209552764893,0.9984027743339539
1989-10-30,3713400,1.6543209552764893,1.6419752836227417,1.6604938507080078,1.6296296119689941,0.983612060546875
1989-10-27,5560200,1.6728395223617554,1.6543209552764893,1.691357970237732,1.6481481790542603,0.9910075068473816
1989-10-26,1888200,1.6790122985839844,1.6790122985839844,1.6975308656692505,1.6604938507080078,1.0057990550994873
1989-10-25,3283500,1.7160494327545166,1.685185194015503,1.7160494327545166,1.685185194015503,1.0094962120056152
1989-10-24,3519000,1.7160494327545166,1.7160494327545166,1.7160494327545166,1.6790122985839844,1.0279854536056519
1989-10-23,2117100,1.7345678806304932,1.7160494327545166,1.7407407760620117,1.709876537322998,1.0279854536056519
1989-10-20,1920600,1.7530864477157593,1.7345678806304932,1.7592592239379883,1.7283951044082642,1.039078712463379
1989-10-19,2684100,1.7530864477157593,1.7530864477157593,1.7716048955917358,1.7407407760620117,1.0501725673675537
1989-10-18,6005100,1.7222222089767456,1.7407407760620117,1.7469135522842407,1.703703761100769,1.0427765846252441
1989-10-17,5180700,1.7469135522842407,1.7222222089767456,1.7469135522842407,1.6975308656692505,1.0316834449768066
1989-10-16,15913800,1.5185185670852661,1.7407407760620117,1.7407407760620117,1.4938271045684814,1.0427765846252441
1989-10-13,5610600,1.7777777910232544,1.6543209552764893,1.7777777910232544,1.6419752836227417,0.9910075068473816
1989-10-12,1902900,1.8024691343307495,1.7777777910232544,1.8024691343307495,1.7716048955917358,1.064963698387146
1989-10-11,3661200,1.8271604776382446,1.796296238899231,1.8333333730697632,1.7839505672454834,1.0760564804077148
1989-10-10,3467100,1.8456790447235107,1.8271604776382446,1.8518518209457397,1.8209877014160156,1.094545602798462
1989-10-09,972300,1.8518518209457397,1.8456790447235107,1.8518518209457397,1.8333333730697632,1.105638861656189
1989-10-06,1706400,1.8518518209457397,1.8518518209457397,1.8641974925994873,1.8395061492919922,1.1093370914459229
1989-10-05,3425700,1.8641974925994873,1.8518518209457397,1.8827160596847534,1.8271604776382446,1.1093370914459229
1989-10-04,5848500,1.8024691343307495,1.8641974925994873,1.8765431642532349,1.796296238899231,1.1167324781417847
1989-10-03,5630400,1.7592592239379883,1.790123462677002,1.790123462677002,1.7530864477157593,1.0723599195480347
1989-10-02,1693800,1.7654321193695068,1.7592592239379883,1.7654321193695068,1.7407407760620117,1.0538705587387085
1989-09-29,2700300,1.709876537322998,1.7222222089767456,1.7222222089767456,1.6975308656692505,1.0316834449768066
1989-09-28,4034100,1.7160494327545166,1.709876537322998,1.7283951044082642,1.6975308656692505,1.0242880582809448
1989-09-27,1080300,1.6728395223617554,1.703703761100769,1.709876537322998,1.6728395223617554,1.0205899477005005
1989-09-26,2536200,1.7160494327545166,1.6790122985839844,1.7222222089767456,1.6790122985839844,1.0057990550994873
1989-09-25,1315800,1.691357970237732,1.691357970237732,1.6975308656692505,1.6790122985839844,1.0131944417953491
1989-09-22,3454200,1.7160494327545166,1.709876537322998,1.7160494327545166,1.685185194015503,1.0242880582809448
1989-09-21,2786400,1.7469135522842407,1.709876537322998,1.7592592239379883,1.6790122985839844,1.0242880582809448
1989-09-20,4775700,1.7345678806304932,1.7345678806304932,1.7469135522842407,1.7283951044082642,1.039078712463379
1989-09-19,3117900,1.6975308656692505,1.7222222089767456,1.7283951044082642,1.6790122985839844,1.0316834449768066
1989-09-18,2912700,1.6728395223617554,1.6975308656692505,1.703703761100769,1.6543209552764893,1.0168917179107666
1989-09-15,5929500,1.5925925970077515,1.6728395223617554,1.685185194015503,1.5925925970077515,1.002100944519043
1989-09-14,3218700,1.6543209552764893,1.6172839403152466,1.6543209552764893,1.6111111640930176,0.9688206911087036
1989-09-13,3119400,1.685185194015503,1.6481481790542603,1.6975308656692505,1.6358025074005127,0.9873092174530029
1989-09-12,2327700,1.6790122985839844,1.6790122985839844,1.691357970237732,1.6666666269302368,1.0057990550994873
1989-09-11,5373300,1.7160494327545166,1.6790122985839844,1.7222222089767456,1.6790122985839844,1.0057990550994873
1989-09-08,4600800,1.685185194015503,1.691357970237732,1.6975308656692505,1.6419752836227417,1.0131944417953491
1989-09-07,2899800,1.703703761100769,1.685185194015503,1.703703761100769,1.685185194015503,1.0094962120056152
1989-09-06,3375000,1.7345678806304932,1.703703761100769,1.7407407760620117,1.685185194015503,1.0205899477005005
1989-09-05,3184200,1.7654321193695068,1.7407407760620117,1.7716048955917358,1.7283951044082642,1.0427765846252441
1989-09-01,2729100,1.7592592239379883,1.7654321193695068,1.7654321193695068,1.7469135522842407,1.0575681924819946
1989-08-31,4800600,1.7222222089767456,1.7592592239379883,1.7777777910232544,1.7160494327545166,1.0538705587387085
1989-08-30,3909600,1.703703761100769,1.703703761100769,1.7407407760620117,1.691357970237732,1.0205899477005005
1989-08-29,5545800,1.703703761100769,1.703703761100769,1.7283951044082642,1.691357970237732,1.0205899477005005
1989-08-28,2684100,1.685185194015503,1.703703761100769,1.7222222089767456,1.685185194015503,1.0205899477005005
1989-08-25,3539100,1.709876537322998,1.6975308656692505,1.7222222089767456,1.691357970237732,1.0168917179107666
1989-08-24,5128200,1.703703761100769,1.7160494327545166,1.7160494327545166,1.685185194015503,1.0239415168762207
1989-08-23,6804300,1.691357970237732,1.691357970237732,1.6975308656692505,1.6728395223617554,1.0092096328735352
1989-08-22,7986900,1.6296296119689941,1.6975308656692505,1.703703761100769,1.6296296119689941,1.0128921270370483
1989-08-21,2698200,1.6728395223617554,1.6296296119689941,1.6790122985839844,1.6296296119689941,0.9723766446113586
1989-08-18,4449900,1.6358025074005127,1.6728395223617554,1.6790122985839844,1.6358025074005127,0.998159646987915
1989-08-17,4042800,1.604938268661499,1.6358025074005127,1.6358025074005127,1.5987653732299805,0.9760602712631226
1989-08-16,6015600,1.586419701576233,1.5987653732299805,1.604938268661499,1.586419701576233,0.9539604187011719
1989-08-15,4512600,1.5617283582687378,1.586419701576233,1.586419701576233,1.5555555820465088,0.94659423828125
1989-08-14,2862300,1.5432099103927612,1.5617283582687378,1.580246925354004,1.5370370149612427,0.9318609833717346
1989-08-11,1814700,1.580246925354004,1.5555555820465088,1.604938268661499,1.5370370149612427,0.9281778335571289
1989-08-10,1445400,1.5555555820465088,1.5679012537002563,1.580246925354004,1.5493826866149902,0.9355438351631165
1989-08-09,4196100,1.5555555820465088,1.5555555820465088,1.580246925354004,1.5555555820465088,0.9281778335571289
1989-08-08,3780000,1.5493826866149902,1.5617283582687378,1.5679012537002563,1.5308642387390137,0.9318609833717346
1989-08-07,8753400,1.5617283582687378,1.5617283582687378,1.580246925354004,1.5432099103927612,0.9318609833717346
1989-08-04,2750700,1.5555555820465088,1.5555555820465088,1.5555555820465088,1.5370370149612427,0.9281778335571289
1989-08-03,4903500,1.5679012537002563,1.5555555820465088,1.5679012537002563,1.5493826866149902,0.9281778335571289
1989-08-02,3256500,1.5493826866149902,1.5679012537002563,1.5679012537002563,1.5370370149612427,0.9355438351631165
1989-08-01,5549400,1.5679012537002563,1.5493826866149902,1.5740740299224854,1.5370370149612427,0.924494206905365
1989-07-31,6064200,1.5185185670852661,1.5432099103927612,1.5432099103927612,1.5061728954315186,0.9208110570907593
1989-07-28,3852300,1.4691357612609863,1.4938271045684814,1.5370370149612427,1.4691357612609863,0.8913456797599792
1989-07-27,3515400,1.4259259700775146,1.4629629850387573,1.4691357612609863,1.4074074029922485,0.8729287981987
1989-07-26,3067200,1.4320987462997437,1.419753074645996,1.4382716417312622,1.395061731338501,0.8471463918685913
1989-07-25,2532600,1.4382716417312622,1.4320987462997437,1.4506173133850098,1.4259259700775146,0.8545125126838684
1989-07-24,2341800,1.419753074645996,1.4320987462997437,1.4629629850387573,1.419753074645996,0.8545125126838684
1989-07-21,1908300,1.4012346267700195,1.419753074645996,1.419753074645996,1.395061731338501,0.8471463918685913
1989-07-20,1481700,1.4382716417312622,1.395061731338501,1.4382716417312622,1.395061731338501,0.8324130177497864
1989-07-19,3467100,1.4012346267700195,1.4320987462997437,1.4444444179534912,1.3888888359069824,0.8545125126838684
1989-07-18,1271100,1.3827160596847534,1.3888888359069824,1.3888888359069824,1.3765431642532349,0.8287298083305359
1989-07-17,4057500,1.3456790447235107,1.3888888359069824,1.395061731338501,1.3395061492919922,0.8287298083305359
1989-07-14,4215600,1.3395061492919922,1.3518518209457397,1.3518518209457397,1.3395061492919922,0.806630551815033
1989-07-13,2084700,1.3580247163772583,1.3456790447235107,1.3580247163772583,1.3271604776382446,0.8029468059539795
1989-07-12,2239200,1.3641974925994873,1.3580247163772583,1.3641974925994873,1.3518518209457397,0.8103137016296387
1989-07-11,3150300,1.4012346267700195,1.3641974925994873,1.4074074029922485,1.3580247163772583,0.8139972686767578
1989-07-10,1855800,1.3888888359069824,1.3888888359069824,1.395061731338501,1.3765431642532349,0.8247025609016418
1989-07-07,2653500,1.3641974925994873,1.3765431642532349,1.3827160596847534,1.3580247163772583,0.8173717260360718
1989-07-06,3243600,1.3518518209457397,1.3580247163772583,1.3703703880310059,1.3518518209457397,0.8063759207725525
1989-07-05,3312300,1.3209877014160156,1.3518518209457397,1.3518518209457397,1.308642029762268,0.8027099967002869
1989-07-03,1008000,1.296296238899231,1.3209877014160156,1.3209877014160156,1.2777777910232544,0.7843836545944214
1989-06-30,3664800,1.300411581993103,1.2839505672454834,1.300411581993103,1.2757201194763184,0.7623917460441589
1989-06-29,4325400,1.3292181491851807,1.2921810150146484,1.3292181491851807,1.2921810150146484,0.7672784924507141
1989-06-28,2127600,1.3415638208389282,1.3333333730697632,1.3415638208389282,1.3251029253005981,0.7917143702507019
1989-06-27,4057500,1.3580247163772583,1.3415638208389282,1.3621399402618408,1.3415638208389282,0.7966015338897705
1989-06-26,2054100,1.3744856119155884,1.3580247163772583,1.3744856119155884,1.3539094924926758,0.8063759207725525
1989-06-23,7880700,1.3292181491851807,1.3744856119155884,1.3744856119155884,1.3251029253005981,0.8161503672599792
1989-06-22,4046700,1.3127572536468506,1.3127572536468506,1.316872477531433,1.300411581993103,0.7794966101646423
1989-06-21,4455000,1.3333333730697632,1.3127572536468506,1.3374485969543457,1.3127572536468506,0.7794966101646423
1989-06-20,4385100,1.3415638208389282,1.3292181491851807,1.3539094924926758,1.3292181491851807,0.7892706990242004
1989-06-19,2435400,1.3415638208389282,1.3374485969543457,1.3456790447235107,1.3251029253005981,0.7941576242446899
1989-06-16,6161400,1.3333333730697632,1.3497942686080933,1.3580247163772583,1.3333333730697632,0.8014887571334839
1989-06-15,3042300,1.3621399402618408,1.3580247163772583,1.3621399402618408,1.3539094924926758,0.8063759207725525
1989-06-14,4199400,1.3662551641464233,1.3621399402618408,1.3744856119155884,1.3580247163772583,0.8088193535804749
1989-06-13,2365200,1.378600835800171,1.3662551641464233,1.378600835800171,1.3621399402618408,0.811262845993042
1989-06-12,5952900,1.419753074645996,1.3827160596847534,1.419753074645996,1.378600835800171,0.8210371136665344
1989-06-09,3272700,1.403292179107666,1.419753074645996,1.4362139701843262,1.3991769552230835,0.8430289626121521
1989-06-08,2581200,1.395061731338501,1.411522626876831,1.411522626876831,1.3827160596847534,0.8381419777870178
1989-06-07,2255400,1.4074074029922485,1.386831283569336,1.4156378507614136,1.386831283569336,0.8234809041023254
1989-06-06,4034100,1.4156378507614136,1.411522626876831,1.4238682985305786,1.3744856119155884,0.8381419777870178
1989-06-05,3033000,1.4444444179534912,1.4156378507614136,1.4485596418380737,1.4156378507614136,0.8405859470367432
1989-06-02,5011200,1.4156378507614136,1.4444444179534912,1.4485596418380737,1.4156378507614136,0.8576911687850952
1989-06-01,14592900,1.3497942686080933,1.411522626876831,1.419753074645996,1.3497942686080933,0.8381419777870178
1989-05-31,4433700,1.3209877014160156,1.3497942686080933,1.3662551641464233,1.316872477531433,0.8014887571334839
1989-05-30,2685900,1.3456790447235107,1.3209877014160156,1.3456790447235107,1.316872477531433,0.7843836545944214
1989-05-26,3924000,1.3251029253005981,1.3456790447235107,1.3456790447235107,1.3251029253005981,0.7990448474884033
1989-05-25,1791000,1.3456790447235107,1.3415638208389282,1.3497942686080933,1.3374485969543457,0.7966015338897705
1989-05-24,3312300,1.3497942686080933,1.3497942686080933,1.3539094924926758,1.3456790447235107,0.8014887571334839
1989-05-23,3537000,1.3703703880310059,1.3539094924926758,1.3703703880310059,1.3456790447235107,0.8039320707321167
1989-05-22,6590100,1.3744856119155884,1.3744856119155884,1.386831283569336,1.3703703880310059,0.8161503672599792
1989-05-19,6791400,1.3662551641464233,1.3662551641464233,1.378600835800171,1.3621399402618408,0.811262845993042
1989-05-18,3985500,1.3415638208389282,1.3662551641464233,1.3662551641464233,1.3374485969543457,0.811262845993042
1989-05-17,6809400,1.2921810150146484,1.3333333730697632,1.3333333730697632,1.288065791130066,0.7917143702507019
1989-05-16,4300500,1.300411581993103,1.288065791130066,1.3127572536468506,1.288065791130066,0.7648350596427917
1989-05-15,1578900,1.316872477531433,1.300411581993103,1.3209877014160156,1.300411581993103,0.7721660733222961
1989-05-12,5745900,1.300411581993103,1.3127572536468506,1.316872477531433,1.296296238899231,0.7794966101646423
1989-05-11,2534700,1.2839505672454834,1.2839505672454834,1.2921810150146484,1.2674896717071533,0.7623917460441589
1989-05-10,3996300,1.2674896717071533,1.2839505672454834,1.2921810150146484,1.2674896717071533,0.7623917460441589
1989-05-09,10837800,1.300411581993103,1.2716048955917358,1.308642029762268,1.2510287761688232,0.7550609707832336
1989-05-08,5322600,1.316872477531433,1.3127572536468506,1.3209877014160156,1.3045268058776855,0.7794966101646423
1989-05-05,6602400,1.316872477531433,1.316872477531433,1.3251029253005981,1.3127572536468506,0.7819404602050781
1989-05-04,10740600,1.308642029762268,1.308642029762268,1.3209877014160156,1.300411581993103,0.7770529389381409
1989-05-03,2498400,1.3456790447235107,1.3333333730697632,1.3456790447235107,1.3251029253005981,0.7917143702507019
1989-05-02,6051600,1.3374485969543457,1.3415638208389282,1.3662551641464233,1.3374485969543457,0.7966015338897705
1989-05-01,2243100,1.3127572536468506,1.3292181491851807,1.3292181491851807,1.3127572536468506,0.7892706990242004
1989-04-28,3067200,1.316872477531433,1.3209877014160156,1.3209877014160156,1.3127572536468506,0.7843836545944214
1989-04-27,3645300,1.3045268058776855,1.316872477531433,1.316872477531433,1.3045268058776855,0.7819404602050781
1989-04-26,1944300,1.3045268058776855,1.3045268058776855,1.308642029762268,1.300411581993103,0.7746093273162842
1989-04-25,1749600,1.3127572536468506,1.3045268058776855,1.316872477531433,1.3045268058776855,0.7746093273162842
1989-04-24,2910900,1.3127572536468506,1.3045268058776855,1.3127572536468506,1.296296238899231,0.7746093273162842
1989-04-21,3616200,1.2757201194763184,1.3127572536468506,1.3127572536468506,1.2757201194763184,0.7794966101646423
1989-04-20,3524400,1.2921810150146484,1.2798353433609009,1.296296238899231,1.2633744478225708,0.7599479556083679
1989-04-19,4366800,1.2510287761688232,1.296296238899231,1.300411581993103,1.2510287761688232,0.7697224617004395
1989-04-18,3087000,1.2510287761688232,1.2551440000534058,1.2592592239379883,1.2427983283996582,0.7452868223190308
1989-04-17,2079000,1.2510287761688232,1.2427983283996582,1.2551440000534058,1.2386831045150757,0.7379562854766846
1989-04-14,6395700,1.2386831045150757,1.2469135522842407,1.2592592239379883,1.2345678806304932,0.7403993010520935
1989-04-13,2268000,1.2263374328613281,1.2222222089767456,1.2304526567459106,1.2222222089767456,0.7257382273674011
1989-04-12,4484100,1.2263374328613281,1.2345678806304932,1.2386831045150757,1.218106985092163,0.7330688834190369
1989-04-11,2903400,1.2139917612075806,1.2222222089767456,1.2222222089767456,1.209876537322998,0.7257382273674011
1989-04-10,3542700,1.201646089553833,1.2057613134384155,1.2222222089767456,1.1893004179000854,0.715964138507843
1989-04-07,3267300,1.1810699701309204,1.1975308656692505,1.2139917612075806,1.176954746246338,0.7110766768455505
1989-04-06,6512400,1.193415641784668,1.1893004179000854,1.1975308656692505,1.1810699701309204,0.7061899304389954
1989-04-05,2514600,1.2057613134384155,1.2057613134384155,1.218106985092163,1.2057613134384155,0.715964138507843
1989-04-04,5645100,1.218106985092163,1.209876537322998,1.2222222089767456,1.2057613134384155,0.7184075117111206
1989-04-03,3846900,1.193415641784668,1.218106985092163,1.218106985092163,1.1893004179000854,0.7232945561408997
1989-03-31,4284300,1.1893004179000854,1.193415641784668,1.2057613134384155,1.185185194015503,0.708633303642273
1989-03-30,5092200,1.1728395223617554,1.1810699701309204,1.185185194015503,1.1687242984771729,0.701302707195282
1989-03-29,4332900,1.1604938507080078,1.176954746246338,1.1810699701309204,1.1604938507080078,0.6988593339920044
1989-03-28,3078300,1.1399177312850952,1.1604938507080078,1.1604938507080078,1.1399177312850952,0.6890845894813538
1989-03-27,2284200,1.1152263879776,1.1358025074005127,1.1358025074005127,1.1152263879776,0.6744235157966614
1989-03-23,3677400,1.1111111640930176,1.1111111640930176,1.1234568357467651,1.1111111640930176,0.659761905670166
1989-03-22,1677600,1.1275720596313477,1.1111111640930176,1.1316872835159302,1.1111111640930176,0.659761905670166
1989-03-21,5297700,1.1399177312850952,1.1358025074005127,1.1399177312850952,1.106995940208435,0.6744235157966614
1989-03-20,2543700,1.1399177312850952,1.1358025074005127,1.1440329551696777,1.1234568357467651,0.6744235157966614
1989-03-17,4896000,1.1522634029388428,1.1481481790542603,1.1604938507080078,1.1399177312850952,0.6817539930343628
1989-03-16,10443900,1.1152263879776,1.1810699701309204,1.1893004179000854,1.1152263879776,0.701302707195282
1989-03-15,16974300,1.1234568357467651,1.1193416118621826,1.1234568357467651,1.094650149345398,0.6646494269371033
1989-03-14,16516800,1.1522634029388428,1.1152263879776,1.1522634029388428,1.1111111640930176,0.6622054576873779
1989-03-13,3972600,1.1522634029388428,1.1687242984771729,1.1810699701309204,1.1522634029388428,0.693972110748291
1989-03-10,2981100,1.1358025074005127,1.1440329551696777,1.1440329551696777,1.1234568357467651,0.6793107390403748
1989-03-09,3832200,1.1440329551696777,1.1440329551696777,1.1522634029388428,1.1399177312850952,0.6766384243965149
1989-03-08,3099600,1.1440329551696777,1.1399177312850952,1.1563786268234253,1.1358025074005127,0.6742044687271118
1989-03-07,4433700,1.1522634029388428,1.1358025074005127,1.1563786268234253,1.1358025074005127,0.6717706322669983
1989-03-06,6167100,1.1728395223617554,1.1522634029388428,1.1728395223617554,1.1358025074005127,0.6815063953399658
1989-03-03,5140800,1.1563786268234253,1.1687242984771729,1.176954746246338,1.1563786268234253,0.6912421584129333
1989-03-02,2878500,1.1440329551696777,1.1522634029388428,1.1646090745925903,1.1440329551696777,0.6815063953399658
1989-03-01,9423300,1.1563786268234253,1.1481481790542603,1.1728395223617554,1.1440329551696777,0.679072380065918
1989-02-28,10879200,1.0987653732299805,1.1440329551696777,1.1522634029388428,1.0987653732299805,0.6766384243965149
1989-02-27,3463500,1.0905349254608154,1.1028807163238525,1.106995940208435,1.086419701576233,0.6522990465164185
1989-02-24,6908700,1.1111111640930176,1.086419701576233,1.1152263879776,1.0823044776916504,0.6425631642341614
1989-02-23,6645600,1.0699588060379028,1.1193416118621826,1.1193416118621826,1.0699588060379028,0.662034809589386
1989-02-22,5443500,1.1152263879776,1.0740740299224854,1.1152263879776,1.0699588060379028,0.635261058807373
1989-02-21,2617200,1.1152263879776,1.1193416118621826,1.1193416118621826,1.106995940208435,0.662034809589386
1989-02-17,6458700,1.1028807163238525,1.1193416118621826,1.1234568357467651,1.1028807163238525,0.662034809589386
1989-02-16,6172200,1.0576131343841553,1.0905349254608154,1.094650149345398,1.0576131343841553,0.6449971795082092
1989-02-15,3240000,1.0658435821533203,1.0576131343841553,1.0658435821533203,1.0493826866149902,0.6255254745483398
1989-02-14,5511600,1.0411522388458252,1.0658435821533203,1.0740740299224854,1.0370370149612427,0.630393385887146
1989-02-13,3474300,1.0576131343841553,1.0370370149612427,1.0576131343841553,1.0370370149612427,0.6133558750152588
1989-02-10,5022300,1.086419701576233,1.0576131343841553,1.0905349254608154,1.0534979104995728,0.6255254745483398
1989-02-09,6310800,1.0823044776916504,1.0987653732299805,1.1152263879776,1.0781892538070679,0.6498649716377258
1989-02-08,2295300,1.1111111640930176,1.0905349254608154,1.1152263879776,1.0905349254608154,0.6449971795082092
1989-02-07,7981500,1.086419701576233,1.1152263879776,1.1152263879776,1.086419701576233,0.6596006751060486
1989-02-06,3907800,1.1028807163238525,1.086419701576233,1.106995940208435,1.0781892538070679,0.6425631642341614
1989-02-03,16346100,1.0534979104995728,1.106995940208435,1.1152263879776,1.0534979104995728,0.6547328233718872
1989-02-02,4964700,1.0246913433074951,1.0534979104995728,1.0699588060379028,1.0205761194229126,0.6230915784835815
1989-02-01,3072900,1.0205761194229126,1.0205761194229126,1.0411522388458252,1.0205761194229126,0.6036198735237122
1989-01-31,2648100,1.008230447769165,1.0246913433074951,1.0329217910766602,0.991769552230835,0.6060542464256287
1989-01-30,2595600,1.0123456716537476,1.008230447769165,1.0205761194229126,1.0,0.5963180065155029
1989-01-27,11863800,0.9794238805770874,1.0041152238845825,1.0370370149612427,0.9711934328079224,0.5938842296600342
1989-01-26,9597900,0.9547325372695923,0.9711934328079224,0.9794238805770874,0.9506173133850098,0.5744126439094543
1989-01-25,9126000,0.9753086566925049,0.9547325372695923,0.9753086566925049,0.9465020298957825,0.564676821231842
1989-01-24,2680500,0.9670782089233398,0.9711934328079224,0.9835391044616699,0.9588477611541748,0.5744126439094543
1989-01-23,3670200,0.9876543283462524,0.9629629850387573,0.9876543283462524,0.9629629850387573,0.5695444941520691
1989-01-20,2631900,0.9958847761154175,0.9876543283462524,1.0,0.9835391044616699,0.5841482877731323
1989-01-19,3304800,0.9958847761154175,0.9958847761154175,1.0,0.9876543283462524,0.5890161395072937
1989-01-18,3348300,0.9958847761154175,0.9876543283462524,1.0,0.9835391044616699,0.5841482877731323
1989-01-17,1323300,1.0041152238845825,0.9958847761154175,1.008230447769165,0.991769552230835,0.5890161395072937
1989-01-16,1587600,1.0205761194229126,1.008230447769165,1.0205761194229126,1.008230447769165,0.5963180065155029
1989-01-13,4921500,1.0,1.01646089553833,1.0205761194229126,1.0,0.6011860370635986
1989-01-12,4678500,0.991769552230835,1.0,1.0123456716537476,0.9876543283462524,0.5914504528045654
1989-01-11,3421800,0.9876543283462524,0.991769552230835,0.9958847761154175,0.9876543283462524,0.5865822434425354
1989-01-10,1738800,1.0,0.991769552230835,1.0041152238845825,0.9835391044616699,0.5865822434425354
1989-01-09,3224100,1.0123456716537476,0.9958847761154175,1.0123456716537476,0.991769552230835,0.5890161395072937
1989-01-06,2462400,1.0123456716537476,1.008230447769165,1.0246913433074951,1.0041152238845825,0.5963180065155029
1989-01-05,4071600,1.0329217910766602,1.0205761194229126,1.0411522388458252,1.0205761194229126,0.6036198735237122
1989-01-04,4010400,1.01646089553833,1.0329217910766602,1.0329217910766602,1.0041152238845825,0.6109213829040527
1989-01-03,4106100,1.0370370149612427,1.0246913433074951,1.0370370149612427,1.0123456716537476,0.6060542464256287
1988-12-30,3348300,1.0411522388458252,1.0411522388458252,1.0534979104995728,1.0329217910766602,0.6157897710800171
1988-12-29,2462400,1.01646089553833,1.0329217910766602,1.0411522388458252,1.01646089553833,0.6109213829040527
1988-12-28,5313900,1.0041152238845825,1.01646089553833,1.0246913433074951,0.9958847761154175,0.6011860370635986
1988-12-27,2194500,0.9958847761154175,1.0,1.0041152238845825,0.991769552230835,0.5914504528045654
1988-12-23,851400,0.9958847761154175,1.0,1.0041152238845825,0.991769552230835,0.5914504528045654
1988-12-22,2559600,1.0205761194229126,1.0041152238845825,1.0205761194229126,1.0,0.5938842296600342
1988-12-21,5832300,1.01646089553833,1.01646089553833,1.0246913433074951,1.0041152238845825,0.6011860370635986
1988-12-20,3747600,1.0205761194229126,1.0205761194229126,1.0329217910766602,1.0205761194229126,0.6036198735237122
1988-12-19,3735000,0.991769552230835,1.0,1.0123456716537476,0.9876543283462524,0.5914504528045654
1988-12-16,8670600,0.9794238805770874,0.991769552230835,0.9958847761154175,0.9711934328079224,0.5865822434425354
1988-12-15,7630200,0.9753086566925049,0.9629629850387573,0.9794238805770874,0.9423868060112,0.5695444941520691
1988-12-14,8888700,0.9835391044616699,0.9794238805770874,0.9876543283462524,0.9711934328079224,0.5792807340621948
1988-12-13,4816800,0.9835391044616699,0.9835391044616699,0.9876543283462524,0.9794238805770874,0.5817139744758606
1988-12-12,3553200,1.0123456716537476,0.991769552230835,1.0123456716537476,0.991769552230835,0.5865822434425354
1988-12-09,2167500,1.0205761194229126,1.01646089553833,1.0288065671920776,1.0123456716537476,0.6011860370635986
1988-12-08,2599500,1.0205761194229126,1.0246913433074951,1.0288065671920776,1.0123456716537476,0.6060542464256287
1988-12-07,3488400,1.008230447769165,1.0205761194229126,1.0205761194229126,1.008230447769165,0.6036198735237122
1988-12-06,4527300,1.008230447769165,1.0123456716537476,1.0123456716537476,1.0041152238845825,0.5960906744003296
1988-12-05,5151600,1.0123456716537476,1.01646089553833,1.0246913433074951,1.008230447769165,0.598513662815094
1988-12-02,6480300,0.9753086566925049,1.008230447769165,1.008230447769165,0.9711934328079224,0.5936675071716309
1988-12-01,2054100,0.9876543283462524,0.9835391044616699,0.9958847761154175,0.9794238805770874,0.5791284441947937
1988-11-30,3823200,0.9876543283462524,0.991769552230835,0.9958847761154175,0.9835391044616699,0.5839747190475464
1988-11-29,6118500,0.9876543283462524,0.991769552230835,1.008230447769165,0.9794238805770874,0.5839747190475464
1988-11-28,5869800,1.0,0.9876543283462524,1.01646089553833,0.9629629850387573,0.581551730632782
1988-11-25,3470400,0.9711934328079224,0.9958847761154175,1.0041152238845825,0.9670782089233398,0.5863978266716003
1988-11-23,2003700,0.9629629850387573,0.9794238805770874,0.9835391044616699,0.9588477611541748,0.5767052173614502
1988-11-22,6161400,0.9547325372695923,0.9629629850387573,0.9629629850387573,0.9465020298957825,0.5670129656791687
1988-11-21,5645100,0.9506173133850098,0.9465020298957825,0.9547325372695923,0.9423868060112,0.5573205351829529
1988-11-18,8748300,0.9629629850387573,0.9547325372695923,0.9629629850387573,0.9423868060112,0.5621668696403503
1988-11-17,7446900,0.9382715821266174,0.9423868060112,0.9506173133850098,0.9300411343574524,0.5548971891403198
1988-11-16,15058800,0.9341563582420349,0.9218106865882874,0.9382715821266174,0.9176954627037048,0.5427814722061157
1988-11-15,5432400,0.9012345671653748,0.9300411343574524,0.9382715821266174,0.9012345671653748,0.5476276874542236
1988-11-14,2775600,0.9012345671653748,0.8971193432807922,0.9053497910499573,0.8847736716270447,0.5282426476478577
1988-11-11,5139000,0.9135802388191223,0.8847736716270447,0.9176954627037048,0.8724279999732971,0.5209735631942749
1988-11-10,3810600,0.9259259104728699,0.9218106865882874,0.9341563582420349,0.9135802388191223,0.5427814722061157
1988-11-09,5869800,0.9176954627037048,0.9259259104728699,0.9259259104728699,0.9094650149345398,0.5452045798301697
1988-11-08,6820500,0.9135802388191223,0.9218106865882874,0.9218106865882874,0.9094650149345398,0.5427814722061157
1988-11-07,4428000,0.9094650149345398,0.9053497910499573,0.9218106865882874,0.9053497910499573,0.5330893397331238
1988-11-04,1593000,0.9094650149345398,0.9135802388191223,0.9218106865882874,0.9053497910499573,0.5379352569580078
1988-11-03,2054100,0.9218106865882874,0.9176954627037048,0.9259259104728699,0.9094650149345398,0.540358304977417
1988-11-02,3000600,0.9341563582420349,0.9218106865882874,0.9341563582420349,0.9053497910499573,0.5427814722061157
1988-11-01,5661300,0.9341563582420349,0.9259259104728699,0.9341563582420349,0.9218106865882874,0.5452045798301697
1988-10-31,3790800,0.9094650149345398,0.9341563582420349,0.9341563582420349,0.9094650149345398,0.5500509142875671
1988-10-28,2941200,0.9094650149345398,0.9135802388191223,0.9218106865882874,0.9094650149345398,0.5379352569580078
1988-10-27,2424900,0.9259259104728699,0.9135802388191223,0.9259259104728699,0.9135802388191223,0.5379352569580078
1988-10-26,2667900,0.9465020298957825,0.9259259104728699,0.9506173133850098,0.9218106865882874,0.5452045798301697
1988-10-25,408600,0.9423868060112,0.9465020298957825,0.9506173133850098,0.9423868060112,0.5573205351829529
1988-10-24,3895500,0.9753086566925049,0.9465020298957825,0.9753086566925049,0.9423868060112,0.5573205351829529
1988-10-21,2856600,0.9753086566925049,0.9753086566925049,0.9876543283462524,0.9711934328079224,0.5742824077606201
1988-10-20,1409700,0.9588477611541748,0.9794238805770874,0.9835391044616699,0.9547325372695923,0.5767052173614502
1988-10-19,3589200,0.9794238805770874,0.9547325372695923,0.9794238805770874,0.9506173133850098,0.5621668696403503
1988-10-18,2441100,0.9506173133850098,0.9794238805770874,0.9794238805770874,0.9382715821266174,0.5767052173614502
1988-10-17,2977500,0.9506173133850098,0.9465020298957825,0.9629629850387573,0.9382715821266174,0.5573205351829529
1988-10-14,5868000,0.9588477611541748,0.9465020298957825,0.9629629850387573,0.9341563582420349,0.5573205351829529
1988-10-13,5578200,0.9300411343574524,0.9588477611541748,0.9629629850387573,0.9300411343574524,0.5645895004272461
1988-10-12,3407400,0.9547325372695923,0.9465020298957825,0.9547325372695923,0.9259259104728699,0.5573205351829529
1988-10-11,2964600,0.9711934328079224,0.9629629850387573,0.9711934328079224,0.9382715821266174,0.5670129656791687
1988-10-10,6748200,0.9506173133850098,0.9794238805770874,0.9876543283462524,0.9341563582420349,0.5767052173614502
1988-10-07,11761500,0.9547325372695923,0.9588477611541748,0.9629629850387573,0.9341563582420349,0.5645895004272461
1988-10-06,2374200,0.8806584477424622,0.9094650149345398,0.9176954627037048,0.8806584477424622,0.535512387752533
1988-10-05,3054600,0.8724279999732971,0.8806584477424622,0.8847736716270447,0.8683127760887146,0.5185503959655762
1988-10-04,2619300,0.8806584477424622,0.8683127760887146,0.8806584477424622,0.8683127760887146,0.5112806558609009
1988-10-03,2972100,0.855967104434967,0.8806584477424622,0.8806584477424622,0.855967104434967,0.5185503959655762
1988-09-30,6901500,0.8765432238578796,0.855967104434967,0.8806584477424622,0.855967104434967,0.5040112733840942
1988-09-29,3396900,0.8641975522041321,0.8806584477424622,0.8847736716270447,0.8641975522041321,0.5185503959655762
1988-09-28,3960300,0.855967104434967,0.8641975522041321,0.8641975522041321,0.8518518805503845,0.5088576078414917
1988-09-27,2284500,0.8724279999732971,0.8641975522041321,0.8724279999732971,0.8600823283195496,0.5088576078414917
1988-09-26,4860300,0.8683127760887146,0.8683127760887146,0.8765432238578796,0.8641975522041321,0.5112806558609009
1988-09-23,2212200,0.8765432238578796,0.8724279999732971,0.8765432238578796,0.8683127760887146,0.5137040019035339
1988-09-22,3650400,0.8765432238578796,0.8806584477424622,0.8806584477424622,0.8683127760887146,0.5185503959655762
1988-09-21,1695900,0.8724279999732971,0.8765432238578796,0.8765432238578796,0.8641975522041321,0.5161271691322327
1988-09-20,3547800,0.8724279999732971,0.8765432238578796,0.8765432238578796,0.8683127760887146,0.5161271691322327
1988-09-19,6690600,0.8888888955116272,0.8765432238578796,0.8888888955116272,0.8683127760887146,0.5161271691322327
1988-09-16,3560700,0.8724279999732971,0.8888888955116272,0.8888888955116272,0.8724279999732971,0.523396372795105
1988-09-15,4235700,0.8724279999732971,0.8683127760887146,0.8847736716270447,0.8683127760887146,0.5112806558609009
1988-09-14,7430700,0.8683127760887146,0.8765432238578796,0.8765432238578796,0.8600823283195496,0.5161271691322327
1988-09-13,8305500,0.8436213731765747,0.8518518805503845,0.855967104434967,0.8395061492919922,0.5015885829925537
1988-09-12,24568200,0.855967104434967,0.8477365970611572,0.855967104434967,0.8353909254074097,0.49916502833366394
1988-09-09,2223000,0.8518518805503845,0.8641975522041321,0.8683127760887146,0.8436213731765747,0.5088576078414917
1988-09-08,6420600,0.8477365970611572,0.855967104434967,0.8683127760887146,0.8436213731765747,0.5040112733840942
1988-09-07,6748200,0.8271604776382446,0.8477365970611572,0.855967104434967,0.8271604776382446,0.49916502833366394
1988-09-06,6869100,0.8106995820999146,0.8189300298690796,0.8230452537536621,0.8106995820999146,0.4822033941745758
1988-09-02,4010400,0.7860082387924194,0.8106995820999146,0.8148148059844971,0.7860082387924194,0.4773569703102112
1988-09-01,2824200,0.7736625671386719,0.7777777910232544,0.7818930149078369,0.7695473432540894,0.45797199010849
1988-08-31,5140800,0.798353910446167,0.7736625671386719,0.8230452537536621,0.7736625671386719,0.4555487334728241
1988-08-30,2721900,0.798353910446167,0.8024691343307495,0.8148148059844971,0.798353910446167,0.4725107252597809
1988-08-29,2653500,0.790123462677002,0.798353910446167,0.798353910446167,0.7818930149078369,0.4674381613731384
1988-08-26,4223100,0.790123462677002,0.7818930149078369,0.7942386865615845,0.7530864477157593,0.4577997922897339
1988-08-25,11626500,0.798353910446167,0.790123462677002,0.798353910446167,0.7736625671386719,0.46261903643608093
1988-08-24,6597000,0.806584358215332,0.806584358215332,0.806584358215332,0.7942386865615845,0.472257137298584
1988-08-23,1182900,0.8148148059844971,0.8106995820999146,0.8148148059844971,0.8106995820999146,0.47466620802879333
1988-08-22,6228300,0.8271604776382446,0.8148148059844971,0.8271604776382446,0.8106995820999146,0.4770757257938385
1988-08-19,2235600,0.8230452537536621,0.8271604776382446,0.8271604776382446,0.8189300298690796,0.4843043386936188
1988-08-18,3438000,0.8353909254074097,0.8230452537536621,0.8395061492919922,0.8230452537536621,0.48189496994018555
1988-08-17,4636800,0.8395061492919922,0.8353909254074097,0.8395061492919922,0.8189300298690796,0.48912328481674194
1988-08-16,6293100,0.8477365970611572,0.8436213731765747,0.855967104434967,0.8353909254074097,0.49394217133522034
1988-08-15,4509000,0.8518518805503845,0.855967104434967,0.855967104434967,0.8312757015228271,0.5011706352233887
1988-08-12,1976400,0.8477365970611572,0.8600823283195496,0.8641975522041321,0.8436213731765747,0.5035801529884338
1988-08-11,2181900,0.8683127760887146,0.8477365970611572,0.8724279999732971,0.8395061492919922,0.49635154008865356
1988-08-10,4411800,0.8847736716270447,0.8641975522041321,0.8888888955116272,0.855967104434967,0.5059895515441895
1988-08-09,6544800,0.8888888955116272,0.8888888955116272,0.8930041193962097,0.8683127760887146,0.5204461216926575
1988-08-08,1778700,0.8930041193962097,0.8930041193962097,0.9135802388191223,0.8930041193962097,0.5228557586669922
1988-08-05,1604100,0.8971193432807922,0.8930041193962097,0.9053497910499573,0.8847736716270447,0.5228557586669922
1988-08-04,3531600,0.9094650149345398,0.9053497910499573,0.9135802388191223,0.9053497910499573,0.5300843119621277
1988-08-03,6507300,0.9053497910499573,0.9135802388191223,0.9176954627037048,0.9012345671653748,0.5349032282829285
1988-08-02,3917100,0.9176954627037048,0.9012345671653748,0.9218106865882874,0.8930041193962097,0.5276748538017273
1988-08-01,6390300,0.9135802388191223,0.9218106865882874,0.9259259104728699,0.9094650149345398,0.5397220253944397
1988-07-29,7538400,0.8683127760887146,0.9094650149345398,0.9094650149345398,0.8683127760887146,0.5324939489364624
1988-07-28,6620700,0.8641975522041321,0.8683127760887146,0.8724279999732971,0.8518518805503845,0.5083988904953003
1988-07-27,5527800,0.8600823283195496,0.855967104434967,0.8765432238578796,0.8518518805503845,0.5011706352233887
1988-07-26,5443200,0.8477365970611572,0.8600823283195496,0.8600823283195496,0.8436213731765747,0.5035801529884338
1988-07-25,2313300,0.8518518805503845,0.8477365970611572,0.8518518805503845,0.8395061492919922,0.49635154008865356
1988-07-22,2932500,0.8806584477424622,0.855967104434967,0.8806584477424622,0.8518518805503845,0.5011706352233887
1988-07-21,13419000,0.8888888955116272,0.8765432238578796,0.8888888955116272,0.8724279999732971,0.5132178664207458
1988-07-20,6469200,0.8971193432807922,0.8930041193962097,0.9012345671653748,0.8847736716270447,0.5228557586669922
1988-07-19,3767400,0.9053497910499573,0.8971193432807922,0.9053497910499573,0.8930041193962097,0.5252655148506165
1988-07-18,3645300,0.9012345671653748,0.9012345671653748,0.9053497910499573,0.8971193432807922,0.5276748538017273
1988-07-15,3965700,0.9135802388191223,0.9053497910499573,0.9135802388191223,0.8971193432807922,0.5300843119621277
1988-07-14,7228800,0.8724279999732971,0.9135802388191223,0.9135802388191223,0.8683127760887146,0.5349032282829285
1988-07-13,4390500,0.8641975522041321,0.8724279999732971,0.8806584477424622,0.8641975522041321,0.5108086466789246
1988-07-12,7218000,0.8888888955116272,0.8683127760887146,0.8888888955116272,0.8600823283195496,0.5083988904953003
1988-07-11,5110500,0.9012345671653748,0.8847736716270447,0.9012345671653748,0.8806584477424622,0.5180370807647705
1988-07-08,8343000,0.8971193432807922,0.8971193432807922,0.9012345671653748,0.8806584477424622,0.5252655148506165
1988-07-07,4743300,0.9094650149345398,0.9094650149345398,0.9176954627037048,0.8971193432807922,0.5324939489364624
1988-07-06,10400700,0.9423868060112,0.9176954627037048,0.9423868060112,0.9053497910499573,0.5373127460479736
1988-07-05,8850600,0.9423868060112,0.9423868060112,0.9423868060112,0.9218106865882874,0.5517696738243103
1988-07-01,3701100,0.9588477611541748,0.9506173133850098,0.9588477611541748,0.9423868060112,0.5565884709358215
1988-06-30,3850500,0.9506173133850098,0.9547325372695923,0.9588477611541748,0.9465020298957825,0.558998167514801
1988-06-29,4636800,0.9547325372695923,0.9465020298957825,0.9629629850387573,0.9382715821266174,0.5541790723800659
1988-06-28,5666700,0.9218106865882874,0.9547325372695923,0.9547325372695923,0.9176954627037048,0.558998167514801
1988-06-27,4896000,0.9588477611541748,0.9135802388191223,0.9588477611541748,0.9094650149345398,0.5349032282829285
1988-06-24,5949000,0.9465020298957825,0.9547325372695923,0.9794238805770874,0.9465020298957825,0.558998167514801
1988-06-23,4932300,0.9506173133850098,0.9547325372695923,0.9547325372695923,0.9423868060112,0.558998167514801
1988-06-22,3863100,0.9506173133850098,0.9465020298957825,0.9547325372695923,0.9382715821266174,0.5541790723800659
1988-06-21,3439800,0.9300411343574524,0.9341563582420349,0.9341563582420349,0.9094650149345398,0.5469503402709961
1988-06-20,3159300,0.9218106865882874,0.9300411343574524,0.9382715821266174,0.9218106865882874,0.5445412397384644
1988-06-17,6220800,0.9218106865882874,0.9259259104728699,0.9341563582420349,0.9218106865882874,0.5421319603919983
1988-06-16,7144200,0.9506173133850098,0.9300411343574524,0.9506173133850098,0.9259259104728699,0.5445412397384644
1988-06-15,13449600,0.9588477611541748,0.9629629850387573,0.9670782089233398,0.9547325372695923,0.5638170838356018
1988-06-14,15192300,0.9465020298957825,0.9629629850387573,0.9670782089233398,0.9465020298957825,0.5638170838356018
1988-06-13,9293700,0.9176954627037048,0.9341563582420349,0.9382715821266174,0.9012345671653748,0.5469503402709961
1988-06-10,6003000,0.8806584477424622,0.9135802388191223,0.9135802388191223,0.8806584477424622,0.5349032282829285
1988-06-09,4471500,0.8806584477424622,0.8806584477424622,0.8971193432807922,0.8765432238578796,0.5156275033950806
1988-06-08,8901300,0.8477365970611572,0.8724279999732971,0.8806584477424622,0.8436213731765747,0.5108086466789246
1988-06-07,4163400,0.8271604776382446,0.8477365970611572,0.8477365970611572,0.8271604776382446,0.49635154008865356
1988-06-06,2729100,0.8271604776382446,0.8312757015228271,0.8436213731765747,0.8148148059844971,0.48671382665634155
1988-06-03,2064900,0.8271604776382446,0.8312757015228271,0.8477365970611572,0.8271604776382446,0.48671382665634155
1988-06-02,2714400,0.8436213731765747,0.8353909254074097,0.8477365970611572,0.8271604776382446,0.48912328481674194
1988-06-01,4471200,0.8189300298690796,0.8477365970611572,0.8518518805503845,0.8106995820999146,0.49635154008865356
1988-05-31,3895500,0.7736625671386719,0.8230452537536621,0.8312757015228271,0.7695473432540894,0.4792602062225342
1988-05-27,2248500,0.7860082387924194,0.7695473432540894,0.7860082387924194,0.7613168954849243,0.4481083154678345
1988-05-26,3467100,0.7942386865615845,0.7818930149078369,0.7942386865615845,0.7818930149078369,0.4552968144416809
1988-05-25,4410000,0.798353910446167,0.790123462677002,0.806584358215332,0.790123462677002,0.46008965373039246
1988-05-24,2851200,0.806584358215332,0.798353910446167,0.806584358215332,0.7818930149078369,0.46488237380981445
1988-05-23,1539000,0.8312757015228271,0.806584358215332,0.8312757015228271,0.7942386865615845,0.46967512369155884
1988-05-20,2644200,0.8230452537536621,0.8230452537536621,0.8312757015228271,0.8106995820999146,0.4792602062225342
1988-05-19,5718600,0.8189300298690796,0.8230452537536621,0.8271604776382446,0.798353910446167,0.4792602062225342
1988-05-18,4865400,0.8600823283195496,0.8271604776382446,0.8641975522041321,0.8230452537536621,0.48165643215179443
1988-05-17,2838600,0.8641975522041321,0.8641975522041321,0.8806584477424622,0.8600823283195496,0.5032230615615845
1988-05-16,1251000,0.8477365970611572,0.8477365970611572,0.855967104434967,0.8395061492919922,0.49363774061203003
1988-05-13,2437500,0.8436213731765747,0.8477365970611572,0.8518518805503845,0.8436213731765747,0.49363774061203003
1988-05-12,3871800,0.855967104434967,0.8395061492919922,0.855967104434967,0.8353909254074097,0.4888453483581543
1988-05-11,6739200,0.8436213731765747,0.8395061492919922,0.8436213731765747,0.8271604776382446,0.4888453483581543
1988-05-10,2972100,0.8395061492919922,0.8518518805503845,0.8518518805503845,0.8395061492919922,0.496034175157547
1988-05-09,1623600,0.8477365970611572,0.8353909254074097,0.8518518805503845,0.8312757015228271,0.4864490330219269
1988-05-06,5681100,0.8395061492919922,0.8477365970611572,0.8477365970611572,0.8312757015228271,0.49363774061203003
1988-05-05,2824200,0.8641975522041321,0.8395061492919922,0.8641975522041321,0.8395061492919922,0.4888453483581543
1988-05-04,2613600,0.8683127760887146,0.8683127760887146,0.8724279999732971,0.8641975522041321,0.5056191086769104
1988-05-03,2397900,0.8641975522041321,0.8724279999732971,0.8724279999732971,0.8600823283195496,0.5080157518386841
1988-05-02,5362500,0.8600823283195496,0.8641975522041321,0.8683127760887146,0.855967104434967,0.5032230615615845
1988-04-29,8492400,0.8724279999732971,0.855967104434967,0.8724279999732971,0.8477365970611572,0.49843037128448486
1988-04-28,3961800,0.8806584477424622,0.8724279999732971,0.8930041193962097,0.8724279999732971,0.5080157518386841
1988-04-27,3571500,0.8641975522041321,0.8765432238578796,0.8765432238578796,0.855967104434967,0.5104118585586548
1988-04-26,4057500,0.8683127760887146,0.8641975522041321,0.8847736716270447,0.8600823283195496,0.5032230615615845
1988-04-25,3074700,0.8600823283195496,0.8683127760887146,0.8683127760887146,0.855967104434967,0.5056191086769104
1988-04-22,4014300,0.855967104434967,0.8724279999732971,0.8765432238578796,0.8477365970611572,0.5080157518386841
1988-04-21,5711400,0.8395061492919922,0.8683127760887146,0.8683127760887146,0.8353909254074097,0.5056191086769104
1988-04-20,5310300,0.8353909254074097,0.8395061492919922,0.8395061492919922,0.8230452537536621,0.4888453483581543
1988-04-19,5097900,0.8230452537536621,0.8395061492919922,0.8477365970611572,0.8230452537536621,0.4888453483581543
1988-04-18,1811100,0.798353910446167,0.806584358215332,0.8148148059844971,0.798353910446167,0.46967512369155884
1988-04-15,13473300,0.8312757015228271,0.7942386865615845,0.8312757015228271,0.7654321193695068,0.46248576045036316
1988-04-14,5967000,0.8600823283195496,0.8312757015228271,0.8600823283195496,0.8312757015228271,0.48405277729034424
1988-04-13,3524400,0.8683127760887146,0.8683127760887146,0.8765432238578796,0.8641975522041321,0.5056191086769104
1988-04-12,6098700,0.8806584477424622,0.855967104434967,0.8888888955116272,0.855967104434967,0.49843037128448486
1988-04-11,12549900,0.855967104434967,0.8765432238578796,0.8765432238578796,0.855967104434967,0.5104118585586548
1988-04-08,3632400,0.8230452537536621,0.8436213731765747,0.8477365970611572,0.8189300298690796,0.4912415146827698
1988-04-07,2896500,0.8395061492919922,0.8189300298690796,0.8395061492919922,0.8106995820999146,0.47686371207237244
1988-04-06,12992700,0.7818930149078369,0.8395061492919922,0.8395061492919922,0.7818930149078369,0.4888453483581543
1988-04-05,3470400,0.7818930149078369,0.7818930149078369,0.790123462677002,0.7777777910232544,0.4552968144416809
1988-04-04,2316600,0.7860082387924194,0.7777777910232544,0.7860082387924194,0.7777777910232544,0.45290058851242065
1988-03-31,5268600,0.7777777910232544,0.790123462677002,0.790123462677002,0.7777777910232544,0.46008965373039246
1988-03-30,1778700,0.790123462677002,0.7777777910232544,0.7942386865615845,0.7777777910232544,0.45290058851242065
1988-03-29,4914000,0.7777777910232544,0.790123462677002,0.790123462677002,0.7736625671386719,0.46008965373039246
1988-03-28,4512600,0.798353910446167,0.7695473432540894,0.798353910446167,0.7654321193695068,0.4481083154678345
1988-03-25,11851200,0.7818930149078369,0.8024691343307495,0.8106995820999146,0.7818930149078369,0.46727851033210754
1988-03-24,6298500,0.8230452537536621,0.7860082387924194,0.8230452537536621,0.7860082387924194,0.4576931893825531
1988-03-23,9469800,0.8230452537536621,0.8312757015228271,0.8312757015228271,0.8230452537536621,0.48405277729034424
1988-03-22,2710800,0.806584358215332,0.8189300298690796,0.8189300298690796,0.8024691343307495,0.47686371207237244
1988-03-21,4545000,0.8189300298690796,0.798353910446167,0.8189300298690796,0.7942386865615845,0.46488237380981445
1988-03-18,4034100,0.8148148059844971,0.8230452537536621,0.8230452537536621,0.806584358215332,0.4792602062225342
1988-03-17,3391200,0.8148148059844971,0.8106995820999146,0.8148148059844971,0.806584358215332,0.4720710515975952
1988-03-16,3099600,0.798353910446167,0.806584358215332,0.806584358215332,0.7942386865615845,0.46967512369155884
1988-03-15,4606200,0.7942386865615845,0.8024691343307495,0.8024691343307495,0.7942386865615845,0.46727851033210754
1988-03-14,1951500,0.7818930149078369,0.798353910446167,0.806584358215332,0.7818930149078369,0.4630480408668518
1988-03-11,2300700,0.7736625671386719,0.7818930149078369,0.7818930149078369,0.7736625671386719,0.4535003900527954
1988-03-10,27743400,0.7777777910232544,0.7777777910232544,0.7942386865615845,0.7736625671386719,0.45111361145973206
1988-03-09,2041500,0.7818930149078369,0.7818930149078369,0.7860082387924194,0.7818930149078369,0.4535003900527954
1988-03-08,4773900,0.7818930149078369,0.7736625671386719,0.7860082387924194,0.7736625671386719,0.44872698187828064
1988-03-07,3036900,0.7777777910232544,0.7736625671386719,0.7818930149078369,0.7736625671386719,0.44872698187828064
1988-03-04,17168700,0.798353910446167,0.7818930149078369,0.798353910446167,0.7736625671386719,0.4535003900527954
1988-03-03,25976100,0.8024691343307495,0.8024691343307495,0.8148148059844971,0.798353910446167,0.4654346704483032
1988-03-02,5729700,0.748971164226532,0.7613168954849243,0.7613168954849243,0.7448559403419495,0.4415661692619324
1988-03-01,5371200,0.7572016716003418,0.748971164226532,0.7613168954849243,0.748971164226532,0.4344058036804199
1988-02-29,5067300,0.7283950448036194,0.7613168954849243,0.7654321193695068,0.7242798209190369,0.4415661692619324
1988-02-26,1708500,0.7407407164573669,0.7242798209190369,0.7448559403419495,0.7242798209190369,0.420084685087204
1988-02-25,8262300,0.748971164226532,0.7530864477157593,0.7654321193695068,0.7325102686882019,0.43679261207580566
1988-02-24,3664800,0.7283950448036194,0.748971164226532,0.748971164226532,0.7242798209190369,0.4344058036804199
1988-02-23,2376300,0.7325102686882019,0.7325102686882019,0.7407407164573669,0.7242798209190369,0.424858421087265
1988-02-22,2565000,0.7201645970344543,0.7366254925727844,0.7407407164573669,0.7119341492652893,0.42724525928497314
1988-02-19,3276000,0.7078189253807068,0.7160493731498718,0.7160493731498718,0.6995884776115417,0.41531091928482056
1988-02-18,13151100,0.6831275820732117,0.7078189253807068,0.7078189253807068,0.6831275820732117,0.41053739190101624
1988-02-17,1744500,0.7037037014961243,0.6954732537269592,0.7037037014961243,0.6913580298423767,0.40337681770324707
1988-02-16,3272700,0.6913580298423767,0.7037037014961243,0.7078189253807068,0.6872428059577942,0.4081505835056305
1988-02-12,2899800,0.6995884776115417,0.6913580298423767,0.7160493731498718,0.6790123581886292,0.4009900391101837
1988-02-11,8002800,0.6913580298423767,0.7078189253807068,0.7078189253807068,0.6913580298423767,0.41053739190101624
1988-02-10,5151600,0.6666666865348816,0.6913580298423767,0.7037037014961243,0.6584362387657166,0.4009900391101837
1988-02-09,4597500,0.6502057909965515,0.6666666865348816,0.6666666865348816,0.6460905075073242,0.3866688311100006
1988-02-08,12466800,0.6584362387657166,0.654321014881134,0.6584362387657166,0.6502057909965515,0.37950843572616577
1988-02-05,8804100,0.6625514626502991,0.6625514626502991,0.6666666865348816,0.6584362387657166,0.3842819631099701
1988-02-04,8881200,0.6502057909965515,0.6584362387657166,0.6707819104194641,0.6502057909965515,0.3818952143192291
1988-02-03,1906500,0.6337448358535767,0.6460905075073242,0.6460905075073242,0.6296296119689941,0.37473466992378235
1988-02-02,2133300,0.6419752836227417,0.6378600597381592,0.6460905075073242,0.6337448358535767,0.3699610233306885
1988-02-01,4179600,0.6337448358535767,0.6419752836227417,0.654321014881134,0.6337448358535767,0.37234780192375183
1988-01-29,3126900,0.596707820892334,0.6255143880844116,0.6255143880844116,0.596707820892334,0.3628005385398865
1988-01-28,6185100,0.5925925970077515,0.6008230447769165,0.6008230447769165,0.588477373123169,0.3484794795513153
1988-01-27,806700,0.604938268661499,0.596707820892334,0.604938268661499,0.596707820892334,0.34609249234199524
1988-01-26,2806200,0.6008230447769165,0.604938268661499,0.6090534925460815,0.5925925970077515,0.35086625814437866
1988-01-25,4318200,0.604938268661499,0.6172839403152466,0.6172839403152466,0.6008230447769165,0.35802677273750305
1988-01-22,8564700,0.596707820892334,0.604938268661499,0.6090534925460815,0.596707820892334,0.35086625814437866
1988-01-21,3184200,0.5761317014694214,0.6008230447769165,0.6008230447769165,0.5720164775848389,0.3484794795513153
1988-01-20,9842400,0.5802469253540039,0.5720164775848389,0.5843621492385864,0.5720164775848389,0.3317716419696808
1988-01-19,8861700,0.596707820892334,0.588477373123169,0.604938268661499,0.5843621492385864,0.34131893515586853
1988-01-18,6568500,0.5925925970077515,0.588477373123169,0.596707820892334,0.5802469253540039,0.34131893515586853
1988-01-15,5679000,0.6090534925460815,0.5925925970077515,0.6296296119689941,0.5843621492385864,0.3437058627605438
1988-01-14,3407400,0.6008230447769165,0.6008230447769165,0.6008230447769165,0.596707820892334,0.3484794795513153
1988-01-13,5346300,0.6090534925460815,0.6008230447769165,0.6090534925460815,0.5925925970077515,0.3484794795513153
1988-01-12,4579500,0.6172839403152466,0.6090534925460815,0.6296296119689941,0.6008230447769165,0.3532530963420868
1988-01-11,4770300,0.6213991641998291,0.6131687164306641,0.6255143880844116,0.5802469253540039,0.35564008355140686
1988-01-08,4557600,0.6419752836227417,0.6255143880844116,0.6460905075073242,0.6255143880844116,0.3628005385398865
1988-01-07,2806200,0.6460905075073242,0.6419752836227417,0.6460905075073242,0.6419752836227417,0.37234780192375183
1988-01-06,3409500,0.6419752836227417,0.6502057909965515,0.6584362387657166,0.6378600597381592,0.3771213889122009
1988-01-05,2417400,0.654321014881134,0.6460905075073242,0.6625514626502991,0.6419752836227417,0.37473466992378235
1988-01-04,2763000,0.6172839403152466,0.654321014881134,0.654321014881134,0.6131687164306641,0.37950843572616577
1987-12-31,2437500,0.6131687164306641,0.6172839403152466,0.6255143880844116,0.604938268661499,0.35802677273750305
1987-12-30,3990600,0.604938268661499,0.6255143880844116,0.6337448358535767,0.604938268661499,0.3628005385398865
1987-12-29,1766100,0.6213991641998291,0.6090534925460815,0.6255143880844116,0.6090534925460815,0.3532530963420868
1987-12-28,3699000,0.6419752836227417,0.6255143880844116,0.6419752836227417,0.6213991641998291,0.3628005385398865
1987-12-24,356700,0.6419752836227417,0.6460905075073242,0.6502057909965515,0.6419752836227417,0.37473466992378235
1987-12-23,2003700,0.6502057909965515,0.6419752836227417,0.6502057909965515,0.6419752836227417,0.37234780192375183
1987-12-22,4527300,0.6502057909965515,0.6460905075073242,0.6502057909965515,0.6419752836227417,0.37473466992378235
1987-12-21,4944600,0.6419752836227417,0.6502057909965515,0.6502057909965515,0.6337448358535767,0.3771213889122009
1987-12-18,9597900,0.6255143880844116,0.6419752836227417,0.6460905075073242,0.6172839403152466,0.37234780192375183
1987-12-17,3819900,0.6172839403152466,0.6090534925460815,0.6213991641998291,0.6008230447769165,0.3532530963420868
1987-12-16,3571500,0.6090534925460815,0.6090534925460815,0.6131687164306641,0.6008230447769165,0.3532530963420868
1987-12-15,5016900,0.5925925970077515,0.6090534925460815,0.6090534925460815,0.5925925970077515,0.3532530963420868
1987-12-14,9002100,0.596707820892334,0.5925925970077515,0.604938268661499,0.588477373123169,0.3437058627605438
1987-12-11,3279900,0.5925925970077515,0.588477373123169,0.596707820892334,0.5679012537002563,0.34131893515586853
1987-12-10,6179700,0.5720164775848389,0.5925925970077515,0.6008230447769165,0.5596708059310913,0.3437058627605438
1987-12-09,5351400,0.5432098507881165,0.5802469253540039,0.5843621492385864,0.5390946269035339,0.33654531836509705
1987-12-08,4033800,0.5267489552497864,0.5390946269035339,0.5432098507881165,0.5185185074806213,0.3126767575740814
1987-12-07,23673600,0.5308641791343689,0.5102880597114563,0.5308641791343689,0.5102880597114563,0.29596877098083496
1987-12-04,6042900,0.5267489552497864,0.5267489552497864,0.5432098507881165,0.5267489552497864,0.30551624298095703
1987-12-03,2799300,0.5596708059310913,0.5349794030189514,0.5596708059310913,0.5349794030189514,0.31028997898101807
1987-12-02,11219400,0.5514403581619263,0.5637860298156738,0.5679012537002563,0.5514403581619263,0.326997846364975
1987-12-01,3434400,0.547325074672699,0.5555555820465088,0.5555555820465088,0.5390946269035339,0.32222405076026917
1987-11-30,6244500,0.5679012537002563,0.5390946269035339,0.5679012537002563,0.5267489552497864,0.3126767575740814
1987-11-27,3126900,0.588477373123169,0.588477373123169,0.5925925970077515,0.5802469253540039,0.34131893515586853
1987-11-25,1580400,0.6008230447769165,0.5925925970077515,0.604938268661499,0.588477373123169,0.3437058627605438
1987-11-24,4714200,0.5925925970077515,0.6008230447769165,0.604938268661499,0.5925925970077515,0.3484794795513153
1987-11-23,3220500,0.5720164775848389,0.5843621492385864,0.5843621492385864,0.5679012537002563,0.33893221616744995
1987-11-20,4496400,0.5843621492385864,0.5761317014694214,0.5843621492385864,0.5637860298156738,0.33415842056274414
1987-11-19,2892600,0.5761317014694214,0.5925925970077515,0.596707820892334,0.5761317014694214,0.3437058627605438
1987-11-18,5254200,0.5925925970077515,0.5761317014694214,0.5925925970077515,0.5761317014694214,0.3323312997817993
1987-11-17,4248000,0.588477373123169,0.5802469253540039,0.588477373123169,0.5637860298156738,0.3347052335739136
1987-11-16,5492100,0.5925925970077515,0.5802469253540039,0.596707820892334,0.5761317014694214,0.3347052335739136
1987-11-13,1870500,0.5761317014694214,0.5761317014694214,0.5802469253540039,0.5720164775848389,0.3323312997817993
1987-11-12,3871800,0.5679012537002563,0.5637860298156738,0.5720164775848389,0.5596708059310913,0.32521000504493713
1987-11-11,6042900,0.547325074672699,0.5555555820465088,0.5596708059310913,0.547325074672699,0.32046228647232056
1987-11-10,2570700,0.5349794030189514,0.5390946269035339,0.5432098507881165,0.5308641791343689,0.31096723675727844
1987-11-09,3548100,0.5514403581619263,0.547325074672699,0.5720164775848389,0.5390946269035339,0.315714567899704
1987-11-06,4500300,0.5267489552497864,0.5596708059310913,0.5596708059310913,0.5226337313652039,0.3228362202644348
1987-11-05,4640700,0.5185185074806213,0.5226337313652039,0.5390946269035339,0.5185185074806213,0.301472008228302
1987-11-04,11477100,0.5267489552497864,0.5226337313652039,0.5349794030189514,0.5185185074806213,0.301472008228302
1987-11-03,4503600,0.5596708059310913,0.5514403581619263,0.5637860298156738,0.5390946269035339,0.318088561296463
1987-11-02,7394700,0.5432098507881165,0.5679012537002563,0.5720164775848389,0.5308641791343689,0.32758399844169617
1987-10-30,9889500,0.5267489552497864,0.5349794030189514,0.5514403581619263,0.5267489552497864,0.30859339237213135
1987-10-29,9610200,0.47325101494789124,0.5102880597114563,0.5185185074806213,0.47325101494789124,0.29435059428215027
1987-10-28,8640000,0.43621399998664856,0.4650205671787262,0.49794238805770874,0.4279835522174835,0.26823878288269043
1987-10-27,9756000,0.45267489552497864,0.4609053432941437,0.47736626863479614,0.4444444477558136,0.2658649981021881
1987-10-26,5572800,0.4897119402885437,0.4238682985305786,0.4897119402885437,0.3991769552230835,0.24450086057186127
1987-10-23,9234300,0.5144032835960388,0.4938271641731262,0.5144032835960388,0.4855967164039612,0.2848554253578186
1987-10-22,15564900,0.5102880597114563,0.5226337313652039,0.547325074672699,0.47325101494789124,0.301472008228302
1987-10-21,15199200,0.5349794030189514,0.5555555820465088,0.5637860298156738,0.5102880597114563,0.32046228647232056
1987-10-20,17658300,0.5061728358268738,0.5185185074806213,0.5761317014694214,0.4279835522174835,0.29909807443618774
1987-10-19,9732900,0.6090534925460815,0.5102880597114563,0.6131687164306641,0.4938271641731262,0.29435059428215027
1987-10-16,7740300,0.6913580298423767,0.6584362387657166,0.6995884776115417,0.654321014881134,0.37980717420578003
1987-10-15,7313700,0.6913580298423767,0.6995884776115417,0.7201645970344543,0.6872428059577942,0.4035450518131256
1987-10-14,1676100,0.7283950448036194,0.7160493731498718,0.7325102686882019,0.7160493731498718,0.41304028034210205
1987-10-13,5223900,0.7242798209190369,0.7283950448036194,0.7407407164573669,0.7242798209190369,0.42016151547431946
1987-10-12,5940300,0.7242798209190369,0.7119341492652893,0.7283950448036194,0.7078189253807068,0.41066646575927734
1987-10-09,4914000,0.7407407164573669,0.7283950448036194,0.748971164226532,0.7242798209190369,0.42016151547431946
1987-10-08,6696000,0.7860082387924194,0.7407407164573669,0.7860082387924194,0.7366254925727844,0.42728307843208313
1987-10-07,2599500,0.8230452537536621,0.790123462677002,0.8230452537536621,0.790123462677002,0.4557688534259796
1987-10-06,3634200,0.8600823283195496,0.8189300298690796,0.8600823283195496,0.8106995820999146,0.47238534688949585
1987-10-05,5581800,0.8189300298690796,0.8600823283195496,0.8641975522041321,0.8189300298690796,0.49612316489219666
1987-10-02,11012700,0.7818930149078369,0.8106995820999146,0.8312757015228271,0.7818930149078369,0.4676375389099121
1987-10-01,5632500,0.748971164226532,0.7736625671386719,0.7818930149078369,0.748971164226532,0.4462735950946808
1987-09-30,6651000,0.7448559403419495,0.748971164226532,0.7530864477157593,0.7407407164573669,0.43203070759773254
1987-09-29,21117600,0.7818930149078369,0.748971164226532,0.7860082387924194,0.7242798209190369,0.43203070759773254
1987-09-28,5922000,0.8312757015228271,0.790123462677002,0.8312757015228271,0.7860082387924194,0.4557688534259796
1987-09-25,2374200,0.8230452537536621,0.8230452537536621,0.8312757015228271,0.8189300298690796,0.47475916147232056
1987-09-24,4658400,0.8230452537536621,0.8230452537536621,0.8271604776382446,0.8148148059844971,0.47475916147232056
1987-09-23,4350600,0.8148148059844971,0.8230452537536621,0.8436213731765747,0.8106995820999146,0.47475916147232056
1987-09-22,5321100,0.798353910446167,0.798353910446167,0.798353910446167,0.7818930149078369,0.46051645278930664
1987-09-21,21704700,0.8340191841125488,0.7873799800872803,0.8367626667022705,0.7846364974975586,0.45418640971183777
1987-09-18,5520900,0.8285322189331055,0.8367626667022705,0.8367626667022705,0.8257887363433838,0.48267170786857605
1987-09-17,3036900,0.8340191841125488,0.8312757015228271,0.8449931144714355,0.8285322189331055,0.4795067012310028
1987-09-16,5905800,0.8395061492919922,0.8285322189331055,0.8422496318817139,0.8230452537536621,0.47792428731918335
1987-09-15,2705400,0.8641975522041321,0.8449931144714355,0.8641975522041321,0.8449931144714355,0.4874194264411926
1987-09-14,3191400,0.8779149651527405,0.8696845173835754,0.8834019303321838,0.8641975522041321,0.5016622543334961
1987-09-11,6696000,0.8449931144714355,0.8614540696144104,0.8724279999732971,0.8449931144714355,0.4969146251678467
1987-09-10,9331200,0.8367626667022705,0.8395061492919922,0.8504801392555237,0.8340191841125488,0.48425430059432983
1987-09-09,7592700,0.8312757015228271,0.8312757015228271,0.8367626667022705,0.8285322189331055,0.4795067012310028
1987-09-08,15575700,0.8477365970611572,0.8340191841125488,0.8504801392555237,0.8285322189331055,0.48108920454978943
1987-09-04,8413200,0.8532236218452454,0.855967104434967,0.8641975522041321,0.8395061492919922,0.4937494099140167
1987-09-03,1614900,0.855967104434967,0.8587105870246887,0.8587105870246887,0.8532236218452454,0.49533212184906006
1987-09-02,2370600,0.8504801392555237,0.8504801392555237,0.855967104434967,0.8477365970611572,0.4905843734741211
1987-09-01,3893400,0.8587105870246887,0.8587105870246887,0.8669410347938538,0.8504801392555237,0.49533212184906006
1987-08-31,7261200,0.8504801392555237,0.8532236218452454,0.8532236218452454,0.8395061492919922,0.49086907505989075
1987-08-28,3783600,0.8669410347938538,0.8614540696144104,0.8779149651527405,0.855967104434967,0.49560409784317017
1987-08-27,4385100,0.9053497910499573,0.8614540696144104,0.9053497910499573,0.8614540696144104,0.49560409784317017
1987-08-26,2705400,0.9135802388191223,0.9053497910499573,0.916323721408844,0.8998628258705139,0.5208576917648315
1987-08-25,1652400,0.908093273639679,0.9108367562294006,0.916323721408844,0.9053497910499573,0.5240141153335571
1987-08-24,1530300,0.916323721408844,0.9026063084602356,0.9190672039985657,0.9026063084602356,0.5192795991897583
1987-08-21,5074200,0.8998628258705139,0.9108367562294006,0.916323721408844,0.8998628258705139,0.5240141153335571
1987-08-20,9441300,0.8943758606910706,0.9053497910499573,0.9135802388191223,0.8943758606910706,0.5208576917648315
1987-08-19,10177200,0.8834019303321838,0.8779149651527405,0.9108367562294006,0.8779149651527405,0.5050740242004395
1987-08-18,10449300,0.8779149651527405,0.8779149651527405,0.8998628258705139,0.8614540696144104,0.5050740242004395
1987-08-17,2358000,0.8943758606910706,0.8779149651527405,0.8943758606910706,0.8751714825630188,0.5050740242004395
1987-08-14,3126900,0.8861454129219055,0.8888888955116272,0.8916323781013489,0.8861454129219055,0.5113876461982727
1987-08-13,2972100,0.8779149651527405,0.8834019303321838,0.8888888955116272,0.8751714825630188,0.5082308650016785
1987-08-12,4179900,0.9053497910499573,0.8806584477424622,0.916323721408844,0.8779149651527405,0.5066527724266052
1987-08-11,11189100,0.8806584477424622,0.9108367562294006,0.924554169178009,0.8806584477424622,0.5240141153335571
1987-08-10,13789800,0.8751714825630188,0.8779149651527405,0.8779149651527405,0.8669410347938538,0.5050740242004395
1987-08-07,10278300,0.8614540696144104,0.8751714825630188,0.8779149651527405,0.8587105870246887,0.5034958720207214
1987-08-06,6195900,0.8422496318817139,0.855967104434967,0.8614540696144104,0.8395061492919922,0.49244728684425354
1987-08-05,4640700,0.8340191841125488,0.8367626667022705,0.8395061492919922,0.8312757015228271,0.4813987910747528
1987-08-04,3747600,0.8230452537536621,0.8340191841125488,0.8395061492919922,0.8230452537536621,0.4798204004764557
1987-08-03,5596500,0.8175582885742188,0.8257887363433838,0.8340191841125488,0.8175582885742188,0.47508540749549866
1987-07-31,4228200,0.8312757015228271,0.8230452537536621,0.8312757015228271,0.8120713233947754,0.4735070466995239
1987-07-30,3135600,0.8312757015228271,0.8203017711639404,0.8312757015228271,0.8148148059844971,0.4719287157058716
1987-07-29,13433400,0.7654321193695068,0.8285322189331055,0.8340191841125488,0.7654321193695068,0.4766639471054077
1987-07-28,6489000,0.7572016716003418,0.7626886367797852,0.7654321193695068,0.7544581890106201,0.4387834072113037
1987-07-27,4190700,0.7544581890106201,0.7544581890106201,0.7626886367797852,0.748971164226532,0.4340481460094452
1987-07-24,3911700,0.7434841990470886,0.7517147064208984,0.7599451541900635,0.7434841990470886,0.43246984481811523
1987-07-23,3008100,0.748971164226532,0.7462276816368103,0.7517147064208984,0.7434841990470886,0.42931318283081055
1987-07-22,2252100,0.7599451541900635,0.748971164226532,0.7599451541900635,0.7462276816368103,0.43089157342910767
1987-07-21,3013500,0.7599451541900635,0.7572016716003418,0.7736625671386719,0.7572016716003418,0.435626745223999
1987-07-20,3008100,0.7626886367797852,0.7654321193695068,0.7681756019592285,0.7572016716003418,0.44036149978637695
1987-07-17,2709000,0.7544581890106201,0.7681756019592285,0.7681756019592285,0.7544581890106201,0.44193994998931885
1987-07-16,4519800,0.7407407164573669,0.7544581890106201,0.7544581890106201,0.7407407164573669,0.4340481460094452
1987-07-15,4714200,0.7270233035087585,0.7379972338676453,0.7434841990470886,0.7270233035087585,0.42457786202430725
1987-07-14,5905800,0.7242798209190369,0.7407407164573669,0.7517147064208984,0.7242798209190369,0.4261561632156372
1987-07-13,3391200,0.7297667860984802,0.7270233035087585,0.7297667860984802,0.7215363383293152,0.4182645380496979
1987-07-10,3753300,0.7242798209190369,0.7242798209190369,0.7325102686882019,0.7242798209190369,0.4166863262653351
1987-07-09,8548500,0.7270233035087585,0.7215363383293152,0.7325102686882019,0.7133058905601501,0.4151080846786499
1987-07-08,7500900,0.7434841990470886,0.7297667860984802,0.7462276816368103,0.7270233035087585,0.41984325647354126
1987-07-07,5414400,0.7434841990470886,0.7434841990470886,0.7462276816368103,0.7434841990470886,0.4277348816394806
1987-07-06,2851200,0.7434841990470886,0.7462276816368103,0.748971164226532,0.7434841990470886,0.42931318283081055
1987-07-02,7200300,0.7462276816368103,0.7434841990470886,0.7462276816368103,0.7379972338676453,0.4277348816394806
1987-07-01,4503600,0.7352537512779236,0.7215363383293152,0.7379972338676453,0.7187928557395935,0.4151080846786499
1987-06-30,5302800,0.7434841990470886,0.7407407164573669,0.7462276816368103,0.7379972338676453,0.4261561632156372
1987-06-29,5443200,0.7379972338676453,0.7434841990470886,0.7544581890106201,0.7379972338676453,0.4277348816394806
1987-06-26,2916300,0.7517147064208984,0.7407407164573669,0.7572016716003418,0.7407407164573669,0.4261561632156372
1987-06-25,5184000,0.7626886367797852,0.7572016716003418,0.7654321193695068,0.7517147064208984,0.435626745223999
1987-06-24,4439100,0.7626886367797852,0.7599451541900635,0.7764060497283936,0.7572016716003418,0.43720492720603943
1987-06-23,15143700,0.7681756019592285,0.7626886367797852,0.7681756019592285,0.7379972338676453,0.4387834072113037
1987-06-22,12308700,0.8120713233947754,0.7764060497283936,0.8120713233947754,0.7764060497283936,0.4466748535633087
1987-06-19,3110400,0.798353910446167,0.7956104278564453,0.798353910446167,0.7928669452667236,0.457723468542099
1987-06-18,11433900,0.7956104278564453,0.8038408756256104,0.8038408756256104,0.7818930149078369,0.4624587595462799
1987-06-17,7410900,0.8120713233947754,0.806584358215332,0.8120713233947754,0.798353910446167,0.4640370011329651
1987-06-16,4174500,0.798353910446167,0.8010973930358887,0.8038408756256104,0.7709190845489502,0.46088042855262756
1987-06-15,4690800,0.7846364974975586,0.798353910446167,0.8010973930358887,0.7791495323181152,0.45930200815200806
1987-06-12,3656100,0.7736625671386719,0.7791495323181152,0.7818930149078369,0.7736625671386719,0.4482532739639282
1987-06-11,2790000,0.7791495323181152,0.7764060497283936,0.7791495323181152,0.7709190845489502,0.4466748535633087
1987-06-10,5268600,0.7818930149078369,0.7791495323181152,0.7873799800872803,0.7736625671386719,0.4482532739639282
1987-06-09,14879100,0.7791495323181152,0.7846364974975586,0.7928669452667236,0.7764060497283936,0.45141008496284485
1987-06-08,5722200,0.7626886367797852,0.7791495323181152,0.7791495323181152,0.7599451541900635,0.4482532739639282
1987-06-05,6269400,0.7681756019592285,0.7681756019592285,0.7681756019592285,0.7544581890106201,0.44193994998931885
1987-06-04,10053000,0.7626886367797852,0.7736625671386719,0.7736625671386719,0.7599451541900635,0.4450967013835907
1987-06-03,12036600,0.7434841990470886,0.7544581890106201,0.7599451541900635,0.7434841990470886,0.4340481460094452
1987-06-02,5220000,0.7462276816368103,0.7462276816368103,0.7572016716003418,0.7407407164573669,0.42931318283081055
1987-06-01,10341000,0.7325102686882019,0.7572016716003418,0.7681756019592285,0.7325102686882019,0.4343319833278656
1987-05-29,5383800,0.7270233035087585,0.7352537512779236,0.7379972338676453,0.7270233035087585,0.42174291610717773
1987-05-28,4228500,0.7270233035087585,0.7297667860984802,0.7297667860984802,0.7187928557395935,0.4185953438282013
1987-05-27,12776700,0.6913580298423767,0.7325102686882019,0.7434841990470886,0.6913580298423767,0.4201691150665283
1987-05-26,11890800,0.6776406168937683,0.688614547252655,0.688614547252655,0.6776406168937683,0.394990473985672
1987-05-22,7544100,0.6748971343040466,0.6748971343040466,0.6776406168937683,0.6694101691246033,0.3871219754219055
1987-05-21,9047100,0.6694101691246033,0.672153651714325,0.68038409948349,0.6694101691246033,0.38554835319519043
1987-05-20,12810900,0.672153651714325,0.6639232039451599,0.6748971343040466,0.6611797213554382,0.38082748651504517
1987-05-19,9396300,0.6666666865348816,0.672153651714325,0.688614547252655,0.6666666865348816,0.38554835319519043
1987-05-18,6791400,0.6584362387657166,0.6694101691246033,0.672153651714325,0.6474622488021851,0.3839747905731201
1987-05-15,2970000,0.68038409948349,0.6694101691246033,0.68038409948349,0.6694101691246033,0.3839747905731201
1987-05-14,7601400,0.6831275820732117,0.6858710646629333,0.688614547252655,0.6776406168937683,0.39341676235198975
1987-05-13,9064800,0.6694101691246033,0.68038409948349,0.68038409948349,0.6694101691246033,0.3902694284915924
1987-05-12,6553800,0.6694101691246033,0.6694101691246033,0.6858710646629333,0.6639232039451599,0.3839747905731201
1987-05-11,15471300,0.6584362387657166,0.6913580298423767,0.6995884776115417,0.6529492735862732,0.3965640664100647
1987-05-08,7844400,0.6474622488021851,0.6529492735862732,0.6529492735862732,0.6474622488021851,0.3745329678058624
1987-05-07,11802600,0.6502057909965515,0.6419752836227417,0.6502057909965515,0.6255143880844116,0.3682381510734558
1987-05-06,12648900,0.6364883184432983,0.6474622488021851,0.6529492735862732,0.6337448358535767,0.3713853657245636
1987-05-05,10818300,0.6282578706741333,0.631001353263855,0.6337448358535767,0.6282578706741333,0.3619433045387268
1987-05-04,6471300,0.6145404577255249,0.6282578706741333,0.6282578706741333,0.6145404577255249,0.3603699207305908
1987-05-01,16932600,0.6282578706741333,0.6145404577255249,0.6364883184432983,0.6145404577255249,0.35250145196914673
1987-04-30,2988300,0.6255143880844116,0.6337448358535767,0.6337448358535767,0.6172839403152466,0.3635171949863434
1987-04-29,2824200,0.6090534925460815,0.6255143880844116,0.6282578706741333,0.6090534925460815,0.35879620909690857
1987-04-28,8737200,0.6035665273666382,0.6063100099563599,0.6117969751358032,0.6008230447769165,0.34778040647506714
1987-04-27,7473600,0.570644736289978,0.5953360795974731,0.5953360795974731,0.570644736289978,0.34148579835891724
1987-04-24,2563200,0.6200274229049683,0.6063100099563599,0.6200274229049683,0.6035665273666382,0.34778040647506714
1987-04-23,5803200,0.6255143880844116,0.6255143880844116,0.631001353263855,0.6200274229049683,0.35879620909690857
1987-04-22,4464000,0.6227709054946899,0.6255143880844116,0.631001353263855,0.6200274229049683,0.35879620909690857
1987-04-21,11361600,0.6337448358535767,0.6200274229049683,0.6337448358535767,0.6117969751358032,0.35564887523651123
1987-04-20,5515500,0.6419752836227417,0.6364883184432983,0.6447187662124634,0.6337448358535767,0.365090548992157
1987-04-16,8858100,0.6447187662124634,0.6419752836227417,0.6556927561759949,0.6419752836227417,0.3682381510734558
1987-04-15,3414900,0.6337448358535767,0.6364883184432983,0.63923180103302,0.631001353263855,0.365090548992157
1987-04-14,4986300,0.6474622488021851,0.6282578706741333,0.6474622488021851,0.6200274229049683,0.3603699207305908
1987-04-13,9295500,0.6502057909965515,0.6584362387657166,0.6611797213554382,0.6474622488021851,0.37768009305000305
1987-04-10,4568400,0.6502057909965515,0.6502057909965515,0.6556927561759949,0.6474622488021851,0.3729591369628906
1987-04-09,8111100,0.6584362387657166,0.6556927561759949,0.6611797213554382,0.6529492735862732,0.3761064112186432
1987-04-08,18160200,0.6502057909965515,0.6584362387657166,0.6666666865348816,0.6474622488021851,0.37768009305000305
1987-04-07,10335600,0.6447187662124634,0.6502057909965515,0.6529492735862732,0.6364883184432983,0.3729591369628906
1987-04-06,4320300,0.6419752836227417,0.6447187662124634,0.6474622488021851,0.63923180103302,0.36981186270713806
1987-04-03,49662000,0.6364883184432983,0.6364883184432983,0.63923180103302,0.6145404577255249,0.365090548992157
1987-04-02,3990600,0.6364883184432983,0.631001353263855,0.6447187662124634,0.631001353263855,0.3619433045387268
1987-04-01,5886000,0.631001353263855,0.631001353263855,0.6337448358535767,0.6200274229049683,0.3619433045387268
1987-03-31,5504700,0.6172839403152466,0.6364883184432983,0.6419752836227417,0.6172839403152466,0.365090548992157
1987-03-30,8418900,0.5980795621871948,0.6145404577255249,0.6172839403152466,0.5788751840591431,0.35250145196914673
1987-03-27,6262200,0.63923180103302,0.6255143880844116,0.63923180103302,0.6200274229049683,0.35879620909690857
1987-03-26,9707400,0.6584362387657166,0.6364883184432983,0.6611797213554382,0.6200274229049683,0.365090548992157
1987-03-25,8958900,0.6666666865348816,0.6584362387657166,0.672153651714325,0.6556927561759949,0.37768009305000305
1987-03-24,8564700,0.6584362387657166,0.672153651714325,0.6748971343040466,0.6584362387657166,0.38554835319519043
1987-03-23,22172700,0.631001353263855,0.6584362387657166,0.6584362387657166,0.6255143880844116,0.37768009305000305
1987-03-20,12447000,0.6145404577255249,0.6364883184432983,0.63923180103302,0.6090534925460815,0.365090548992157
1987-03-19,11874900,0.6035665273666382,0.6117969751358032,0.6117969751358032,0.5898491144180298,0.35092779994010925
1987-03-18,14117700,0.5925925970077515,0.5953360795974731,0.6035665273666382,0.5843621492385864,0.34148579835891724
1987-03-17,7866000,0.5432098507881165,0.554183840751648,0.554183840751648,0.5404663681983948,0.3178807497024536
1987-03-16,5848500,0.5651577711105347,0.5486968159675598,0.5651577711105347,0.5486968159675598,0.3147333860397339
1987-03-13,1733400,0.5761317014694214,0.5679012537002563,0.5788751840591431,0.5679012537002563,0.32574912905693054
1987-03-12,4410000,0.570644736289978,0.5733882188796997,0.5733882188796997,0.5651577711105347,0.3288964033126831
1987-03-11,7419600,0.5733882188796997,0.570644736289978,0.5733882188796997,0.5596708059310913,0.32732290029525757
1987-03-10,6598800,0.5349794030189514,0.5651577711105347,0.5651577711105347,0.5349794030189514,0.3241753578186035
1987-03-09,2489700,0.5569273233413696,0.5377228856086731,0.5569273233413696,0.5377228856086731,0.30843865871429443
1987-03-06,3537000,0.5569273233413696,0.5514403581619263,0.5569273233413696,0.5404663681983948,0.3163071274757385
1987-03-05,10085400,0.5596708059310913,0.5514403581619263,0.5651577711105347,0.5486968159675598,0.3163071274757385
1987-03-04,6950100,0.5432098507881165,0.5432098507881165,0.5432098507881165,0.5349794030189514,0.3115859627723694
1987-03-03,5648700,0.5459533333778381,0.5432098507881165,0.5486968159675598,0.5377228856086731,0.3115859627723694
1987-03-02,13030200,0.5486968159675598,0.5404663681983948,0.554183840751648,0.5377228856086731,0.3100123107433319
1987-02-27,2613600,0.5020576119422913,0.5240054726600647,0.5267489552497864,0.5020576119422913,0.3005705177783966
1987-02-26,6172200,0.5020576119422913,0.5048010945320129,0.5075445771217346,0.4965706467628479,0.28955480456352234
1987-02-25,6833100,0.5048010945320129,0.4993141293525696,0.5185185074806213,0.4965706467628479,0.2864075005054474
1987-02-24,1998000,0.5240054726600647,0.521261990070343,0.5240054726600647,0.5185185074806213,0.2989969551563263
1987-02-23,3953100,0.5322359204292297,0.521261990070343,0.5322359204292297,0.5157750248908997,0.2989969551563263
1987-02-20,1377300,0.5377228856086731,0.5322359204292297,0.5377228856086731,0.5294924378395081,0.3052913248538971
1987-02-19,3061800,0.5322359204292297,0.5349794030189514,0.5459533333778381,0.5267489552497864,0.3068651556968689
1987-02-18,13296900,0.5459533333778381,0.5322359204292297,0.5486968159675598,0.5267489552497864,0.3052913248538971
1987-02-17,10132500,0.5240054726600647,0.5459533333778381,0.5486968159675598,0.5240054726600647,0.31315964460372925
1987-02-13,2381400,0.521261990070343,0.521261990070343,0.5240054726600647,0.5185185074806213,0.2989969551563263
1987-02-12,11280600,0.5157750248908997,0.5185185074806213,0.5377228856086731,0.513031542301178,0.29742303490638733
1987-02-11,15235500,0.5020576119422913,0.5048010945320129,0.5075445771217346,0.4938271641731262,0.28955480456352234
1987-02-10,7533300,0.5240054726600647,0.513031542301178,0.5267489552497864,0.4993141293525696,0.29427570104599
1987-02-09,16711200,0.5240054726600647,0.5240054726600647,0.5294924378395081,0.5157750248908997,0.3005705177783966
1987-02-06,7209300,0.5185185074806213,0.5240054726600647,0.5240054726600647,0.5157750248908997,0.3005705177783966
1987-02-05,25212600,0.4993141293525696,0.5157750248908997,0.5157750248908997,0.4993141293525696,0.29584941267967224
1987-02-04,8731800,0.4965706467628479,0.5075445771217346,0.5075445771217346,0.49108368158340454,0.29112836718559265
1987-02-03,5333400,0.4938271641731262,0.4965706467628479,0.4965706467628479,0.49108368158340454,0.28483375906944275
1987-02-02,6950100,0.4855967164039612,0.49108368158340454,0.4938271641731262,0.4801097512245178,0.2816864252090454
1987-01-30,3961800,0.4828532338142395,0.4801097512245178,0.48834019899368286,0.4746227562427521,0.27539175748825073
1987-01-29,11415900,0.4746227562427521,0.47736626863479614,0.4993141293525696,0.4746227562427521,0.2738179862499237
1987-01-28,12121200,0.4609053432941437,0.4746227562427521,0.4746227562427521,0.4609053432941437,0.272244393825531
1987-01-27,9178200,0.43895748257637024,0.458161860704422,0.458161860704422,0.43895748257637024,0.2628025412559509
1987-01-26,3261600,0.43895748257637024,0.43895748257637024,0.4417009651660919,0.4307270348072052,0.25178655982017517
1987-01-23,24183300,0.4334705173969269,0.4444444477558136,0.4554183781147003,0.4334705173969269,0.2549339830875397
1987-01-22,3547800,0.4224965572357178,0.4307270348072052,0.4334705173969269,0.4224965572357178,0.24706566333770752
1987-01-21,3236700,0.42524006962776184,0.4224965572357178,0.4307270348072052,0.4224965572357178,0.2423446625471115
1987-01-20,5776200,0.4307270348072052,0.4279835522174835,0.4334705173969269,0.4224965572357178,0.24549201130867004
1987-01-19,2705400,0.4307270348072052,0.4279835522174835,0.4307270348072052,0.4197530746459961,0.24549201130867004
1987-01-16,3936900,0.4307270348072052,0.4307270348072052,0.4307270348072052,0.4170095920562744,0.24706566333770752
1987-01-15,9585300,0.41152262687683105,0.4307270348072052,0.4334705173969269,0.41152262687683105,0.24706566333770752
1987-01-14,15363000,0.41426610946655273,0.4087791442871094,0.41426610946655273,0.395061731338501,0.23447628319263458
1987-01-13,1620300,0.4170095920562744,0.41426610946655273,0.4170095920562744,0.41152262687683105,0.23762385547161102
1987-01-12,1785600,0.4279835522174835,0.4170095920562744,0.4307270348072052,0.41152262687683105,0.23919734358787537
1987-01-09,3515700,0.4334705173969269,0.4279835522174835,0.4334705173969269,0.4279835522174835,0.24549201130867004
1987-01-08,1531800,0.43895748257637024,0.4307270348072052,0.43895748257637024,0.42524006962776184,0.24706566333770752
1987-01-07,5888100,0.4197530746459961,0.4417009651660919,0.4417009651660919,0.4197530746459961,0.2533603012561798
1987-01-06,3601800,0.4224965572357178,0.4170095920562744,0.4224965572357178,0.41426610946655273,0.23919734358787537
1987-01-05,2941200,0.4060356616973877,0.4224965572357178,0.42524006962776184,0.4060356616973877,0.2423446625471115
1987-01-02,2745300,0.395061731338501,0.395061731338501,0.39780521392822266,0.3923182487487793,0.2266080230474472
1986-12-31,8858100,0.395061731338501,0.3923182487487793,0.40054869651794434,0.3923182487487793,0.2250344306230545
1986-12-30,7036200,0.4060356616973877,0.39780521392822266,0.4060356616973877,0.395061731338501,0.2281818389892578
1986-12-29,1884600,0.4060356616973877,0.4060356616973877,0.4087791442871094,0.403292179107666,0.23290257155895233
1986-12-26,430200,0.41152262687683105,0.41152262687683105,0.4170095920562744,0.4087791442871094,0.23605002462863922
1986-12-24,1182900,0.4060356616973877,0.41152262687683105,0.41426610946655273,0.4060356616973877,0.23605002462863922
1986-12-23,3146400,0.41426610946655273,0.41152262687683105,0.4197530746459961,0.41152262687683105,0.23605002462863922
1986-12-22,1146900,0.4060356616973877,0.41426610946655273,0.41426610946655273,0.4060356616973877,0.23762385547161102
1986-12-19,1182900,0.41152262687683105,0.4087791442871094,0.41152262687683105,0.4060356616973877,0.23447628319263458
1986-12-18,2295300,0.4060356616973877,0.41426610946655273,0.4197530746459961,0.4060356616973877,0.23762385547161102
1986-12-17,10843200,0.41426610946655273,0.403292179107666,0.42524006962776184,0.403292179107666,0.2313290536403656
1986-12-16,7765200,0.39780521392822266,0.4170095920562744,0.4170095920562744,0.395061731338501,0.23919734358787537
1986-12-15,4921500,0.395061731338501,0.40054869651794434,0.40054869651794434,0.395061731338501,0.22975538671016693
1986-12-12,826500,0.4060356616973877,0.39780521392822266,0.4060356616973877,0.39780521392822266,0.2281818389892578
1986-12-11,4039200,0.4060356616973877,0.4060356616973877,0.4087791442871094,0.403292179107666,0.23290257155895233
1986-12-10,2908800,0.403292179107666,0.41152262687683105,0.41426610946655273,0.403292179107666,0.23605002462863922
1986-12-09,5383800,0.40054869651794434,0.403292179107666,0.403292179107666,0.39780521392822266,0.2313290536403656
1986-12-08,1550100,0.4087791442871094,0.40054869651794434,0.41152262687683105,0.40054869651794434,0.22975538671016693
1986-12-05,2972100,0.4087791442871094,0.4087791442871094,0.41426610946655273,0.4087791442871094,0.23447628319263458
1986-12-04,2115000,0.41152262687683105,0.4060356616973877,0.41426610946655273,0.4060356616973877,0.23290257155895233
1986-12-03,6523500,0.4087791442871094,0.41152262687683105,0.41426610946655273,0.4060356616973877,0.23605002462863922
1986-12-02,3528300,0.4087791442871094,0.4060356616973877,0.41426610946655273,0.4060356616973877,0.23290257155895233
1986-12-01,2770200,0.41152262687683105,0.403292179107666,0.41152262687683105,0.403292179107666,0.2313290536403656
1986-11-28,1263900,0.41152262687683105,0.41426610946655273,0.4170095920562744,0.41152262687683105,0.23762385547161102
1986-11-26,8656200,0.403292179107666,0.4087791442871094,0.41152262687683105,0.395061731338501,0.23447628319263458
1986-11-25,3024300,0.403292179107666,0.40054869651794434,0.403292179107666,0.39780521392822266,0.22975538671016693
1986-11-24,9768900,0.3895747661590576,0.403292179107666,0.4060356616973877,0.3895747661590576,0.2313290536403656
1986-11-21,2997000,0.39780521392822266,0.3895747661590576,0.39780521392822266,0.3895747661590576,0.22346071898937225
1986-11-20,4709100,0.38683128356933594,0.3923182487487793,0.3923182487487793,0.3813443183898926,0.2250344306230545
1986-11-19,1652400,0.3895747661590576,0.3813443183898926,0.3923182487487793,0.3813443183898926,0.21873970329761505
1986-11-18,2471400,0.395061731338501,0.38683128356933594,0.395061731338501,0.3813443183898926,0.22188694775104523
1986-11-17,959400,0.395061731338501,0.395061731338501,0.39780521392822266,0.395061731338501,0.2266080230474472
1986-11-14,4520100,0.40054869651794434,0.40054869651794434,0.40054869651794434,0.38683128356933594,0.22975538671016693
1986-11-13,6572100,0.4060356616973877,0.40054869651794434,0.4087791442871094,0.395061731338501,0.22975538671016693
1986-11-12,7290300,0.4197530746459961,0.4087791442871094,0.4197530746459961,0.4060356616973877,0.23447628319263458
1986-11-11,1222500,0.4197530746459961,0.4170095920562744,0.42524006962776184,0.41426610946655273,0.23919734358787537
1986-11-10,4366800,0.4279835522174835,0.4197530746459961,0.4334705173969269,0.41426610946655273,0.24077096581459045
1986-11-07,3701100,0.4197530746459961,0.4224965572357178,0.4279835522174835,0.4197530746459961,0.2423446625471115
1986-11-06,6039300,0.4060356616973877,0.42524006962776184,0.4279835522174835,0.403292179107666,0.24391832947731018
1986-11-05,1839600,0.4060356616973877,0.4060356616973877,0.41426610946655273,0.403292179107666,0.23290257155895233
1986-11-04,7225200,0.41152262687683105,0.4087791442871094,0.41152262687683105,0.403292179107666,0.23447628319263458
1986-11-03,5357100,0.403292179107666,0.41426610946655273,0.4170095920562744,0.403292179107666,0.23762385547161102
1986-10-31,3706500,0.40054869651794434,0.403292179107666,0.4060356616973877,0.40054869651794434,0.2313290536403656
1986-10-30,6323400,0.4060356616973877,0.403292179107666,0.41426610946655273,0.39780521392822266,0.2313290536403656
1986-10-29,16500600,0.3813443183898926,0.40054869651794434,0.403292179107666,0.37311384081840515,0.22975538671016693
1986-10-28,3315900,0.3813443183898926,0.3813443183898926,0.38683128356933594,0.3758573532104492,0.21873970329761505
1986-10-27,2698200,0.3758573532104492,0.3786008358001709,0.3813443183898926,0.3758573532104492,0.2171659916639328
1986-10-24,1766100,0.3758573532104492,0.3758573532104492,0.3786008358001709,0.3758573532104492,0.21559247374534607
1986-10-23,3418500,0.37311384081840515,0.3786008358001709,0.3923182487487793,0.37311384081840515,0.2171659916639328
1986-10-22,3033000,0.37037035822868347,0.37311384081840515,0.37311384081840515,0.37037035822868347,0.214018777012825
1986-10-21,2397900,0.37037035822868347,0.3676268756389618,0.37037035822868347,0.3648833930492401,0.21087145805358887
1986-10-20,1738800,0.37311384081840515,0.3676268756389618,0.37311384081840515,0.3648833930492401,0.21087145805358887
1986-10-17,7711200,0.3758573532104492,0.3758573532104492,0.3758573532104492,0.37311384081840515,0.21559247374534607
1986-10-16,12695700,0.37311384081840515,0.3758573532104492,0.3786008358001709,0.37311384081840515,0.21559247374534607
1986-10-15,4293300,0.3786008358001709,0.37311384081840515,0.3786008358001709,0.3676268756389618,0.214018777012825
1986-10-14,567000,0.3786008358001709,0.3786008358001709,0.3786008358001709,0.37311384081840515,0.2171659916639328
1986-10-13,56100,0.3813443183898926,0.3786008358001709,0.3813443183898926,0.3786008358001709,0.2171659916639328
1986-10-10,1031700,0.3813443183898926,0.3813443183898926,0.3813443183898926,0.3758573532104492,0.21873970329761505
1986-10-09,1985400,0.37037035822868347,0.38408780097961426,0.38683128356933594,0.37037035822868347,0.2203134000301361
1986-10-08,2649600,0.3676268756389618,0.3676268756389618,0.37037035822868347,0.3676268756389618,0.21087145805358887
1986-10-07,740100,0.3676268756389618,0.3648833930492401,0.37037035822868347,0.3648833930492401,0.20929767191410065
1986-10-06,1238700,0.3676268756389618,0.37037035822868347,0.37037035822868347,0.3676268756389618,0.21244506537914276
1986-10-03,2016300,0.3676268756389618,0.37037035822868347,0.37037035822868347,0.3648833930492401,0.21244506537914276
1986-10-02,237900,0.3676268756389618,0.3676268756389618,0.37037035822868347,0.3676268756389618,0.21087145805358887
1986-10-01,1141500,0.37311384081840515,0.37037035822868347,0.3758573532104492,0.3676268756389618,0.21244506537914276
1986-09-30,891300,0.3676268756389618,0.37311384081840515,0.3758573532104492,0.3676268756389618,0.214018777012825
1986-09-29,421200,0.37037035822868347,0.3676268756389618,0.37037035822868347,0.3676268756389618,0.21087145805358887
1986-09-26,1227900,0.3676268756389618,0.37311384081840515,0.3758573532104492,0.3648833930492401,0.214018777012825
1986-09-25,2003700,0.37311384081840515,0.3676268756389618,0.3758573532104492,0.3648833930492401,0.21087145805358887
1986-09-24,10805700,0.3786008358001709,0.37311384081840515,0.38683128356933594,0.37311384081840515,0.214018777012825
1986-09-23,9064800,0.38683128356933594,0.3758573532104492,0.38683128356933594,0.36213991045951843,0.21559247374534607
1986-09-22,7072200,0.403292179107666,0.38408780097961426,0.41152262687683105,0.3786008358001709,0.2203134000301361
1986-09-19,4417500,0.395061731338501,0.40054869651794434,0.4060356616973877,0.3923182487487793,0.22975538671016693
1986-09-18,1215000,0.3923182487487793,0.395061731338501,0.395061731338501,0.3923182487487793,0.2266080230474472
1986-09-17,1082100,0.3895747661590576,0.395061731338501,0.395061731338501,0.3895747661590576,0.2266080230474472
1986-09-16,2673000,0.3895747661590576,0.3895747661590576,0.3895747661590576,0.3813443183898926,0.22346071898937225
1986-09-15,2552400,0.3813443183898926,0.3895747661590576,0.3895747661590576,0.3813443183898926,0.22346071898937225
1986-09-12,6696000,0.38408780097961426,0.38408780097961426,0.38683128356933594,0.37311384081840515,0.2203134000301361
1986-09-11,3688500,0.4170095920562744,0.3895747661590576,0.4170095920562744,0.38683128356933594,0.22346071898937225
1986-09-10,777600,0.4197530746459961,0.4197530746459961,0.4224965572357178,0.4170095920562744,0.24077096581459045
1986-09-09,4950000,0.4224965572357178,0.4224965572357178,0.4279835522174835,0.4224965572357178,0.2423446625471115
1986-09-08,4192500,0.43621399998664856,0.4224965572357178,0.43895748257637024,0.4197530746459961,0.2423446625471115
1986-09-05,11543400,0.4417009651660919,0.43895748257637024,0.4417009651660919,0.43895748257637024,0.25178655982017517
1986-09-04,1803600,0.43621399998664856,0.4417009651660919,0.4444444477558136,0.43621399998664856,0.2533603012561798
1986-09-03,6318000,0.43895748257637024,0.43621399998664856,0.4417009651660919,0.43621399998664856,0.250213086605072
1986-09-02,2358000,0.43895748257637024,0.43895748257637024,0.4444444477558136,0.43621399998664856,0.25178655982017517
1986-08-29,1384500,0.43895748257637024,0.43621399998664856,0.43895748257637024,0.4334705173969269,0.250213086605072
1986-08-28,8618700,0.43895748257637024,0.43895748257637024,0.44993141293525696,0.4307270348072052,0.25178655982017517
1986-08-27,3693600,0.4417009651660919,0.43895748257637024,0.4444444477558136,0.4334705173969269,0.25178655982017517
1986-08-26,5861100,0.4279835522174835,0.4417009651660919,0.4444444477558136,0.4279835522174835,0.2533603012561798
1986-08-25,3018600,0.42524006962776184,0.4279835522174835,0.4307270348072052,0.4224965572357178,0.24549201130867004
1986-08-22,1911900,0.4334705173969269,0.4279835522174835,0.43621399998664856,0.4224965572357178,0.24549201130867004
1986-08-21,4795200,0.4417009651660919,0.43621399998664856,0.4444444477558136,0.4334705173969269,0.250213086605072
1986-08-20,14670000,0.4279835522174835,0.4444444477558136,0.4471879303455353,0.4279835522174835,0.2549339830875397
1986-08-19,11210400,0.4334705173969269,0.42524006962776184,0.43895748257637024,0.42524006962776184,0.24391832947731018
1986-08-18,7610700,0.4170095920562744,0.4170095920562744,0.4279835522174835,0.41426610946655273,0.23919734358787537
1986-08-15,6998400,0.39780521392822266,0.4087791442871094,0.4170095920562744,0.395061731338501,0.23447628319263458
1986-08-14,3790800,0.3895747661590576,0.39780521392822266,0.39780521392822266,0.38683128356933594,0.2281818389892578
1986-08-13,5747700,0.3786008358001709,0.38683128356933594,0.3895747661590576,0.3786008358001709,0.22188694775104523
1986-08-12,5569500,0.3813443183898926,0.3758573532104492,0.3813443183898926,0.37311384081840515,0.21559247374534607
1986-08-11,3571500,0.3758573532104492,0.3758573532104492,0.3895747661590576,0.3758573532104492,0.21559247374534607
1986-08-08,1166700,0.3786008358001709,0.3758573532104492,0.3786008358001709,0.37311384081840515,0.21559247374534607
1986-08-07,3852300,0.37037035822868347,0.3758573532104492,0.3786008358001709,0.3676268756389618,0.21559247374534607
1986-08-06,2824200,0.37037035822868347,0.3648833930492401,0.37311384081840515,0.3648833930492401,0.20929767191410065
1986-08-05,972300,0.37037035822868347,0.37311384081840515,0.3786008358001709,0.3648833930492401,0.214018777012825
1986-08-04,966900,0.37311384081840515,0.37037035822868347,0.37311384081840515,0.3676268756389618,0.21244506537914276
1986-08-01,947100,0.3676268756389618,0.37311384081840515,0.3758573532104492,0.3676268756389618,0.214018777012825
1986-07-31,6312900,0.3566529452800751,0.3676268756389618,0.37037035822868347,0.3566529452800751,0.21087145805358887
1986-07-30,3269100,0.38683128356933594,0.3511659801006317,0.38683128356933594,0.34842249751091003,0.2014293521642685
1986-07-29,685800,0.3923182487487793,0.38408780097961426,0.3923182487487793,0.38408780097961426,0.2203134000301361
1986-07-28,1337400,0.395061731338501,0.3895747661590576,0.395061731338501,0.3895747661590576,0.22346071898937225
1986-07-25,1477800,0.39780521392822266,0.39780521392822266,0.40054869651794434,0.39780521392822266,0.2281818389892578
1986-07-24,5249100,0.4170095920562744,0.395061731338501,0.4197530746459961,0.395061731338501,0.2266080230474472
1986-07-23,6815100,0.40054869651794434,0.4170095920562744,0.4170095920562744,0.39780521392822266,0.23919734358787537
1986-07-22,1742400,0.395061731338501,0.40054869651794434,0.40054869651794434,0.3923182487487793,0.22975538671016693
1986-07-21,1031700,0.3923182487487793,0.3923182487487793,0.395061731338501,0.3895747661590576,0.2250344306230545
1986-07-18,1146900,0.38683128356933594,0.3923182487487793,0.3923182487487793,0.3758573532104492,0.2250344306230545
1986-07-17,1575000,0.40054869651794434,0.38683128356933594,0.403292179107666,0.38683128356933594,0.22188694775104523
1986-07-16,2543700,0.38683128356933594,0.403292179107666,0.403292179107666,0.38683128356933594,0.2313290536403656
1986-07-15,4131000,0.37311384081840515,0.3813443183898926,0.3923182487487793,0.37037035822868347,0.21873970329761505
1986-07-14,3661500,0.41152262687683105,0.38408780097961426,0.41152262687683105,0.3786008358001709,0.2203134000301361
1986-07-11,2243100,0.41426610946655273,0.41152262687683105,0.4170095920562744,0.4087791442871094,0.23605002462863922
1986-07-10,1422300,0.4224965572357178,0.41152262687683105,0.4224965572357178,0.4087791442871094,0.23605002462863922
1986-07-09,1712100,0.4170095920562744,0.4197530746459961,0.4224965572357178,0.4170095920562744,0.24077096581459045
1986-07-08,7446900,0.4224965572357178,0.4170095920562744,0.4224965572357178,0.403292179107666,0.23919734358787537
1986-07-07,15078900,0.46639230847358704,0.4279835522174835,0.4718792736530304,0.4224965572357178,0.24549201130867004
1986-07-03,1614900,0.4718792736530304,0.4691357910633087,0.4746227562427521,0.46364882588386536,0.2690970003604889
1986-07-02,2260800,0.46364882588386536,0.4691357910633087,0.4718792736530304,0.46364882588386536,0.2690970003604889
1986-07-01,3391200,0.47736626863479614,0.46639230847358704,0.47736626863479614,0.4609053432941437,0.26752331852912903
1986-06-30,3396900,0.4718792736530304,0.47736626863479614,0.47736626863479614,0.46639230847358704,0.2738179862499237
1986-06-27,9428700,0.46639230847358704,0.4691357910633087,0.47736626863479614,0.46364882588386536,0.2690970003604889
1986-06-26,1433100,0.44993141293525696,0.45267489552497864,0.4554183781147003,0.44993141293525696,0.25965502858161926
1986-06-25,2795400,0.43895748257637024,0.45267489552497864,0.4554183781147003,0.43895748257637024,0.25965502858161926
1986-06-24,2532600,0.4307270348072052,0.4279835522174835,0.4417009651660919,0.4279835522174835,0.24549201130867004
1986-06-23,2880300,0.4444444477558136,0.4444444477558136,0.44993141293525696,0.4417009651660919,0.2549339830875397
1986-06-20,572400,0.4444444477558136,0.4471879303455353,0.4471879303455353,0.4444444477558136,0.25650763511657715
1986-06-19,4345200,0.44993141293525696,0.4417009651660919,0.4554183781147003,0.4417009651660919,0.2533603012561798
1986-06-18,3735000,0.4609053432941437,0.4554183781147003,0.46364882588386536,0.44993141293525696,0.2612287700176239
1986-06-17,7684200,0.4554183781147003,0.458161860704422,0.46639230847358704,0.45267489552497864,0.2628025412559509
1986-06-16,4530900,0.458161860704422,0.45267489552497864,0.4609053432941437,0.44993141293525696,0.25965502858161926
1986-06-13,3488400,0.4609053432941437,0.458161860704422,0.46639230847358704,0.458161860704422,0.2628025412559509
1986-06-12,4271700,0.458161860704422,0.458161860704422,0.4609053432941437,0.45267489552497864,0.2628025412559509
1986-06-11,4053600,0.45267489552497864,0.45267489552497864,0.4554183781147003,0.4471879303455353,0.25965502858161926
1986-06-10,4721700,0.4444444477558136,0.4471879303455353,0.4471879303455353,0.43621399998664856,0.25650763511657715
1986-06-09,4021200,0.4609053432941437,0.4471879303455353,0.46364882588386536,0.4444444477558136,0.25650763511657715
1986-06-06,4795200,0.458161860704422,0.4609053432941437,0.46364882588386536,0.4554183781147003,0.26437607407569885
1986-06-05,3974400,0.458161860704422,0.458161860704422,0.458161860704422,0.45267489552497864,0.2628025412559509
1986-06-04,8499900,0.4417009651660919,0.44993141293525696,0.44993141293525696,0.4417009651660919,0.25808125734329224
1986-06-03,1895700,0.4417009651660919,0.43895748257637024,0.4444444477558136,0.43895748257637024,0.25178655982017517
1986-06-02,3670200,0.44993141293525696,0.43895748257637024,0.4554183781147003,0.43895748257637024,0.25178655982017517
1986-05-30,5220000,0.4444444477558136,0.45267489552497864,0.45267489552497864,0.4417009651660919,0.25965502858161926
1986-05-29,3753300,0.4444444477558136,0.4444444477558136,0.4471879303455353,0.43895748257637024,0.2549339830875397
1986-05-28,4811400,0.43895748257637024,0.4417009651660919,0.4471879303455353,0.43895748257637024,0.2533603012561798
1986-05-27,2927100,0.4334705173969269,0.4334705173969269,0.43621399998664856,0.4279835522174835,0.24863949418067932
1986-05-23,3888300,0.43621399998664856,0.4279835522174835,0.43895748257637024,0.4279835522174835,0.24549201130867004
1986-05-22,6991200,0.43621399998664856,0.43621399998664856,0.4471879303455353,0.43621399998664856,0.250213086605072
1986-05-21,25331700,0.4609053432941437,0.4334705173969269,0.46639230847358704,0.4279835522174835,0.24863949418067932
1986-05-20,57726000,0.4170095920562744,0.4609053432941437,0.4609053432941437,0.4087791442871094,0.26437607407569885
1986-05-19,9234000,0.37311384081840515,0.3758573532104492,0.3758573532104492,0.37037035822868347,0.21559247374534607
1986-05-16,16038300,0.3676268756389618,0.37311384081840515,0.37311384081840515,0.36213991045951843,0.214018777012825
1986-05-15,2368800,0.3676268756389618,0.3676268756389618,0.3676268756389618,0.3648833930492401,0.21087145805358887
1986-05-14,846000,0.3676268756389618,0.37037035822868347,0.37037035822868347,0.3648833930492401,0.21244506537914276
1986-05-13,6377700,0.37311384081840515,0.3676268756389618,0.3758573532104492,0.3676268756389618,0.21087145805358887
1986-05-12,8894100,0.3676268756389618,0.3758573532104492,0.3758573532104492,0.3676268756389618,0.21559247374534607
1986-05-09,14272200,0.37311384081840515,0.3676268756389618,0.37311384081840515,0.3676268756389618,0.21087145805358887
1986-05-08,1956900,0.37311384081840515,0.37311384081840515,0.3758573532104492,0.37037035822868347,0.214018777012825
1986-05-07,3078300,0.37037035822868347,0.37311384081840515,0.37311384081840515,0.3676268756389618,0.214018777012825
1986-05-06,8348400,0.38408780097961426,0.37037035822868347,0.38408780097961426,0.37037035822868347,0.21244506537914276
1986-05-05,4239300,0.35939642786979675,0.37311384081840515,0.37311384081840515,0.35939642786979675,0.214018777012825
1986-05-02,912600,0.3539094626903534,0.36213991045951843,0.36213991045951843,0.3539094626903534,0.20772403478622437
1986-05-01,5114100,0.3539094626903534,0.3566529452800751,0.36213991045951843,0.34567901492118835,0.20457664132118225
1986-04-30,5248800,0.3758573532104492,0.37311384081840515,0.3758573532104492,0.3539094626903534,0.214018777012825
1986-04-29,4071600,0.3786008358001709,0.3758573532104492,0.38408780097961426,0.3758573532104492,0.21559247374534607
1986-04-28,5029500,0.3786008358001709,0.3786008358001709,0.38408780097961426,0.3758573532104492,0.2171659916639328
1986-04-25,5346300,0.3758573532104492,0.38408780097961426,0.38683128356933594,0.3758573532104492,0.2203134000301361
1986-04-24,5888100,0.38408780097961426,0.3813443183898926,0.38408780097961426,0.3758573532104492,0.21873970329761505
1986-04-23,5621400,0.38408780097961426,0.3813443183898926,0.38408780097961426,0.37311384081840515,0.21873970329761505
1986-04-22,6651000,0.40054869651794434,0.38683128356933594,0.40054869651794434,0.38683128356933594,0.22188694775104523
1986-04-21,6285900,0.3895747661590576,0.395061731338501,0.40054869651794434,0.38408780097961426,0.2266080230474472
1986-04-18,21571200,0.3758573532104492,0.3923182487487793,0.39780521392822266,0.37311384081840515,0.2250344306230545
1986-04-17,9970500,0.3511659801006317,0.3676268756389618,0.3676268756389618,0.3511659801006317,0.21087145805358887
1986-04-16,6872400,0.34842249751091003,0.3539094626903534,0.3566529452800751,0.34567901492118835,0.20300312340259552
1986-04-15,2279100,0.33470508456230164,0.3429355323314667,0.34567901492118835,0.33470508456230164,0.19670838117599487
1986-04-14,3245400,0.33196160197257996,0.33470508456230164,0.3374485671520233,0.3292181193828583,0.19198739528656006
1986-04-11,2721900,0.340192049741745,0.33196160197257996,0.3429355323314667,0.3292181193828583,0.19041374325752258
1986-04-10,5430600,0.3429355323314667,0.340192049741745,0.3511659801006317,0.340192049741745,0.1951347142457962
1986-04-09,4399200,0.340192049741745,0.3429355323314667,0.3429355323314667,0.340192049741745,0.19670838117599487
1986-04-08,5940300,0.31824415922164917,0.33196160197257996,0.33196160197257996,0.31824415922164917,0.19041374325752258
1986-04-07,2550900,0.32373112440109253,0.31824415922164917,0.3264746367931366,0.3127571940422058,0.1825452744960785
1986-04-04,2644200,0.3292181193828583,0.32098764181137085,0.3292181193828583,0.32098764181137085,0.1841190755367279
1986-04-03,5807100,0.34567901492118835,0.3292181193828583,0.34567901492118835,0.3264746367931366,0.18884004652500153
1986-04-02,1620300,0.34842249751091003,0.34567901492118835,0.3511659801006317,0.34567901492118835,0.19828203320503235
1986-04-01,2595600,0.3539094626903534,0.34842249751091003,0.35939642786979675,0.34842249751091003,0.1998557597398758
1986-03-31,6152700,0.3511659801006317,0.3539094626903534,0.3539094626903534,0.34842249751091003,0.20300312340259552
1986-03-27,10089300,0.3566529452800751,0.3511659801006317,0.35939642786979675,0.34842249751091003,0.2014293521642685
1986-03-26,1798200,0.35939642786979675,0.3566529452800751,0.3648833930492401,0.3566529452800751,0.20457664132118225
1986-03-25,3880800,0.34567901492118835,0.35939642786979675,0.35939642786979675,0.34567901492118835,0.20615030825138092
1986-03-24,1458300,0.34567901492118835,0.3429355323314667,0.34567901492118835,0.340192049741745,0.19670838117599487
1986-03-21,2862300,0.34567901492118835,0.34842249751091003,0.3511659801006317,0.34567901492118835,0.1998557597398758
1986-03-20,3670200,0.3429355323314667,0.34567901492118835,0.3539094626903534,0.3429355323314667,0.19828203320503235
1986-03-19,3409500,0.3566529452800751,0.34567901492118835,0.3566529452800751,0.3429355323314667,0.19828203320503235
1986-03-18,6735900,0.3566529452800751,0.3566529452800751,0.36213991045951843,0.3539094626903534,0.20457664132118225
1986-03-17,3726000,0.36213991045951843,0.3539094626903534,0.36213991045951843,0.3539094626903534,0.20300312340259552
1986-03-14,6404400,0.3511659801006317,0.36213991045951843,0.3676268756389618,0.34842249751091003,0.20772403478622437
1986-03-13,6177600,0.36213991045951843,0.3539094626903534,0.3676268756389618,0.34842249751091003,0.20300312340259552
1986-03-12,4476600,0.37311384081840515,0.3648833930492401,0.37311384081840515,0.3648833930492401,0.20929767191410065
1986-03-11,10891800,0.3676268756389618,0.37311384081840515,0.3758573532104492,0.36213991045951843,0.214018777012825
1986-03-10,15508800,0.36213991045951843,0.3648833930492401,0.3758573532104492,0.35939642786979675,0.20929767191410065
1986-03-07,27974100,0.3511659801006317,0.3566529452800751,0.36213991045951843,0.34842249751091003,0.20457664132118225
1986-03-06,27873000,0.31824415922164917,0.33196160197257996,0.33470508456230164,0.3155006766319275,0.19041374325752258
1986-03-05,2304000,0.31824415922164917,0.3127571940422058,0.31824415922164917,0.31001371145248413,0.17939810454845428
1986-03-04,4284300,0.32098764181137085,0.32098764181137085,0.3264746367931366,0.31824415922164917,0.1841190755367279
1986-03-03,2106300,0.32098764181137085,0.31824415922164917,0.32098764181137085,0.3127571940422058,0.1825452744960785
1986-02-28,4865400,0.3264746367931366,0.31824415922164917,0.3264746367931366,0.31824415922164917,0.1825452744960785
1986-02-27,5886000,0.3127571940422058,0.3264746367931366,0.3264746367931366,0.3127571940422058,0.1872664839029312
1986-02-26,4309200,0.31824415922164917,0.3127571940422058,0.32373112440109253,0.31001371145248413,0.17939810454845428
1986-02-25,1684800,0.32373112440109253,0.32098764181137085,0.32373112440109253,0.31824415922164917,0.1841190755367279
1986-02-24,4093500,0.32373112440109253,0.32098764181137085,0.32373112440109253,0.31824415922164917,0.1841190755367279
1986-02-21,15192300,0.31824415922164917,0.32373112440109253,0.3264746367931366,0.3127571940422058,0.1856926828622818
1986-02-20,10632600,0.30727022886276245,0.3127571940422058,0.3155006766319275,0.30452674627304077,0.17939810454845428
1986-02-19,5734800,0.32373112440109253,0.31001371145248413,0.32373112440109253,0.31001371145248413,0.17782443761825562
1986-02-18,19566300,0.3127571940422058,0.32373112440109253,0.3264746367931366,0.31001371145248413,0.1856926828622818
1986-02-14,14823300,0.2990397810935974,0.30727022886276245,0.30727022886276245,0.29629629850387573,0.17625072598457336
1986-02-13,15692700,0.285322368144989,0.29355281591415405,0.29355281591415405,0.27983540296554565,0.16838237643241882
1986-02-12,17087700,0.2633744776248932,0.285322368144989,0.285322368144989,0.2633744776248932,0.16366145014762878
1986-02-11,3292200,0.26611796021461487,0.2633744776248932,0.2716049253940582,0.2606309950351715,0.15107204020023346
1986-02-10,522000,0.2633744776248932,0.2633744776248932,0.26611796021461487,0.2633744776248932,0.15107204020023346
1986-02-07,2052300,0.2716049253940582,0.26611796021461487,0.2716049253940582,0.2633744776248932,0.15264566242694855
1986-02-06,5794500,0.277091920375824,0.2743484079837799,0.27983540296554565,0.2716049253940582,0.15736669301986694
1986-02-05,1328700,0.28257888555526733,0.277091920375824,0.28257888555526733,0.2743484079837799,0.1589403748512268
1986-02-04,4914000,0.2880658507347107,0.27983540296554565,0.29355281591415405,0.27983540296554565,0.16051407158374786
1986-02-03,4439100,0.2743484079837799,0.2880658507347107,0.2908093333244324,0.2743484079837799,0.16523504257202148
1986-01-31,6058800,0.2633744776248932,0.2743484079837799,0.2743484079837799,0.2606309950351715,0.15736669301986694
1986-01-30,4690800,0.25240054726600647,0.2716049253940582,0.2716049253940582,0.2496570646762848,0.1557929813861847
1986-01-29,4248000,0.24142661690711975,0.2469135820865631,0.25514402985572815,0.24142661690711975,0.14163003861904144
1986-01-28,10416900,0.24417009949684143,0.24142661690711975,0.24417009949684143,0.2359396368265152,0.1384827047586441
1986-01-27,11918100,0.2496570646762848,0.24142661690711975,0.2496570646762848,0.24142661690711975,0.1384827047586441
1986-01-24,2070300,0.2469135820865631,0.2496570646762848,0.2496570646762848,0.2469135820865631,0.1432037502527237
1986-01-23,6253200,0.2469135820865631,0.2469135820865631,0.2469135820865631,0.23868313431739807,0.14163003861904144
1986-01-22,2435400,0.25788751244544983,0.2469135820865631,0.25788751244544983,0.2469135820865631,0.14163003861904144
1986-01-21,3134100,0.25240054726600647,0.25514402985572815,0.25788751244544983,0.2496570646762848,0.14635102450847626
1986-01-20,1665300,0.25240054726600647,0.2496570646762848,0.25514402985572815,0.2469135820865631,0.1432037502527237
1986-01-17,3115800,0.25788751244544983,0.25240054726600647,0.25788751244544983,0.2496570646762848,0.14477740228176117
1986-01-16,1085700,0.25788751244544983,0.25514402985572815,0.2606309950351715,0.25514402985572815,0.14635102450847626
1986-01-15,2151300,0.25788751244544983,0.2606309950351715,0.2606309950351715,0.25514402985572815,0.14949847757816315
1986-01-14,2696700,0.25514402985572815,0.25788751244544983,0.25788751244544983,0.2496570646762848,0.14792470633983612
1986-01-13,8728500,0.26611796021461487,0.25788751244544983,0.26886144280433655,0.25514402985572815,0.14792470633983612
1986-01-10,1623600,0.26611796021461487,0.26611796021461487,0.26886144280433655,0.26611796021461487,0.15264566242694855
1986-01-09,1992900,0.26886144280433655,0.26886144280433655,0.2716049253940582,0.2633744776248932,0.15421932935714722
1986-01-08,2559600,0.27983540296554565,0.2716049253940582,0.28257888555526733,0.2716049253940582,0.1557929813861847
1986-01-07,2698200,0.26886144280433655,0.2743484079837799,0.277091920375824,0.26886144280433655,0.15736669301986694
1986-01-06,2851200,0.27983540296554565,0.2716049253940582,0.27983540296554565,0.26611796021461487,0.1557929813861847
1986-01-03,1465500,0.27983540296554565,0.27983540296554565,0.27983540296554565,0.277091920375824,0.16051407158374786
1986-01-02,955800,0.2743484079837799,0.27983540296554565,0.27983540296554565,0.2743484079837799,0.16051407158374786
1985-12-31,4338300,0.2743484079837799,0.2743484079837799,0.2743484079837799,0.26886144280433655,0.15736669301986694
1985-12-30,1568100,0.27983540296554565,0.2743484079837799,0.27983540296554565,0.2716049253940582,0.15736669301986694
1985-12-27,1701300,0.27983540296554565,0.28257888555526733,0.28257888555526733,0.27983540296554565,0.16208767890930176
1985-12-26,444900,0.27983540296554565,0.27983540296554565,0.27983540296554565,0.277091920375824,0.16051407158374786
1985-12-24,758100,0.27983540296554565,0.27983540296554565,0.28257888555526733,0.277091920375824,0.16051407158374786
1985-12-23,4228200,0.2908093333244324,0.27983540296554565,0.2908093333244324,0.277091920375824,0.16051407158374786
1985-12-20,2644200,0.2908093333244324,0.2908093333244324,0.2908093333244324,0.285322368144989,0.16680867969989777
1985-12-19,4102200,0.285322368144989,0.29355281591415405,0.29355281591415405,0.27983540296554565,0.16838237643241882
1985-12-18,3008100,0.285322368144989,0.2880658507347107,0.2908093333244324,0.28257888555526733,0.16523504257202148
1985-12-17,2923500,0.2908093333244324,0.285322368144989,0.2908093333244324,0.27983540296554565,0.16366145014762878
1985-12-16,6908700,0.2990397810935974,0.285322368144989,0.2990397810935974,0.277091920375824,0.16366145014762878
1985-12-13,15539400,0.26886144280433655,0.2908093333244324,0.3017832636833191,0.26886144280433655,0.16680867969989777
1985-12-12,9068700,0.25514402985572815,0.26886144280433655,0.2716049253940582,0.25240054726600647,0.15421932935714722
1985-12-11,5724000,0.24142661690711975,0.25240054726600647,0.25240054726600647,0.24142661690711975,0.14477740228176117
1985-12-10,6536100,0.24417009949684143,0.24417009949684143,0.2469135820865631,0.2359396368265152,0.14005637168884277
1985-12-09,3899100,0.24417009949684143,0.2469135820865631,0.2496570646762848,0.24417009949684143,0.14163003861904144
1985-12-06,1128900,0.2469135820865631,0.2469135820865631,0.2469135820865631,0.24417009949684143,0.14163003861904144
1985-12-05,7216500,0.24417009949684143,0.2496570646762848,0.2496570646762848,0.24142661690711975,0.1432037502527237
1985-12-04,3099600,0.24142661690711975,0.24417009949684143,0.2469135820865631,0.23868313431739807,0.14005637168884277
1985-12-03,655500,0.23868313431739807,0.24142661690711975,0.24142661690711975,0.23868313431739807,0.1384827047586441
1985-12-02,1603800,0.24142661690711975,0.24142661690711975,0.24142661690711975,0.2359396368265152,0.1384827047586441
1985-11-29,1341300,0.24142661690711975,0.24142661690711975,0.24142661690711975,0.23868313431739807,0.1384827047586441
1985-11-27,7689900,0.24142661690711975,0.24142661690711975,0.24142661690711975,0.2359396368265152,0.1384827047586441
1985-11-26,1082100,0.2469135820865631,0.24142661690711975,0.2469135820865631,0.24142661690711975,0.1384827047586441
1985-11-25,1906500,0.2469135820865631,0.2469135820865631,0.2469135820865631,0.24417009949684143,0.14163003861904144
1985-11-22,16540500,0.24417009949684143,0.2469135820865631,0.2496570646762848,0.2359396368265152,0.14163003861904144
1985-11-21,3583800,0.2469135820865631,0.24417009949684143,0.2496570646762848,0.24417009949684143,0.14005637168884277
1985-11-20,9149700,0.2469135820865631,0.2469135820865631,0.25240054726600647,0.24142661690711975,0.14163003861904144
1985-11-19,7965300,0.2496570646762848,0.2496570646762848,0.2606309950351715,0.2469135820865631,0.1432037502527237
1985-11-18,1013400,0.2469135820865631,0.25240054726600647,0.25240054726600647,0.2469135820865631,0.14477740228176117
1985-11-15,1920600,0.25240054726600647,0.2496570646762848,0.25514402985572815,0.2469135820865631,0.1432037502527237
1985-11-14,3783600,0.2633744776248932,0.25514402985572815,0.2633744776248932,0.2496570646762848,0.14635102450847626
1985-11-13,2386800,0.26886144280433655,0.2633744776248932,0.2716049253940582,0.2606309950351715,0.15107204020023346
1985-11-12,10569900,0.2606309950351715,0.2716049253940582,0.27983540296554565,0.25788751244544983,0.1557929813861847
1985-11-11,7716600,0.23868313431739807,0.25514402985572815,0.25788751244544983,0.23868313431739807,0.14635102450847626
1985-11-08,4239300,0.2359396368265152,0.23319615423679352,0.23868313431739807,0.23045267164707184,0.13376165926456451
1985-11-07,1483200,0.2359396368265152,0.2359396368265152,0.23868313431739807,0.2359396368265152,0.13533535599708557
1985-11-06,1420500,0.23868313431739807,0.2359396368265152,0.24417009949684143,0.23319615423679352,0.13533535599708557
1985-11-05,3033000,0.24142661690711975,0.23868313431739807,0.2469135820865631,0.2359396368265152,0.13690899312496185
1985-11-04,1596600,0.2359396368265152,0.24142661690711975,0.24142661690711975,0.23319615423679352,0.1384827047586441
1985-11-01,1195500,0.24142661690711975,0.2359396368265152,0.24142661690711975,0.23045267164707184,0.13533535599708557
1985-10-31,966900,0.24417009949684143,0.24142661690711975,0.24417009949684143,0.24142661690711975,0.1384827047586441
1985-10-30,1269000,0.25240054726600647,0.24142661690711975,0.25240054726600647,0.24142661690711975,0.1384827047586441
1985-10-29,1204200,0.2496570646762848,0.2496570646762848,0.25240054726600647,0.24417009949684143,0.1432037502527237
1985-10-28,540000,0.2469135820865631,0.2496570646762848,0.2496570646762848,0.24417009949684143,0.1432037502527237
1985-10-25,959400,0.2469135820865631,0.24417009949684143,0.2496570646762848,0.24417009949684143,0.14005637168884277
1985-10-24,1659900,0.2469135820865631,0.2496570646762848,0.2496570646762848,0.24417009949684143,0.1432037502527237
1985-10-23,2527200,0.24417009949684143,0.24417009949684143,0.2496570646762848,0.24142661690711975,0.14005637168884277
1985-10-22,3069300,0.24142661690711975,0.24142661690711975,0.24417009949684143,0.23868313431739807,0.1384827047586441
1985-10-21,2061000,0.2469135820865631,0.24142661690711975,0.2469135820865631,0.24142661690711975,0.1384827047586441
1985-10-18,1112700,0.2469135820865631,0.24417009949684143,0.2469135820865631,0.24417009949684143,0.14005637168884277
1985-10-17,1805700,0.2496570646762848,0.24417009949684143,0.2496570646762848,0.24417009949684143,0.14005637168884277
1985-10-16,1287300,0.24417009949684143,0.2496570646762848,0.2496570646762848,0.24142661690711975,0.1432037502527237
1985-10-15,4640700,0.2496570646762848,0.24142661690711975,0.2496570646762848,0.24142661690711975,0.1384827047586441
1985-10-14,210900,0.2469135820865631,0.2496570646762848,0.2496570646762848,0.2469135820865631,0.1432037502527237
1985-10-11,2349300,0.25514402985572815,0.2469135820865631,0.25788751244544983,0.2469135820865631,0.14163003861904144
1985-10-10,918300,0.2496570646762848,0.25788751244544983,0.25788751244544983,0.2496570646762848,0.14792470633983612
1985-10-09,3479700,0.24417009949684143,0.25240054726600647,0.25240054726600647,0.24417009949684143,0.14477740228176117
1985-10-08,2005500,0.2469135820865631,0.24417009949684143,0.2469135820865631,0.24142661690711975,0.14005637168884277
1985-10-07,3925800,0.2496570646762848,0.24417009949684143,0.25240054726600647,0.24417009949684143,0.14005637168884277
1985-10-04,3097800,0.2496570646762848,0.25240054726600647,0.25514402985572815,0.2496570646762848,0.14477740228176117
1985-10-03,1202400,0.2496570646762848,0.25240054726600647,0.25240054726600647,0.2496570646762848,0.14477740228176117
1985-10-02,4143900,0.25514402985572815,0.2496570646762848,0.2606309950351715,0.2496570646762848,0.1432037502527237
1985-10-01,7927200,0.24417009949684143,0.2496570646762848,0.25240054726600647,0.24417009949684143,0.1432037502527237
1985-09-30,2586900,0.24142661690711975,0.24417009949684143,0.2496570646762848,0.23868313431739807,0.14005637168884277
1985-09-26,5776200,0.2496570646762848,0.24142661690711975,0.2496570646762848,0.23868313431739807,0.1384827047586441
1985-09-25,1112700,0.25240054726600647,0.25240054726600647,0.25514402985572815,0.25240054726600647,0.14477740228176117
1985-09-24,766800,0.2606309950351715,0.25788751244544983,0.2606309950351715,0.25514402985572815,0.14792470633983612
1985-09-23,2041200,0.25788751244544983,0.25788751244544983,0.26886144280433655,0.25788751244544983,0.14792470633983612
1985-09-20,3863100,0.2606309950351715,0.25788751244544983,0.2606309950351715,0.25788751244544983,0.14792470633983612
1985-09-19,3645000,0.2606309950351715,0.25788751244544983,0.2633744776248932,0.25514402985572815,0.14792470633983612
1985-09-18,2325600,0.25514402985572815,0.2606309950351715,0.2606309950351715,0.25514402985572815,0.14949847757816315
1985-09-17,1360800,0.25240054726600647,0.25514402985572815,0.25514402985572815,0.25240054726600647,0.14635102450847626
1985-09-16,518400,0.25788751244544983,0.25240054726600647,0.25788751244544983,0.25240054726600647,0.14477740228176117
1985-09-13,1787400,0.26886144280433655,0.25788751244544983,0.26886144280433655,0.25514402985572815,0.14792470633983612
1985-09-12,4430100,0.2743484079837799,0.26886144280433655,0.2743484079837799,0.26611796021461487,0.15421932935714722
1985-09-11,554400,0.277091920375824,0.2743484079837799,0.277091920375824,0.2743484079837799,0.15736669301986694
1985-09-10,1593000,0.277091920375824,0.2743484079837799,0.27983540296554565,0.2743484079837799,0.15736669301986694
1985-09-09,6185100,0.2633744776248932,0.277091920375824,0.27983540296554565,0.2633744776248932,0.1589403748512268
1985-09-06,3099600,0.25514402985572815,0.2633744776248932,0.2633744776248932,0.25240054726600647,0.15107204020023346
1985-09-05,14131800,0.25514402985572815,0.25514402985572815,0.25514402985572815,0.2496570646762848,0.14635102450847626
1985-09-04,1105200,0.25788751244544983,0.25514402985572815,0.2606309950351715,0.25240054726600647,0.14635102450847626
1985-09-03,590700,0.25788751244544983,0.2606309950351715,0.2606309950351715,0.25788751244544983,0.14949847757816315
1985-08-30,680700,0.25788751244544983,0.2606309950351715,0.2606309950351715,0.25788751244544983,0.14949847757816315
1985-08-29,6276900,0.25514402985572815,0.2606309950351715,0.2606309950351715,0.25240054726600647,0.14949847757816315
1985-08-28,1092900,0.25514402985572815,0.25514402985572815,0.25788751244544983,0.25240054726600647,0.14635102450847626
1985-08-27,3018600,0.25788751244544983,0.25514402985572815,0.25788751244544983,0.25240054726600647,0.14635102450847626
1985-08-26,801300,0.25788751244544983,0.25788751244544983,0.25788751244544983,0.25240054726600647,0.14792470633983612
1985-08-23,1584300,0.25788751244544983,0.25240054726600647,0.2606309950351715,0.25240054726600647,0.14477740228176117
1985-08-22,10715700,0.25788751244544983,0.25514402985572815,0.25788751244544983,0.2496570646762848,0.14635102450847626
1985-08-21,3601800,0.2606309950351715,0.25788751244544983,0.2606309950351715,0.25514402985572815,0.14792470633983612
1985-08-20,12976500,0.24417009949684143,0.2606309950351715,0.2606309950351715,0.24417009949684143,0.14949847757816315
1985-08-19,7400100,0.24142661690711975,0.24142661690711975,0.24142661690711975,0.2359396368265152,0.1384827047586441
1985-08-16,13876200,0.24142661690711975,0.23868313431739807,0.24417009949684143,0.23045267164707184,0.13690899312496185
1985-08-15,16756200,0.2359396368265152,0.24142661690711975,0.25240054726600647,0.2359396368265152,0.1384827047586441
1985-08-14,7034400,0.2606309950351715,0.25240054726600647,0.2606309950351715,0.2496570646762848,0.14477740228176117
1985-08-13,8038800,0.2606309950351715,0.25788751244544983,0.2633744776248932,0.25788751244544983,0.14792470633983612
1985-08-12,7581900,0.2716049253940582,0.2606309950351715,0.2716049253940582,0.2606309950351715,0.14949847757816315
1985-08-09,2586900,0.27983540296554565,0.2743484079837799,0.27983540296554565,0.2716049253940582,0.15736669301986694
1985-08-08,4865400,0.2743484079837799,0.27983540296554565,0.27983540296554565,0.2716049253940582,0.16051407158374786
1985-08-07,6312900,0.277091920375824,0.277091920375824,0.27983540296554565,0.2743484079837799,0.1589403748512268
1985-08-06,11453400,0.27983540296554565,0.277091920375824,0.27983540296554565,0.2743484079837799,0.1589403748512268
1985-08-05,11736300,0.285322368144989,0.28257888555526733,0.2880658507347107,0.277091920375824,0.16208767890930176
1985-08-02,6796800,0.28257888555526733,0.2880658507347107,0.2908093333244324,0.27983540296554565,0.16523504257202148
1985-08-01,26560800,0.285322368144989,0.277091920375824,0.2880658507347107,0.2743484079837799,0.1589403748512268
1985-07-31,13705200,0.2880658507347107,0.2880658507347107,0.2908093333244324,0.285322368144989,0.16523504257202148
1985-07-30,15899700,0.2880658507347107,0.2908093333244324,0.29355281591415405,0.285322368144989,0.16680867969989777
1985-07-29,10022700,0.29629629850387573,0.2908093333244324,0.29629629850387573,0.2880658507347107,0.16680867969989777
1985-07-26,1956900,0.29355281591415405,0.29629629850387573,0.29629629850387573,0.29355281591415405,0.16995614767074585
1985-07-25,2352600,0.29629629850387573,0.29629629850387573,0.29629629850387573,0.29355281591415405,0.16995614767074585
1985-07-24,9210600,0.3017832636833191,0.29629629850387573,0.3017832636833191,0.2880658507347107,0.16995614767074585
1985-07-23,7824900,0.30727022886276245,0.3017832636833191,0.30727022886276245,0.2990397810935974,0.1731034517288208
1985-07-22,8092800,0.2908093333244324,0.30452674627304077,0.30452674627304077,0.2908093333244324,0.1746770590543747
1985-07-19,2543700,0.29629629850387573,0.29355281591415405,0.29629629850387573,0.2880658507347107,0.16838237643241882
1985-07-18,1931400,0.3017832636833191,0.29629629850387573,0.3017832636833191,0.29629629850387573,0.16995614767074585
1985-07-17,4082400,0.30727022886276245,0.3017832636833191,0.30727022886276245,0.2990397810935974,0.1731034517288208
1985-07-16,2187000,0.3017832636833191,0.30727022886276245,0.30727022886276245,0.2990397810935974,0.17625072598457336
1985-07-15,1976400,0.3017832636833191,0.3017832636833191,0.3017832636833191,0.2990397810935974,0.1731034517288208
1985-07-12,2316600,0.3017832636833191,0.3017832636833191,0.3017832636833191,0.29629629850387573,0.1731034517288208
1985-07-11,1204200,0.29629629850387573,0.3017832636833191,0.3017832636833191,0.29629629850387573,0.1731034517288208
1985-07-10,8449200,0.30452674627304077,0.29629629850387573,0.30452674627304077,0.29355281591415405,0.16995614767074585
1985-07-09,2935800,0.29629629850387573,0.3017832636833191,0.3017832636833191,0.29629629850387573,0.1731034517288208
1985-07-08,3409500,0.30727022886276245,0.29629629850387573,0.31001371145248413,0.29355281591415405,0.16995614767074585
1985-07-05,3456000,0.30452674627304077,0.30727022886276245,0.31001371145248413,0.30452674627304077,0.17625072598457336
1985-07-03,4330800,0.3017832636833191,0.30452674627304077,0.31001371145248413,0.3017832636833191,0.1746770590543747
1985-07-02,8208300,0.285322368144989,0.2990397810935974,0.3017832636833191,0.285322368144989,0.17152972519397736
1985-07-01,14725800,0.285322368144989,0.285322368144989,0.2880658507347107,0.277091920375824,0.16366145014762878
1985-06-28,5000700,0.3017832636833191,0.2908093333244324,0.3017832636833191,0.285322368144989,0.16680867969989777
1985-06-27,2149500,0.30727022886276245,0.3017832636833191,0.30727022886276245,0.2990397810935974,0.1731034517288208
1985-06-26,1980000,0.30727022886276245,0.30727022886276245,0.30727022886276245,0.2990397810935974,0.17625072598457336
1985-06-25,11142300,0.30727022886276245,0.31001371145248413,0.31001371145248413,0.30452674627304077,0.17782443761825562
1985-06-24,2143800,0.3155006766319275,0.31001371145248413,0.3155006766319275,0.30727022886276245,0.17782443761825562
1985-06-21,6463800,0.30452674627304077,0.3155006766319275,0.31824415922164917,0.30452674627304077,0.1809716522693634
1985-06-20,24192000,0.31001371145248413,0.30452674627304077,0.31001371145248413,0.277091920375824,0.1746770590543747
1985-06-19,3123300,0.3127571940422058,0.30727022886276245,0.3155006766319275,0.30727022886276245,0.17625072598457336
1985-06-18,2284500,0.3155006766319275,0.31824415922164917,0.31824415922164917,0.3127571940422058,0.1825452744960785
1985-06-17,3013500,0.3264746367931366,0.3127571940422058,0.3264746367931366,0.31001371145248413,0.17939810454845428
1985-06-14,3637800,0.3429355323314667,0.32373112440109253,0.3429355323314667,0.31824415922164917,0.1856926828622818
1985-06-13,2759400,0.34567901492118835,0.3429355323314667,0.34842249751091003,0.3429355323314667,0.19670838117599487
1985-06-12,2176200,0.3566529452800751,0.3539094626903534,0.3566529452800751,0.34842249751091003,0.20300312340259552
1985-06-11,885900,0.3566529452800751,0.35939642786979675,0.36213991045951843,0.3566529452800751,0.20615030825138092
1985-06-10,1879200,0.3566529452800751,0.3539094626903534,0.3566529452800751,0.34842249751091003,0.20300312340259552
1985-06-07,2113500,0.35939642786979675,0.3566529452800751,0.35939642786979675,0.3539094626903534,0.20457664132118225
1985-06-06,855300,0.3648833930492401,0.35939642786979675,0.3648833930492401,0.35939642786979675,0.20615030825138092
1985-06-05,6051600,0.36213991045951843,0.3648833930492401,0.3648833930492401,0.36213991045951843,0.20929767191410065
1985-06-04,2770200,0.3539094626903534,0.35939642786979675,0.35939642786979675,0.3539094626903534,0.20615030825138092
1985-06-03,2624700,0.35939642786979675,0.3539094626903534,0.36213991045951843,0.3539094626903534,0.20300312340259552
1985-05-31,1469100,0.36213991045951843,0.36213991045951843,0.36213991045951843,0.35939642786979675,0.20772403478622437
1985-05-30,3425700,0.3676268756389618,0.36213991045951843,0.37037035822868347,0.3566529452800751,0.20772403478622437
1985-05-29,7574400,0.3648833930492401,0.36213991045951843,0.3676268756389618,0.35939642786979675,0.20772403478622437
1985-05-28,1373700,0.37037035822868347,0.3676268756389618,0.37037035822868347,0.3648833930492401,0.21087145805358887
1985-05-24,2588700,0.3676268756389618,0.37037035822868347,0.37037035822868347,0.3648833930492401,0.21244506537914276
1985-05-23,6841800,0.3648833930492401,0.3648833930492401,0.3676268756389618,0.36213991045951843,0.20929767191410065
1985-05-22,5284800,0.36213991045951843,0.35939642786979675,0.36213991045951843,0.3566529452800751,0.20615030825138092
1985-05-21,47838900,0.395061731338501,0.3648833930492401,0.395061731338501,0.36213991045951843,0.20929767191410065
1985-05-20,8427600,0.4279835522174835,0.43895748257637024,0.4471879303455353,0.4279835522174835,0.25178655982017517
1985-05-17,1112700,0.4197530746459961,0.4197530746459961,0.4224965572357178,0.4170095920562744,0.24077096581459045
1985-05-16,4968300,0.4087791442871094,0.4197530746459961,0.4197530746459961,0.4087791442871094,0.24077096581459045
1985-05-15,2916000,0.39780521392822266,0.4087791442871094,0.4087791442871094,0.39780521392822266,0.23447628319263458
1985-05-14,2235600,0.395061731338501,0.40054869651794434,0.40054869651794434,0.395061731338501,0.22975538671016693
1985-05-13,3142800,0.40054869651794434,0.3923182487487793,0.40054869651794434,0.3923182487487793,0.2250344306230545
1985-05-10,10497600,0.40054869651794434,0.403292179107666,0.4087791442871094,0.40054869651794434,0.2313290536403656
1985-05-09,4636800,0.395061731338501,0.39780521392822266,0.39780521392822266,0.395061731338501,0.2281818389892578
1985-05-08,3153900,0.38683128356933594,0.3923182487487793,0.3923182487487793,0.38683128356933594,0.2250344306230545
1985-05-07,4410000,0.38683128356933594,0.38408780097961426,0.38683128356933594,0.38408780097961426,0.2203134000301361
1985-05-06,3434400,0.395061731338501,0.3923182487487793,0.395061731338501,0.3923182487487793,0.2250344306230545
1985-05-03,621000,0.3895747661590576,0.395061731338501,0.395061731338501,0.38683128356933594,0.2266080230474472
1985-05-02,1082100,0.3923182487487793,0.3895747661590576,0.3923182487487793,0.3895747661590576,0.22346071898937225
1985-05-01,709500,0.3923182487487793,0.395061731338501,0.39780521392822266,0.3923182487487793,0.2266080230474472
1985-04-30,437400,0.395061731338501,0.3923182487487793,0.395061731338501,0.3895747661590576,0.2250344306230545
1985-04-29,1386000,0.39780521392822266,0.395061731338501,0.403292179107666,0.395061731338501,0.2266080230474472
1985-04-26,2248500,0.38683128356933594,0.395061731338501,0.395061731338501,0.38683128356933594,0.2266080230474472
1985-04-25,1366200,0.3786008358001709,0.3895747661590576,0.395061731338501,0.3786008358001709,0.22346071898937225
1985-04-24,1931400,0.3758573532104492,0.3813443183898926,0.3813443183898926,0.37311384081840515,0.21873970329761505
1985-04-23,2662200,0.38408780097961426,0.3813443183898926,0.38683128356933594,0.3758573532104492,0.21873970329761505
1985-04-22,918300,0.38408780097961426,0.38408780097961426,0.3895747661590576,0.38408780097961426,0.2203134000301361
1985-04-19,930900,0.395061731338501,0.3895747661590576,0.395061731338501,0.3895747661590576,0.22346071898937225
1985-04-18,2162100,0.39780521392822266,0.395061731338501,0.40054869651794434,0.3923182487487793,0.2266080230474472
1985-04-17,4366800,0.395061731338501,0.39780521392822266,0.4060356616973877,0.395061731338501,0.2281818389892578
1985-04-16,5601900,0.3895747661590576,0.395061731338501,0.39780521392822266,0.3895747661590576,0.2266080230474472
1985-04-15,1847100,0.3786008358001709,0.3923182487487793,0.3923182487487793,0.3786008358001709,0.2250344306230545
1985-04-12,3920400,0.3786008358001709,0.3758573532104492,0.3786008358001709,0.37037035822868347,0.21559247374534607
1985-04-11,11145900,0.34842249751091003,0.3676268756389618,0.3676268756389618,0.34842249751091003,0.21087145805358887
1985-04-10,7070700,0.3511659801006317,0.34842249751091003,0.3539094626903534,0.34567901492118835,0.1998557597398758
1985-04-09,1110600,0.34842249751091003,0.3511659801006317,0.3511659801006317,0.34842249751091003,0.2014293521642685
1985-04-08,437400,0.3566529452800751,0.3539094626903534,0.3566529452800751,0.3511659801006317,0.20300312340259552
1985-04-04,1020600,0.3539094626903534,0.3566529452800751,0.3566529452800751,0.3511659801006317,0.20457664132118225
1985-04-03,1420500,0.3648833930492401,0.3566529452800751,0.3648833930492401,0.34842249751091003,0.20457664132118225
1985-04-02,1967700,0.37311384081840515,0.3648833930492401,0.37311384081840515,0.36213991045951843,0.20929767191410065
1985-04-01,5259900,0.37311384081840515,0.37311384081840515,0.3758573532104492,0.37311384081840515,0.214018777012825
1985-03-29,1031700,0.3813443183898926,0.3758573532104492,0.3813443183898926,0.3758573532104492,0.21559247374534607
1985-03-28,3947700,0.38408780097961426,0.38408780097961426,0.38683128356933594,0.38408780097961426,0.2203134000301361
1985-03-27,3033000,0.3786008358001709,0.3786008358001709,0.3786008358001709,0.37311384081840515,0.2171659916639328
1985-03-26,9849600,0.3813443183898926,0.3786008358001709,0.38408780097961426,0.37311384081840515,0.2171659916639328
1985-03-25,2653500,0.3813443183898926,0.3895747661590576,0.395061731338501,0.3786008358001709,0.22346071898937225
1985-03-22,5997600,0.403292179107666,0.3786008358001709,0.403292179107666,0.37311384081840515,0.2171659916639328
1985-03-21,959400,0.41152262687683105,0.40054869651794434,0.41426610946655273,0.39780521392822266,0.22975538671016693
1985-03-20,5146500,0.40054869651794434,0.4087791442871094,0.4197530746459961,0.395061731338501,0.23447628319263458
1985-03-19,3097800,0.4087791442871094,0.40054869651794434,0.41152262687683105,0.3895747661590576,0.22975538671016693
1985-03-18,6013800,0.41426610946655273,0.41152262687683105,0.4197530746459961,0.41152262687683105,0.23605002462863922
1985-03-15,4336500,0.4170095920562744,0.41426610946655273,0.4197530746459961,0.41152262687683105,0.23762385547161102
1985-03-14,1177500,0.4087791442871094,0.4197530746459961,0.4224965572357178,0.4087791442871094,0.24077096581459045
1985-03-13,637200,0.41426610946655273,0.41152262687683105,0.4197530746459961,0.41152262687683105,0.23605002462863922
1985-03-12,4174500,0.41152262687683105,0.4170095920562744,0.4197530746459961,0.4087791442871094,0.23919734358787537
1985-03-11,5256300,0.41426610946655273,0.41426610946655273,0.4170095920562744,0.41152262687683105,0.23762385547161102
1985-03-08,3519000,0.4197530746459961,0.41426610946655273,0.4197530746459961,0.41426610946655273,0.23762385547161102
1985-03-07,3097800,0.42524006962776184,0.4224965572357178,0.42524006962776184,0.4197530746459961,0.2423446625471115
1985-03-06,754200,0.4279835522174835,0.4279835522174835,0.4279835522174835,0.4224965572357178,0.24549201130867004
1985-03-05,14834100,0.4307270348072052,0.42524006962776184,0.4334705173969269,0.4224965572357178,0.24391832947731018
1985-03-04,5394900,0.4307270348072052,0.4307270348072052,0.43621399998664856,0.42524006962776184,0.24706566333770752
1985-03-01,5159100,0.4170095920562744,0.4334705173969269,0.43895748257637024,0.4170095920562744,0.24863949418067932
1985-02-28,1469100,0.41426610946655273,0.4170095920562744,0.4224965572357178,0.41426610946655273,0.23919734358787537
1985-02-27,1296000,0.4087791442871094,0.41426610946655273,0.41426610946655273,0.4060356616973877,0.23762385547161102
1985-02-26,2066400,0.4060356616973877,0.41426610946655273,0.4279835522174835,0.4060356616973877,0.23762385547161102
1985-02-25,3589200,0.41152262687683105,0.4060356616973877,0.41152262687683105,0.4060356616973877,0.23290257155895233
1985-02-22,1209900,0.41426610946655273,0.41152262687683105,0.4170095920562744,0.4087791442871094,0.23605002462863922
1985-02-21,5086800,0.4060356616973877,0.41152262687683105,0.4170095920562744,0.4060356616973877,0.23605002462863922
1985-02-20,6615000,0.395061731338501,0.40054869651794434,0.4060356616973877,0.395061731338501,0.22975538671016693
1985-02-19,2532600,0.403292179107666,0.39780521392822266,0.4060356616973877,0.39780521392822266,0.2281818389892578
1985-02-15,10927800,0.38408780097961426,0.403292179107666,0.403292179107666,0.38408780097961426,0.2313290536403656
1985-02-14,9876900,0.37311384081840515,0.3813443183898926,0.3923182487487793,0.37311384081840515,0.21873970329761505
1985-02-13,8494200,0.34842249751091003,0.35939642786979675,0.36213991045951843,0.34842249751091003,0.20615030825138092
1985-02-12,1422300,0.3511659801006317,0.34842249751091003,0.3511659801006317,0.34842249751091003,0.1998557597398758
1985-02-11,3036900,0.3511659801006317,0.3511659801006317,0.3511659801006317,0.34567901492118835,0.2014293521642685
1985-02-08,2818800,0.3511659801006317,0.3511659801006317,0.3511659801006317,0.34567901492118835,0.2014293521642685
1985-02-07,13287600,0.3429355323314667,0.3429355323314667,0.3566529452800751,0.340192049741745,0.19670838117599487
1985-02-06,6787800,0.340192049741745,0.3429355323314667,0.3511659801006317,0.340192049741745,0.19670838117599487
1985-02-05,13498200,0.3511659801006317,0.33470508456230164,0.3566529452800751,0.3292181193828583,0.19198739528656006
1985-02-04,1911900,0.3566529452800751,0.3539094626903534,0.35939642786979675,0.3511659801006317,0.20300312340259552
1985-02-01,12495600,0.3648833930492401,0.35939642786979675,0.3648833930492401,0.3511659801006317,0.20615030825138092
1985-01-31,2241000,0.3648833930492401,0.3648833930492401,0.3676268756389618,0.36213991045951843,0.20929767191410065
1985-01-30,9776100,0.3758573532104492,0.3648833930492401,0.3786008358001709,0.34842249751091003,0.20929767191410065
1985-01-29,4986300,0.37311384081840515,0.37311384081840515,0.3813443183898926,0.37311384081840515,0.214018777012825
1985-01-28,3816000,0.3758573532104492,0.3758573532104492,0.3786008358001709,0.37037035822868347,0.21559247374534607
1985-01-25,1548000,0.3786008358001709,0.3758573532104492,0.3786008358001709,0.3758573532104492,0.21559247374534607
1985-01-24,5479200,0.3786008358001709,0.3786008358001709,0.3923182487487793,0.37311384081840515,0.2171659916639328
1985-01-23,2750700,0.37037035822868347,0.37311384081840515,0.3758573532104492,0.37037035822868347,0.214018777012825
1985-01-22,3438000,0.3895747661590576,0.3676268756389618,0.3895747661590576,0.3648833930492401,0.21087145805358887
1985-01-21,4185000,0.3923182487487793,0.38683128356933594,0.395061731338501,0.38683128356933594,0.22188694775104523
1985-01-18,3470400,0.395061731338501,0.39780521392822266,0.40054869651794434,0.3923182487487793,0.2281818389892578
1985-01-17,712800,0.3895747661590576,0.3923182487487793,0.395061731338501,0.38683128356933594,0.2250344306230545
1985-01-16,4143900,0.3813443183898926,0.395061731338501,0.39780521392822266,0.3813443183898926,0.2266080230474472
1985-01-15,3427200,0.3895747661590576,0.3813443183898926,0.395061731338501,0.3786008358001709,0.21873970329761505
1985-01-14,1137600,0.3758573532104492,0.38408780097961426,0.38408780097961426,0.3758573532104492,0.2203134000301361
1985-01-11,511200,0.3786008358001709,0.3786008358001709,0.38408780097961426,0.3786008358001709,0.2171659916639328
1985-01-10,2770500,0.3813443183898926,0.38408780097961426,0.38408780097961426,0.3758573532104492,0.2203134000301361
1985-01-09,864000,0.3786008358001709,0.3758573532104492,0.3786008358001709,0.3758573532104492,0.21559247374534607
1985-01-08,1465500,0.37311384081840515,0.3758573532104492,0.3813443183898926,0.37311384081840515,0.21559247374534607
1985-01-07,3006000,0.37311384081840515,0.37311384081840515,0.3758573532104492,0.37037035822868347,0.214018777012825
1985-01-04,6377700,0.37037035822868347,0.3676268756389618,0.3758573532104492,0.3648833930492401,0.21087145805358887
1985-01-03,7063500,0.37037035822868347,0.37311384081840515,0.38683128356933594,0.3676268756389618,0.214018777012825
1985-01-02,11647800,0.3923182487487793,0.3758573532104492,0.3923182487487793,0.37311384081840515,0.21559247374534607
1984-12-31,2559600,0.38408780097961426,0.3895747661590576,0.3895747661590576,0.37311384081840515,0.22346071898937225
1984-12-28,4082700,0.37037035822868347,0.38408780097961426,0.38408780097961426,0.37037035822868347,0.2203134000301361
1984-12-27,2786700,0.37037035822868347,0.37037035822868347,0.3758573532104492,0.37037035822868347,0.21244506537914276
1984-12-26,748800,0.37311384081840515,0.37037035822868347,0.37311384081840515,0.3676268756389618,0.21244506537914276
1984-12-24,1141500,0.37037035822868347,0.37037035822868347,0.3758573532104492,0.3676268756389618,0.21244506537914276
1984-12-21,3871800,0.3676268756389618,0.3648833930492401,0.37037035822868347,0.3648833930492401,0.20929767191410065
1984-12-20,4584900,0.3676268756389618,0.37311384081840515,0.3786008358001709,0.3676268756389618,0.214018777012825
1984-12-19,6172200,0.37311384081840515,0.37311384081840515,0.3786008358001709,0.37037035822868347,0.214018777012825
1984-12-18,10116300,0.35939642786979675,0.37037035822868347,0.3786008358001709,0.3566529452800751,0.21244506537914276
1984-12-17,1542600,0.3566529452800751,0.3539094626903534,0.3566529452800751,0.3511659801006317,0.20300312340259552
1984-12-14,4903500,0.3511659801006317,0.3539094626903534,0.3566529452800751,0.34842249751091003,0.20300312340259552
1984-12-13,2307900,0.3539094626903534,0.3511659801006317,0.36213991045951843,0.3511659801006317,0.2014293521642685
1984-12-12,2896500,0.34842249751091003,0.3539094626903534,0.35939642786979675,0.34842249751091003,0.20300312340259552
1984-12-11,1337400,0.34567901492118835,0.34842249751091003,0.3511659801006317,0.34567901492118835,0.1998557597398758
1984-12-10,13012200,0.3539094626903534,0.34567901492118835,0.35939642786979675,0.340192049741745,0.19828203320503235
1984-12-07,2449800,0.35939642786979675,0.3566529452800751,0.36213991045951843,0.3566529452800751,0.20457664132118225
1984-12-06,5686200,0.34567901492118835,0.35939642786979675,0.36213991045951843,0.34567901492118835,0.20615030825138092
1984-12-05,6134700,0.3511659801006317,0.3539094626903534,0.3566529452800751,0.3511659801006317,0.20300312340259552
1984-12-04,1373700,0.340192049741745,0.34567901492118835,0.34842249751091003,0.340192049741745,0.19828203320503235
1984-12-03,2552400,0.3429355323314667,0.3374485671520233,0.3429355323314667,0.3374485671520233,0.19356098771095276
1984-11-30,4557600,0.33470508456230164,0.3374485671520233,0.340192049741745,0.33196160197257996,0.19356098771095276
1984-11-29,7799700,0.3292181193828583,0.3374485671520233,0.3374485671520233,0.3155006766319275,0.19356098771095276
1984-11-28,3656100,0.33196160197257996,0.3292181193828583,0.3374485671520233,0.3264746367931366,0.18884004652500153
1984-11-27,3224100,0.32098764181137085,0.3292181193828583,0.33196160197257996,0.32098764181137085,0.18884004652500153
1984-11-26,1738800,0.32373112440109253,0.32098764181137085,0.3264746367931366,0.31824415922164917,0.1841190755367279
1984-11-23,2102700,0.3155006766319275,0.32098764181137085,0.3264746367931366,0.3155006766319275,0.1841190755367279
1984-11-21,4199400,0.3155006766319275,0.3127571940422058,0.31824415922164917,0.30727022886276245,0.17939810454845428
1984-11-20,4253400,0.3017832636833191,0.3155006766319275,0.3155006766319275,0.3017832636833191,0.1809716522693634
1984-11-19,2260800,0.3264746367931366,0.30452674627304077,0.3264746367931366,0.2990397810935974,0.1746770590543747
1984-11-16,2417400,0.3264746367931366,0.3264746367931366,0.33470508456230164,0.3264746367931366,0.1872664839029312
1984-11-15,2698200,0.3374485671520233,0.3292181193828583,0.3374485671520233,0.3292181193828583,0.18884004652500153
1984-11-14,9714900,0.33196160197257996,0.3374485671520233,0.3429355323314667,0.33196160197257996,0.19356098771095276
1984-11-13,12630900,0.31824415922164917,0.3292181193828583,0.33470508456230164,0.31824415922164917,0.18884004652500153
1984-11-12,7471800,0.3127571940422058,0.3127571940422058,0.31824415922164917,0.30727022886276245,0.17939810454845428
1984-11-09,4010400,0.30727022886276245,0.30452674627304077,0.3127571940422058,0.30452674627304077,0.1746770590543747
1984-11-08,2430300,0.29355281591415405,0.30452674627304077,0.30727022886276245,0.2908093333244324,0.1746770590543747
1984-11-07,5369700,0.2880658507347107,0.2908093333244324,0.30452674627304077,0.2880658507347107,0.16680867969989777
1984-11-06,9147900,0.2908093333244324,0.2880658507347107,0.29629629850387573,0.27983540296554565,0.16523504257202148
1984-11-05,9275400,0.285322368144989,0.2908093333244324,0.2908093333244324,0.27983540296554565,0.16680867969989777
1984-11-02,16547700,0.28257888555526733,0.285322368144989,0.2908093333244324,0.2633744776248932,0.16366145014762878
1984-11-01,11583300,0.30452674627304077,0.28257888555526733,0.30452674627304077,0.277091920375824,0.16208767890930176
1984-10-31,3917100,0.3264746367931366,0.30452674627304077,0.3264746367931366,0.3017832636833191,0.1746770590543747
1984-10-30,5193000,0.3155006766319275,0.3264746367931366,0.3292181193828583,0.3155006766319275,0.1872664839029312
1984-10-29,2503800,0.32373112440109253,0.31824415922164917,0.32373112440109253,0.3155006766319275,0.1825452744960785
1984-10-26,1870500,0.3155006766319275,0.31824415922164917,0.32098764181137085,0.3155006766319275,0.1825452744960785
1984-10-25,6791400,0.32098764181137085,0.31824415922164917,0.3264746367931366,0.3155006766319275,0.1825452744960785
1984-10-24,3726000,0.33470508456230164,0.3264746367931366,0.33470508456230164,0.3264746367931366,0.1872664839029312
1984-10-23,3024300,0.33470508456230164,0.33196160197257996,0.33470508456230164,0.33196160197257996,0.19041374325752258
1984-10-22,2097300,0.33196160197257996,0.33470508456230164,0.340192049741745,0.3292181193828583,0.19198739528656006
1984-10-19,11388900,0.33470508456230164,0.3292181193828583,0.340192049741745,0.3292181193828583,0.18884004652500153
1984-10-18,1177500,0.32098764181137085,0.31824415922164917,0.32373112440109253,0.3155006766319275,0.1825452744960785
1984-10-17,2705400,0.3155006766319275,0.32098764181137085,0.32098764181137085,0.3155006766319275,0.1841190755367279
1984-10-16,3656100,0.3017832636833191,0.3155006766319275,0.31824415922164917,0.3017832636833191,0.1809716522693634
1984-10-15,2284500,0.2990397810935974,0.2990397810935974,0.3017832636833191,0.29629629850387573,0.17152972519397736
1984-10-12,3324600,0.27983540296554565,0.29629629850387573,0.29629629850387573,0.27983540296554565,0.16995614767074585
1984-10-11,6496200,0.28257888555526733,0.285322368144989,0.285322368144989,0.27983540296554565,0.16366145014762878
1984-10-10,6087900,0.2908093333244324,0.2908093333244324,0.29355281591415405,0.28257888555526733,0.16680867969989777
1984-10-09,2413800,0.29629629850387573,0.29629629850387573,0.30452674627304077,0.29629629850387573,0.16995614767074585
1984-10-08,2325600,0.29629629850387573,0.29629629850387573,0.29629629850387573,0.2880658507347107,0.16995614767074585
1984-10-05,2759400,0.3017832636833191,0.29629629850387573,0.30452674627304077,0.29629629850387573,0.16995614767074585
1984-10-04,2325600,0.2908093333244324,0.3017832636833191,0.3017832636833191,0.2908093333244324,0.1731034517288208
1984-10-03,17375400,0.2743484079837799,0.285322368144989,0.29355281591415405,0.26886144280433655,0.16366145014762878
1984-10-02,19161300,0.2990397810935974,0.2743484079837799,0.2990397810935974,0.2633744776248932,0.15736669301986694
1984-10-01,8262300,0.29629629850387573,0.2990397810935974,0.2990397810935974,0.2880658507347107,0.17152972519397736
1984-09-28,22417500,0.2880658507347107,0.29629629850387573,0.29629629850387573,0.28257888555526733,0.16995614767074585
1984-09-27,5430600,0.3017832636833191,0.2880658507347107,0.3017832636833191,0.28257888555526733,0.16523504257202148
1984-09-26,18072000,0.32373112440109253,0.3017832636833191,0.32373112440109253,0.29629629850387573,0.1731034517288208
1984-09-25,1465500,0.33470508456230164,0.32373112440109253,0.33470508456230164,0.32373112440109253,0.1856926828622818
1984-09-24,2441100,0.33196160197257996,0.33470508456230164,0.340192049741745,0.3292181193828583,0.19198739528656006
1984-09-21,2759400,0.340192049741745,0.33196160197257996,0.34842249751091003,0.3264746367931366,0.19041374325752258
1984-09-20,1542600,0.33196160197257996,0.340192049741745,0.3429355323314667,0.3292181193828583,0.1951347142457962
1984-09-19,1969200,0.3374485671520233,0.33196160197257996,0.34567901492118835,0.33196160197257996,0.19041374325752258
1984-09-18,1474500,0.3429355323314667,0.3374485671520233,0.34842249751091003,0.3374485671520233,0.19356098771095276
1984-09-17,729000,0.3374485671520233,0.3429355323314667,0.3429355323314667,0.33470508456230164,0.19670838117599487
1984-09-14,6671100,0.33196160197257996,0.3374485671520233,0.34567901492118835,0.33196160197257996,0.19356098771095276
1984-09-13,7261200,0.32098764181137085,0.3264746367931366,0.33470508456230164,0.32098764181137085,0.1872664839029312
1984-09-12,5832300,0.340192049741745,0.32098764181137085,0.340192049741745,0.32098764181137085,0.1841190755367279
1984-09-11,3839400,0.340192049741745,0.340192049741745,0.3511659801006317,0.340192049741745,0.1951347142457962
1984-09-10,2125800,0.34567901492118835,0.340192049741745,0.34567901492118835,0.3374485671520233,0.1951347142457962
1984-09-07,9793800,0.3539094626903534,0.34842249751091003,0.35939642786979675,0.3429355323314667,0.1998557597398758
1984-09-06,12303300,0.3511659801006317,0.3539094626903534,0.36213991045951843,0.3511659801006317,0.20300312340259552
1984-09-05,9415800,0.3429355323314667,0.34842249751091003,0.3539094626903534,0.3429355323314667,0.1998557597398758
1984-09-04,10533600,0.31824415922164917,0.3374485671520233,0.3374485671520233,0.31824415922164917,0.19356098771095276
1984-08-31,15053400,0.33196160197257996,0.3155006766319275,0.33196160197257996,0.3127571940422058,0.1809716522693634
1984-08-30,14661000,0.3429355323314667,0.33470508456230164,0.34842249751091003,0.32098764181137085,0.19198739528656006
1984-08-29,16859100,0.3566529452800751,0.3429355323314667,0.3648833930492401,0.3429355323314667,0.19670838117599487
1984-08-28,15746700,0.37311384081840515,0.3566529452800751,0.37311384081840515,0.34567901492118835,0.20457664132118225
1984-08-27,6896100,0.3676268756389618,0.37311384081840515,0.37311384081840515,0.35939642786979675,0.214018777012825
1984-08-24,12308700,0.38683128356933594,0.3676268756389618,0.38683128356933594,0.3676268756389618,0.21087145805358887
1984-08-23,19945800,0.3786008358001709,0.38683128356933594,0.395061731338501,0.3786008358001709,0.22188694775104523
1984-08-22,25588800,0.3648833930492401,0.37311384081840515,0.3813443183898926,0.3648833930492401,0.214018777012825
1984-08-21,29286300,0.340192049741745,0.35939642786979675,0.3676268756389618,0.340192049741745,0.20615030825138092
1984-08-20,35355900,0.3511659801006317,0.340192049741745,0.3511659801006317,0.32373112440109253,0.1951347142457962
1984-08-17,117113400,0.37037035822868347,0.3511659801006317,0.37037035822868347,0.3292181193828583,0.2014293521642685
1984-08-16,3791100,0.4801097512245178,0.49108368158340454,0.4993141293525696,0.4691357910633087,0.2816864252090454
1984-08-15,18205500,0.5294924378395081,0.4801097512245178,0.5294924378395081,0.4609053432941437,0.27539175748825073
1984-08-14,1787400,0.5294924378395081,0.5294924378395081,0.5486968159675598,0.5294924378395081,0.303717702627182
1984-08-13,2732700,0.5294924378395081,0.5294924378395081,0.5294924378395081,0.521261990070343,0.303717702627182
1984-08-10,6285900,0.5486968159675598,0.5294924378395081,0.5486968159675598,0.5294924378395081,0.303717702627182
1984-08-09,4919700,0.5486968159675598,0.5486968159675598,0.5596708059310913,0.5404663681983948,0.3147333860397339
1984-08-08,5540400,0.570644736289978,0.5486968159675598,0.5788751840591431,0.5294924378395081,0.3147333860397339
1984-08-07,14596500,0.5898491144180298,0.570644736289978,0.5898491144180298,0.570644736289978,0.32732290029525757
1984-08-06,14641500,0.570644736289978,0.5898491144180298,0.6090534925460815,0.570644736289978,0.3383384943008423
1984-08-03,9731100,0.5294924378395081,0.570644736289978,0.570644736289978,0.5294924378395081,0.32732290029525757
1984-08-02,3000600,0.5102880597114563,0.5294924378395081,0.5294924378395081,0.5102880597114563,0.303717702627182
1984-08-01,4349100,0.4993141293525696,0.5102880597114563,0.5102880597114563,0.4993141293525696,0.2927020490169525
1984-07-31,1933200,0.4801097512245178,0.4993141293525696,0.4993141293525696,0.4801097512245178,0.2864075005054474
1984-07-30,923400,0.4801097512245178,0.4801097512245178,0.49108368158340454,0.4801097512245178,0.27539175748825073
1984-07-27,1857900,0.4609053432941437,0.4691357910633087,0.4691357910633087,0.4609053432941437,0.2690970003604889
1984-07-26,527400,0.43895748257637024,0.44993141293525696,0.4609053432941437,0.43895748257637024,0.25808125734329224
1984-07-25,1202400,0.44993141293525696,0.43895748257637024,0.44993141293525696,0.43895748257637024,0.25178655982017517
1984-07-24,2507700,0.4609053432941437,0.44993141293525696,0.4609053432941437,0.4307270348072052,0.25808125734329224
1984-07-23,558300,0.4691357910633087,0.4691357910633087,0.4691357910633087,0.4609053432941437,0.2690970003604889
1984-07-20,466500,0.49108368158340454,0.4801097512245178,0.49108368158340454,0.4801097512245178,0.27539175748825073
1984-07-19,284400,0.4993141293525696,0.49108368158340454,0.4993141293525696,0.49108368158340454,0.2816864252090454
1984-07-18,327600,0.4993141293525696,0.4993141293525696,0.4993141293525696,0.4993141293525696,0.2864075005054474
1984-07-17,1274700,0.49108368158340454,0.4993141293525696,0.4993141293525696,0.49108368158340454,0.2864075005054474
1984-07-16,2441100,0.49108368158340454,0.49108368158340454,0.4993141293525696,0.49108368158340454,0.2816864252090454
1984-07-13,685800,0.4993141293525696,0.4801097512245178,0.4993141293525696,0.4801097512245178,0.27539175748825073
1984-07-12,1668900,0.5102880597114563,0.4993141293525696,0.5102880597114563,0.4993141293525696,0.2864075005054474
1984-07-11,693300,0.5102880597114563,0.5102880597114563,0.5102880597114563,0.5102880597114563,0.2927020490169525
1984-07-10,1256400,0.5102880597114563,0.5102880597114563,0.5102880597114563,0.5102880597114563,0.2927020490169525
1984-07-09,4658400,0.4993141293525696,0.5102880597114563,0.5102880597114563,0.4993141293525696,0.2927020490169525
1984-07-06,1487100,0.4993141293525696,0.4993141293525696,0.4993141293525696,0.49108368158340454,0.2864075005054474
1984-07-05,3151800,0.49108368158340454,0.5102880597114563,0.5102880597114563,0.49108368158340454,0.2927020490169525
1984-07-03,1639800,0.49108368158340454,0.49108368158340454,0.49108368158340454,0.4801097512245178,0.2816864252090454
1984-07-02,563700,0.4993141293525696,0.49108368158340454,0.4993141293525696,0.49108368158340454,0.2816864252090454
1984-06-29,2514600,0.49108368158340454,0.4993141293525696,0.4993141293525696,0.49108368158340454,0.2864075005054474
1984-06-28,6663600,0.49108368158340454,0.49108368158340454,0.49108368158340454,0.4801097512245178,0.2816864252090454
1984-06-27,3062100,0.49108368158340454,0.49108368158340454,0.4993141293525696,0.49108368158340454,0.2816864252090454
1984-06-26,3674100,0.4993141293525696,0.49108368158340454,0.4993141293525696,0.49108368158340454,0.2816864252090454
1984-06-25,4737900,0.49108368158340454,0.4993141293525696,0.4993141293525696,0.49108368158340454,0.2864075005054474
1984-06-22,4217400,0.44993141293525696,0.49108368158340454,0.4993141293525696,0.44993141293525696,0.2816864252090454
1984-06-21,5722200,0.44993141293525696,0.44993141293525696,0.4609053432941437,0.43895748257637024,0.25808125734329224
1984-06-20,1341300,0.44993141293525696,0.44993141293525696,0.44993141293525696,0.4307270348072052,0.25808125734329224
1984-06-19,984900,0.4691357910633087,0.4609053432941437,0.4691357910633087,0.4609053432941437,0.26437607407569885
1984-06-18,1146900,0.4691357910633087,0.4691357910633087,0.4691357910633087,0.4609053432941437,0.2690970003604889
1984-06-15,721800,0.4609053432941437,0.4691357910633087,0.4691357910633087,0.4609053432941437,0.2690970003604889
1984-06-14,1620300,0.4609053432941437,0.4609053432941437,0.4609053432941437,0.4609053432941437,0.26437607407569885
1984-06-13,608400,0.4609053432941437,0.4609053432941437,0.4609053432941437,0.4609053432941437,0.26437607407569885
1984-06-12,619200,0.4609053432941437,0.4609053432941437,0.4609053432941437,0.4609053432941437,0.26437607407569885
1984-06-11,783000,0.4691357910633087,0.4691357910633087,0.4801097512245178,0.4691357910633087,0.2690970003604889
1984-06-08,1337400,0.4609053432941437,0.4691357910633087,0.4801097512245178,0.4609053432941437,0.2690970003604889
1984-06-07,2295300,0.4609053432941437,0.4609053432941437,0.4609053432941437,0.4609053432941437,0.26437607407569885
1984-06-06,2908800,0.4609053432941437,0.4609053432941437,0.4609053432941437,0.4609053432941437,0.26437607407569885
1984-06-05,2640900,0.4609053432941437,0.4609053432941437,0.4609053432941437,0.4609053432941437,0.26437607407569885
1984-06-04,3961800,0.44993141293525696,0.4691357910633087,0.4691357910633087,0.44993141293525696,0.2690970003604889
1984-06-01,4982400,0.43895748257637024,0.44993141293525696,0.4609053432941437,0.43895748257637024,0.25808125734329224
1984-05-31,1960500,0.4307270348072052,0.43895748257637024,0.43895748257637024,0.4307270348072052,0.25178655982017517
1984-05-30,1821900,0.4307270348072052,0.4307270348072052,0.43895748257637024,0.4197530746459961,0.24706566333770752
1984-05-29,576000,0.4197530746459961,0.4307270348072052,0.4307270348072052,0.4197530746459961,0.24706566333770752
1984-05-25,417900,0.4087791442871094,0.4087791442871094,0.4087791442871094,0.4087791442871094,0.23447628319263458
1984-05-24,547500,0.4197530746459961,0.4087791442871094,0.4197530746459961,0.4087791442871094,0.23447628319263458
1984-05-23,1058400,0.4307270348072052,0.4197530746459961,0.4307270348072052,0.4197530746459961,0.24077096581459045
1984-05-22,1231500,0.43895748257637024,0.4307270348072052,0.44993141293525696,0.4197530746459961,0.24706566333770752
1984-05-21,983100,0.4609053432941437,0.43895748257637024,0.4691357910633087,0.43895748257637024,0.25178655982017517
1984-05-18,2248500,0.43895748257637024,0.4609053432941437,0.4609053432941437,0.43895748257637024,0.26437607407569885
1984-05-17,2003700,0.4307270348072052,0.43895748257637024,0.43895748257637024,0.4307270348072052,0.25178655982017517
1984-05-16,1924500,0.4197530746459961,0.4307270348072052,0.43895748257637024,0.4197530746459961,0.24706566333770752
1984-05-15,5848500,0.4197530746459961,0.4197530746459961,0.4197530746459961,0.4197530746459961,0.24077096581459045
1984-05-14,466500,0.40054869651794434,0.4087791442871094,0.4087791442871094,0.40054869651794434,0.23447628319263458
1984-05-11,1360800,0.4087791442871094,0.40054869651794434,0.4087791442871094,0.40054869651794434,0.22975538671016693
1984-05-10,2066400,0.40054869651794434,0.4087791442871094,0.4087791442871094,0.40054869651794434,0.23447628319263458
1984-05-09,740100,0.4197530746459961,0.40054869651794434,0.4197530746459961,0.40054869651794434,0.22975538671016693
1984-05-08,1128900,0.4197530746459961,0.4197530746459961,0.4197530746459961,0.4087791442871094,0.24077096581459045
1984-05-07,619200,0.4087791442871094,0.4197530746459961,0.4197530746459961,0.4087791442871094,0.24077096581459045
1984-05-04,399900,0.4087791442871094,0.4087791442871094,0.4197530746459961,0.4087791442871094,0.23447628319263458
1984-05-03,864000,0.4307270348072052,0.4087791442871094,0.4307270348072052,0.4087791442871094,0.23447628319263458
1984-05-02,891300,0.4197530746459961,0.4307270348072052,0.4307270348072052,0.4197530746459961,0.24706566333770752
1984-05-01,1895700,0.4307270348072052,0.4197530746459961,0.4307270348072052,0.4197530746459961,0.24077096581459045
1984-04-30,1766100,0.4307270348072052,0.4307270348072052,0.4307270348072052,0.4307270348072052,0.24706566333770752
1984-04-27,1292700,0.4197530746459961,0.4307270348072052,0.4307270348072052,0.4197530746459961,0.24706566333770752
1984-04-26,3391200,0.40054869651794434,0.4197530746459961,0.4197530746459961,0.40054869651794434,0.24077096581459045
1984-04-25,619200,0.40054869651794434,0.40054869651794434,0.40054869651794434,0.3895747661590576,0.22975538671016693
1984-04-24,2563200,0.40054869651794434,0.40054869651794434,0.40054869651794434,0.3895747661590576,0.22975538671016693
1984-04-23,1328700,0.4087791442871094,0.40054869651794434,0.4087791442871094,0.40054869651794434,0.22975538671016693
1984-04-19,5213100,0.4197530746459961,0.4087791442871094,0.4197530746459961,0.4087791442871094,0.23447628319263458
1984-04-18,4519800,0.4197530746459961,0.4197530746459961,0.4307270348072052,0.4197530746459961,0.24077096581459045
1984-04-17,15872700,0.4197530746459961,0.4197530746459961,0.4197530746459961,0.4197530746459961,0.24077096581459045
1984-04-16,1566300,0.4087791442871094,0.4087791442871094,0.4087791442871094,0.4087791442871094,0.23447628319263458
1984-04-13,2216100,0.40054869651794434,0.4087791442871094,0.4087791442871094,0.40054869651794434,0.23447628319263458
1984-04-12,2162100,0.40054869651794434,0.40054869651794434,0.40054869651794434,0.40054869651794434,0.22975538671016693
1984-04-11,3110400,0.3895747661590576,0.3813443183898926,0.3895747661590576,0.3813443183898926,0.21873970329761505
1984-04-10,1641600,0.3895747661590576,0.3895747661590576,0.3895747661590576,0.3895747661590576,0.22346071898937225
1984-04-09,2131200,0.3895747661590576,0.3813443183898926,0.3895747661590576,0.3813443183898926,0.21873970329761505
1984-04-06,4690800,0.3813443183898926,0.3895747661590576,0.3895747661590576,0.37037035822868347,0.22346071898937225
1984-04-05,1676100,0.40054869651794434,0.3813443183898926,0.40054869651794434,0.3813443183898926,0.21873970329761505
1984-04-04,5302800,0.40054869651794434,0.40054869651794434,0.4087791442871094,0.40054869651794434,0.22975538671016693
1984-04-03,491400,0.3813443183898926,0.3813443183898926,0.3813443183898926,0.3813443183898926,0.21873970329761505
1984-04-02,3571500,0.3813443183898926,0.3813443183898926,0.3895747661590576,0.3813443183898926,0.21873970329761505
1984-03-30,5448600,0.3813443183898926,0.3813443183898926,0.3813443183898926,0.37037035822868347,0.21873970329761505
1984-03-29,8303400,0.3813443183898926,0.3813443183898926,0.3813443183898926,0.3813443183898926,0.21873970329761505
1984-03-28,3601800,0.3813443183898926,0.37037035822868347,0.3813443183898926,0.37037035822868347,0.21244506537914276
1984-03-27,1348200,0.3813443183898926,0.3813443183898926,0.3813443183898926,0.3813443183898926,0.21873970329761505
1984-03-26,5967000,0.40054869651794434,0.37037035822868347,0.40054869651794434,0.37037035822868347,0.21244506537914276
1984-03-23,3742500,0.40054869651794434,0.40054869651794434,0.40054869651794434,0.3813443183898926,0.22975538671016693
1984-03-22,2203500,0.4087791442871094,0.40054869651794434,0.4087791442871094,0.40054869651794434,0.22975538671016693
1984-03-21,1506600,0.4087791442871094,0.4087791442871094,0.4087791442871094,0.4087791442871094,0.23447628319263458
1984-03-20,3990600,0.40054869651794434,0.40054869651794434,0.40054869651794434,0.40054869651794434,0.22975538671016693
1984-03-19,6231900,0.4087791442871094,0.40054869651794434,0.4087791442871094,0.40054869651794434,0.22975538671016693
1984-03-16,7981500,0.40054869651794434,0.4087791442871094,0.4307270348072052,0.40054869651794434,0.23447628319263458
1984-03-15,4957200,0.40054869651794434,0.40054869651794434,0.4197530746459961,0.40054869651794434,0.22975538671016693
1984-03-14,6707100,0.3813443183898926,0.3813443183898926,0.3895747661590576,0.3813443183898926,0.21873970329761505
1984-03-13,13097100,0.37037035822868347,0.37037035822868347,0.37037035822868347,0.37037035822868347,0.21244506537914276
1984-03-12,3583800,0.340192049741745,0.340192049741745,0.3511659801006317,0.340192049741745,0.1951347142457962
1984-03-09,8202600,0.340192049741745,0.340192049741745,0.3511659801006317,0.3292181193828583,0.1951347142457962
1984-03-08,14956200,0.340192049741745,0.340192049741745,0.340192049741745,0.340192049741745,0.1951347142457962
1984-03-07,7228800,0.340192049741745,0.31001371145248413,0.340192049741745,0.31001371145248413,0.17782443761825562
1984-03-06,19299600,0.340192049741745,0.340192049741745,0.340192049741745,0.340192049741745,0.1951347142457962
1984-03-05,2089800,0.3511659801006317,0.340192049741745,0.3511659801006317,0.340192049741745,0.1951347142457962
1984-03-02,5211300,0.340192049741745,0.3511659801006317,0.35939642786979675,0.340192049741745,0.2014293521642685
1984-03-01,1020600,0.35939642786979675,0.340192049741745,0.35939642786979675,0.340192049741745,0.1951347142457962
1984-02-29,4410000,0.35939642786979675,0.35939642786979675,0.35939642786979675,0.35939642786979675,0.20615030825138092
1984-02-28,1166400,0.37037035822868347,0.35939642786979675,0.37037035822868347,0.35939642786979675,0.20615030825138092
1984-02-27,5576400,0.37037035822868347,0.37037035822868347,0.37037035822868347,0.37037035822868347,0.21244506537914276
1984-02-24,31376100,0.37037035822868347,0.35939642786979675,0.37037035822868347,0.340192049741745,0.20615030825138092
1984-02-23,1713900,0.3813443183898926,0.37037035822868347,0.3813443183898926,0.37037035822868347,0.21244506537914276
1984-02-22,8564700,0.40054869651794434,0.3813443183898926,0.40054869651794434,0.3813443183898926,0.21873970329761505
1984-02-21,891300,0.40054869651794434,0.40054869651794434,0.40054869651794434,0.40054869651794434,0.22975538671016693
1984-02-17,4374000,0.40054869651794434,0.40054869651794434,0.40054869651794434,0.40054869651794434,0.22975538671016693
1984-02-16,3819900,0.4197530746459961,0.40054869651794434,0.4307270348072052,0.40054869651794434,0.22975538671016693
1984-02-15,1688400,0.4197530746459961,0.4197530746459961,0.4307270348072052,0.4197530746459961,0.24077096581459045
1984-02-14,2532600,0.4197530746459961,0.4197530746459961,0.4197530746459961,0.4197530746459961,0.24077096581459045
1984-02-13,3171900,0.4197530746459961,0.4197530746459961,0.4197530746459961,0.4197530746459961,0.24077096581459045
1984-02-10,15053400,0.40054869651794434,0.40054869651794434,0.40054869651794434,0.3895747661590576,0.22975538671016693
1984-02-09,5346300,0.40054869651794434,0.40054869651794434,0.40054869651794434,0.40054869651794434,0.22975538671016693
1984-02-08,6451200,0.3813443183898926,0.3813443183898926,0.3895747661590576,0.3813443183898926,0.21873970329761505
1984-02-07,4446300,0.3813443183898926,0.3813443183898926,0.3813443183898926,0.3813443183898926,0.21873970329761505
1984-02-06,3564300,0.3813443183898926,0.37037035822868347,0.3895747661590576,0.37037035822868347,0.21244506537914276
1984-02-03,5018700,0.4087791442871094,0.3813443183898926,0.4087791442871094,0.3813443183898926,0.21873970329761505
1984-02-02,3018600,0.4087791442871094,0.4087791442871094,0.4197530746459961,0.4087791442871094,0.23447628319263458
1984-02-01,5630400,0.4197530746459961,0.4087791442871094,0.4307270348072052,0.4087791442871094,0.23447628319263458
1984-01-31,2721900,0.4197530746459961,0.4197530746459961,0.4197530746459961,0.4197530746459961,0.24077096581459045
1984-01-30,7398300,0.40054869651794434,0.40054869651794434,0.4307270348072052,0.40054869651794434,0.22975538671016693
1984-01-27,27135300,0.4307270348072052,0.40054869651794434,0.4307270348072052,0.37037035822868347,0.22975538671016693
1984-01-26,5504700,0.4609053432941437,0.4307270348072052,0.4609053432941437,0.4307270348072052,0.24706566333770752
1984-01-25,2709000,0.49108368158340454,0.4691357910633087,0.49108368158340454,0.4691357910633087,0.2690970003604889
1984-01-24,1676100,0.4993141293525696,0.49108368158340454,0.5102880597114563,0.49108368158340454,0.2816864252090454
1984-01-23,7684200,0.5102880597114563,0.4993141293525696,0.521261990070343,0.4993141293525696,0.2864075005054474
1984-01-20,1182900,0.521261990070343,0.5102880597114563,0.521261990070343,0.5102880597114563,0.2927020490169525
1984-01-19,619200,0.521261990070343,0.521261990070343,0.5294924378395081,0.521261990070343,0.2989969551563263
1984-01-18,874800,0.521261990070343,0.521261990070343,0.5294924378395081,0.521261990070343,0.2989969551563263
1984-01-17,3947700,0.521261990070343,0.521261990070343,0.5294924378395081,0.521261990070343,0.2989969551563263
1984-01-16,4822500,0.521261990070343,0.4993141293525696,0.5294924378395081,0.4993141293525696,0.2864075005054474
1984-01-13,3279900,0.5404663681983948,0.521261990070343,0.5404663681983948,0.521261990070343,0.2989969551563263
1984-01-12,2041500,0.5404663681983948,0.5404663681983948,0.5404663681983948,0.5404663681983948,0.3100123107433319
1984-01-11,1884600,0.5486968159675598,0.5404663681983948,0.5486968159675598,0.5404663681983948,0.3100123107433319
1984-01-10,2453700,0.570644736289978,0.5486968159675598,0.570644736289978,0.5486968159675598,0.3147333860397339
1984-01-09,3018600,0.570644736289978,0.570644736289978,0.570644736289978,0.570644736289978,0.32732290029525757
1984-01-06,1823400,0.570644736289978,0.570644736289978,0.570644736289978,0.5596708059310913,0.32732290029525757
1984-01-05,3899100,0.570644736289978,0.570644736289978,0.570644736289978,0.570644736289978,0.32732290029525757
1984-01-04,2581200,0.5404663681983948,0.5404663681983948,0.5404663681983948,0.5404663681983948,0.3100123107433319
1984-01-03,4622400,0.5788751840591431,0.5486968159675598,0.5788751840591431,0.5486968159675598,0.3147333860397339
1983-12-30,1566300,0.5788751840591431,0.5788751840591431,0.5898491144180298,0.5788751840591431,0.33204367756843567
1983-12-29,2016300,0.5788751840591431,0.5788751840591431,0.5898491144180298,0.5788751840591431,0.33204367756843567
1983-12-28,5022300,0.5788751840591431,0.5788751840591431,0.5898491144180298,0.5788751840591431,0.33204367756843567
1983-12-27,1074600,0.570644736289978,0.570644736289978,0.5788751840591431,0.570644736289978,0.32732290029525757
1983-12-23,947100,0.5486968159675598,0.5596708059310913,0.570644736289978,0.5486968159675598,0.3210281431674957
1983-12-22,891300,0.5486968159675598,0.5486968159675598,0.5596708059310913,0.5486968159675598,0.3147333860397339
1983-12-21,5164500,0.5486968159675598,0.5486968159675598,0.5486968159675598,0.5486968159675598,0.3147333860397339
1983-12-20,765000,0.5486968159675598,0.5404663681983948,0.5486968159675598,0.5404663681983948,0.3100123107433319
1983-12-19,1906500,0.5486968159675598,0.5486968159675598,0.5486968159675598,0.5486968159675598,0.3147333860397339
1983-12-16,1785600,0.5294924378395081,0.5486968159675598,0.5486968159675598,0.5294924378395081,0.3147333860397339
1983-12-15,363900,0.5294924378395081,0.5294924378395081,0.5294924378395081,0.5294924378395081,0.303717702627182
1983-12-14,11626500,0.5294924378395081,0.5294924378395081,0.5294924378395081,0.5294924378395081,0.303717702627182
1983-12-13,1056600,0.5294924378395081,0.5294924378395081,0.5294924378395081,0.5294924378395081,0.303717702627182
1983-12-12,3972600,0.5102880597114563,0.5102880597114563,0.521261990070343,0.5102880597114563,0.2927020490169525
1983-12-09,995700,0.521261990070343,0.5102880597114563,0.521261990070343,0.5102880597114563,0.2927020490169525
1983-12-08,2581200,0.5294924378395081,0.521261990070343,0.5294924378395081,0.521261990070343,0.2989969551563263
1983-12-07,2198100,0.5294924378395081,0.5294924378395081,0.5294924378395081,0.5294924378395081,0.303717702627182
1983-12-06,1231500,0.5294924378395081,0.5294924378395081,0.5404663681983948,0.5294924378395081,0.303717702627182
1983-12-05,612300,0.5404663681983948,0.5294924378395081,0.5404663681983948,0.5294924378395081,0.303717702627182
1983-12-02,855300,0.5404663681983948,0.5404663681983948,0.5486968159675598,0.5404663681983948,0.3100123107433319
1983-12-01,874800,0.5404663681983948,0.5404663681983948,0.5486968159675598,0.5404663681983948,0.3100123107433319
1983-11-30,8492400,0.5486968159675598,0.5404663681983948,0.5486968159675598,0.5404663681983948,0.3100123107433319
1983-11-29,1614900,0.5486968159675598,0.5486968159675598,0.5486968159675598,0.5486968159675598,0.3147333860397339
1983-11-28,1652400,0.5404663681983948,0.5404663681983948,0.5486968159675598,0.5404663681983948,0.3100123107433319
1983-11-25,353100,0.5404663681983948,0.5404663681983948,0.5404663681983948,0.5404663681983948,0.3100123107433319
1983-11-23,783000,0.5404663681983948,0.5404663681983948,0.5404663681983948,0.5404663681983948,0.3100123107433319
1983-11-22,2878500,0.5404663681983948,0.5294924378395081,0.5404663681983948,0.5294924378395081,0.303717702627182
1983-11-21,5022300,0.5404663681983948,0.5404663681983948,0.5404663681983948,0.5404663681983948,0.3100123107433319
1983-11-18,5456100,0.5486968159675598,0.521261990070343,0.5596708059310913,0.521261990070343,0.2989969551563263
1983-11-17,2964600,0.5898491144180298,0.5486968159675598,0.5898491144180298,0.5486968159675598,0.3147333860397339
1983-11-16,1512000,0.5898491144180298,0.5898491144180298,0.5898491144180298,0.5898491144180298,0.3383384943008423
1983-11-15,2179800,0.5898491144180298,0.5898491144180298,0.5898491144180298,0.5898491144180298,0.3383384943008423
1983-11-14,5383800,0.5898491144180298,0.5898491144180298,0.6008230447769165,0.5898491144180298,0.3383384943008423
1983-11-11,2964600,0.5404663681983948,0.570644736289978,0.570644736289978,0.5404663681983948,0.32732290029525757
1983-11-10,1458000,0.5404663681983948,0.5404663681983948,0.5486968159675598,0.5404663681983948,0.3100123107433319
1983-11-09,1787400,0.5294924378395081,0.5294924378395081,0.5294924378395081,0.5294924378395081,0.303717702627182
1983-11-08,637200,0.5102880597114563,0.4993141293525696,0.521261990070343,0.4993141293525696,0.2864075005054474
1983-11-07,2241000,0.5102880597114563,0.5102880597114563,0.521261990070343,0.5102880597114563,0.2927020490169525
1983-11-04,1657800,0.4993141293525696,0.4993141293525696,0.4993141293525696,0.49108368158340454,0.2864075005054474
1983-11-03,5047200,0.4993141293525696,0.4993141293525696,0.4993141293525696,0.4993141293525696,0.2864075005054474
1983-11-02,13721700,0.4801097512245178,0.4801097512245178,0.4801097512245178,0.4801097512245178,0.27539175748825073
1983-11-01,4082400,0.4691357910633087,0.4609053432941437,0.4691357910633087,0.4609053432941437,0.26437607407569885
1983-10-31,1487100,0.4993141293525696,0.4691357910633087,0.4993141293525696,0.4691357910633087,0.2690970003604889
1983-10-28,1348200,0.521261990070343,0.4993141293525696,0.521261990070343,0.49108368158340454,0.2864075005054474
1983-10-27,2131200,0.521261990070343,0.521261990070343,0.521261990070343,0.521261990070343,0.2989969551563263
1983-10-26,1713900,0.521261990070343,0.5102880597114563,0.5294924378395081,0.5102880597114563,0.2927020490169525
1983-10-25,3607500,0.521261990070343,0.521261990070343,0.5404663681983948,0.521261990070343,0.2989969551563263
1983-10-24,4908900,0.5102880597114563,0.5102880597114563,0.521261990070343,0.5102880597114563,0.2927020490169525
1983-10-21,9113400,0.5404663681983948,0.49108368158340454,0.5404663681983948,0.4691357910633087,0.2816864252090454
1983-10-20,8505000,0.5486968159675598,0.5404663681983948,0.570644736289978,0.5404663681983948,0.3100123107433319
1983-10-19,4536300,0.6008230447769165,0.5486968159675598,0.6090534925460815,0.5486968159675598,0.3147333860397339
1983-10-18,4075200,0.631001353263855,0.6008230447769165,0.631001353263855,0.6008230447769165,0.3446332812309265
1983-10-17,2198100,0.631001353263855,0.631001353263855,0.631001353263855,0.631001353263855,0.3619433045387268
1983-10-14,1328700,0.631001353263855,0.631001353263855,0.631001353263855,0.6200274229049683,0.3619433045387268
1983-10-13,2970000,0.631001353263855,0.631001353263855,0.631001353263855,0.631001353263855,0.3619433045387268
1983-10-12,1933200,0.63923180103302,0.6200274229049683,0.63923180103302,0.6200274229049683,0.35564887523651123
1983-10-11,5922000,0.6502057909965515,0.63923180103302,0.6502057909965515,0.63923180103302,0.3666643798351288
1983-10-10,417900,0.6502057909965515,0.6502057909965515,0.6502057909965515,0.6502057909965515,0.3729591369628906
1983-10-07,218100,0.63923180103302,0.63923180103302,0.63923180103302,0.631001353263855,0.3666643798351288
1983-10-06,486000,0.63923180103302,0.63923180103302,0.63923180103302,0.63923180103302,0.3666643798351288
1983-10-05,1555500,0.631001353263855,0.631001353263855,0.63923180103302,0.631001353263855,0.3619433045387268
1983-10-04,959400,0.631001353263855,0.631001353263855,0.63923180103302,0.631001353263855,0.3619433045387268
1983-10-03,4665900,0.63923180103302,0.631001353263855,0.63923180103302,0.631001353263855,0.3619433045387268
1983-09-30,6453000,0.6502057909965515,0.63923180103302,0.6611797213554382,0.631001353263855,0.3666643798351288
1983-09-29,3018600,0.6694101691246033,0.6502057909965515,0.68038409948349,0.6502057909965515,0.3729591369628906
1983-09-28,599700,0.68038409948349,0.6694101691246033,0.68038409948349,0.6694101691246033,0.3839747905731201
1983-09-27,964800,0.68038409948349,0.68038409948349,0.68038409948349,0.68038409948349,0.3902694284915924
1983-09-26,1328700,0.6913580298423767,0.6694101691246033,0.6913580298423767,0.6694101691246033,0.3839747905731201
1983-09-23,583200,0.6694101691246033,0.6913580298423767,0.6995884776115417,0.6694101691246033,0.3965640664100647
1983-09-22,2041200,0.6694101691246033,0.6694101691246033,0.6913580298423767,0.6694101691246033,0.3839747905731201
1983-09-21,837300,0.6913580298423767,0.6694101691246033,0.6913580298423767,0.6694101691246033,0.3839747905731201
1983-09-20,6561300,0.6913580298423767,0.6913580298423767,0.6913580298423767,0.6913580298423767,0.3965640664100647
1983-09-19,2368800,0.68038409948349,0.68038409948349,0.68038409948349,0.68038409948349,0.3902694284915924
1983-09-16,3753300,0.631001353263855,0.6502057909965515,0.6611797213554382,0.631001353263855,0.3729591369628906
1983-09-15,709500,0.631001353263855,0.631001353263855,0.63923180103302,0.631001353263855,0.3619433045387268
1983-09-14,1069200,0.63923180103302,0.631001353263855,0.63923180103302,0.631001353263855,0.3619433045387268
1983-09-13,2854800,0.63923180103302,0.63923180103302,0.63923180103302,0.63923180103302,0.3666643798351288
1983-09-12,2441100,0.631001353263855,0.631001353263855,0.63923180103302,0.631001353263855,0.3619433045387268
1983-09-09,3072900,0.63923180103302,0.631001353263855,0.6502057909965515,0.6200274229049683,0.3619433045387268
1983-09-08,437400,0.63923180103302,0.63923180103302,0.6502057909965515,0.63923180103302,0.3666643798351288
1983-09-07,1641600,0.63923180103302,0.63923180103302,0.6502057909965515,0.63923180103302,0.3666643798351288
1983-09-06,3839400,0.63923180103302,0.63923180103302,0.6502057909965515,0.63923180103302,0.3666643798351288
1983-09-02,1202400,0.6008230447769165,0.6090534925460815,0.6090534925460815,0.5898491144180298,0.3493541181087494
1983-09-01,594300,0.6008230447769165,0.6008230447769165,0.6008230447769165,0.6008230447769165,0.3446332812309265
1983-08-31,1798200,0.6008230447769165,0.6008230447769165,0.6008230447769165,0.6008230447769165,0.3446332812309265
1983-08-30,2284500,0.6008230447769165,0.6008230447769165,0.6008230447769165,0.6008230447769165,0.3446332812309265
1983-08-29,2203500,0.6008230447769165,0.6008230447769165,0.6090534925460815,0.6008230447769165,0.3446332812309265
1983-08-26,1713900,0.6008230447769165,0.6008230447769165,0.6008230447769165,0.5898491144180298,0.3446332812309265
1983-08-25,3170100,0.6008230447769165,0.6008230447769165,0.6008230447769165,0.6008230447769165,0.3446332812309265
1983-08-24,964800,0.6090534925460815,0.5898491144180298,0.6200274229049683,0.5898491144180298,0.3383384943008423
1983-08-23,1749600,0.6090534925460815,0.6090534925460815,0.6090534925460815,0.6090534925460815,0.3493541181087494
1983-08-22,353100,0.6090534925460815,0.6008230447769165,0.6090534925460815,0.6008230447769165,0.3446332812309265
1983-08-19,1859700,0.6200274229049683,0.6090534925460815,0.6200274229049683,0.6008230447769165,0.3493541181087494
1983-08-18,9975900,0.63923180103302,0.6200274229049683,0.6502057909965515,0.6200274229049683,0.35564887523651123
1983-08-17,1821900,0.6502057909965515,0.63923180103302,0.6502057909965515,0.63923180103302,0.3666643798351288
1983-08-16,2532600,0.6502057909965515,0.6502057909965515,0.6694101691246033,0.6502057909965515,0.3729591369628906
1983-08-15,874800,0.6090534925460815,0.6090534925460815,0.631001353263855,0.6090534925460815,0.3493541181087494
1983-08-12,394200,0.5898491144180298,0.6008230447769165,0.6008230447769165,0.5898491144180298,0.3446332812309265
1983-08-11,218100,0.5898491144180298,0.5898491144180298,0.6008230447769165,0.5898491144180298,0.3383384943008423
1983-08-10,583500,0.5898491144180298,0.5898491144180298,0.5898491144180298,0.5898491144180298,0.3383384943008423
1983-08-09,437700,0.5898491144180298,0.5898491144180298,0.6008230447769165,0.5898491144180298,0.3383384943008423
1983-08-08,2835300,0.5898491144180298,0.5898491144180298,0.5898491144180298,0.5898491144180298,0.3383384943008423
1983-08-05,5119500,0.5898491144180298,0.5898491144180298,0.5898491144180298,0.5788751840591431,0.3383384943008423
1983-08-04,5697300,0.6008230447769165,0.5898491144180298,0.6008230447769165,0.5898491144180298,0.3383384943008423
1983-08-03,4847400,0.6008230447769165,0.6008230447769165,0.6008230447769165,0.6008230447769165,0.3446332812309265
1983-08-02,3571500,0.6008230447769165,0.6008230447769165,0.6008230447769165,0.6008230447769165,0.3446332812309265
1983-08-01,3899100,0.6008230447769165,0.6008230447769165,0.6008230447769165,0.6008230447769165,0.3446332812309265
1983-07-29,2698200,0.6090534925460815,0.6008230447769165,0.6090534925460815,0.5898491144180298,0.3446332812309265
1983-07-28,1888200,0.63923180103302,0.6200274229049683,0.63923180103302,0.6200274229049683,0.35564887523651123
1983-07-27,2167500,0.63923180103302,0.63923180103302,0.63923180103302,0.63923180103302,0.3666643798351288
1983-07-26,599700,0.63923180103302,0.631001353263855,0.6502057909965515,0.631001353263855,0.3619433045387268
1983-07-25,3369900,0.6502057909965515,0.63923180103302,0.6502057909965515,0.63923180103302,0.3666643798351288
1983-07-22,2916000,0.5898491144180298,0.6502057909965515,0.6502057909965515,0.5898491144180298,0.3729591369628906
1983-07-21,6833100,0.5898491144180298,0.5898491144180298,0.5898491144180298,0.5898491144180298,0.3383384943008423
1983-07-20,4737900,0.5596708059310913,0.5596708059310913,0.570644736289978,0.5596708059310913,0.3210281431674957
1983-07-19,3839400,0.5596708059310913,0.5486968159675598,0.570644736289978,0.5486968159675598,0.3147333860397339
1983-07-18,1128900,0.570644736289978,0.5596708059310913,0.5788751840591431,0.5596708059310913,0.3210281431674957
1983-07-15,534900,0.5788751840591431,0.570644736289978,0.5788751840591431,0.570644736289978,0.32732290029525757
1983-07-14,4791900,0.5898491144180298,0.5788751840591431,0.5898491144180298,0.5788751840591431,0.33204367756843567
1983-07-13,765000,0.6090534925460815,0.5898491144180298,0.6090534925460815,0.5898491144180298,0.3383384943008423
1983-07-12,207300,0.6200274229049683,0.6090534925460815,0.631001353263855,0.6090534925460815,0.3493541181087494
1983-07-11,1458000,0.631001353263855,0.6200274229049683,0.631001353263855,0.6200274229049683,0.35564887523651123
1983-07-08,6305400,0.631001353263855,0.631001353263855,0.631001353263855,0.6200274229049683,0.3619433045387268
1983-07-07,6942600,0.63923180103302,0.63923180103302,0.63923180103302,0.63923180103302,0.3666643798351288
1983-07-06,2259300,0.6090534925460815,0.6090534925460815,0.6200274229049683,0.6090534925460815,0.3493541181087494
1983-07-05,1814700,0.6008230447769165,0.5898491144180298,0.6008230447769165,0.5898491144180298,0.3383384943008423
1983-07-01,5083500,0.570644736289978,0.6008230447769165,0.6008230447769165,0.5596708059310913,0.3446332812309265
1983-06-30,5796300,0.570644736289978,0.570644736289978,0.570644736289978,0.570644736289978,0.32732290029525757
1983-06-29,5880600,0.5788751840591431,0.570644736289978,0.5788751840591431,0.570644736289978,0.32732290029525757
1983-06-28,3634200,0.5898491144180298,0.5788751840591431,0.5898491144180298,0.5788751840591431,0.33204367756843567
1983-06-27,1967700,0.6008230447769165,0.5898491144180298,0.6008230447769165,0.5898491144180298,0.3383384943008423
1983-06-24,1204200,0.6008230447769165,0.6008230447769165,0.6090534925460815,0.5898491144180298,0.3446332812309265
1983-06-23,5492100,0.6090534925460815,0.6008230447769165,0.6090534925460815,0.6008230447769165,0.3446332812309265
1983-06-22,1774800,0.6502057909965515,0.6090534925460815,0.6502057909965515,0.6090534925460815,0.3493541181087494
1983-06-21,8838000,0.6502057909965515,0.6502057909965515,0.6611797213554382,0.6502057909965515,0.3729591369628906
1983-06-20,5029500,0.6694101691246033,0.6502057909965515,0.6694101691246033,0.6502057909965515,0.3729591369628906
1983-06-17,1668900,0.6694101691246033,0.6694101691246033,0.68038409948349,0.6611797213554382,0.3839747905731201
1983-06-16,11226600,0.6694101691246033,0.6694101691246033,0.68038409948349,0.6694101691246033,0.3839747905731201
1983-06-15,2459100,0.6694101691246033,0.6694101691246033,0.68038409948349,0.6694101691246033,0.3839747905731201
1983-06-14,5929500,0.6694101691246033,0.6694101691246033,0.68038409948349,0.6694101691246033,0.3839747905731201
1983-06-13,8267400,0.6611797213554382,0.6611797213554382,0.6611797213554382,0.6611797213554382,0.379253625869751
1983-06-10,5448600,0.6090534925460815,0.6200274229049683,0.631001353263855,0.6090534925460815,0.35564887523651123
1983-06-09,7853700,0.6090534925460815,0.6090534925460815,0.6502057909965515,0.6090534925460815,0.3493541181087494
1983-06-08,10206000,0.5898491144180298,0.5898491144180298,0.6104252338409424,0.5898491144180298,0.3383384943008423
1983-06-07,7581600,0.570644736289978,0.570644736289978,0.570644736289978,0.570644736289978,0.32732290029525757
1983-06-06,6877800,0.5500686168670654,0.5500686168670654,0.5500686168670654,0.5500686168670654,0.3155202865600586
1983-06-03,6404400,0.5294924378395081,0.5500686168670654,0.5500686168670654,0.5198902487754822,0.3155202865600586
1983-06-02,2405100,0.5294924378395081,0.5294924378395081,0.5294924378395081,0.5294924378395081,0.303717702627182
1983-06-01,4325700,0.4897119402885437,0.4897119402885437,0.4897119402885437,0.4897119402885437,0.2808995246887207
1983-05-31,2313300,0.4897119402885437,0.4801097512245178,0.4897119402885437,0.4801097512245178,0.27539175748825073
1983-05-27,3753300,0.4897119402885437,0.4897119402885437,0.5102880597114563,0.4897119402885437,0.2808995246887207
1983-05-26,1458000,0.4897119402885437,0.4897119402885437,0.4993141293525696,0.4897119402885437,0.2808995246887207
1983-05-25,2030400,0.4897119402885437,0.4897119402885437,0.4993141293525696,0.4897119402885437,0.2808995246887207
1983-05-24,3207600,0.4897119402885437,0.4897119402885437,0.4897119402885437,0.4897119402885437,0.2808995246887207
1983-05-23,1665300,0.4897119402885437,0.4897119402885437,0.4993141293525696,0.4897119402885437,0.2808995246887207
1983-05-20,7970700,0.4993141293525696,0.4897119402885437,0.4993141293525696,0.4897119402885437,0.2808995246887207
1983-05-19,10679400,0.4993141293525696,0.4993141293525696,0.4993141293525696,0.4993141293525696,0.2864075005054474
1983-05-18,9477000,0.4993141293525696,0.4993141293525696,0.5198902487754822,0.4993141293525696,0.2864075005054474
1983-05-17,680700,0.4897119402885437,0.4897119402885437,0.4993141293525696,0.4897119402885437,0.2808995246887207
1983-05-16,5940300,0.4897119402885437,0.4897119402885437,0.4897119402885437,0.4897119402885437,0.2808995246887207
1983-05-13,4399200,0.47050753235816956,0.4897119402885437,0.4897119402885437,0.47050753235816956,0.2808995246887207
1983-05-12,4727100,0.47050753235816956,0.47050753235816956,0.47050753235816956,0.47050753235816956,0.26988378167152405
1983-05-11,4701600,0.45953360199928284,0.45953360199928284,0.45953360199928284,0.45953360199928284,0.26358911395072937
1983-05-10,5576400,0.44993141293525696,0.44993141293525696,0.44993141293525696,0.44993141293525696,0.25808125734329224
1983-05-09,2295300,0.42935529351234436,0.42935529351234436,0.42935529351234436,0.42935529351234436,0.2462790310382843
1983-05-06,2212200,0.4197530746459961,0.4197530746459961,0.4197530746459961,0.4101508855819702,0.24077096581459045
1983-05-05,819000,0.4197530746459961,0.4197530746459961,0.4197530746459961,0.4197530746459961,0.24077096581459045
1983-05-04,527400,0.4197530746459961,0.4197530746459961,0.4197530746459961,0.4197530746459961,0.24077096581459045
1983-05-03,2077200,0.4101508855819702,0.4101508855819702,0.4197530746459961,0.4101508855819702,0.23526333272457123
1983-05-02,2831700,0.4197530746459961,0.4101508855819702,0.4197530746459961,0.4101508855819702,0.23526333272457123
1983-04-29,4228200,0.40054869651794434,0.4197530746459961,0.4197530746459961,0.40054869651794434,0.24077096581459045
1983-04-28,13066200,0.40054869651794434,0.40054869651794434,0.40054869651794434,0.40054869651794434,0.22975538671016693
1983-04-27,10522800,0.3895747661590576,0.3895747661590576,0.40054869651794434,0.3895747661590576,0.22346071898937225
1983-04-26,6305400,0.3895747661590576,0.3895747661590576,0.3895747661590576,0.3895747661590576,0.22346071898937225
1983-04-25,9466200,0.3895747661590576,0.37997257709503174,0.3895747661590576,0.37997257709503174,0.21795284748077393
1983-04-22,67676400,0.37997257709503174,0.3895747661590576,0.3895747661590576,0.37997257709503174,0.22346071898937225
1983-04-21,1603800,0.37997257709503174,0.37997257709503174,0.37997257709503174,0.37997257709503174,0.21795284748077393
1983-04-20,1263900,0.37997257709503174,0.37997257709503174,0.3895747661590576,0.37997257709503174,0.21795284748077393
1983-04-19,2514600,0.37997257709503174,0.37997257709503174,0.3895747661590576,0.37997257709503174,0.21795284748077393
1983-04-18,3170100,0.3895747661590576,0.37997257709503174,0.3895747661590576,0.37997257709503174,0.21795284748077393
1983-04-15,2358000,0.37037035822868347,0.3895747661590576,0.40054869651794434,0.37037035822868347,0.22346071898937225
1983-04-14,5321100,0.37037035822868347,0.37037035822868347,0.37037035822868347,0.37037035822868347,0.21244506537914276
1983-04-13,4865400,0.3497942388057709,0.3497942388057709,0.3497942388057709,0.3497942388057709,0.20064261555671692
1983-04-12,3279900,0.3497942388057709,0.3497942388057709,0.3497942388057709,0.3497942388057709,0.20064261555671692
1983-04-11,5248800,0.3497942388057709,0.3497942388057709,0.3497942388057709,0.3497942388057709,0.20064261555671692
1983-04-08,254100,0.3497942388057709,0.3497942388057709,0.3497942388057709,0.3497942388057709,0.20064261555671692
1983-04-07,291600,0.3497942388057709,0.3497942388057709,0.3497942388057709,0.3497942388057709,0.20064261555671692
1983-04-06,1074600,0.3497942388057709,0.3497942388057709,0.3497942388057709,0.3497942388057709,0.20064261555671692
1983-04-05,2649600,0.3497942388057709,0.3497942388057709,0.3497942388057709,0.3497942388057709,0.20064261555671692
1983-04-04,1712100,0.3497942388057709,0.340192049741745,0.3497942388057709,0.340192049741745,0.1951347142457962
1983-03-31,1665300,0.3497942388057709,0.3497942388057709,0.3497942388057709,0.340192049741745,0.20064261555671692
1983-03-30,3998100,0.3497942388057709,0.3497942388057709,0.3497942388057709,0.3497942388057709,0.20064261555671692
1983-03-29,3699000,0.3497942388057709,0.3497942388057709,0.3497942388057709,0.3497942388057709,0.20064261555671692
1983-03-28,3461700,0.3497942388057709,0.340192049741745,0.3497942388057709,0.340192049741745,0.1951347142457962
1983-03-25,2576100,0.31961590051651,0.3497942388057709,0.3497942388057709,0.31961590051651,0.20064261555671692
1983-03-24,4628100,0.31961590051651,0.31961590051651,0.31961590051651,0.31961590051651,0.1833321899175644
1983-03-23,9039600,0.31961590051651,0.31001371145248413,0.31961590051651,0.31001371145248413,0.17782443761825562
1983-03-22,1749600,0.31961590051651,0.31961590051651,0.31961590051651,0.31961590051651,0.1833321899175644
1983-03-21,2322000,0.31961590051651,0.31961590051651,0.31961590051651,0.31961590051651,0.1833321899175644
1983-03-18,5637900,0.3305898606777191,0.31961590051651,0.3305898606777191,0.31961590051651,0.1833321899175644
1983-03-17,4098900,0.340192049741745,0.3305898606777191,0.340192049741745,0.3305898606777191,0.1896268129348755
1983-03-16,1701300,0.340192049741745,0.340192049741745,0.3497942388057709,0.340192049741745,0.1951347142457962
1983-03-15,891300,0.340192049741745,0.340192049741745,0.340192049741745,0.340192049741745,0.1951347142457962
1983-03-14,5540400,0.3497942388057709,0.3497942388057709,0.3497942388057709,0.3497942388057709,0.20064261555671692
1983-03-11,2167500,0.3497942388057709,0.3497942388057709,0.3497942388057709,0.340192049741745,0.20064261555671692
1983-03-10,10569900,0.3497942388057709,0.3497942388057709,0.3497942388057709,0.3497942388057709,0.20064261555671692
1983-03-09,2368800,0.3305898606777191,0.3305898606777191,0.3305898606777191,0.3305898606777191,0.1896268129348755
1983-03-08,17714100,0.3305898606777191,0.31961590051651,0.340192049741745,0.31961590051651,0.1833321899175644
1983-03-07,1447200,0.340192049741745,0.3305898606777191,0.340192049741745,0.3305898606777191,0.1896268129348755
1983-03-04,498900,0.340192049741745,0.340192049741745,0.340192049741745,0.340192049741745,0.1951347142457962
1983-03-03,691500,0.340192049741745,0.340192049741745,0.3497942388057709,0.340192049741745,0.1951347142457962
1983-03-02,1155600,0.3497942388057709,0.340192049741745,0.3497942388057709,0.340192049741745,0.1951347142457962
1983-03-01,826500,0.3497942388057709,0.3497942388057709,0.3497942388057709,0.3497942388057709,0.20064261555671692
1983-02-28,345600,0.3497942388057709,0.3497942388057709,0.3497942388057709,0.3497942388057709,0.20064261555671692
1983-02-25,1384500,0.340192049741745,0.3497942388057709,0.35939642786979675,0.340192049741745,0.20064261555671692
1983-02-24,1665300,0.340192049741745,0.340192049741745,0.3497942388057709,0.340192049741745,0.1951347142457962
1983-02-23,3699000,0.340192049741745,0.340192049741745,0.340192049741745,0.340192049741745,0.1951347142457962
1983-02-22,2952000,0.3497942388057709,0.340192049741745,0.3497942388057709,0.340192049741745,0.1951347142457962
1983-02-18,1566300,0.3497942388057709,0.3497942388057709,0.3497942388057709,0.3497942388057709,0.20064261555671692
1983-02-17,2540100,0.37037035822868347,0.3497942388057709,0.37037035822868347,0.3497942388057709,0.20064261555671692
1983-02-16,837300,0.37037035822868347,0.37037035822868347,0.37997257709503174,0.37037035822868347,0.21244506537914276
1983-02-15,619200,0.37997257709503174,0.37037035822868347,0.37997257709503174,0.37037035822868347,0.21244506537914276
1983-02-14,2568600,0.37997257709503174,0.37997257709503174,0.37997257709503174,0.37997257709503174,0.21795284748077393
1983-02-11,1458000,0.37997257709503174,0.37037035822868347,0.37997257709503174,0.37037035822868347,0.21244506537914276
1983-02-10,8591400,0.37997257709503174,0.37997257709503174,0.37997257709503174,0.37997257709503174,0.21795284748077393
1983-02-09,3499200,0.37037035822868347,0.37037035822868347,0.37037035822868347,0.37037035822868347,0.21244506537914276
1983-02-08,2770200,0.37037035822868347,0.37037035822868347,0.37037035822868347,0.37037035822868347,0.21244506537914276
1983-02-07,2066400,0.35939642786979675,0.35939642786979675,0.35939642786979675,0.35939642786979675,0.20615030825138092
1983-02-04,2613600,0.340192049741745,0.340192049741745,0.3497942388057709,0.340192049741745,0.1951347142457962
1983-02-03,2003700,0.340192049741745,0.340192049741745,0.340192049741745,0.340192049741745,0.1951347142457962
1983-02-02,1420500,0.3305898606777191,0.3305898606777191,0.3305898606777191,0.3305898606777191,0.1896268129348755
1983-02-01,3151800,0.340192049741745,0.340192049741745,0.340192049741745,0.340192049741745,0.1951347142457962
1983-01-31,2941200,0.31961590051651,0.31961590051651,0.31961590051651,0.31961590051651,0.1833321899175644
1983-01-28,2586900,0.30041152238845825,0.30041152238845825,0.31001371145248413,0.30041152238845825,0.17231664061546326
1983-01-27,4034100,0.30041152238845825,0.30041152238845825,0.30041152238845825,0.30041152238845825,0.17231664061546326
1983-01-26,3560700,0.31961590051651,0.31961590051651,0.31961590051651,0.31961590051651,0.1833321899175644
1983-01-25,6249900,0.31961590051651,0.31961590051651,0.31961590051651,0.31961590051651,0.1833321899175644
1983-01-24,4071600,0.28943759202957153,0.27983540296554565,0.28943759202957153,0.27983540296554565,0.16051407158374786
1983-01-21,2495100,0.30041152238845825,0.30041152238845825,0.30041152238845825,0.30041152238845825,0.17231664061546326
1983-01-20,2514600,0.31001371145248413,0.31001371145248413,0.31001371145248413,0.31001371145248413,0.17782443761825562
1983-01-19,2941200,0.3305898606777191,0.31961590051651,0.3305898606777191,0.31961590051651,0.1833321899175644
1983-01-18,2750700,0.3305898606777191,0.3305898606777191,0.3305898606777191,0.3305898606777191,0.1896268129348755
1983-01-17,5274000,0.340192049741745,0.340192049741745,0.340192049741745,0.340192049741745,0.1951347142457962
1983-01-14,2732700,0.3305898606777191,0.3305898606777191,0.340192049741745,0.3305898606777191,0.1896268129348755
1983-01-13,5175300,0.3305898606777191,0.3305898606777191,0.3305898606777191,0.3305898606777191,0.1896268129348755
1983-01-12,8553900,0.31961590051651,0.31961590051651,0.31961590051651,0.31961590051651,0.1833321899175644
1983-01-11,3224100,0.30041152238845825,0.30041152238845825,0.30041152238845825,0.30041152238845825,0.17231664061546326
1983-01-10,2459100,0.28943759202957153,0.28943759202957153,0.28943759202957153,0.28943759202957153,0.16602183878421783
1983-01-07,2842500,0.27983540296554565,0.27983540296554565,0.27983540296554565,0.27983540296554565,0.16051407158374786
1983-01-06,2077200,0.2702331840991974,0.2702331840991974,0.2702331840991974,0.2702331840991974,0.15500615537166595
1983-01-05,2604900,0.2702331840991974,0.2702331840991974,0.2702331840991974,0.2702331840991974,0.15500615537166595
1983-01-04,1128900,0.2702331840991974,0.2606309950351715,0.2702331840991974,0.2606309950351715,0.14949847757816315
1983-01-03,819000,0.2702331840991974,0.2702331840991974,0.2702331840991974,0.2702331840991974,0.15500615537166595
1982-12-31,983100,0.2702331840991974,0.2702331840991974,0.2702331840991974,0.2702331840991974,0.15500615537166595
1982-12-30,1366200,0.2702331840991974,0.2702331840991974,0.2702331840991974,0.2702331840991974,0.15500615537166595
1982-12-29,900000,0.2702331840991974,0.2702331840991974,0.2702331840991974,0.2702331840991974,0.15500615537166595
1982-12-28,1712100,0.2702331840991974,0.2702331840991974,0.2702331840991974,0.2702331840991974,0.15500615537166595
1982-12-27,3305100,0.2702331840991974,0.2702331840991974,0.27983540296554565,0.2702331840991974,0.15500615537166595
1982-12-23,2102700,0.2702331840991974,0.2702331840991974,0.2702331840991974,0.2702331840991974,0.15500615537166595
1982-12-22,4446300,0.2702331840991974,0.2702331840991974,0.2702331840991974,0.2702331840991974,0.15500615537166595
1982-12-21,4399200,0.2702331840991974,0.2702331840991974,0.2702331840991974,0.2702331840991974,0.15500615537166595
1982-12-20,1857900,0.2702331840991974,0.2702331840991974,0.2702331840991974,0.2702331840991974,0.15500615537166595
1982-12-17,2878500,0.2606309950351715,0.2606309950351715,0.2702331840991974,0.2606309950351715,0.14949847757816315
1982-12-16,4325700,0.2496570646762848,0.2400548756122589,0.2496570646762848,0.2400548756122589,0.13769587874412537
1982-12-15,18115200,0.2606309950351715,0.2606309950351715,0.2606309950351715,0.2606309950351715,0.14949847757816315
1982-12-14,6550200,0.2606309950351715,0.2606309950351715,0.2606309950351715,0.2606309950351715,0.14949847757816315
1982-12-13,1530300,0.27983540296554565,0.27983540296554565,0.27983540296554565,0.27983540296554565,0.16051407158374786
1982-12-10,3461700,0.28943759202957153,0.28943759202957153,0.28943759202957153,0.28943759202957153,0.16602183878421783
1982-12-09,8983800,0.31961590051651,0.31961590051651,0.31961590051651,0.31961590051651,0.1833321899175644
1982-12-08,7635600,0.28943759202957153,0.28943759202957153,0.30041152238845825,0.28943759202957153,0.16602183878421783
1982-12-07,3661500,0.2702331840991974,0.2702331840991974,0.2702331840991974,0.2702331840991974,0.15500615537166595
1982-12-06,6123600,0.2702331840991974,0.2599451243877411,0.2702331840991974,0.2599451243877411,0.14910493791103363
1982-12-03,4482300,0.2702331840991974,0.2702331840991974,0.2702331840991974,0.2702331840991974,0.15500615537166595
1982-12-02,5011200,0.2599451243877411,0.2496570646762848,0.2599451243877411,0.2496570646762848,0.1432037502527237
1982-12-01,6469200,0.2599451243877411,0.2599451243877411,0.2702331840991974,0.2599451243877411,0.14910493791103363
1982-11-30,3151800,0.2400548756122589,0.2400548756122589,0.2400548756122589,0.2400548756122589,0.13769587874412537
1982-11-29,1603800,0.22976680099964142,0.22976680099964142,0.22976680099964142,0.22976680099964142,0.13179455697536469
1982-11-26,637200,0.22976680099964142,0.22976680099964142,0.22976680099964142,0.22976680099964142,0.13179455697536469
1982-11-24,3261600,0.22976680099964142,0.22976680099964142,0.22976680099964142,0.22976680099964142,0.13179455697536469
1982-11-23,3880800,0.22016461193561554,0.22016461193561554,0.22016461193561554,0.22016461193561554,0.1262868046760559
1982-11-22,7088400,0.22016461193561554,0.22016461193561554,0.22016461193561554,0.22016461193561554,0.1262868046760559
1982-11-19,6687300,0.2496570646762848,0.2400548756122589,0.2496570646762848,0.2400548756122589,0.13769587874412537
1982-11-18,6469200,0.2496570646762848,0.2496570646762848,0.2496570646762848,0.2496570646762848,0.1432037502527237
1982-11-17,6796800,0.22976680099964142,0.22976680099964142,0.2400548756122589,0.22976680099964142,0.13179455697536469
1982-11-16,6323400,0.22016461193561554,0.22016461193561554,0.22016461193561554,0.22016461193561554,0.1262868046760559
1982-11-15,1766100,0.20027434825897217,0.20027434825897217,0.20987653732299805,0.20027434825897217,0.11487769335508347
1982-11-12,2970000,0.20027434825897217,0.20027434825897217,0.20987653732299805,0.20027434825897217,0.11487769335508347
1982-11-11,2295300,0.20027434825897217,0.20027434825897217,0.20027434825897217,0.20027434825897217,0.11487769335508347
1982-11-10,5994300,0.20027434825897217,0.20027434825897217,0.20027434825897217,0.20027434825897217,0.11487769335508347
1982-11-09,1420500,0.20027434825897217,0.20027434825897217,0.20027434825897217,0.20027434825897217,0.11487769335508347
1982-11-08,729000,0.20027434825897217,0.20027434825897217,0.20027434825897217,0.20027434825897217,0.11487769335508347
1982-11-05,3297600,0.20027434825897217,0.20027434825897217,0.20027434825897217,0.20027434825897217,0.11487769335508347
1982-11-04,5794500,0.20027434825897217,0.20027434825897217,0.20027434825897217,0.20027434825897217,0.11487769335508347
1982-11-03,6541500,0.20027434825897217,0.20027434825897217,0.20027434825897217,0.20027434825897217,0.11487769335508347
1982-11-02,2459100,0.18998628854751587,0.18998628854751587,0.18998628854751587,0.18998628854751587,0.10897642374038696
1982-11-01,765000,0.17969821393489838,0.17969821393489838,0.17969821393489838,0.17969821393489838,0.10307515412569046
1982-10-29,1603800,0.17969821393489838,0.17969821393489838,0.17969821393489838,0.17969821393489838,0.10307515412569046
1982-10-28,4719600,0.17969821393489838,0.17969821393489838,0.17969821393489838,0.17969821393489838,0.10307515412569046
1982-10-27,5265300,0.17969821393489838,0.17969821393489838,0.17969821393489838,0.17969821393489838,0.10307515412569046
1982-10-26,14798100,0.1700960248708725,0.1700960248708725,0.1700960248708725,0.1700960248708725,0.0975673571228981
1982-10-25,8127300,0.17969821393489838,0.17969821393489838,0.17969821393489838,0.17969821393489838,0.10307515412569046
1982-10-22,4264200,0.20027434825897217,0.20027434825897217,0.20027434825897217,0.20027434825897217,0.11487769335508347
1982-10-21,4464000,0.20027434825897217,0.20027434825897217,0.20027434825897217,0.20027434825897217,0.11487769335508347
1982-10-20,3499200,0.18998628854751587,0.18998628854751587,0.20027434825897217,0.18998628854751587,0.10897642374038696
1982-10-19,3589200,0.18998628854751587,0.18998628854751587,0.18998628854751587,0.18998628854751587,0.10897642374038696
1982-10-18,2970000,0.18998628854751587,0.18998628854751587,0.18998628854751587,0.18998628854751587,0.10897642374038696
1982-10-15,7489800,0.17969821393489838,0.17969821393489838,0.17969821393489838,0.17969821393489838,0.10307515412569046
1982-10-14,2077200,0.17969821393489838,0.17969821393489838,0.17969821393489838,0.17969821393489838,0.10307515412569046
1982-10-13,8400600,0.17969821393489838,0.17969821393489838,0.17969821393489838,0.17969821393489838,0.10307515412569046
1982-10-12,12738600,0.17969821393489838,0.17969821393489838,0.17969821393489838,0.17969821393489838,0.10307515412569046
1982-10-11,8164800,0.20027434825897217,0.20027434825897217,0.20027434825897217,0.20027434825897217,0.11487769335508347
1982-10-08,11352900,0.20027434825897217,0.20027434825897217,0.20027434825897217,0.20027434825897217,0.11487769335508347
1982-10-07,10659900,0.17969821393489838,0.17969821393489838,0.18998628854751587,0.17969821393489838,0.10307515412569046
1982-10-06,7216500,0.1700960248708725,0.1700960248708725,0.1700960248708725,0.1700960248708725,0.0975673571228981
1982-10-05,2313300,0.159807950258255,0.159807950258255,0.159807950258255,0.159807950258255,0.0916660949587822
1982-10-04,3207600,0.159807950258255,0.159807950258255,0.159807950258255,0.159807950258255,0.0916660949587822
1982-10-01,2003700,0.159807950258255,0.159807950258255,0.159807950258255,0.159807950258255,0.0916660949587822
1982-09-30,2203500,0.159807950258255,0.159807950258255,0.159807950258255,0.159807950258255,0.0916660949587822
1982-09-29,3553200,0.159807950258255,0.159807950258255,0.159807950258255,0.159807950258255,0.0916660949587822
1982-09-28,6869100,0.159807950258255,0.159807950258255,0.159807950258255,0.159807950258255,0.0916660949587822
1982-09-27,7052400,0.15020576119422913,0.15020576119422913,0.15020576119422913,0.15020576119422913,0.08615832030773163
1982-09-24,2113500,0.15020576119422913,0.15020576119422913,0.15020576119422913,0.15020576119422913,0.08615832030773163
1982-09-23,10478100,0.15020576119422913,0.15020576119422913,0.15020576119422913,0.15020576119422913,0.08615832030773163
1982-09-22,7743900,0.15020576119422913,0.15020576119422913,0.15020576119422913,0.15020576119422913,0.08615832030773163
1982-09-21,7945500,0.13991770148277283,0.13991770148277283,0.13991770148277283,0.13991770148277283,0.08025703579187393
1982-09-20,3844800,0.13991770148277283,0.13991770148277283,0.13991770148277283,0.13991770148277283,0.08025703579187393
1982-09-17,4172400,0.15020576119422913,0.13991770148277283,0.15020576119422913,0.13991770148277283,0.08025703579187393
1982-09-16,5848500,0.15020576119422913,0.15020576119422913,0.15020576119422913,0.15020576119422913,0.08615832030773163
1982-09-15,1730100,0.15020576119422913,0.15020576119422913,0.15020576119422913,0.15020576119422913,0.08615832030773163
1982-09-14,7362300,0.15020576119422913,0.15020576119422913,0.15020576119422913,0.15020576119422913,0.08615832030773163
1982-09-13,3097800,0.15020576119422913,0.15020576119422913,0.15020576119422913,0.15020576119422913,0.08615832030773163
1982-09-10,5868000,0.15020576119422913,0.15020576119422913,0.15020576119422913,0.15020576119422913,0.08615832030773163
1982-09-09,13230300,0.15020576119422913,0.15020576119422913,0.15020576119422913,0.15020576119422913,0.08615832030773163
1982-09-08,5193000,0.15020576119422913,0.15020576119422913,0.15020576119422913,0.15020576119422913,0.08615832030773163
1982-09-07,3515700,0.15020576119422913,0.15020576119422913,0.15020576119422913,0.15020576119422913,0.08615832030773163
1982-09-03,3880800,0.15020576119422913,0.15020576119422913,0.15020576119422913,0.15020576119422913,0.08615832030773163
1982-09-02,5794500,0.15020576119422913,0.15020576119422913,0.15020576119422913,0.15020576119422913,0.08615832030773163
1982-09-01,4973700,0.13991770148277283,0.13991770148277283,0.13991770148277283,0.13991770148277283,0.08025703579187393
1982-08-31,6415200,0.13991770148277283,0.13991770148277283,0.13991770148277283,0.13991770148277283,0.08025703579187393
1982-08-30,4482300,0.13991770148277283,0.13991770148277283,0.13991770148277283,0.13991770148277283,0.08025703579187393
1982-08-27,13303800,0.13991770148277283,0.13991770148277283,0.13991770148277283,0.13991770148277283,0.08025703579187393
1982-08-26,11626500,0.15020576119422913,0.15020576119422913,0.15020576119422913,0.15020576119422913,0.08615832030773163
1982-08-25,19663500,0.13991770148277283,0.13991770148277283,0.15020576119422913,0.13991770148277283,0.08025703579187393
1982-08-24,8035500,0.13031549751758575,0.13031549751758575,0.13031549751758575,0.13031549751758575,0.07474923878908157
1982-08-23,11498700,0.13031549751758575,0.13031549751758575,0.13031549751758575,0.13031549751758575,0.07474923878908157
1982-08-20,10332300,0.12002743780612946,0.12002743780612946,0.12002743780612946,0.12002743780612946,0.06884793937206268
1982-08-19,3353400,0.10973937064409256,0.10973937064409256,0.10973937064409256,0.10973937064409256,0.06294663995504379
1982-08-18,3535200,0.10973937064409256,0.10973937064409256,0.10973937064409256,0.10973937064409256,0.06294663995504379
1982-08-17,2077200,0.10973937064409256,0.10973937064409256,0.10973937064409256,0.10973937064409256,0.06294663995504379
1982-08-16,765000,0.10013717412948608,0.10013717412948608,0.10013717412948608,0.10013717412948608,0.05743884667754173
1982-08-13,2422800,0.10013717412948608,0.10013717412948608,0.10013717412948608,0.10013717412948608,0.05743884667754173
1982-08-12,5265300,0.10013717412948608,0.10013717412948608,0.10013717412948608,0.10013717412948608,0.05743884667754173
1982-08-11,837300,0.10013717412948608,0.10013717412948608,0.10013717412948608,0.10013717412948608,0.05743884667754173
1982-08-10,1366200,0.10013717412948608,0.10013717412948608,0.10013717412948608,0.10013717412948608,0.05743884667754173
1982-08-09,3115800,0.10013717412948608,0.10013717412948608,0.10013717412948608,0.10013717412948608,0.05743884667754173
1982-08-06,4609800,0.10973937064409256,0.10013717412948608,0.10973937064409256,0.10013717412948608,0.05743884667754173
1982-08-05,1803600,0.10973937064409256,0.10973937064409256,0.10973937064409256,0.10973937064409256,0.06294663995504379
1982-08-04,2478600,0.10973937064409256,0.10973937064409256,0.10973937064409256,0.10973937064409256,0.06294663995504379
1982-08-03,2860200,0.10973937064409256,0.10973937064409256,0.10973937064409256,0.10973937064409256,0.06294663995504379
1982-08-02,1110600,0.10973937064409256,0.10973937064409256,0.10973937064409256,0.10973937064409256,0.06294663995504379
1982-07-30,3790800,0.10973937064409256,0.10973937064409256,0.10973937064409256,0.10973937064409256,0.06294663995504379
1982-07-29,1274700,0.10973937064409256,0.10973937064409256,0.10973937064409256,0.10973937064409256,0.06294663995504379
1982-07-28,3170100,0.10973937064409256,0.10973937064409256,0.10973937064409256,0.10973937064409256,0.06294663995504379
1982-07-27,2277000,0.10973937064409256,0.10973937064409256,0.10973937064409256,0.10973937064409256,0.06294663995504379
1982-07-26,7927200,0.10973937064409256,0.10973937064409256,0.10973937064409256,0.10973937064409256,0.06294663995504379
1982-07-23,13376100,0.10973937064409256,0.10973937064409256,0.10973937064409256,0.10973937064409256,0.06294663995504379
1982-07-22,2604900,0.10973937064409256,0.10973937064409256,0.10973937064409256,0.10973937064409256,0.06294663995504379
1982-07-21,4555800,0.10013717412948608,0.10013717412948608,0.10013717412948608,0.10013717412948608,0.05743884667754173
1982-07-20,2696700,0.10013717412948608,0.10013717412948608,0.10013717412948608,0.10013717412948608,0.05743884667754173
1982-07-19,345600,0.10013717412948608,0.10013717412948608,0.10013717412948608,0.10013717412948608,0.05743884667754173
1982-07-16,783000,0.10013717412948608,0.10013717412948608,0.10013717412948608,0.10013717412948608,0.05743884667754173
1982-07-15,2860200,0.10013717412948608,0.10013717412948608,0.10013717412948608,0.10013717412948608,0.05743884667754173
1982-07-14,108300,0.10013717412948608,0.10013717412948608,0.10013717412948608,0.10013717412948608,0.05743884667754173
1982-07-13,837300,0.10013717412948608,0.10013717412948608,0.10013717412948608,0.10013717412948608,0.05743884667754173
1982-07-12,1384500,0.10013717412948608,0.10013717412948608,0.10973937064409256,0.10013717412948608,0.05743884667754173
1982-07-09,1020600,0.10013717412948608,0.10013717412948608,0.10973937064409256,0.10013717412948608,0.05743884667754173
1982-07-08,2696700,0.10013717412948608,0.10013717412948608,0.10013717412948608,0.10013717412948608,0.05743884667754173
1982-07-07,1749600,0.10013717412948608,0.10013717412948608,0.10013717412948608,0.10013717412948608,0.05743884667754173
1982-07-06,745500,0.10973937064409256,0.10973937064409256,0.10973937064409256,0.10973937064409256,0.06294663995504379
1982-07-02,1494000,0.10973937064409256,0.10973937064409256,0.10973937064409256,0.10973937064409256,0.06294663995504379
1982-07-01,2259300,0.10973937064409256,0.10973937064409256,0.10973937064409256,0.10973937064409256,0.06294663995504379
1982-06-30,5011200,0.10013717412948608,0.10013717412948608,0.10013717412948608,0.10013717412948608,0.05743884667754173
1982-06-29,3134100,0.10013717412948608,0.10013717412948608,0.10013717412948608,0.10013717412948608,0.05743884667754173
1982-06-28,1839600,0.10013717412948608,0.10013717412948608,0.10013717412948608,0.10013717412948608,0.05743884667754173
1982-06-25,563700,0.10013717412948608,0.10013717412948608,0.10013717412948608,0.10013717412948608,0.05743884667754173
1982-06-24,2878500,0.10013717412948608,0.10013717412948608,0.10013717412948608,0.10013717412948608,0.05743884667754173
1982-06-23,2896500,0.10013717412948608,0.10013717412948608,0.10013717412948608,0.10013717412948608,0.05743884667754173
1982-06-22,1238700,0.08984910696744919,0.08984910696744919,0.08984910696744919,0.08984910696744919,0.05153757706284523
1982-06-21,3717300,0.08984910696744919,0.08984910696744919,0.08984910696744919,0.08984910696744919,0.05153757706284523
1982-06-18,2878500,0.08984910696744919,0.08984910696744919,0.08984910696744919,0.08984910696744919,0.05153757706284523
1982-06-17,3224100,0.10013717412948608,0.10013717412948608,0.10013717412948608,0.10013717412948608,0.05743884667754173
1982-06-16,4865400,0.10013717412948608,0.10013717412948608,0.10013717412948608,0.10013717412948608,0.05743884667754173
1982-06-15,1530300,0.10013717412948608,0.10013717412948608,0.10013717412948608,0.10013717412948608,0.05743884667754173
1982-06-14,1037100,0.10013717412948608,0.10013717412948608,0.10973937064409256,0.10013717412948608,0.05743884667754173
1982-06-11,2624400,0.10013717412948608,0.10013717412948608,0.10973937064409256,0.10013717412948608,0.05743884667754173
1982-06-10,11498700,0.10013717412948608,0.10013717412948608,0.10973937064409256,0.10013717412948608,0.05743884667754173
1982-06-09,5868000,0.10013717412948608,0.10013717412948608,0.10013717412948608,0.10013717412948608,0.05743884667754173
1982-06-08,910800,0.10013717412948608,0.10013717412948608,0.10013717412948608,0.10013717412948608,0.05743884667754173
1982-06-07,2878500,0.10013717412948608,0.10013717412948608,0.10013717412948608,0.10013717412948608,0.05743884667754173
1982-06-04,1548000,0.10013717412948608,0.10013717412948608,0.10013717412948608,0.10013717412948608,0.05743884667754173
1982-06-03,4609800,0.10013717412948608,0.10013717412948608,0.10013717412948608,0.10013717412948608,0.05743884667754173
1982-06-02,4883700,0.08984910696744919,0.08984910696744919,0.08984910696744919,0.08984910696744919,0.05153757706284523
1982-06-01,783000,0.08984910696744919,0.08984910696744919,0.08984910696744919,0.08984910696744919,0.05153757706284523
1982-05-28,6050100,0.08984910696744919,0.08984910696744919,0.08984910696744919,0.08984910696744919,0.05153757706284523
1982-05-27,8472900,0.08984910696744919,0.08984910696744919,0.08984910696744919,0.08984910696744919,0.05153757706284523
1982-05-26,7106700,0.08984910696744919,0.08984910696744919,0.08984910696744919,0.08984910696744919,0.05153757706284523
1982-05-25,3006000,0.08984910696744919,0.08984910696744919,0.08984910696744919,0.08984910696744919,0.05153757706284523
1982-05-24,1110600,0.08984910696744919,0.08984910696744919,0.08984910696744919,0.08984910696744919,0.05153757706284523
1982-05-21,2970000,0.08984910696744919,0.08984910696744919,0.08984910696744919,0.08984910696744919,0.05153757706284523
1982-05-20,2514600,0.08984910696744919,0.08984910696744919,0.08984910696744919,0.08984910696744919,0.05153757706284523
1982-05-19,2149500,0.08984910696744919,0.08984910696744919,0.08984910696744919,0.08984910696744919,0.05153757706284523
1982-05-18,1256400,0.08024691045284271,0.08024691045284271,0.08984910696744919,0.08024691045284271,0.046029768884181976
1982-05-17,16146300,0.08024691045284271,0.08024691045284271,0.08984910696744919,0.08024691045284271,0.046029768884181976
1982-05-14,1603800,0.08024691045284271,0.08024691045284271,0.08024691045284271,0.08024691045284271,0.046029768884181976
1982-05-13,5666700,0.08024691045284271,0.08024691045284271,0.08984910696744919,0.08024691045284271,0.046029768884181976
1982-05-12,1839600,0.08024691045284271,0.08024691045284271,0.08024691045284271,0.08024691045284271,0.046029768884181976
1982-05-11,5540400,0.08024691045284271,0.08024691045284271,0.08024691045284271,0.08024691045284271,0.046029768884181976
1982-05-10,7124700,0.08010973781347275,0.08010973781347275,0.08010973781347275,0.08010973781347275,0.045951053500175476
1982-05-07,4154700,0.07023319602012634,0.07023319602012634,0.07023319602012634,0.07023319602012634,0.04028589650988579
1982-05-06,6888600,0.07023319602012634,0.07023319602012634,0.07023319602012634,0.07023319602012634,0.04028589650988579
1982-05-05,24202800,0.05980795621871948,0.05980795621871948,0.07023319602012634,0.05980795621871948,0.03430592641234398
1982-05-04,40095000,0.05980795621871948,0.05980795621871948,0.05980795621871948,0.05980795621871948,0.03430592641234398
1982-05-03,2640900,0.05980795621871948,0.05980795621871948,0.05980795621871948,0.05980795621871948,0.03430592641234398
1982-04-30,2422800,0.08010973781347275,0.08010973781347275,0.08010973781347275,0.08010973781347275,0.045951053500175476
1982-04-29,3042300,0.07023319602012634,0.07023319602012634,0.08010973781347275,0.07023319602012634,0.04028589650988579
1982-04-28,729000,0.07023319602012634,0.07023319602012634,0.07023319602012634,0.07023319602012634,0.04028589650988579
1982-04-27,308100,0.07023319602012634,0.07023319602012634,0.07023319602012634,0.07023319602012634,0.04028589650988579
1982-04-26,509700,0.07023319602012634,0.07023319602012634,0.07023319602012634,0.07023319602012634,0.04028589650988579
1982-04-23,2277000,0.07023319602012634,0.07023319602012634,0.07023319602012634,0.07023319602012634,0.04028589650988579
1982-04-22,1693800,0.07023319602012634,0.07023319602012634,0.07023319602012634,0.07023319602012634,0.04028589650988579
1982-04-21,235800,0.07023319602012634,0.07023319602012634,0.07023319602012634,0.07023319602012634,0.04028589650988579
1982-04-20,3369900,0.07023319602012634,0.07023319602012634,0.07023319602012634,0.07023319602012634,0.04028589650988579
1982-04-19,729000,0.07023319602012634,0.07023319602012634,0.07023319602012634,0.07023319602012634,0.04028589650988579
1982-04-16,4154700,0.07023319602012634,0.07023319602012634,0.07023319602012634,0.07023319602012634,0.04028589650988579
1982-04-15,1182900,0.07023319602012634,0.07023319602012634,0.07023319602012634,0.07023319602012634,0.04028589650988579
1982-04-14,1548000,0.07023319602012634,0.07023319602012634,0.07023319602012634,0.07023319602012634,0.04028589650988579
1982-04-13,545700,0.07023319602012634,0.07023319602012634,0.07023319602012634,0.07023319602012634,0.04028589650988579
1982-04-12,509700,0.07023319602012634,0.07023319602012634,0.07023319602012634,0.07023319602012634,0.04028589650988579
1982-04-08,1238700,0.07023319602012634,0.07023319602012634,0.07023319602012634,0.07023319602012634,0.04028589650988579
1982-04-07,2057700,0.07023319602012634,0.07023319602012634,0.07023319602012634,0.07023319602012634,0.04028589650988579
1982-04-06,1766100,0.07023319602012634,0.07023319602012634,0.07023319602012634,0.07023319602012634,0.04028589650988579
1982-04-05,2332800,0.07023319602012634,0.07023319602012634,0.07023319602012634,0.07023319602012634,0.04028589650988579
1982-04-02,563700,0.07023319602012634,0.07023319602012634,0.08010973781347275,0.07023319602012634,0.04028589650988579
1982-04-01,1146900,0.07023319602012634,0.07023319602012634,0.08010973781347275,0.07023319602012634,0.04028589650988579
1982-03-31,1821900,0.07023319602012634,0.07023319602012634,0.08010973781347275,0.07023319602012634,0.04028589650988579
1982-03-30,1110600,0.08010973781347275,0.07023319602012634,0.08010973781347275,0.07023319602012634,0.04028589650988579
1982-03-29,3461700,0.08010973781347275,0.08010973781347275,0.08010973781347275,0.08010973781347275,0.045951053500175476
1982-03-26,1967700,0.07023319602012634,0.07023319602012634,0.08010973781347275,0.07023319602012634,0.04028589650988579
1982-03-25,2640900,0.07023319602012634,0.07023319602012634,0.07023319602012634,0.07023319602012634,0.04028589650988579
1982-03-24,4098900,0.07023319602012634,0.07023319602012634,0.08010973781347275,0.07023319602012634,0.04028589650988579
1982-03-23,509700,0.07023319602012634,0.07023319602012634,0.07023319602012634,0.07023319602012634,0.04028589650988579
1982-03-22,1328700,0.07023319602012634,0.07023319602012634,0.07023319602012634,0.07023319602012634,0.04028589650988579
1982-03-19,819000,0.07023319602012634,0.07023319602012634,0.07023319602012634,0.07023319602012634,0.04028589650988579
1982-03-18,1182900,0.05980795621871948,0.05980795621871948,0.05980795621871948,0.05980795621871948,0.03430592641234398
1982-03-17,199800,0.05980795621871948,0.05980795621871948,0.05980795621871948,0.05980795621871948,0.03430592641234398
1982-03-16,729000,0.05980795621871948,0.05980795621871948,0.05980795621871948,0.05980795621871948,0.03430592641234398
1982-03-15,272100,0.05980795621871948,0.05980795621871948,0.05980795621871948,0.05980795621871948,0.03430592641234398
1982-03-12,181800,0.05980795621871948,0.05980795621871948,0.05980795621871948,0.05980795621871948,0.03430592641234398
1982-03-11,327600,0.05980795621871948,0.05980795621871948,0.05980795621871948,0.05980795621871948,0.03430592641234398
1982-03-10,381600,0.05980795621871948,0.05980795621871948,0.05980795621871948,0.05980795621871948,0.03430592641234398
1982-03-09,181800,0.05980795621871948,0.05980795621871948,0.05980795621871948,0.05980795621871948,0.03430592641234398
1982-03-08,126300,0.05980795621871948,0.05980795621871948,0.05980795621871948,0.05980795621871948,0.03430592641234398
1982-03-05,363900,0.05980795621871948,0.05980795621871948,0.05980795621871948,0.05980795621871948,0.03430592641234398
1982-03-04,308100,0.05980795621871948,0.05980795621871948,0.05980795621871948,0.05980795621871948,0.03430592641234398
1982-03-03,54000,0.05980795621871948,0.05980795621871948,0.05980795621871948,0.05980795621871948,0.03430592641234398
1982-03-02,16500,0.05980795621871948,0.05980795621871948,0.05980795621871948,0.05980795621871948,0.03430592641234398
1982-03-01,819000,0.05980795621871948,0.05980795621871948,0.05980795621871948,0.05980795621871948,0.03430592641234398
1982-02-26,363900,0.05980795621871948,0.05980795621871948,0.05980795621871948,0.05980795621871948,0.03430592641234398
1982-02-25,363900,0.05980795621871948,0.05980795621871948,0.05980795621871948,0.05980795621871948,0.03430592641234398
1982-02-24,272100,0.04993141442537308,0.04993141442537308,0.05980795621871948,0.04993141442537308,0.028640732169151306
1982-02-23,599700,0.05980795621871948,0.04993141442537308,0.05980795621871948,0.04993141442537308,0.028640732169151306
1982-02-22,453900,0.05980795621871948,0.05980795621871948,0.05980795621871948,0.05980795621871948,0.03430592641234398
1982-02-19,1458000,0.05980795621871948,0.05980795621871948,0.05980795621871948,0.05980795621871948,0.03430592641234398
1982-02-18,16500,0.04993141442537308,0.04993141442537308,0.05980795621871948,0.04993141442537308,0.028640732169151306
1982-02-17,272100,0.05980795621871948,0.04993141442537308,0.05980795621871948,0.04993141442537308,0.028640732169151306
1982-02-16,545700,0.05980795621871948,0.05980795621871948,0.05980795621871948,0.05980795621871948,0.03430592641234398
1982-02-12,545700,0.05980795621871948,0.05980795621871948,0.05980795621871948,0.05980795621871948,0.03430592641234398
1982-02-11,381600,0.05980795621871948,0.05980795621871948,0.05980795621871948,0.05980795621871948,0.03430592641234398
1982-02-10,745500,0.05980795621871948,0.05980795621871948,0.05980795621871948,0.05980795621871948,0.03430592641234398
1982-02-09,126300,0.05980795621871948,0.05980795621871948,0.05980795621871948,0.05980795621871948,0.03430592641234398
1982-02-08,1092900,0.05980795621871948,0.05980795621871948,0.05980795621871948,0.05980795621871948,0.03430592641234398
1982-02-05,1328700,0.05980795621871948,0.05980795621871948,0.05980795621871948,0.05980795621871948,0.03430592641234398
1982-02-04,181800,0.05980795621871948,0.05980795621871948,0.05980795621871948,0.05980795621871948,0.03430592641234398
1982-02-03,910800,0.05980795621871948,0.05980795621871948,0.05980795621871948,0.05980795621871948,0.03430592641234398
1982-02-02,819000,0.05980795621871948,0.05980795621871948,0.05980795621871948,0.05980795621871948,0.03430592641234398
1982-02-01,90000,0.05980795621871948,0.05980795621871948,0.05980795621871948,0.05980795621871948,0.03430592641234398
1982-01-29,199800,0.05980795621871948,0.05980795621871948,0.05980795621871948,0.05980795621871948,0.03430592641234398
1982-01-28,417900,0.05980795621871948,0.05980795621871948,0.05980795621871948,0.05980795621871948,0.03430592641234398
1982-01-27,1328700,0.05980795621871948,0.05980795621871948,0.05980795621871948,0.05980795621871948,0.03430592641234398
1982-01-26,453900,0.05980795621871948,0.05980795621871948,0.05980795621871948,0.05980795621871948,0.03430592641234398
1982-01-25,783000,0.05980795621871948,0.05980795621871948,0.05980795621871948,0.05980795621871948,0.03430592641234398
1982-01-22,637200,0.05980795621871948,0.05980795621871948,0.05980795621871948,0.05980795621871948,0.03430592641234398
1982-01-21,2514600,0.05980795621871948,0.05980795621871948,0.05980795621871948,0.05980795621871948,0.03430592641234398
1982-01-20,181800,0.05980795621871948,0.05980795621871948,0.05980795621871948,0.05980795621871948,0.03430592641234398
1982-01-19,1146900,0.05999085679650307,0.05999085679650307,0.05999085679650307,0.05999085679650307,0.034410856664180756
1982-01-18,145800,0.05999085679650307,0.05999085679650307,0.05999085679650307,0.05999085679650307,0.034410856664180756
1982-01-15,272100,0.05999085679650307,0.05999085679650307,0.05999085679650307,0.05999085679650307,0.034410856664180756
1982-01-14,54000,0.05999085679650307,0.05999085679650307,0.05999085679650307,0.05999085679650307,0.034410856664180756
1982-01-13,16500,0.05999085679650307,0.05999085679650307,0.05999085679650307,0.05999085679650307,0.034410856664180756
1982-01-12,291600,0.05999085679650307,0.05999085679650307,0.05999085679650307,0.05999085679650307,0.034410856664180756
1982-01-11,363900,0.05999085679650307,0.05999085679650307,0.05999085679650307,0.05999085679650307,0.034410856664180756
1982-01-08,399900,0.05999085679650307,0.05999085679650307,0.05999085679650307,0.05999085679650307,0.034410856664180756
1982-01-07,3061800,0.050114311277866364,0.050114311277866364,0.05999085679650307,0.050114311277866364,0.02874564938247204
1982-01-06,291600,0.050114311277866364,0.050114311277866364,0.05999085679650307,0.050114311277866364,0.02874564938247204
1982-01-05,399900,0.050114311277866364,0.050114311277866364,0.05999085679650307,0.050114311277866364,0.02874564938247204
1982-01-04,126300,0.050114311277866364,0.050114311277866364,0.05999085679650307,0.050114311277866364,0.02874564938247204
1981-12-31,272100,0.050114311277866364,0.050114311277866364,0.05999085679650307,0.050114311277866364,0.02874564938247204
1981-12-30,417900,0.050114311277866364,0.050114311277866364,0.05999085679650307,0.050114311277866364,0.02874564938247204
1981-12-29,399900,0.050114311277866364,0.050114311277866364,0.050114311277866364,0.050114311277866364,0.02874564938247204
1981-12-28,417900,0.050114311277866364,0.050114311277866364,0.050114311277866364,0.050114311277866364,0.02874564938247204
1981-12-24,1766100,0.050114311277866364,0.050114311277866364,0.050114311277866364,0.050114311277866364,0.02874564938247204
1981-12-23,1146900,0.050114311277866364,0.050114311277866364,0.050114311277866364,0.050114311277866364,0.02874564938247204
1981-12-22,1384500,0.050114311277866364,0.050114311277866364,0.050114311277866364,0.050114311277866364,0.02874564938247204
1981-12-21,837300,0.050114311277866364,0.050114311277866364,0.050114311277866364,0.050114311277866364,0.02874564938247204
1981-12-18,545700,0.050114311277866364,0.050114311277866364,0.050114311277866364,0.050114311277866364,0.02874564938247204
1981-12-17,1911900,0.050114311277866364,0.050114311277866364,0.050114311277866364,0.050114311277866364,0.02874564938247204
1981-12-16,145800,0.050114311277866364,0.050114311277866364,0.050114311277866364,0.050114311277866364,0.02874564938247204
1981-12-15,2860200,0.050114311277866364,0.050114311277866364,0.050114311277866364,0.050114311277866364,0.02874564938247204
1981-12-14,1657800,0.05999085679650307,0.050114311277866364,0.05999085679650307,0.050114311277866364,0.02874564938247204
1981-12-11,272100,0.05999085679650307,0.05999085679650307,0.05999085679650307,0.05999085679650307,0.034410856664180756
1981-12-10,745500,0.05999085679650307,0.05999085679650307,0.05999085679650307,0.05999085679650307,0.034410856664180756
1981-12-09,1220400,0.05999085679650307,0.05999085679650307,0.05999085679650307,0.05999085679650307,0.034410856664180756
1981-12-08,2860200,0.05999085679650307,0.05999085679650307,0.05999085679650307,0.05999085679650307,0.034410856664180756
1981-12-07,3953100,0.05999085679650307,0.05999085679650307,0.05999085679650307,0.05999085679650307,0.034410856664180756
1981-12-04,4773900,0.050114311277866364,0.050114311277866364,0.05999085679650307,0.050114311277866364,0.02874564938247204
1981-12-03,1693800,0.050114311277866364,0.050114311277866364,0.050114311277866364,0.050114311277866364,0.02874564938247204
1981-12-02,363900,0.050114311277866364,0.050114311277866364,0.050114311277866364,0.050114311277866364,0.02874564938247204
1981-12-01,145800,0.050114311277866364,0.050114311277866364,0.050114311277866364,0.050114311277866364,0.02874564938247204
1981-11-30,90000,0.050114311277866364,0.050114311277866364,0.050114311277866364,0.050114311277866364,0.02874564938247204
1981-11-27,145800,0.050114311277866364,0.050114311277866364,0.050114311277866364,0.050114311277866364,0.02874564938247204
1981-11-25,199800,0.050114311277866364,0.050114311277866364,0.050114311277866364,0.050114311277866364,0.02874564938247204
1981-11-24,327600,0.050114311277866364,0.050114311277866364,0.050114311277866364,0.050114311277866364,0.02874564938247204
1981-11-23,910800,0.050114311277866364,0.050114311277866364,0.050114311277866364,0.050114311277866364,0.02874564938247204
1981-11-20,2660400,0.050114311277866364,0.050114311277866364,0.050114311277866364,0.050114311277866364,0.02874564938247204
1981-11-19,145800,0.050114311277866364,0.050114311277866364,0.050114311277866364,0.050114311277866364,0.02874564938247204
1981-11-18,363900,0.050114311277866364,0.050114311277866364,0.050114311277866364,0.050114311277866364,0.02874564938247204
1981-11-17,145800,0.050114311277866364,0.050114311277866364,0.050114311277866364,0.050114311277866364,0.02874564938247204
1981-11-16,2860200,0.03987197205424309,0.03987197205424309,0.050114311277866364,0.03987197205424309,0.022870628163218498
1981-11-13,291600,0.03987197205424309,0.03987197205424309,0.050114311277866364,0.03987197205424309,0.022870628163218498
1981-11-12,673200,0.03987197205424309,0.03987197205424309,0.050114311277866364,0.03987197205424309,0.022870628163218498
1981-11-11,363900,0.03987197205424309,0.03987197205424309,0.050114311277866364,0.03987197205424309,0.022870628163218498
1981-11-10,2786700,0.03987197205424309,0.03987197205424309,0.050114311277866364,0.03987197205424309,0.022870628163218498
1981-11-09,4428000,0.050114311277866364,0.03987197205424309,0.050114311277866364,0.03987197205424309,0.022870628163218498
1981-11-06,126300,0.050114311277866364,0.050114311277866364,0.050114311277866364,0.050114311277866364,0.02874564938247204
1981-11-05,4244700,0.050114311277866364,0.050114311277866364,0.050114311277866364,0.050114311277866364,0.02874564938247204
1981-11-04,1110600,0.050114311277866364,0.050114311277866364,0.050114311277866364,0.050114311277866364,0.02874564938247204
1981-11-03,1092900,0.050114311277866364,0.050114311277866364,0.050114311277866364,0.050114311277866364,0.02874564938247204
1981-11-02,837300,0.050114311277866364,0.050114311277866364,0.050114311277866364,0.050114311277866364,0.02874564938247204
1981-10-30,417900,0.03987197205424309,0.03987197205424309,0.050114311277866364,0.03987197205424309,0.022870628163218498
1981-10-29,599700,0.03987197205424309,0.03987197205424309,0.050114311277866364,0.03987197205424309,0.022870628163218498
1981-10-28,3425700,0.03987197205424309,0.03987197205424309,0.050114311277866364,0.03987197205424309,0.022870628163218498
1981-10-27,1238700,0.03987197205424309,0.03987197205424309,0.050114311277866364,0.03987197205424309,0.022870628163218498
1981-10-26,4300500,0.03987197205424309,0.03987197205424309,0.050114311277866364,0.03987197205424309,0.022870628163218498
1981-10-23,3917100,0.03987197205424309,0.03987197205424309,0.050114311277866364,0.03987197205424309,0.022870628163218498
1981-10-22,6377700,0.03987197205424309,0.03987197205424309,0.03987197205424309,0.03987197205424309,0.022870628163218498
1981-10-21,7106700,0.03987197205424309,0.03987197205424309,0.03987197205424309,0.03987197205424309,0.022870628163218498
1981-10-20,1494000,0.03987197205424309,0.03987197205424309,0.03987197205424309,0.03987197205424309,0.022870628163218498
1981-10-19,1220400,0.029995428398251534,0.029995428398251534,0.03987197205424309,0.029995428398251534,0.017205428332090378
1981-10-16,291600,0.029995428398251534,0.029995428398251534,0.03987197205424309,0.029995428398251534,0.017205428332090378
1981-10-15,3097800,0.029995428398251534,0.029995428398251534,0.03987197205424309,0.029995428398251534,0.017205428332090378
1981-10-14,363900,0.029995428398251534,0.029995428398251534,0.03987197205424309,0.029995428398251534,0.017205428332090378
1981-10-13,1146900,0.029995428398251534,0.029995428398251534,0.03987197205424309,0.029995428398251534,0.017205428332090378
1981-10-12,363900,0.029995428398251534,0.029995428398251534,0.03987197205424309,0.029995428398251534,0.017205428332090378
1981-10-09,5612700,0.029995428398251534,0.029995428398251534,0.03987197205424309,0.029995428398251534,0.017205428332090378
1981-10-08,126300,0.029995428398251534,0.029995428398251534,0.03987197205424309,0.029995428398251534,0.017205428332090378
1981-10-07,4190700,0.029995428398251534,0.029995428398251534,0.03987197205424309,0.029995428398251534,0.017205428332090378
1981-10-06,2514600,0.029995428398251534,0.029995428398251534,0.03987197205424309,0.029995428398251534,0.017205428332090378
1981-10-05,1766100,0.029995428398251534,0.029995428398251534,0.03987197205424309,0.029995428398251534,0.017205428332090378
1981-10-02,3479700,0.029995428398251534,0.029995428398251534,0.03987197205424309,0.029995428398251534,0.017205428332090378
1981-10-01,4374000,0.029995428398251534,0.029995428398251534,0.029995428398251534,0.029995428398251534,0.017205428332090378
1981-09-30,5248800,0.029995428398251534,0.029995428398251534,0.029995428398251534,0.029995428398251534,0.017205428332090378
1981-09-29,3953100,0.029995428398251534,0.029995428398251534,0.029995428398251534,0.029995428398251534,0.017205428332090378
1981-09-28,5794500,0.029995428398251534,0.029995428398251534,0.029995428398251534,0.029995428398251534,0.017205428332090378
1981-09-25,7306500,0.029995428398251534,0.029995428398251534,0.029995428398251534,0.029995428398251534,0.017205428332090378
1981-09-24,5065500,0.029995428398251534,0.029995428398251534,0.029995428398251534,0.029995428398251534,0.017205428332090378
1981-09-23,7380000,0.029995428398251534,0.029995428398251534,0.029995428398251534,0.029995428398251534,0.017205428332090378
1981-09-22,7435800,0.029995428398251534,0.029995428398251534,0.029995428398251534,0.029995428398251534,0.017205428332090378
