date,volume,open,close,high,low,adjclose
2019-02-15,600,2.0199999809265137,2.0199999809265137,2.0199999809265137,2.0199999809265137,2.0199999809265137
2019-02-14,0,2.25,2.25,2.25,2.25,2.25
2019-02-13,0,2.25,2.25,2.25,2.25,2.25
2019-02-12,0,2.25,2.25,2.25,2.25,2.25
2019-02-11,0,2.25,2.25,2.25,2.25,2.25
2019-02-08,500,2.2300000190734863,2.25,2.25,2.2300000190734863,2.25
2019-02-07,300,2.240000009536743,2.240000009536743,2.240000009536743,2.240000009536743,2.240000009536743
2019-02-06,2200,2.130000114440918,2.299999952316284,2.3299999237060547,2.130000114440918,2.299999952316284
2019-02-05,100,2.119999885559082,2.119999885559082,2.119999885559082,2.119999885559082,2.119999885559082
2019-02-04,300,2.1500000953674316,2.1500000953674316,2.1500000953674316,2.1500000953674316,2.1500000953674316
2019-02-01,1000,2.25,2.4700000286102295,2.4700000286102295,2.25,2.4700000286102295
2019-01-31,6800,2.2300000190734863,2.5,2.5,2.2300000190734863,2.5
2019-01-30,1800,2.140000104904175,2.25,2.25,2.140000104904175,2.25
2019-01-29,2600,2.1500000953674316,2.1600000858306885,2.240000009536743,2.1500000953674316,2.1600000858306885
2019-01-28,500,2.109999895095825,2.1500000953674316,2.1500000953674316,2.109999895095825,2.1500000953674316
2019-01-25,500,2.0899999141693115,2.0899999141693115,2.0899999141693115,2.0899999141693115,2.0899999141693115
2019-01-24,800,2.4000000953674316,2.0899999141693115,2.4000000953674316,2.069999933242798,2.0899999141693115
2019-01-23,0,2.069999933242798,2.069999933242798,2.069999933242798,2.069999933242798,2.069999933242798
2019-01-22,100,2.069999933242798,2.069999933242798,2.069999933242798,2.069999933242798,2.069999933242798
2019-01-18,400,2.069999933242798,2.069999933242798,2.069999933242798,2.069999933242798,2.069999933242798
2019-01-17,1000,2.069999933242798,2.069999933242798,2.069999933242798,2.069999933242798,2.069999933242798
2019-01-16,0,2.200000047683716,2.200000047683716,2.200000047683716,2.200000047683716,2.200000047683716
2019-01-15,600,2.1500000953674316,2.200000047683716,2.200000047683716,2.1500000953674316,2.200000047683716
2019-01-14,1200,2.130000114440918,2.130000114440918,2.130000114440918,2.130000114440918,2.130000114440918
2019-01-11,200,2.0799999237060547,2.0799999237060547,2.0799999237060547,2.0799999237060547,2.0799999237060547
2019-01-10,100,2.059999942779541,2.059999942779541,2.059999942779541,2.059999942779541,2.059999942779541
2019-01-09,100,2.059999942779541,2.059999942779541,2.059999942779541,2.059999942779541,2.059999942779541
2019-01-08,600,2.059999942779541,2.059999942779541,2.059999942779541,2.059999942779541,2.059999942779541
2019-01-07,800,2.5,2.5,2.5,2.5,2.5
2019-01-04,100,2.4200000762939453,2.4200000762939453,2.4200000762939453,2.4200000762939453,2.4200000762939453
2019-01-03,11200,2.3499999046325684,2.4200000762939453,2.4200000762939453,2.3499999046325684,2.4200000762939453
2019-01-02,1100,2.4000000953674316,2.3499999046325684,2.4000000953674316,2.3499999046325684,2.3499999046325684
2018-12-31,111200,1.940000057220459,2.5,2.559999942779541,1.899999976158142,2.5
2018-12-28,55900,2.2100000381469727,2.2799999713897705,2.450000047683716,1.899999976158142,2.2799999713897705
2018-12-27,71800,2.0799999237060547,2.009999990463257,2.190000057220459,1.7300000190734863,2.009999990463257
2018-12-26,51800,2.0399999618530273,2.0999999046325684,2.8499999046325684,1.8799999952316284,2.0999999046325684
2018-12-24,40900,2.2300000190734863,2.0399999618530273,2.2300000190734863,1.7999999523162842,2.0399999618530273
2018-12-21,38000,2.440000057220459,2.190000057220459,2.509999990463257,1.8200000524520874,2.190000057220459
2018-12-20,21100,2.9800000190734863,2.450000047683716,2.9800000190734863,1.649999976158142,2.450000047683716
2018-12-19,20100,3.140000104904175,2.8499999046325684,3.1500000953674316,2.509999990463257,2.8499999046325684
2018-12-18,5000,3.200000047683716,3.109999895095825,3.380000114440918,2.930000066757202,3.109999895095825
2018-12-17,9400,3.25,2.799999952316284,3.75,2.509999990463257,2.799999952316284
2018-12-14,14300,3.4100000858306885,3.25,3.549999952316284,2.930000066757202,3.25
2018-12-13,1700,3.5,3.549999952316284,3.549999952316284,3.5,3.549999952316284
2018-12-12,2400,3.549999952316284,3.640000104904175,3.9100000858306885,3.549999952316284,3.640000104904175
2018-12-11,2700,3.690000057220459,3.640000104904175,3.690000057220459,3.5,3.640000104904175
2018-12-10,0,4.099999904632568,4.099999904632568,4.099999904632568,4.099999904632568,4.099999904632568
2018-12-07,0,4.099999904632568,4.099999904632568,4.099999904632568,4.099999904632568,4.099999904632568
2018-12-06,0,4.099999904632568,4.099999904632568,4.099999904632568,4.099999904632568,4.099999904632568
2018-12-04,11700,3.619999885559082,4.099999904632568,4.5,3.619999885559082,4.099999904632568
2018-12-03,0,4.5,4.5,4.5,4.5,4.5
2018-11-30,22700,4.150000095367432,4.5,4.5,4.019999980926514,4.5
2018-11-29,11400,3.8499999046325684,4.039999961853027,4.050000190734863,3.809999942779541,4.039999961853027
2018-11-28,600,3.75,3.75,3.75,3.75,3.75
2018-11-27,800,3.4200000762939453,3.440000057220459,3.4600000381469727,3.4200000762939453,3.440000057220459
2018-11-26,7900,3.8299999237060547,3.75,3.8299999237060547,3.380000114440918,3.75
2018-11-23,1000,4.010000228881836,4.090000152587891,4.099999904632568,4.010000228881836,4.090000152587891
2018-11-21,0,3.7799999713897705,3.7799999713897705,3.7799999713897705,3.7799999713897705,3.7799999713897705
2018-11-20,1000,3.7799999713897705,3.7799999713897705,3.799999952316284,3.7799999713897705,3.7799999713897705
2018-11-19,20700,4.150000095367432,3.7799999713897705,4.150000095367432,3.630000114440918,3.7799999713897705
2018-11-16,0,4.369999885559082,4.369999885559082,4.369999885559082,4.369999885559082,4.369999885559082
2018-11-15,200,4.369999885559082,4.369999885559082,4.369999885559082,4.369999885559082,4.369999885559082
2018-11-14,10700,4.260000228881836,4.039999961853027,4.260000228881836,4.039999961853027,4.039999961853027
2018-11-13,45800,4.460000038146973,4.5,4.5,4.25,4.5
2018-11-12,9600,4.019999980926514,4.5,4.559999942779541,4.019999980926514,4.5
2018-11-09,700,4.300000190734863,4.019999980926514,4.300000190734863,4.019999980926514,4.019999980926514
2018-11-08,900,4.139999866485596,4.099999904632568,4.139999866485596,4.099999904632568,4.099999904632568
2018-11-07,200,4.480000019073486,4.480000019073486,4.480000019073486,4.480000019073486,4.480000019073486
2018-11-06,0,4.5,4.5,4.5,4.5,4.5
2018-11-05,1300,4.019999980926514,4.5,4.5,4.019999980926514,4.5
2018-11-02,600,4.190000057220459,4.5,4.5,4.190000057220459,4.5
2018-11-01,0,4.5,4.5,4.5,4.5,4.5
2018-10-31,10200,4.360000133514404,4.5,4.5,4.239999771118164,4.5
2018-10-30,7900,4.400000095367432,4.079999923706055,4.400000095367432,4.019999980926514,4.079999923706055
2018-10-29,1200,4.119999885559082,4.110000133514404,4.190000057220459,4.110000133514404,4.110000133514404
2018-10-26,7000,4.150000095367432,4.119999885559082,4.150000095367432,4.119999885559082,4.119999885559082
2018-10-25,0,4.110000133514404,4.110000133514404,4.110000133514404,4.110000133514404,4.110000133514404
2018-10-24,400,4.050000190734863,4.110000133514404,4.110000133514404,4.050000190734863,4.110000133514404
2018-10-23,3400,4.5,4.5,4.5,4.5,4.5
2018-10-22,127400,4.5,4.5,4.539999961853027,4.150000095367432,4.5
2018-10-19,200,4.550000190734863,4.550000190734863,4.550000190734863,4.550000190734863,4.550000190734863
2018-10-18,5500,4.820000171661377,4.610000133514404,4.820000171661377,4.039999961853027,4.610000133514404
2018-10-17,200,4.349999904632568,4.349999904632568,4.349999904632568,4.349999904632568,4.349999904632568
2018-10-16,300,4.21999979019165,4.21999979019165,4.21999979019165,4.21999979019165,4.21999979019165
2018-10-15,0,4.170000076293945,4.170000076293945,4.170000076293945,4.170000076293945,4.170000076293945
2018-10-12,4000,4.050000190734863,4.170000076293945,4.190000057220459,4.050000190734863,4.170000076293945
2018-10-11,0,4.480000019073486,4.480000019073486,4.480000019073486,4.480000019073486,4.480000019073486
2018-10-10,0,4.480000019073486,4.480000019073486,4.480000019073486,4.480000019073486,4.480000019073486
2018-10-09,200,4.480000019073486,4.480000019073486,4.480000019073486,4.480000019073486,4.480000019073486
2018-10-08,1500,4.440000057220459,4.980000019073486,4.980000019073486,4.050000190734863,4.980000019073486
2018-10-05,0,5.489999771118164,5.489999771118164,5.489999771118164,5.489999771118164,5.489999771118164
2018-10-04,200,5.489999771118164,5.489999771118164,5.489999771118164,5.489999771118164,5.489999771118164
2018-10-03,0,5.489999771118164,5.489999771118164,5.489999771118164,5.489999771118164,5.489999771118164
2018-10-02,0,5.489999771118164,5.489999771118164,5.489999771118164,5.489999771118164,5.489999771118164
2018-10-01,1000,5.489999771118164,5.489999771118164,5.489999771118164,5.489999771118164,5.489999771118164
2018-09-28,11100,5.03000020980835,5.5,5.5,5.03000020980835,5.5
2018-09-27,2500,4.659999847412109,4.389999866485596,4.659999847412109,4.389999866485596,4.389999866485596
2018-09-26,0,5.0,5.0,5.0,5.0,5.0
2018-09-25,0,5.0,5.0,5.0,5.0,5.0
2018-09-24,0,5.0,5.0,5.0,5.0,5.0
2018-09-21,4800,4.989999771118164,5.0,5.489999771118164,4.949999809265137,5.0
2018-09-20,0,4.75,4.75,4.75,4.75,4.75
2018-09-19,0,4.75,4.75,4.75,4.75,4.75
2018-09-18,2100,4.659999847412109,4.75,4.75,4.650000095367432,4.75
2018-09-17,1100,4.75,4.769999980926514,4.769999980926514,4.670000076293945,4.769999980926514
2018-09-14,0,5.090000152587891,5.090000152587891,5.090000152587891,5.090000152587891,5.090000152587891
2018-09-13,200,5.090000152587891,5.090000152587891,5.090000152587891,5.090000152587891,5.090000152587891
2018-09-12,1400,5.050000190734863,4.650000095367432,5.050000190734863,4.650000095367432,4.650000095367432
2018-09-11,4100,5.0,5.0,5.010000228881836,5.0,5.0
2018-09-10,400,4.739999771118164,4.739999771118164,4.739999771118164,4.739999771118164,4.739999771118164
2018-09-07,1000,4.659999847412109,4.650000095367432,4.659999847412109,4.650000095367432,4.650000095367432
2018-09-06,500,4.619999885559082,4.610000133514404,4.630000114440918,4.610000133514404,4.610000133514404
2018-09-05,500,4.800000190734863,4.800000190734863,4.800000190734863,4.800000190734863,4.800000190734863
2018-09-04,49000,5.25,5.190000057220459,5.25,5.190000057220459,5.190000057220459
2018-08-31,4700,5.25,5.150000095367432,5.28000020980835,5.150000095367432,5.150000095367432
2018-08-30,0,5.0,5.0,5.0,5.0,5.0
2018-08-29,300,4.769999980926514,5.0,5.0,4.769999980926514,5.0
2018-08-28,600,5.449999809265137,5.320000171661377,5.449999809265137,5.289999961853027,5.320000171661377
2018-08-27,4400,4.599999904632568,5.380000114440918,5.380000114440918,4.599999904632568,5.380000114440918
2018-08-24,1600,4.5,4.5,4.5,4.5,4.5
2018-08-23,0,5.0,5.0,5.0,5.0,5.0
2018-08-22,500,5.0,5.0,5.0,5.0,5.0
2018-08-21,3200,5.0,5.0,5.03000020980835,5.0,5.0
2018-08-20,0,4.960000038146973,4.960000038146973,4.960000038146973,4.960000038146973,4.960000038146973
2018-08-17,200,4.960000038146973,4.960000038146973,4.960000038146973,4.960000038146973,4.960000038146973
2018-08-16,100,5.0,5.0,5.0,5.0,5.0
2018-08-15,0,5.0,5.0,5.0,5.0,5.0
2018-08-14,400,4.920000076293945,5.0,5.0,4.920000076293945,5.0
2018-08-13,1000,4.840000152587891,4.800000190734863,4.840000152587891,4.800000190734863,4.800000190734863
2018-08-10,0,5.25,5.25,5.25,5.25,5.25
2018-08-09,0,5.25,5.25,5.25,5.25,5.25
2018-08-08,500,5.550000190734863,5.25,5.550000190734863,5.25,5.25
2018-08-07,0,5.75,5.75,5.75,5.75,5.75
2018-08-06,1900,5.510000228881836,5.75,5.75,5.510000228881836,5.75
2018-08-03,0,5.75,5.75,5.75,5.75,5.75
2018-08-02,100,5.75,5.75,5.75,5.75,5.75
2018-08-01,1700,5.849999904632568,5.75,5.849999904632568,5.5,5.75
2018-07-31,3900,5.550000190734863,6.230000019073486,6.230000019073486,5.5,6.230000019073486
2018-07-30,0,5.900000095367432,5.900000095367432,5.900000095367432,5.900000095367432,5.900000095367432
2018-07-27,100,5.900000095367432,5.900000095367432,5.900000095367432,5.900000095367432,5.900000095367432
2018-07-26,200,6.010000228881836,5.929999828338623,6.010000228881836,5.929999828338623,5.929999828338623
2018-07-25,1400,6.090000152587891,5.300000190734863,6.099999904632568,5.300000190734863,5.300000190734863
2018-07-24,900,6.239999771118164,6.289999961853027,6.289999961853027,6.239999771118164,6.289999961853027
2018-07-23,0,6.25,6.25,6.25,6.25,6.25
2018-07-20,1100,6.099999904632568,6.25,6.25,6.099999904632568,6.25
2018-07-19,0,6.179999828338623,6.179999828338623,6.179999828338623,6.179999828338623,6.179999828338623
2018-07-18,200,6.179999828338623,6.179999828338623,6.179999828338623,6.179999828338623,6.179999828338623
2018-07-17,500,6.179999828338623,6.179999828338623,6.179999828338623,6.179999828338623,6.179999828338623
2018-07-16,0,6.079999923706055,6.079999923706055,6.079999923706055,6.079999923706055,6.079999923706055
2018-07-13,0,6.079999923706055,6.079999923706055,6.079999923706055,6.079999923706055,6.079999923706055
2018-07-12,400,6.079999923706055,6.079999923706055,6.079999923706055,6.079999923706055,6.079999923706055
2018-07-11,0,6.53000020980835,6.53000020980835,6.53000020980835,6.53000020980835,6.53000020980835
2018-07-10,1100,6.550000190734863,6.53000020980835,6.559999942779541,6.510000228881836,6.53000020980835
2018-07-09,1000,5.800000190734863,5.800000190734863,5.800000190734863,5.800000190734863,5.800000190734863
2018-07-06,400,6.070000171661377,6.28000020980835,6.28000020980835,6.070000171661377,6.28000020980835
2018-07-05,100,6.099999904632568,6.099999904632568,6.099999904632568,6.099999904632568,6.099999904632568
2018-07-03,0,6.090000152587891,6.090000152587891,6.090000152587891,6.090000152587891,6.090000152587891
2018-07-02,0,6.090000152587891,6.090000152587891,6.090000152587891,6.090000152587891,6.090000152587891
2018-06-29,0,6.090000152587891,6.090000152587891,6.090000152587891,6.090000152587891,6.090000152587891
2018-06-28,12300,6.480000019073486,6.090000152587891,6.5,6.079999923706055,6.090000152587891
2018-06-27,1500,6.119999885559082,6.099999904632568,6.139999866485596,6.0,6.099999904632568
2018-06-26,0,6.099999904632568,6.099999904632568,6.099999904632568,6.099999904632568,6.099999904632568
2018-06-25,100,6.099999904632568,6.099999904632568,6.099999904632568,6.099999904632568,6.099999904632568
2018-06-22,500,6.449999809265137,6.449999809265137,6.449999809265137,6.449999809265137,6.449999809265137
2018-06-21,200,6.449999809265137,6.449999809265137,6.449999809265137,6.449999809265137,6.449999809265137
2018-06-20,0,6.53000020980835,6.53000020980835,6.53000020980835,6.53000020980835,6.53000020980835
2018-06-19,6600,6.5,6.53000020980835,6.53000020980835,6.5,6.53000020980835
2018-06-18,9600,6.5,6.53000020980835,6.53000020980835,6.5,6.53000020980835
2018-06-15,1800,6.099999904632568,6.5,6.53000020980835,6.099999904632568,6.5
2018-06-14,8900,6.619999885559082,6.5,6.619999885559082,6.5,6.5
2018-06-13,15300,6.5,6.5,6.53000020980835,6.5,6.5
2018-06-12,7800,6.5,6.5,6.5,6.5,6.5
2018-06-11,300,6.510000228881836,6.510000228881836,6.510000228881836,6.510000228881836,6.510000228881836
2018-06-08,2700,6.650000095367432,6.519999980926514,6.679999828338623,6.5,6.519999980926514
2018-06-07,12800,6.5,6.510000228881836,7.0,6.5,6.510000228881836
2018-06-06,0,6.739999771118164,6.739999771118164,6.739999771118164,6.739999771118164,6.739999771118164
2018-06-05,200,6.71999979019165,6.739999771118164,6.739999771118164,6.71999979019165,6.739999771118164
2018-06-04,1500,6.590000152587891,6.550000190734863,6.599999904632568,6.5,6.550000190734863
2018-06-01,0,6.559999942779541,6.559999942779541,6.559999942779541,6.559999942779541,6.559999942779541
2018-05-31,3600,6.5,6.559999942779541,6.559999942779541,6.5,6.559999942779541
2018-05-30,8800,6.610000133514404,6.5,6.699999809265137,6.5,6.5
2018-05-29,9600,6.510000228881836,6.5,6.519999980926514,6.5,6.5
2018-05-25,5100,6.510000228881836,6.5,6.590000152587891,6.5,6.5
2018-05-24,8900,6.5,6.5,6.5,6.389999866485596,6.5
2018-05-23,11300,6.559999942779541,6.360000133514404,6.75,6.360000133514404,6.360000133514404
2018-05-22,25700,6.25,6.349999904632568,6.610000133514404,6.25,6.349999904632568
2018-05-21,4700,6.119999885559082,6.260000228881836,6.260000228881836,6.0,6.260000228881836
2018-05-18,500,6.150000095367432,6.300000190734863,6.300000190734863,6.150000095367432,6.300000190734863
2018-05-17,1800,6.260000228881836,6.25,6.269999980926514,6.25,6.25
2018-05-16,0,6.5,6.5,6.5,6.5,6.5
2018-05-15,2800,6.670000076293945,6.5,6.670000076293945,6.5,6.5
2018-05-14,800,6.510000228881836,6.590000152587891,6.590000152587891,6.5,6.590000152587891
2018-05-11,1000,6.539999961853027,6.539999961853027,6.539999961853027,6.539999961853027,6.539999961853027
2018-05-10,700,6.5,6.53000020980835,6.599999904632568,6.5,6.53000020980835
2018-05-09,1400,6.5,6.519999980926514,6.519999980926514,6.5,6.519999980926514
2018-05-08,2200,6.739999771118164,6.849999904632568,6.849999904632568,6.619999885559082,6.849999904632568
2018-05-07,1700,6.820000171661377,6.840000152587891,6.840000152587891,6.710000038146973,6.840000152587891
2018-05-04,300,6.789999961853027,6.789999961853027,6.789999961853027,6.789999961853027,6.789999961853027
2018-05-03,1200,6.78000020980835,6.71999979019165,6.78000020980835,6.71999979019165,6.71999979019165
2018-05-02,24000,7.0,6.840000152587891,7.0,6.539999961853027,6.840000152587891
2018-05-01,0,7.0,7.0,7.0,7.0,7.0
2018-04-30,0,7.0,7.0,7.0,7.0,7.0
2018-04-27,1700,7.019999980926514,7.0,7.019999980926514,7.0,7.0
2018-04-26,31300,6.929999828338623,7.0,7.0,6.929999828338623,7.0
2018-04-25,400,6.820000171661377,6.929999828338623,6.929999828338623,6.820000171661377,6.929999828338623
2018-04-24,5000,6.800000190734863,6.769999980926514,7.0,6.769999980926514,6.769999980926514
2018-04-23,1000,6.849999904632568,6.849999904632568,6.849999904632568,6.849999904632568,6.849999904632568
2018-04-20,700,6.909999847412109,6.909999847412109,6.909999847412109,6.909999847412109,6.909999847412109
2018-04-19,50000,7.0,7.0,7.0,7.0,7.0
2018-04-18,300,7.0,7.0,7.0,7.0,7.0
2018-04-17,8500,7.070000171661377,7.010000228881836,7.070000171661377,7.0,7.010000228881836
2018-04-16,2000,7.010000228881836,7.150000095367432,7.150000095367432,7.0,7.150000095367432
2018-04-13,29600,7.170000076293945,7.0,7.170000076293945,7.0,7.0
2018-04-12,2200,7.059999942779541,7.0,7.059999942779541,7.0,7.0
2018-04-11,11500,7.0,7.010000228881836,7.059999942779541,7.0,7.010000228881836
2018-04-10,0,7.010000228881836,7.010000228881836,7.010000228881836,7.010000228881836,7.010000228881836
2018-04-09,600,7.079999923706055,7.010000228881836,7.260000228881836,7.010000228881836,7.010000228881836
2018-04-06,0,7.010000228881836,7.010000228881836,7.010000228881836,7.010000228881836,7.010000228881836
2018-04-05,700,7.090000152587891,7.010000228881836,7.090000152587891,7.010000228881836,7.010000228881836
2018-04-04,2900,7.150000095367432,7.0,7.150000095367432,7.0,7.0
2018-04-03,11900,7.0,7.0,7.099999904632568,6.949999809265137,7.0
2018-04-02,1200,7.059999942779541,7.150000095367432,7.150000095367432,7.0,7.150000095367432
2018-03-29,1200,7.0,7.110000133514404,7.110000133514404,7.0,7.110000133514404
2018-03-28,2500,7.090000152587891,7.059999942779541,7.300000190734863,7.010000228881836,7.059999942779541
2018-03-27,600,7.070000171661377,7.019999980926514,7.070000171661377,7.019999980926514,7.019999980926514
2018-03-26,3600,7.0,7.010000228881836,7.059999942779541,7.0,7.010000228881836
2018-03-23,21600,7.039999961853027,6.900000095367432,7.110000133514404,6.900000095367432,6.900000095367432
2018-03-22,22000,7.289999961853027,7.0,7.420000076293945,7.0,7.0
2018-03-21,18600,7.199999809265137,7.230000019073486,7.5,7.199999809265137,7.230000019073486
2018-03-20,21200,7.260000228881836,7.239999771118164,7.650000095367432,7.199999809265137,7.239999771118164
2018-03-19,1100,7.199999809265137,7.199999809265137,7.210000038146973,7.199999809265137,7.199999809265137
2018-03-16,13200,7.159999847412109,7.210000038146973,7.360000133514404,7.159999847412109,7.210000038146973
2018-03-15,2000,7.110000133514404,7.110000133514404,7.119999885559082,7.110000133514404,7.110000133514404
2018-03-14,3700,7.230000019073486,7.110000133514404,7.230000019073486,7.059999942779541,7.110000133514404
2018-03-13,2500,7.050000190734863,7.420000076293945,7.420000076293945,7.050000190734863,7.420000076293945
2018-03-12,4100,7.050000190734863,7.010000228881836,7.050000190734863,7.0,7.010000228881836
2018-03-09,6600,7.150000095367432,6.96999979019165,7.150000095367432,6.849999904632568,6.96999979019165
2018-03-08,77600,7.329999923706055,7.019999980926514,7.360000133514404,7.0,7.019999980926514
2018-03-07,4400,7.960000038146973,7.610000133514404,8.010000228881836,7.610000133514404,7.610000133514404
2018-03-06,7600,7.940000057220459,7.989999771118164,8.0,7.929999828338623,7.989999771118164
2018-03-05,10900,7.360000133514404,7.5,7.590000152587891,7.260000228881836,7.5
2018-03-02,100,7.489999771118164,7.489999771118164,7.489999771118164,7.489999771118164,7.489999771118164
2018-03-01,200,7.309999942779541,7.309999942779541,7.309999942779541,7.309999942779541,7.309999942779541
2018-02-28,5600,7.099999904632568,7.349999904632568,7.400000095367432,7.070000171661377,7.349999904632568
2018-02-27,200,7.150000095367432,7.150000095367432,7.150000095367432,7.150000095367432,7.150000095367432
2018-02-26,1900,7.099999904632568,7.099999904632568,7.099999904632568,7.099999904632568,7.099999904632568
2018-02-23,400,7.130000114440918,7.25,7.25,7.130000114440918,7.25
2018-02-22,2200,7.010000228881836,7.019999980926514,7.039999961853027,7.010000228881836,7.019999980926514
2018-02-21,400,7.260000228881836,7.260000228881836,7.260000228881836,7.260000228881836,7.260000228881836
2018-02-20,3400,7.25,6.860000133514404,7.340000152587891,6.860000133514404,6.860000133514404
2018-02-16,3200,7.099999904632568,7.170000076293945,7.170000076293945,7.099999904632568,7.170000076293945
2018-02-15,100000,7.050000190734863,7.050000190734863,7.050000190734863,7.050000190734863,7.050000190734863
2018-02-14,1000,7.110000133514404,7.110000133514404,7.110000133514404,7.110000133514404,7.110000133514404
2018-02-13,0,7.199999809265137,7.199999809265137,7.199999809265137,7.199999809265137,7.199999809265137
2018-02-12,10600,7.170000076293945,7.199999809265137,7.199999809265137,7.050000190734863,7.199999809265137
2018-02-09,1300,7.099999904632568,7.03000020980835,7.099999904632568,6.980000019073486,7.03000020980835
2018-02-08,3600,7.28000020980835,7.059999942779541,7.28000020980835,7.019999980926514,7.059999942779541
2018-02-07,0,7.5,7.5,7.5,7.5,7.5
2018-02-06,0,7.5,7.5,7.5,7.5,7.5
2018-02-05,4800,7.5,7.5,7.5,7.5,7.5
2018-02-02,2400,7.599999904632568,7.849999904632568,7.849999904632568,7.550000190734863,7.849999904632568
2018-02-01,1400,7.960000038146973,7.559999942779541,7.960000038146973,7.559999942779541,7.559999942779541
2018-01-31,10500,7.75,7.900000095367432,7.900000095367432,7.510000228881836,7.900000095367432
2018-01-30,1400,7.440000057220459,7.46999979019165,7.5,7.440000057220459,7.46999979019165
2018-01-29,0,7.690000057220459,7.690000057220459,7.690000057220459,7.690000057220459,7.690000057220459
2018-01-26,6100,7.0,7.690000057220459,7.840000152587891,6.989999771118164,7.690000057220459
2018-01-25,700,6.960000038146973,7.0,7.0,6.900000095367432,7.0
2018-01-24,1400,7.099999904632568,7.099999904632568,7.099999904632568,7.0,7.099999904632568
2018-01-23,9100,7.139999866485596,7.099999904632568,7.139999866485596,7.0,7.099999904632568
2018-01-22,0,7.199999809265137,7.199999809265137,7.199999809265137,7.199999809265137,7.199999809265137
2018-01-19,0,7.199999809265137,7.199999809265137,7.199999809265137,7.199999809265137,7.199999809265137
2018-01-18,800,7.5,7.199999809265137,7.5,7.130000114440918,7.199999809265137
2018-01-17,2300,7.599999904632568,7.800000190734863,7.800000190734863,7.599999904632568,7.800000190734863
2018-01-16,74900,7.699999809265137,7.699999809265137,7.739999771118164,7.5,7.699999809265137
2018-01-12,3400,7.789999961853027,7.75,7.869999885559082,7.739999771118164,7.75
2018-01-11,4900,8.0,7.349999904632568,8.020000457763672,7.349999904632568,7.349999904632568
2018-01-10,0,7.239999771118164,7.239999771118164,7.239999771118164,7.239999771118164,7.239999771118164
2018-01-09,1900,7.119999885559082,7.239999771118164,7.239999771118164,7.119999885559082,7.239999771118164
2018-01-08,2600,7.739999771118164,7.75,7.75,7.739999771118164,7.75
2018-01-05,2700,8.430000305175781,7.75,8.470000267028809,7.699999809265137,7.75
2018-01-04,0,7.75,7.75,7.75,7.75,7.75
2018-01-03,500,7.849999904632568,7.75,7.849999904632568,7.75,7.75
2018-01-02,8500,7.659999847412109,7.849999904632568,8.100000381469727,7.559999942779541,7.849999904632568
2017-12-29,14200,7.050000190734863,7.5,7.710000038146973,7.050000190734863,7.5
2017-12-28,2800,6.940000057220459,7.0,7.119999885559082,6.940000057220459,7.0
2017-12-27,9100,6.849999904632568,6.849999904632568,7.03000020980835,6.849999904632568,6.849999904632568
2017-12-26,2200,6.880000114440918,6.860000133514404,7.0,6.860000133514404,6.860000133514404
2017-12-22,700,6.980000019073486,7.0,7.0,6.980000019073486,7.0
2017-12-21,10900,6.650000095367432,7.230000019073486,7.230000019073486,6.650000095367432,7.230000019073486
2017-12-20,300,6.599999904632568,6.599999904632568,6.599999904632568,6.599999904632568,6.599999904632568
2017-12-19,800,7.159999847412109,7.010000228881836,7.159999847412109,6.829999923706055,7.010000228881836
2017-12-18,16100,7.179999828338623,7.28000020980835,7.28000020980835,6.460000038146973,7.28000020980835
2017-12-15,20400,7.0,7.0,7.0,7.0,7.0
2017-12-14,2200,7.0,7.0,7.0,7.0,7.0
2017-12-13,9800,7.0,7.0,7.010000228881836,7.0,7.0
2017-12-12,1300,7.0,7.0,7.039999961853027,7.0,7.0
2017-12-11,7700,7.019999980926514,7.0,7.130000114440918,7.0,7.0
2017-12-08,3100,7.0,7.0,7.039999961853027,7.0,7.0
2017-12-07,20800,7.059999942779541,7.0,7.079999923706055,7.0,7.0
2017-12-06,5400,6.659999847412109,7.0,7.019999980926514,6.659999847412109,7.0
2017-12-05,2200,7.019999980926514,7.0,7.070000171661377,7.0,7.0
2017-12-04,0,7.0,7.0,7.0,7.0,7.0
2017-12-01,400,7.019999980926514,7.0,7.019999980926514,7.0,7.0
2017-11-30,2500,7.070000171661377,7.070000171661377,7.070000171661377,6.849999904632568,7.070000171661377
2017-11-29,1000,7.050000190734863,7.050000190734863,7.050000190734863,7.050000190734863,7.050000190734863
2017-11-28,2500,6.789999961853027,7.050000190734863,7.239999771118164,6.789999961853027,7.050000190734863
2017-11-27,6800,7.360000133514404,7.130000114440918,7.610000133514404,7.079999923706055,7.130000114440918
2017-11-24,100,7.059999942779541,7.059999942779541,7.059999942779541,7.059999942779541,7.059999942779541
2017-11-22,1900,7.039999961853027,7.090000152587891,7.090000152587891,7.019999980926514,7.090000152587891
2017-11-21,1400,7.099999904632568,7.099999904632568,7.099999904632568,7.099999904632568,7.099999904632568
2017-11-20,100,7.010000228881836,7.010000228881836,7.010000228881836,7.010000228881836,7.010000228881836
2017-11-17,50200,7.039999961853027,7.0,7.039999961853027,7.0,7.0
2017-11-16,2600,7.010000228881836,7.039999961853027,7.050000190734863,7.010000228881836,7.039999961853027
2017-11-15,8100,7.0,7.0,7.0,7.0,7.0
2017-11-14,9300,6.929999828338623,7.050000190734863,7.050000190734863,6.789999961853027,7.050000190734863
2017-11-13,1300,6.960000038146973,7.0,7.0,6.960000038146973,7.0
2017-11-10,30500,7.0,7.0,7.0,7.0,7.0
2017-11-09,3300,7.0,7.0,7.050000190734863,7.0,7.0
2017-11-08,1000,7.110000133514404,7.0,7.110000133514404,7.0,7.0
2017-11-07,100,7.090000152587891,7.090000152587891,7.090000152587891,7.090000152587891,7.090000152587891
2017-11-06,300,7.070000171661377,7.070000171661377,7.070000171661377,7.070000171661377,7.070000171661377
2017-11-03,5900,6.769999980926514,7.099999904632568,7.099999904632568,6.75,7.099999904632568
2017-11-02,2100,7.019999980926514,7.050000190734863,7.050000190734863,7.0,7.050000190734863
2017-11-01,200,7.199999809265137,7.019999980926514,7.199999809265137,7.019999980926514,7.019999980926514
2017-10-31,41100,7.010000228881836,7.179999828338623,7.190000057220459,6.909999847412109,7.179999828338623
2017-10-30,500,7.03000020980835,7.03000020980835,7.03000020980835,7.03000020980835,7.03000020980835
2017-10-27,2400,7.0,7.0,7.0,7.0,7.0
2017-10-26,3100,7.0,7.0,7.019999980926514,7.0,7.0
2017-10-25,2300,7.0,7.010000228881836,7.059999942779541,7.0,7.010000228881836
2017-10-24,2000,7.03000020980835,7.0,7.03000020980835,7.0,7.0
2017-10-23,6300,7.0,7.0,7.090000152587891,7.0,7.0
2017-10-20,2000,7.019999980926514,7.010000228881836,7.03000020980835,7.0,7.010000228881836
2017-10-19,4300,7.0,7.0,7.340000152587891,7.0,7.0
2017-10-18,1500,7.0,7.0,7.0,7.0,7.0
2017-10-17,600,7.010000228881836,7.0,7.010000228881836,7.0,7.0
2017-10-16,4600,7.090000152587891,7.010000228881836,7.090000152587891,7.0,7.010000228881836
2017-10-13,6400,7.039999961853027,7.010000228881836,7.039999961853027,7.0,7.010000228881836
2017-10-12,1400,7.010000228881836,7.070000171661377,7.070000171661377,6.849999904632568,7.070000171661377
2017-10-11,16100,6.699999809265137,7.010000228881836,7.099999904632568,6.659999847412109,7.010000228881836
2017-10-10,1900,6.519999980926514,6.53000020980835,6.53000020980835,6.519999980926514,6.53000020980835
2017-10-09,400,6.5,6.510000228881836,6.510000228881836,6.5,6.510000228881836
2017-10-06,4100,6.699999809265137,6.599999904632568,6.820000171661377,6.550000190734863,6.599999904632568
2017-10-05,8000,6.730000019073486,6.75,7.0,6.71999979019165,6.75
2017-10-04,0,6.400000095367432,6.400000095367432,6.400000095367432,6.400000095367432,6.400000095367432
2017-10-03,5500,6.360000133514404,6.400000095367432,6.400000095367432,6.289999961853027,6.400000095367432
2017-10-02,6600,6.159999847412109,6.21999979019165,6.610000133514404,6.159999847412109,6.21999979019165
2017-09-29,25800,6.210000038146973,6.059999942779541,6.21999979019165,6.0,6.059999942779541
2017-09-28,0,6.179999828338623,6.179999828338623,6.179999828338623,6.179999828338623,6.179999828338623
2017-09-27,8400,6.239999771118164,6.179999828338623,6.5,6.090000152587891,6.179999828338623
2017-09-26,7100,6.119999885559082,6.21999979019165,6.25,6.079999923706055,6.21999979019165
2017-09-25,200,6.099999904632568,6.099999904632568,6.099999904632568,6.099999904632568,6.099999904632568
2017-09-22,8100,6.389999866485596,6.309999942779541,6.400000095367432,6.25,6.309999942779541
2017-09-21,2000,6.070000171661377,6.119999885559082,6.230000019073486,6.070000171661377,6.119999885559082
2017-09-20,600,6.03000020980835,6.139999866485596,6.139999866485596,6.03000020980835,6.139999866485596
2017-09-19,29100,6.079999923706055,6.010000228881836,6.079999923706055,6.0,6.010000228881836
2017-09-18,2800,6.079999923706055,6.050000190734863,6.190000057220459,6.050000190734863,6.050000190734863
2017-09-15,1000,6.079999923706055,6.099999904632568,6.099999904632568,6.070000171661377,6.099999904632568
2017-09-14,300,6.25,6.25,6.25,6.25,6.25
2017-09-13,0,6.25,6.25,6.25,6.25,6.25
2017-09-12,300,6.079999923706055,6.25,6.25,6.079999923706055,6.25
2017-09-11,2300,6.070000171661377,6.0,6.099999904632568,5.940000057220459,6.0
2017-09-08,700,5.989999771118164,6.050000190734863,6.050000190734863,5.989999771118164,6.050000190734863
2017-09-07,32300,6.050000190734863,6.0,6.110000133514404,5.989999771118164,6.0
2017-09-06,6400,5.920000076293945,6.389999866485596,6.389999866485596,5.880000114440918,6.389999866485596
2017-09-05,10200,6.170000076293945,5.75,6.25,5.5,5.75
2017-09-01,0,6.369999885559082,6.369999885559082,6.369999885559082,6.369999885559082,6.369999885559082
2017-08-31,3400,6.360000133514404,6.369999885559082,6.449999809265137,6.349999904632568,6.369999885559082
2017-08-30,7500,6.349999904632568,6.369999885559082,6.369999885559082,6.260000228881836,6.369999885559082
2017-08-29,300,6.210000038146973,6.349999904632568,6.349999904632568,6.210000038146973,6.349999904632568
2017-08-28,1400,6.28000020980835,6.199999809265137,6.289999961853027,6.199999809265137,6.199999809265137
2017-08-25,500,6.440000057220459,6.550000190734863,6.550000190734863,6.440000057220459,6.550000190734863
2017-08-24,1600,6.449999809265137,6.420000076293945,6.449999809265137,6.340000152587891,6.420000076293945
2017-08-23,11900,6.460000038146973,6.5,6.5,6.400000095367432,6.5
2017-08-22,2800,6.230000019073486,6.5,6.539999961853027,6.21999979019165,6.5
2017-08-21,1800,6.21999979019165,6.210000038146973,6.380000114440918,6.210000038146973,6.210000038146973
2017-08-18,3000,6.340000152587891,6.360000133514404,6.449999809265137,6.289999961853027,6.360000133514404
2017-08-17,1800,6.269999980926514,6.409999847412109,6.409999847412109,6.150000095367432,6.409999847412109
2017-08-16,11400,6.409999847412109,6.5,6.5,6.260000228881836,6.5
2017-08-15,8500,6.519999980926514,6.400000095367432,6.519999980926514,6.400000095367432,6.400000095367432
2017-08-14,1600,6.5,6.849999904632568,6.849999904632568,6.449999809265137,6.849999904632568
2017-08-11,1400,6.550000190734863,6.53000020980835,6.550000190734863,6.420000076293945,6.53000020980835
2017-08-10,0,6.400000095367432,6.400000095367432,6.400000095367432,6.400000095367432,6.400000095367432
2017-08-09,7200,6.760000228881836,6.400000095367432,6.849999904632568,6.400000095367432,6.400000095367432
2017-08-08,9900,6.71999979019165,6.75,6.869999885559082,6.71999979019165,6.75
2017-08-07,11000,7.0,6.940000057220459,7.03000020980835,6.650000095367432,6.940000057220459
2017-08-04,4300,7.019999980926514,7.039999961853027,7.039999961853027,6.760000228881836,7.039999961853027
2017-08-03,9400,6.739999771118164,6.849999904632568,7.090000152587891,6.739999771118164,6.849999904632568
2017-08-02,1600,7.0,6.900000095367432,7.0,6.849999904632568,6.900000095367432
2017-08-01,1800,6.829999923706055,7.0,7.0,6.829999923706055,7.0
2017-07-31,4200,7.099999904632568,7.099999904632568,7.099999904632568,7.050000190734863,7.099999904632568
2017-07-28,17700,7.070000171661377,7.239999771118164,7.25,6.409999847412109,7.239999771118164
2017-07-27,2200,6.619999885559082,7.050000190734863,7.079999923706055,6.590000152587891,7.050000190734863
2017-07-26,1400,7.21999979019165,7.269999980926514,7.400000095367432,7.21999979019165,7.269999980926514
2017-07-25,15200,7.460000038146973,7.25,7.460000038146973,7.25,7.25
2017-07-24,3800,7.170000076293945,7.260000228881836,7.260000228881836,7.150000095367432,7.260000228881836
2017-07-21,5000,7.190000057220459,7.269999980926514,7.269999980926514,7.070000171661377,7.269999980926514
2017-07-20,10500,6.78000020980835,7.25,7.25,6.389999866485596,7.25
2017-07-19,600,7.050000190734863,7.079999923706055,7.079999923706055,7.050000190734863,7.079999923706055
2017-07-18,7000,7.25,7.159999847412109,7.25,7.099999904632568,7.159999847412109
2017-07-17,144000,7.260000228881836,7.25,7.260000228881836,7.0,7.25
2017-07-14,392500,6.949999809265137,7.25,7.409999847412109,6.949999809265137,7.25
2017-07-13,31500,6.900000095367432,7.25,7.340000152587891,6.900000095367432,7.25
2017-07-12,4300,7.420000076293945,7.46999979019165,7.46999979019165,7.019999980926514,7.46999979019165
2017-07-11,100,7.480000019073486,7.480000019073486,7.480000019073486,7.480000019073486,7.480000019073486
2017-07-10,2300,7.510000228881836,7.550000190734863,7.559999942779541,7.5,7.550000190734863
2017-07-07,14600,7.010000228881836,7.5,7.5,7.0,7.5
2017-07-06,3500,7.050000190734863,7.0,7.050000190734863,7.0,7.0
2017-07-05,2400,6.760000228881836,7.130000114440918,7.130000114440918,6.760000228881836,7.130000114440918
2017-07-03,4500,7.199999809265137,7.599999904632568,7.599999904632568,7.199999809265137,7.599999904632568
2017-06-30,1700,7.099999904632568,7.099999904632568,7.099999904632568,7.090000152587891,7.099999904632568
2017-06-29,12600,7.0,7.0,7.050000190734863,6.989999771118164,7.0
2017-06-28,91700,6.590000152587891,7.03000020980835,7.090000152587891,6.590000152587891,7.03000020980835
2017-06-27,6100,6.579999923706055,6.5,6.599999904632568,6.5,6.5
2017-06-26,9200,6.579999923706055,6.5,6.579999923706055,6.460000038146973,6.5
2017-06-23,5600,6.409999847412109,6.480000019073486,6.559999942779541,6.409999847412109,6.480000019073486
2017-06-22,1000,6.239999771118164,6.590000152587891,6.590000152587891,6.239999771118164,6.590000152587891
2017-06-21,3500,6.420000076293945,6.260000228881836,6.460000038146973,6.260000228881836,6.260000228881836
2017-06-20,2700,6.449999809265137,6.519999980926514,6.739999771118164,6.449999809265137,6.519999980926514
2017-06-19,4200,6.489999771118164,6.460000038146973,6.550000190734863,6.420000076293945,6.460000038146973
2017-06-16,3700,6.559999942779541,6.579999923706055,6.579999923706055,6.510000228881836,6.579999923706055
2017-06-15,1900,6.510000228881836,6.599999904632568,6.730000019073486,6.510000228881836,6.599999904632568
2017-06-14,8100,6.5,6.550000190734863,6.630000114440918,6.5,6.550000190734863
2017-06-13,2100,6.389999866485596,6.449999809265137,6.75,6.389999866485596,6.449999809265137
2017-06-12,2000,6.340000152587891,6.730000019073486,6.730000019073486,6.300000190734863,6.730000019073486
2017-06-09,3400,6.590000152587891,6.519999980926514,6.590000152587891,6.519999980926514,6.519999980926514
2017-06-08,200,6.670000076293945,6.670000076293945,6.670000076293945,6.670000076293945,6.670000076293945
2017-06-07,1000,6.730000019073486,6.75,6.75,6.730000019073486,6.75
2017-06-06,5200,6.340000152587891,6.309999942779541,6.619999885559082,6.300000190734863,6.309999942779541
2017-06-05,14100,6.139999866485596,6.449999809265137,6.599999904632568,6.139999866485596,6.449999809265137
2017-06-02,97800,7.019999980926514,6.679999828338623,7.019999980926514,6.590000152587891,6.679999828338623
2017-06-01,11000,7.0,7.039999961853027,7.079999923706055,7.0,7.039999961853027
2017-05-31,93900,7.010000228881836,7.0,7.199999809265137,6.900000095367432,7.0
2017-05-30,21400,7.03000020980835,7.0,7.03000020980835,7.0,7.0
2017-05-26,0,7.110000133514404,7.110000133514404,7.110000133514404,7.110000133514404,7.110000133514404
2017-05-25,1100,7.039999961853027,7.110000133514404,7.139999866485596,7.03000020980835,7.110000133514404
2017-05-24,2500,7.03000020980835,7.090000152587891,7.090000152587891,7.03000020980835,7.090000152587891
2017-05-23,1900,7.019999980926514,7.050000190734863,7.050000190734863,7.010000228881836,7.050000190734863
2017-05-22,0,7.039999961853027,7.039999961853027,7.039999961853027,7.039999961853027,7.039999961853027
2017-05-19,4000,7.039999961853027,7.039999961853027,7.039999961853027,7.0,7.039999961853027
2017-05-18,38800,7.0,7.03000020980835,7.050000190734863,6.940000057220459,7.03000020980835
2017-05-17,9400,7.0,7.0,7.139999866485596,7.0,7.0
2017-05-16,0,7.010000228881836,7.010000228881836,7.010000228881836,7.010000228881836,7.010000228881836
2017-05-15,5200,7.019999980926514,7.010000228881836,7.050000190734863,7.0,7.010000228881836
2017-05-12,12700,7.0,7.010000228881836,7.099999904632568,6.989999771118164,7.010000228881836
2017-05-11,13500,7.0,7.0,7.010000228881836,7.0,7.0
2017-05-10,4700,7.010000228881836,7.039999961853027,7.090000152587891,7.0,7.039999961853027
2017-05-09,4200,6.860000133514404,7.010000228881836,7.010000228881836,6.860000133514404,7.010000228881836
2017-05-08,5100,7.150000095367432,7.0,7.150000095367432,7.0,7.0
2017-05-05,800,7.070000171661377,7.139999866485596,7.139999866485596,7.070000171661377,7.139999866485596
2017-05-04,69000,7.019999980926514,7.0,7.019999980926514,7.0,7.0
2017-05-03,400,7.099999904632568,7.010000228881836,7.099999904632568,7.010000228881836,7.010000228881836
2017-05-02,5000,6.739999771118164,7.0,7.03000020980835,6.739999771118164,7.0
2017-05-01,2100,6.71999979019165,6.699999809265137,7.0,6.699999809265137,6.699999809265137
2017-04-28,0,7.150000095367432,7.150000095367432,7.150000095367432,7.150000095367432,7.150000095367432
2017-04-27,800,7.03000020980835,7.150000095367432,7.150000095367432,7.03000020980835,7.150000095367432
2017-04-26,56100,6.96999979019165,7.010000228881836,7.059999942779541,6.949999809265137,7.010000228881836
2017-04-25,1300,7.010000228881836,7.0,7.010000228881836,7.0,7.0
2017-04-24,5000,7.0,7.03000020980835,7.03000020980835,7.0,7.03000020980835
2017-04-21,5100,7.0,7.0,7.039999961853027,7.0,7.0
2017-04-20,300,7.010000228881836,7.0,7.010000228881836,7.0,7.0
2017-04-19,1900,6.929999828338623,7.0,7.019999980926514,6.929999828338623,7.0
2017-04-18,4400,6.900000095367432,7.010000228881836,7.010000228881836,6.900000095367432,7.010000228881836
2017-04-17,31700,6.760000228881836,7.0,7.019999980926514,6.599999904632568,7.0
2017-04-13,1900,6.340000152587891,6.710000038146973,6.800000190734863,6.28000020980835,6.710000038146973
2017-04-12,300,6.130000114440918,7.0,7.0,6.130000114440918,7.0
2017-04-11,0,7.03000020980835,7.03000020980835,7.03000020980835,7.03000020980835,7.03000020980835
2017-04-10,400,7.0,7.03000020980835,7.03000020980835,7.0,7.03000020980835
2017-04-07,3300,7.010000228881836,7.0,7.010000228881836,7.0,7.0
2017-04-06,1500,7.039999961853027,7.039999961853027,7.039999961853027,7.0,7.039999961853027
2017-04-05,4000,7.099999904632568,7.050000190734863,7.099999904632568,7.0,7.050000190734863
2017-04-04,200,7.019999980926514,7.019999980926514,7.019999980926514,7.019999980926514,7.019999980926514
2017-04-03,1200,7.099999904632568,7.079999923706055,7.099999904632568,7.010000228881836,7.079999923706055
2017-03-31,55700,7.099999904632568,7.0,7.110000133514404,7.0,7.0
2017-03-30,12300,7.050000190734863,7.010000228881836,7.099999904632568,7.0,7.010000228881836
2017-03-29,3200,7.199999809265137,7.199999809265137,7.199999809265137,7.059999942779541,7.199999809265137
2017-03-28,1100,7.199999809265137,7.150000095367432,7.199999809265137,7.090000152587891,7.150000095367432
2017-03-27,300,7.260000228881836,7.25,7.260000228881836,7.25,7.25
2017-03-24,0,7.150000095367432,7.150000095367432,7.150000095367432,7.150000095367432,7.150000095367432
2017-03-23,1000,6.989999771118164,7.150000095367432,7.150000095367432,6.989999771118164,7.150000095367432
2017-03-22,53700,7.0,7.079999923706055,7.21999979019165,7.0,7.079999923706055
2017-03-21,9600,7.150000095367432,7.019999980926514,7.199999809265137,6.920000076293945,7.019999980926514
2017-03-20,39900,6.929999828338623,7.010000228881836,7.099999904632568,6.739999771118164,7.010000228881836
2017-03-17,4600,7.019999980926514,6.550000190734863,7.199999809265137,6.550000190734863,6.550000190734863
2017-03-16,4800,7.070000171661377,7.179999828338623,7.389999866485596,7.03000020980835,7.179999828338623
2017-03-15,5500,7.010000228881836,7.159999847412109,7.25,6.949999809265137,7.159999847412109
2017-03-14,900,7.039999961853027,7.389999866485596,7.389999866485596,7.039999961853027,7.389999866485596
2017-03-13,1100,7.139999866485596,7.25,7.25,7.090000152587891,7.25
2017-03-10,7500,7.409999847412109,7.190000057220459,7.409999847412109,7.0,7.190000057220459
2017-03-09,1300,7.360000133514404,7.570000171661377,7.570000171661377,7.260000228881836,7.570000171661377
2017-03-08,2200,7.800000190734863,7.489999771118164,7.800000190734863,7.329999923706055,7.489999771118164
2017-03-07,5100,7.800000190734863,7.550000190734863,7.800000190734863,7.400000095367432,7.550000190734863
2017-03-06,41500,7.760000228881836,7.590000152587891,7.760000228881836,7.449999809265137,7.590000152587891
2017-03-03,10800,7.710000038146973,7.949999809265137,7.949999809265137,7.599999904632568,7.949999809265137
2017-03-02,6700,7.71999979019165,7.880000114440918,7.880000114440918,7.599999904632568,7.880000114440918
2017-03-01,4700,7.96999979019165,7.599999904632568,7.96999979019165,7.510000228881836,7.599999904632568
2017-02-28,100,7.739999771118164,7.739999771118164,7.739999771118164,7.739999771118164,7.739999771118164
2017-02-27,35100,7.400000095367432,7.820000171661377,7.820000171661377,7.210000038146973,7.820000171661377
2017-02-24,188900,7.849999904632568,7.579999923706055,7.849999904632568,7.5,7.579999923706055
2017-02-23,600,7.800000190734863,7.849999904632568,7.849999904632568,7.699999809265137,7.849999904632568
2017-02-22,35200,7.570000171661377,7.599999904632568,7.800000190734863,7.5,7.599999904632568
2017-02-21,21200,7.739999771118164,7.739999771118164,7.840000152587891,7.5,7.739999771118164
2017-02-17,3600,7.849999904632568,7.989999771118164,7.989999771118164,7.449999809265137,7.989999771118164
2017-02-16,0,7.75,7.75,7.75,7.75,7.75
2017-02-15,4700,7.769999980926514,7.75,7.78000020980835,7.75,7.75
2017-02-14,3700,7.690000057220459,7.960000038146973,7.960000038146973,7.690000057220459,7.960000038146973
2017-02-13,0,7.989999771118164,7.989999771118164,7.989999771118164,7.989999771118164,7.989999771118164
2017-02-10,2000,7.480000019073486,7.989999771118164,7.989999771118164,7.480000019073486,7.989999771118164
2017-02-09,900,7.880000114440918,7.889999866485596,7.889999866485596,7.800000190734863,7.889999866485596
2017-02-08,600,8.079999923706055,8.079999923706055,8.079999923706055,8.079999923706055,8.079999923706055
2017-02-07,3200,7.920000076293945,7.940000057220459,8.199999809265137,7.800000190734863,7.940000057220459
2017-02-06,3900,7.820000171661377,8.0,8.020000457763672,7.809999942779541,8.0
2017-02-03,400,8.0,8.0,8.0,8.0,8.0
2017-02-02,2700,7.989999771118164,8.0,8.0,7.699999809265137,8.0
2017-02-01,1700,8.199999809265137,8.069999694824219,8.199999809265137,8.0,8.069999694824219
2017-01-31,1100,8.210000038146973,8.210000038146973,8.210000038146973,8.210000038146973,8.210000038146973
2017-01-30,2400,8.350000381469727,8.350000381469727,8.350000381469727,8.350000381469727,8.350000381469727
2017-01-27,400,8.199999809265137,8.350000381469727,8.350000381469727,8.199999809265137,8.350000381469727
2017-01-26,300,8.359999656677246,8.359999656677246,8.359999656677246,8.359999656677246,8.359999656677246
2017-01-25,800,8.399999618530273,8.369999885559082,8.399999618530273,8.210000038146973,8.369999885559082
2017-01-24,15900,7.650000095367432,8.390000343322754,8.399999618530273,7.650000095367432,8.390000343322754
2017-01-23,2600,7.599999904632568,7.599999904632568,7.599999904632568,7.550000190734863,7.599999904632568
2017-01-20,1100,7.699999809265137,7.699999809265137,7.699999809265137,7.699999809265137,7.699999809265137
2017-01-19,13500,7.730000019073486,7.550000190734863,7.900000095367432,7.53000020980835,7.550000190734863
2017-01-18,93600,7.489999771118164,7.96999979019165,7.96999979019165,7.369999885559082,7.96999979019165
2017-01-17,15800,7.5,7.5,7.570000171661377,7.409999847412109,7.5
2017-01-13,44000,7.670000076293945,7.599999904632568,7.940000057220459,7.5,7.599999904632568
2017-01-12,9000,7.980000019073486,7.800000190734863,7.980000019073486,7.670000076293945,7.800000190734863
2017-01-11,5200,7.940000057220459,7.849999904632568,7.980000019073486,7.849999904632568,7.849999904632568
2017-01-10,3200,7.980000019073486,7.75,7.980000019073486,7.699999809265137,7.75
2017-01-09,9200,7.690000057220459,7.789999961853027,7.809999942779541,7.590000152587891,7.789999961853027
2017-01-06,1800,7.329999923706055,7.599999904632568,7.599999904632568,7.329999923706055,7.599999904632568
2017-01-05,1000,7.21999979019165,7.579999923706055,7.579999923706055,7.210000038146973,7.579999923706055
2017-01-04,26700,7.039999961853027,7.800000190734863,7.800000190734863,7.039999961853027,7.800000190734863
2017-01-03,3300,7.090000152587891,7.400000095367432,7.440000057220459,7.090000152587891,7.400000095367432
2016-12-30,17200,7.010000228881836,7.5,7.5,6.789999961853027,7.5
2016-12-29,2500,7.380000114440918,7.059999942779541,7.420000076293945,7.059999942779541,7.059999942779541
2016-12-28,2400,7.510000228881836,7.480000019073486,7.53000020980835,7.25,7.480000019073486
2016-12-27,3300,7.670000076293945,7.519999980926514,7.670000076293945,7.300000190734863,7.519999980926514
2016-12-23,10800,7.420000076293945,7.650000095367432,7.730000019073486,7.400000095367432,7.650000095367432
2016-12-22,119200,7.400000095367432,7.440000057220459,7.480000019073486,6.96999979019165,7.440000057220459
2016-12-21,15500,7.050000190734863,7.199999809265137,7.5,7.050000190734863,7.199999809265137
2016-12-20,47300,6.849999904632568,7.349999904632568,7.5,6.75,7.349999904632568
2016-12-19,102100,6.849999904632568,7.199999809265137,7.199999809265137,6.670000076293945,7.199999809265137
2016-12-16,8000,6.900000095367432,6.880000114440918,6.989999771118164,6.659999847412109,6.880000114440918
2016-12-15,7300,6.590000152587891,6.920000076293945,7.0,6.340000152587891,6.920000076293945
2016-12-14,5700,6.599999904632568,6.599999904632568,6.71999979019165,6.579999923706055,6.599999904632568
2016-12-13,22500,6.239999771118164,6.599999904632568,6.599999904632568,5.869999885559082,6.599999904632568
2016-12-12,4000,6.059999942779541,6.070000171661377,6.070000171661377,5.840000152587891,6.070000171661377
2016-12-09,37900,6.050000190734863,6.099999904632568,6.199999809265137,5.849999904632568,6.099999904632568
2016-12-08,19300,6.179999828338623,6.139999866485596,6.300000190734863,6.03000020980835,6.139999866485596
2016-12-07,10600,6.199999809265137,6.300000190734863,6.300000190734863,6.099999904632568,6.300000190734863
2016-12-06,22400,6.25,6.050000190734863,6.25,6.050000190734863,6.050000190734863
2016-12-05,21300,5.880000114440918,6.21999979019165,6.21999979019165,4.699999809265137,6.21999979019165
2016-12-02,16400,5.130000114440918,5.880000114440918,5.900000095367432,4.75,5.880000114440918
2016-12-01,6400,5.0,5.25,5.260000228881836,4.989999771118164,5.25
2016-11-30,51300,4.78000020980835,4.949999809265137,4.960000038146973,4.300000190734863,4.949999809265137
2016-11-29,1700,4.800000190734863,4.849999904632568,4.849999904632568,4.800000190734863,4.849999904632568
2016-11-28,600,4.800000190734863,4.800000190734863,4.800000190734863,4.769999980926514,4.800000190734863
2016-11-25,3200,4.699999809265137,4.800000190734863,4.800000190734863,4.679999828338623,4.800000190734863
2016-11-23,9300,4.599999904632568,4.699999809265137,4.699999809265137,4.400000095367432,4.699999809265137
2016-11-22,2300,4.510000228881836,4.599999904632568,4.599999904632568,4.510000228881836,4.599999904632568
2016-11-21,300,4.5,4.550000190734863,4.550000190734863,4.5,4.550000190734863
2016-11-18,1800,4.510000228881836,4.5,4.559999942779541,4.150000095367432,4.5
2016-11-17,1600,4.769999980926514,4.650000095367432,4.789999961853027,4.650000095367432,4.650000095367432
2016-11-16,0,4.789999961853027,4.789999961853027,4.789999961853027,4.789999961853027,4.789999961853027
2016-11-15,900,4.699999809265137,4.789999961853027,4.789999961853027,4.699999809265137,4.789999961853027
2016-11-14,1500,4.579999923706055,4.659999847412109,4.690000057220459,4.579999923706055,4.659999847412109
2016-11-11,300,4.53000020980835,4.53000020980835,4.53000020980835,4.53000020980835,4.53000020980835
2016-11-10,400,4.510000228881836,4.510000228881836,4.510000228881836,4.510000228881836,4.510000228881836
2016-11-09,4100,4.650000095367432,4.5,4.650000095367432,4.5,4.5
2016-11-08,1800,4.5,4.71999979019165,4.739999771118164,4.5,4.71999979019165
2016-11-07,10000,4.5,4.5,4.53000020980835,4.5,4.5
2016-11-04,1400,4.489999771118164,4.489999771118164,4.489999771118164,4.489999771118164,4.489999771118164
2016-11-03,6300,4.409999847412109,4.5,4.710000038146973,4.409999847412109,4.5
2016-11-02,41200,4.5,4.519999980926514,4.559999942779541,4.46999979019165,4.519999980926514
2016-11-01,8600,4.489999771118164,4.480000019073486,4.5,4.400000095367432,4.480000019073486
2016-10-31,2500,4.539999961853027,4.5,4.539999961853027,4.5,4.5
2016-10-28,0,4.599999904632568,4.599999904632568,4.599999904632568,4.599999904632568,4.599999904632568
2016-10-27,0,4.599999904632568,4.599999904632568,4.599999904632568,4.599999904632568,4.599999904632568
2016-10-26,0,4.599999904632568,4.599999904632568,4.599999904632568,4.599999904632568,4.599999904632568
2016-10-25,3600,4.5,4.599999904632568,4.599999904632568,4.5,4.599999904632568
2016-10-24,32100,4.349999904632568,4.489999771118164,4.489999771118164,4.269999980926514,4.489999771118164
2016-10-21,14300,4.300000190734863,4.480000019073486,4.5,4.289999961853027,4.480000019073486
2016-10-20,4700,4.329999923706055,4.25,4.349999904632568,4.210000038146973,4.25
2016-10-19,0,4.269999980926514,4.269999980926514,4.269999980926514,4.269999980926514,4.269999980926514
2016-10-18,900,4.25,4.269999980926514,4.269999980926514,4.25,4.269999980926514
2016-10-17,900,4.25,4.179999828338623,4.25,4.179999828338623,4.179999828338623
2016-10-14,100,4.210000038146973,4.210000038146973,4.210000038146973,4.210000038146973,4.210000038146973
2016-10-13,3300,4.159999847412109,4.170000076293945,4.190000057220459,4.159999847412109,4.170000076293945
2016-10-12,0,4.5,4.5,4.5,4.5,4.5
2016-10-11,0,4.5,4.5,4.5,4.5,4.5
2016-10-10,1400,4.5,4.5,4.510000228881836,4.5,4.5
2016-10-07,9500,4.25,4.300000190734863,4.510000228881836,3.799999952316284,4.300000190734863
2016-10-06,9600,4.5,4.400000095367432,4.5,4.400000095367432,4.400000095367432
2016-10-05,600,4.460000038146973,4.460000038146973,4.460000038146973,4.460000038146973,4.460000038146973
2016-10-04,4000,4.539999961853027,4.260000228881836,4.559999942779541,4.260000228881836,4.260000228881836
2016-10-03,2100,4.550000190734863,4.599999904632568,4.599999904632568,4.550000190734863,4.599999904632568
2016-09-30,6400,4.289999961853027,4.599999904632568,4.610000133514404,4.289999961853027,4.599999904632568
2016-09-29,0,4.179999828338623,4.179999828338623,4.179999828338623,4.179999828338623,4.179999828338623
2016-09-28,800,4.21999979019165,4.179999828338623,4.21999979019165,4.0,4.179999828338623
2016-09-27,100,4.199999809265137,4.199999809265137,4.199999809265137,4.199999809265137,4.199999809265137
2016-09-26,0,4.199999809265137,4.199999809265137,4.199999809265137,4.199999809265137,4.199999809265137
2016-09-23,1700,4.25,4.199999809265137,4.289999961853027,4.199999809265137,4.199999809265137
2016-09-22,5900,4.159999847412109,4.130000114440918,4.159999847412109,4.0,4.130000114440918
2016-09-21,0,4.179999828338623,4.179999828338623,4.179999828338623,4.179999828338623,4.179999828338623
2016-09-20,1100,4.179999828338623,4.179999828338623,4.179999828338623,4.179999828338623,4.179999828338623
2016-09-19,1100,3.890000104904175,4.0,4.110000133514404,3.890000104904175,4.0
2016-09-16,1100,3.9800000190734863,3.859999895095825,3.9800000190734863,3.859999895095825,3.859999895095825
2016-09-15,1700,3.930000066757202,4.059999942779541,4.059999942779541,3.930000066757202,4.059999942779541
2016-09-14,600,4.050000190734863,3.990000009536743,4.050000190734863,3.990000009536743,3.990000009536743
2016-09-13,13200,4.5,4.050000190734863,4.5,4.010000228881836,4.050000190734863
2016-09-12,500,4.610000133514404,4.599999904632568,4.610000133514404,4.329999923706055,4.599999904632568
2016-09-09,4600,4.53000020980835,4.71999979019165,4.71999979019165,4.25,4.71999979019165
2016-09-08,3300,4.639999866485596,4.800000190734863,4.920000076293945,4.619999885559082,4.800000190734863
2016-09-07,2100,4.650000095367432,4.849999904632568,4.849999904632568,4.650000095367432,4.849999904632568
2016-09-06,1400,4.409999847412109,4.449999809265137,4.659999847412109,4.409999847412109,4.449999809265137
2016-09-02,1600,4.409999847412109,4.400000095367432,4.409999847412109,4.300000190734863,4.400000095367432
2016-09-01,300,4.289999961853027,4.25,4.289999961853027,4.25,4.25
2016-08-31,2500,4.400000095367432,4.289999961853027,4.400000095367432,4.119999885559082,4.289999961853027
2016-08-30,6700,4.0,4.179999828338623,4.179999828338623,4.0,4.179999828338623
2016-08-29,5900,4.059999942779541,4.090000152587891,4.289999961853027,4.059999942779541,4.090000152587891
2016-08-26,2200,4.239999771118164,4.139999866485596,4.239999771118164,4.079999923706055,4.139999866485596
2016-08-25,7200,3.880000114440918,4.119999885559082,4.159999847412109,3.880000114440918,4.119999885559082
2016-08-24,11200,4.400000095367432,3.880000114440918,4.400000095367432,3.880000114440918,3.880000114440918
2016-08-23,8800,4.429999828338623,4.159999847412109,4.590000152587891,4.099999904632568,4.159999847412109
2016-08-22,15700,4.329999923706055,4.170000076293945,4.519999980926514,4.170000076293945,4.170000076293945
2016-08-19,800,4.440000057220459,4.429999828338623,4.440000057220459,4.429999828338623,4.429999828338623
2016-08-18,2400,4.320000171661377,4.570000171661377,4.570000171661377,4.300000190734863,4.570000171661377
2016-08-17,0,4.639999866485596,4.639999866485596,4.639999866485596,4.639999866485596,4.639999866485596
2016-08-16,2400,4.650000095367432,4.639999866485596,4.650000095367432,4.599999904632568,4.639999866485596
2016-08-15,4200,4.75,4.75,4.75,4.679999828338623,4.75
2016-08-12,1400,4.610000133514404,4.590000152587891,4.610000133514404,4.590000152587891,4.590000152587891
2016-08-11,400,4.510000228881836,4.510000228881836,4.510000228881836,4.510000228881836,4.510000228881836
2016-08-10,12800,4.670000076293945,4.5,4.670000076293945,4.5,4.5
2016-08-09,1100,4.610000133514404,4.519999980926514,4.610000133514404,4.519999980926514,4.519999980926514
2016-08-08,5600,4.630000114440918,4.670000076293945,4.710000038146973,4.5,4.670000076293945
2016-08-05,1600,4.869999885559082,4.789999961853027,4.889999866485596,4.789999961853027,4.789999961853027
2016-08-04,100,4.739999771118164,4.739999771118164,4.739999771118164,4.739999771118164,4.739999771118164
2016-08-03,700,4.940000057220459,4.71999979019165,4.940000057220459,4.71999979019165,4.71999979019165
2016-08-02,2700,4.650000095367432,4.599999904632568,4.670000076293945,4.599999904632568,4.599999904632568
2016-08-01,0,5.190000057220459,5.190000057220459,5.190000057220459,5.190000057220459,5.190000057220459
2016-07-29,1900,4.989999771118164,5.190000057220459,5.190000057220459,4.989999771118164,5.190000057220459
2016-07-28,3100,5.0,5.090000152587891,5.190000057220459,5.0,5.090000152587891
2016-07-27,3000,4.960000038146973,5.0,5.0,4.710000038146973,5.0
2016-07-26,1300,4.989999771118164,4.920000076293945,4.989999771118164,4.619999885559082,4.920000076293945
2016-07-25,6300,4.699999809265137,4.860000133514404,4.940000057220459,4.579999923706055,4.860000133514404
2016-07-22,400,4.599999904632568,4.889999866485596,4.889999866485596,4.599999904632568,4.889999866485596
2016-07-21,5300,4.840000152587891,4.659999847412109,4.840000152587891,4.659999847412109,4.659999847412109
2016-07-20,13400,4.980000019073486,4.650000095367432,4.980000019073486,4.650000095367432,4.650000095367432
2016-07-19,200,4.989999771118164,4.949999809265137,4.989999771118164,4.949999809265137,4.949999809265137
2016-07-18,3700,4.920000076293945,4.989999771118164,4.989999771118164,4.880000114440918,4.989999771118164
2016-07-15,2200,4.980000019073486,4.909999847412109,5.130000114440918,4.909999847412109,4.909999847412109
2016-07-14,5900,4.880000114440918,4.980000019073486,5.150000095367432,4.829999923706055,4.980000019073486
2016-07-13,300,5.039999961853027,5.139999866485596,5.139999866485596,5.039999961853027,5.139999866485596
2016-07-12,2900,5.039999961853027,4.929999828338623,5.199999809265137,4.929999828338623,4.929999828338623
2016-07-11,1800,5.099999904632568,5.090000152587891,5.099999904632568,5.039999961853027,5.090000152587891
2016-07-08,3900,4.619999885559082,5.139999866485596,5.139999866485596,4.619999885559082,5.139999866485596
2016-07-07,9300,4.929999828338623,4.559999942779541,4.980000019073486,4.550000190734863,4.559999942779541
2016-07-06,9000,4.940000057220459,4.880000114440918,4.949999809265137,4.849999904632568,4.880000114440918
2016-07-05,8900,4.980000019073486,4.949999809265137,5.170000076293945,4.820000171661377,4.949999809265137
2016-07-01,2500,5.190000057220459,5.110000133514404,5.199999809265137,5.059999942779541,5.110000133514404
2016-06-30,2300,4.960000038146973,5.139999866485596,5.139999866485596,4.960000038146973,5.139999866485596
2016-06-29,9700,5.019999980926514,4.960000038146973,5.090000152587891,4.909999847412109,4.960000038146973
2016-06-28,9000,5.210000038146973,5.0,5.25,4.769999980926514,5.0
2016-06-27,1100,4.75,4.71999979019165,4.75,4.71999979019165,4.71999979019165
2016-06-24,6700,4.699999809265137,4.760000228881836,4.920000076293945,4.659999847412109,4.760000228881836
2016-06-23,27600,4.840000152587891,5.099999904632568,5.559999942779541,4.599999904632568,5.099999904632568
2016-06-22,3600,4.269999980926514,4.650000095367432,4.699999809265137,4.269999980926514,4.650000095367432
2016-06-21,39500,4.550000190734863,4.269999980926514,4.550000190734863,4.0,4.269999980926514
2016-06-20,2500,4.599999904632568,4.510000228881836,4.769999980926514,4.5,4.510000228881836
2016-06-17,23900,4.559999942779541,4.630000114440918,4.699999809265137,4.429999828338623,4.630000114440918
2016-06-16,22900,4.599999904632568,4.5,4.599999904632568,4.28000020980835,4.5
2016-06-15,1500,4.800000190734863,4.570000171661377,4.800000190734863,4.550000190734863,4.570000171661377
2016-06-14,17600,4.460000038146973,4.519999980926514,4.849999904632568,4.449999809265137,4.519999980926514
2016-06-13,23600,4.5,4.349999904632568,4.5,4.179999828338623,4.349999904632568
2016-06-10,24500,4.659999847412109,4.25,4.75,4.25,4.25
2016-06-09,17400,5.119999885559082,4.710000038146973,5.230000019073486,4.659999847412109,4.710000038146973
2016-06-08,5800,5.199999809265137,5.190000057220459,5.300000190734863,5.0,5.190000057220459
2016-06-07,3500,4.960000038146973,5.190000057220459,5.389999866485596,4.849999904632568,5.190000057220459
2016-06-06,10300,4.889999866485596,5.070000171661377,5.099999904632568,4.880000114440918,5.070000171661377
2016-06-03,35900,4.650000095367432,4.980000019073486,5.559999942779541,4.650000095367432,4.980000019073486
2016-06-02,76200,5.019999980926514,4.659999847412109,5.230000019073486,4.210000038146973,4.659999847412109
2016-06-01,56500,5.989999771118164,5.869999885559082,6.309999942779541,5.050000190734863,5.869999885559082
2016-05-31,51000,4.460000038146973,5.989999771118164,6.0,4.460000038146973,5.989999771118164
2016-05-27,32700,4.03000020980835,4.429999828338623,4.489999771118164,4.0,4.429999828338623
2016-05-26,48000,4.579999923706055,4.28000020980835,4.880000114440918,4.139999866485596,4.28000020980835
2016-05-25,92400,3.259999990463257,4.369999885559082,4.579999923706055,3.190000057220459,4.369999885559082
2016-05-24,97300,2.7200000286102295,3.1700000762939453,3.190000057220459,2.680000066757202,3.1700000762939453
2016-05-23,24000,2.609999895095825,2.7100000381469727,2.7300000190734863,2.609999895095825,2.7100000381469727
2016-05-20,2200,2.609999895095825,2.6500000953674316,2.680000066757202,2.609999895095825,2.6500000953674316
2016-05-19,13900,2.630000114440918,2.6500000953674316,2.6500000953674316,2.4600000381469727,2.6500000953674316
2016-05-18,300,2.6500000953674316,2.680000066757202,2.680000066757202,2.6500000953674316,2.680000066757202
2016-05-17,4000,2.5899999141693115,2.5899999141693115,2.5999999046325684,2.559999942779541,2.5899999141693115
2016-05-16,0,2.609999895095825,2.609999895095825,2.609999895095825,2.609999895095825,2.609999895095825
2016-05-13,0,2.609999895095825,2.609999895095825,2.609999895095825,2.609999895095825,2.609999895095825
2016-05-12,11200,2.5999999046325684,2.609999895095825,2.630000114440918,2.5199999809265137,2.609999895095825
2016-05-11,7400,2.5,2.6600000858306885,2.7200000286102295,2.5,2.6600000858306885
2016-05-10,10400,2.6700000762939453,2.690000057220459,2.7200000286102295,2.6600000858306885,2.690000057220459
2016-05-09,1200,2.5799999237060547,2.700000047683716,2.700000047683716,2.569999933242798,2.700000047683716
2016-05-06,4500,2.5399999618530273,2.5899999141693115,2.680000066757202,2.5399999618530273,2.5899999141693115
2016-05-05,7000,2.4700000286102295,2.5899999141693115,2.6500000953674316,2.4100000858306885,2.5899999141693115
2016-05-04,2300,2.569999933242798,2.6600000858306885,2.6600000858306885,2.5299999713897705,2.6600000858306885
2016-05-03,2400,2.450000047683716,2.6500000953674316,2.6500000953674316,2.450000047683716,2.6500000953674316
2016-05-02,3500,2.630000114440918,2.6500000953674316,2.6500000953674316,2.5199999809265137,2.6500000953674316
2016-04-29,24500,2.5399999618530273,2.680000066757202,2.690000057220459,2.5299999713897705,2.680000066757202
2016-04-28,34200,2.6700000762939453,2.5999999046325684,2.740000009536743,2.569999933242798,2.5999999046325684
2016-04-27,32600,2.7799999713897705,2.7100000381469727,2.7799999713897705,2.630000114440918,2.7100000381469727
2016-04-26,41800,2.6700000762939453,2.700000047683716,2.7699999809265137,2.609999895095825,2.700000047683716
2016-04-25,60900,2.690000057220459,2.700000047683716,2.700000047683716,2.690000057220459,2.700000047683716
2016-04-22,28000,2.7100000381469727,2.680000066757202,2.7200000286102295,2.5799999237060547,2.680000066757202
2016-04-21,30100,2.809999942779541,2.6500000953674316,2.819999933242798,2.6500000953674316,2.6500000953674316
2016-04-20,33200,2.7200000286102295,2.680000066757202,2.7200000286102295,2.6500000953674316,2.680000066757202
2016-04-19,7300,2.549999952316284,2.6600000858306885,2.740000009536743,2.549999952316284,2.6600000858306885
2016-04-18,8500,2.7100000381469727,2.7100000381469727,2.740000009536743,2.549999952316284,2.7100000381469727
2016-04-15,2500,2.6600000858306885,2.6600000858306885,2.6600000858306885,2.640000104904175,2.6600000858306885
2016-04-14,9100,2.7100000381469727,2.6600000858306885,2.7100000381469727,2.509999990463257,2.6600000858306885
2016-04-13,21200,2.869999885559082,2.700000047683716,2.869999885559082,2.6600000858306885,2.700000047683716
2016-04-12,49300,2.4700000286102295,2.7799999713897705,2.9100000858306885,2.4700000286102295,2.7799999713897705
2016-04-11,118900,2.259999990463257,2.5399999618530273,2.5899999141693115,2.200000047683716,2.5399999618530273
2016-04-08,17000,2.5,2.200000047683716,2.5199999809265137,2.1700000762939453,2.200000047683716
2016-04-07,18000,2.200000047683716,2.1500000953674316,2.299999952316284,2.1500000953674316,2.1500000953674316
2016-04-06,32100,2.1500000953674316,2.1600000858306885,2.25,2.1500000953674316,2.1600000858306885
2016-04-05,7000,2.1500000953674316,2.1500000953674316,2.2300000190734863,2.1500000953674316,2.1500000953674316
2016-04-04,7800,2.0399999618530273,2.180000066757202,2.2899999618530273,2.0399999618530273,2.180000066757202
2016-04-01,33100,2.200000047683716,2.1700000762939453,2.5,2.1700000762939453,2.1700000762939453
2016-03-31,17100,2.25,2.25,2.390000104904175,2.1500000953674316,2.25
2016-03-30,23200,2.359999895095825,2.259999990463257,2.450000047683716,2.109999895095825,2.259999990463257
2016-03-29,7300,2.4000000953674316,2.259999990463257,2.5799999237060547,2.259999990463257,2.259999990463257
2016-03-28,10000,2.200000047683716,2.2799999713897705,2.4000000953674316,2.190000057220459,2.2799999713897705
2016-03-24,86300,2.309999942779541,2.299999952316284,2.319999933242798,2.299999952316284,2.299999952316284
2016-03-23,36600,2.5,2.4200000762939453,2.5,2.4000000953674316,2.4200000762939453
2016-03-22,2900,2.549999952316284,2.4800000190734863,2.740000009536743,2.4800000190734863,2.4800000190734863
2016-03-21,3200,2.569999933242798,2.6500000953674316,2.6500000953674316,2.569999933242798,2.6500000953674316
2016-03-18,10800,2.509999990463257,2.630000114440918,2.7200000286102295,2.509999990463257,2.630000114440918
2016-03-17,10500,2.5,2.5299999713897705,2.5999999046325684,2.5,2.5299999713897705
2016-03-16,6200,2.5399999618530273,2.559999942779541,2.740000009536743,2.390000104904175,2.559999942779541
2016-03-15,2300,2.5199999809265137,2.680000066757202,2.680000066757202,2.4800000190734863,2.680000066757202
2016-03-14,0,2.8399999141693115,2.8399999141693115,2.8399999141693115,2.8399999141693115,2.8399999141693115
2016-03-11,400,2.759999990463257,2.8399999141693115,2.869999885559082,2.75,2.8399999141693115
2016-03-10,4400,3.0,2.799999952316284,3.0,2.549999952316284,2.799999952316284
2016-03-09,1700,3.0899999141693115,2.9800000190734863,3.0899999141693115,2.799999952316284,2.9800000190734863
2016-03-08,37900,3.0399999618530273,3.0999999046325684,3.119999885559082,2.9600000381469727,3.0999999046325684
2016-03-07,34500,3.0199999809265137,3.0399999618530273,3.299999952316284,3.0,3.0399999618530273
2016-03-04,42900,3.049999952316284,3.0,3.190000057220459,2.9000000953674316,3.0
2016-03-03,52500,3.0,3.0,3.0199999809265137,2.9000000953674316,3.0
2016-03-02,66000,3.0,3.0,3.25,2.890000104904175,3.0
2016-03-01,50600,3.0,2.990000009536743,3.1700000762939453,2.9000000953674316,2.990000009536743
2016-02-29,75700,3.0,2.890000104904175,3.0,2.8499999046325684,2.890000104904175
2016-02-26,239800,2.8399999141693115,2.799999952316284,2.9800000190734863,2.75,2.799999952316284
2016-02-25,145200,2.990000009536743,2.799999952316284,3.0,2.799999952316284,2.799999952316284
2016-02-24,51900,2.9100000858306885,2.799999952316284,2.950000047683716,2.5,2.799999952316284
2016-02-23,30900,3.25,2.9000000953674316,3.25,2.859999895095825,2.9000000953674316
2016-02-22,44100,3.299999952316284,3.2100000381469727,3.5799999237060547,3.009999990463257,3.2100000381469727
2016-02-19,84300,3.4200000762939453,3.200000047683716,3.4200000762939453,3.119999885559082,3.200000047683716
2016-02-18,5700,3.299999952316284,3.25,3.549999952316284,3.25,3.25
2016-02-17,12600,3.2300000190734863,3.3299999237060547,3.549999952316284,3.1700000762939453,3.3299999237060547
2016-02-16,9900,3.25,3.130000114440918,3.2799999713897705,3.049999952316284,3.130000114440918
2016-02-12,15000,3.390000104904175,3.109999895095825,3.390000104904175,3.059999942779541,3.109999895095825
2016-02-11,3500,3.319999933242798,3.0199999809265137,3.390000104904175,3.009999990463257,3.0199999809265137
2016-02-10,1100,3.819999933242798,4.0,4.0,3.819999933242798,4.0
2016-02-09,2700,3.450000047683716,3.4100000858306885,3.450000047683716,3.3299999237060547,3.4100000858306885
2016-02-08,1300,3.299999952316284,3.5,3.509999990463257,3.299999952316284,3.5
2016-02-05,2300,3.5,3.5999999046325684,3.5999999046325684,3.2100000381469727,3.5999999046325684
2016-02-04,8200,3.200000047683716,3.5,3.549999952316284,3.200000047683716,3.5
2016-02-03,14200,3.6500000953674316,3.5,3.990000009536743,3.5,3.5
2016-02-02,5100,3.3299999237060547,3.319999933242798,3.8499999046325684,3.319999933242798,3.319999933242798
2016-02-01,1600,3.2899999618530273,3.8299999237060547,4.0,3.2899999618530273,3.8299999237060547
2016-01-29,5500,3.990000009536743,4.190000057220459,4.449999809265137,3.990000009536743,4.190000057220459
2016-01-28,1500,4.159999847412109,3.9000000953674316,4.159999847412109,3.8499999046325684,3.9000000953674316
2016-01-27,5400,4.010000228881836,3.6700000762939453,4.639999866485596,3.6700000762939453,3.6700000762939453
2016-01-26,2500,3.319999933242798,3.809999942779541,3.809999942779541,3.200000047683716,3.809999942779541
2016-01-25,10500,2.799999952316284,3.009999990463257,3.2799999713897705,2.799999952316284,3.009999990463257
2016-01-22,45900,2.950000047683716,3.0399999618530273,3.25,2.950000047683716,3.0399999618530273
2016-01-21,41700,3.109999895095825,3.0399999618530273,3.3499999046325684,3.0199999809265137,3.0399999618530273
2016-01-20,26000,3.0,3.25,3.2799999713897705,2.809999942779541,3.25
2016-01-19,6300,3.4600000381469727,3.549999952316284,4.010000228881836,3.4200000762939453,3.549999952316284
2016-01-15,16800,4.659999847412109,3.740000009536743,5.130000114440918,3.4200000762939453,3.740000009536743
2016-01-14,100,3.6700000762939453,3.6700000762939453,3.6700000762939453,3.6700000762939453,3.6700000762939453
2016-01-13,11500,3.740000009536743,4.050000190734863,4.070000171661377,3.5999999046325684,4.050000190734863
2016-01-12,10900,3.869999885559082,3.930000066757202,4.050000190734863,3.569999933242798,3.930000066757202
2016-01-11,6700,4.199999809265137,3.9800000190734863,4.199999809265137,3.9800000190734863,3.9800000190734863
2016-01-08,12600,4.25,4.25,4.260000228881836,4.230000019073486,4.25
2016-01-07,6000,4.03000020980835,4.5,4.75,3.859999895095825,4.5
2016-01-06,400,4.309999942779541,4.329999923706055,4.329999923706055,4.309999942779541,4.329999923706055
2016-01-05,4200,4.21999979019165,4.309999942779541,4.380000114440918,4.199999809265137,4.309999942779541
2016-01-04,600,4.260000228881836,4.159999847412109,4.260000228881836,4.159999847412109,4.159999847412109
2015-12-31,19900,4.349999904632568,4.550000190734863,4.679999828338623,4.21999979019165,4.550000190734863
2015-12-30,6300,4.75,4.75,4.75,4.730000019073486,4.75
2015-12-29,3400,5.0,5.050000190734863,5.400000095367432,4.989999771118164,5.050000190734863
2015-12-28,5600,5.25,5.300000190734863,5.300000190734863,4.650000095367432,5.300000190734863
2015-12-24,9100,4.610000133514404,5.349999904632568,5.440000057220459,4.610000133514404,5.349999904632568
2015-12-23,6900,4.579999923706055,4.75,4.75,4.550000190734863,4.75
2015-12-22,3300,4.289999961853027,4.400000095367432,4.590000152587891,4.289999961853027,4.400000095367432
2015-12-21,12300,4.21999979019165,4.199999809265137,4.590000152587891,4.139999866485596,4.199999809265137
2015-12-18,10200,4.380000114440918,4.050000190734863,4.380000114440918,4.050000190734863,4.050000190734863
2015-12-17,400,4.579999923706055,4.579999923706055,4.579999923706055,4.579999923706055,4.579999923706055
2015-12-16,5600,4.75,4.800000190734863,4.840000152587891,4.559999942779541,4.800000190734863
2015-12-15,300,4.78000020980835,4.769999980926514,4.78000020980835,4.769999980926514,4.769999980926514
2015-12-14,3100,4.340000152587891,4.349999904632568,4.599999904632568,4.289999961853027,4.349999904632568
2015-12-11,7700,4.369999885559082,4.599999904632568,4.599999904632568,4.199999809265137,4.599999904632568
2015-12-10,3700,4.590000152587891,4.630000114440918,4.630000114440918,4.590000152587891,4.630000114440918
2015-12-09,5600,4.800000190734863,4.699999809265137,4.800000190734863,4.559999942779541,4.699999809265137
2015-12-08,4700,4.849999904632568,4.940000057220459,5.0,4.849999904632568,4.940000057220459
2015-12-07,6200,4.949999809265137,4.800000190734863,5.099999904632568,4.550000190734863,4.800000190734863
2015-12-04,7100,5.25,4.96999979019165,5.25,4.800000190734863,4.96999979019165
2015-12-03,700,4.5,4.949999809265137,4.949999809265137,4.5,4.949999809265137
2015-12-02,1700,5.650000095367432,5.480000019073486,5.650000095367432,4.639999866485596,5.480000019073486
2015-12-01,200,5.659999847412109,5.650000095367432,5.659999847412109,5.650000095367432,5.650000095367432
2015-11-30,30100,5.889999866485596,5.659999847412109,5.889999866485596,5.5,5.659999847412109
2015-11-27,200,5.590000152587891,5.800000190734863,5.800000190734863,5.590000152587891,5.800000190734863
2015-11-25,700,4.690000057220459,5.590000152587891,5.590000152587891,4.690000057220459,5.590000152587891
2015-11-24,0,5.25,5.25,5.25,5.25,5.25
2015-11-23,16800,5.670000076293945,5.25,5.75,5.25,5.25
2015-11-20,7200,4.800000190734863,5.75,5.75,4.199999809265137,5.75
2015-11-19,6600,4.699999809265137,4.429999828338623,4.699999809265137,4.159999847412109,4.429999828338623
2015-11-18,2900,4.449999809265137,4.449999809265137,4.449999809265137,4.429999828338623,4.449999809265137
2015-11-17,27300,4.699999809265137,4.599999904632568,4.869999885559082,4.510000228881836,4.599999904632568
2015-11-16,1800,5.0,4.519999980926514,5.0,4.519999980926514,4.519999980926514
2015-11-13,800,4.75,5.230000019073486,5.230000019073486,4.75,5.230000019073486
2015-11-12,1200,6.110000133514404,5.409999847412109,6.110000133514404,5.409999847412109,5.409999847412109
2015-11-11,700,6.25,6.25,6.260000228881836,6.25,6.25
2015-11-10,100,6.25,6.25,6.25,6.25,6.25
2015-11-09,3500,5.710000038146973,5.599999904632568,5.710000038146973,5.090000152587891,5.599999904632568
2015-11-06,0,6.400000095367432,6.400000095367432,6.400000095367432,6.400000095367432,6.400000095367432
2015-11-05,2300,5.809999942779541,6.400000095367432,6.400000095367432,5.75,6.400000095367432
2015-11-04,900,6.840000152587891,6.78000020980835,6.840000152587891,6.639999866485596,6.78000020980835
2015-11-03,800,6.690000057220459,6.690000057220459,6.690000057220459,6.690000057220459,6.690000057220459
2015-11-02,4200,6.75,6.5,6.75,6.440000057220459,6.5
2015-10-30,1600,6.889999866485596,6.949999809265137,6.949999809265137,6.800000190734863,6.949999809265137
2015-10-29,400,6.710000038146973,6.710000038146973,6.710000038146973,6.710000038146973,6.710000038146973
2015-10-28,2300,6.75,6.699999809265137,6.75,6.610000133514404,6.699999809265137
2015-10-27,4200,6.840000152587891,6.889999866485596,7.010000228881836,6.599999904632568,6.889999866485596
2015-10-26,1100,6.960000038146973,7.099999904632568,7.099999904632568,6.599999904632568,7.099999904632568
2015-10-23,100,7.21999979019165,7.21999979019165,7.21999979019165,7.21999979019165,7.21999979019165
2015-10-22,1800,7.150000095367432,7.099999904632568,7.309999942779541,7.019999980926514,7.099999904632568
2015-10-21,3000,7.070000171661377,7.190000057220459,7.25,6.960000038146973,7.190000057220459
2015-10-20,11100,7.21999979019165,7.010000228881836,7.340000152587891,7.010000228881836,7.010000228881836
2015-10-19,900,7.019999980926514,7.210000038146973,7.210000038146973,7.010000228881836,7.210000038146973
2015-10-16,500,7.239999771118164,7.199999809265137,7.239999771118164,7.150000095367432,7.199999809265137
2015-10-15,1600,6.960000038146973,6.820000171661377,7.349999904632568,6.820000171661377,6.820000171661377
2015-10-14,0,6.989999771118164,6.989999771118164,6.989999771118164,6.989999771118164,6.989999771118164
2015-10-13,6900,6.5,6.989999771118164,6.989999771118164,6.46999979019165,6.989999771118164
2015-10-12,600,6.599999904632568,6.960000038146973,6.960000038146973,6.599999904632568,6.960000038146973
2015-10-09,7900,6.480000019073486,6.789999961853027,6.800000190734863,6.46999979019165,6.789999961853027
2015-10-08,11400,5.5,6.199999809265137,6.489999771118164,5.480000019073486,6.199999809265137
2015-10-07,2000,5.25,5.309999942779541,5.670000076293945,5.25,5.309999942779541
2015-10-06,4100,5.5,5.25,5.5,5.199999809265137,5.25
2015-10-05,7200,4.699999809265137,5.199999809265137,5.25,4.599999904632568,5.199999809265137
2015-10-02,1900,4.71999979019165,4.599999904632568,4.71999979019165,4.309999942779541,4.599999904632568
2015-10-01,23800,4.400000095367432,4.599999904632568,4.75,4.25,4.599999904632568
2015-09-30,69700,4.550000190734863,4.400000095367432,4.550000190734863,4.0,4.400000095367432
2015-09-29,1300,4.730000019073486,4.53000020980835,5.0,4.53000020980835,4.53000020980835
2015-09-28,8000,4.75,4.590000152587891,4.75,4.5,4.590000152587891
2015-09-25,500,4.900000095367432,4.900000095367432,4.900000095367432,4.900000095367432,4.900000095367432
2015-09-24,2200,4.599999904632568,5.25,5.25,4.559999942779541,5.25
2015-09-23,12700,4.599999904632568,4.559999942779541,4.940000057220459,4.5,4.559999942779541
2015-09-22,15300,5.300000190734863,4.5,5.300000190734863,4.5,4.5
2015-09-21,800,5.769999980926514,5.800000190734863,5.800000190734863,5.75,5.800000190734863
2015-09-18,2900,5.679999828338623,5.800000190734863,6.170000076293945,5.579999923706055,5.800000190734863
2015-09-17,14800,6.360000133514404,5.869999885559082,6.360000133514404,5.489999771118164,5.869999885559082
2015-09-16,600,6.46999979019165,6.480000019073486,6.489999771118164,6.46999979019165,6.480000019073486
2015-09-15,5200,7.079999923706055,6.550000190734863,7.079999923706055,6.550000190734863,6.550000190734863
2015-09-14,3900,7.0,6.860000133514404,7.230000019073486,6.650000095367432,6.860000133514404
2015-09-11,9900,7.260000228881836,6.989999771118164,7.269999980926514,6.289999961853027,6.989999771118164
2015-09-10,38500,6.050000190734863,7.059999942779541,7.320000171661377,6.0,7.059999942779541
2015-09-09,40300,4.980000019073486,6.25,6.5,4.980000019073486,6.25
2015-09-08,10800,4.269999980926514,4.760000228881836,4.800000190734863,4.269999980926514,4.760000228881836
2015-09-04,22100,3.7699999809265137,3.9100000858306885,3.9100000858306885,3.700000047683716,3.9100000858306885
2015-09-03,23600,3.7100000381469727,3.930000066757202,4.199999809265137,3.7100000381469727,3.930000066757202
2015-09-02,7800,4.0,3.880000114440918,4.039999961853027,3.880000114440918,3.880000114440918
2015-09-01,7400,4.139999866485596,4.0,4.139999866485596,3.9700000286102295,4.0
2015-08-31,8000,4.519999980926514,4.099999904632568,4.519999980926514,4.010000228881836,4.099999904632568
2015-08-28,1000,4.519999980926514,4.539999961853027,4.539999961853027,4.5,4.539999961853027
2015-08-27,6300,4.25,4.5,4.5,4.239999771118164,4.5
2015-08-26,6000,3.119999885559082,4.489999771118164,4.5,3.119999885559082,4.489999771118164
2015-08-25,1400,4.769999980926514,4.650000095367432,4.769999980926514,4.650000095367432,4.650000095367432
2015-08-24,2700,5.0,4.730000019073486,5.0,4.730000019073486,4.730000019073486
2015-08-21,0,5.460000038146973,5.460000038146973,5.460000038146973,5.460000038146973,5.460000038146973
2015-08-20,0,5.460000038146973,5.460000038146973,5.460000038146973,5.460000038146973,5.460000038146973
2015-08-19,7200,5.300000190734863,5.460000038146973,5.670000076293945,5.159999847412109,5.460000038146973
2015-08-18,12800,5.559999942779541,5.510000228881836,5.849999904632568,5.400000095367432,5.510000228881836
2015-08-17,1800,5.320000171661377,5.309999942779541,5.460000038146973,5.150000095367432,5.309999942779541
2015-08-14,600,5.480000019073486,5.46999979019165,5.480000019073486,5.440000057220459,5.46999979019165
2015-08-13,4600,5.210000038146973,5.150000095367432,5.210000038146973,5.150000095367432,5.150000095367432
2015-08-12,4300,5.230000019073486,5.300000190734863,5.480000019073486,5.050000190734863,5.300000190734863
2015-08-11,1900,5.340000152587891,5.429999828338623,5.449999809265137,5.159999847412109,5.429999828338623
2015-08-10,14900,5.230000019073486,5.440000057220459,5.550000190734863,5.199999809265137,5.440000057220459
2015-08-07,4000,5.599999904632568,5.400000095367432,5.599999904632568,5.400000095367432,5.400000095367432
2015-08-06,21200,5.880000114440918,5.510000228881836,6.0,5.320000171661377,5.510000228881836
2015-08-05,156400,6.559999942779541,6.0,6.610000133514404,5.0,6.0
2015-08-04,25300,8.899999618530273,6.980000019073486,8.899999618530273,6.980000019073486,6.980000019073486
2015-08-03,17800,10.069999694824219,9.1899995803833,10.069999694824219,8.609999656677246,9.1899995803833
2015-07-31,0,10.920000076293945,10.920000076293945,10.920000076293945,10.920000076293945,10.920000076293945
2015-07-30,1100,9.890000343322754,10.920000076293945,10.920000076293945,9.890000343322754,10.920000076293945
2015-07-29,2800,10.149999618530273,10.300000190734863,10.960000038146973,10.149999618530273,10.300000190734863
2015-07-28,5700,11.449999809265137,10.520000457763672,11.449999809265137,10.25,10.520000457763672
2015-07-27,8200,10.869999885559082,10.920000076293945,11.569999694824219,10.5,10.920000076293945
2015-07-24,11600,11.75,11.199999809265137,11.920000076293945,9.729999542236328,11.199999809265137
2015-07-23,3300,12.25,12.600000381469727,13.399999618530273,11.760000228881836,12.600000381469727
2015-07-22,6000,12.869999885559082,12.729999542236328,13.0,12.729999542236328,12.729999542236328
2015-07-21,2600,13.0,13.289999961853027,13.34000015258789,12.8100004196167,13.289999961853027
2015-07-20,800,12.90999984741211,13.199999809265137,13.350000381469727,12.90999984741211,13.199999809265137
2015-07-17,900,13.579999923706055,13.5,13.579999923706055,12.600000381469727,13.5
2015-07-16,900,13.449999809265137,13.369999885559082,13.449999809265137,11.739999771118164,13.369999885559082
2015-07-15,1500,13.579999923706055,13.279999732971191,13.579999923706055,12.75,13.279999732971191
2015-07-14,300,13.529999732971191,13.40999984741211,13.529999732971191,13.40999984741211,13.40999984741211
2015-07-13,1700,13.579999923706055,13.399999618530273,13.579999923706055,13.220000267028809,13.399999618530273
2015-07-10,200,13.25,13.15999984741211,13.25,13.15999984741211,13.15999984741211
2015-07-09,600,13.449999809265137,13.569999694824219,13.569999694824219,13.449999809265137,13.569999694824219
2015-07-08,600,13.0,13.579999923706055,13.579999923706055,13.0,13.579999923706055
2015-07-07,600,13.029999732971191,13.5,13.5,13.029999732971191,13.5
2015-07-06,1000,13.489999771118164,13.489999771118164,13.5,13.289999961853027,13.489999771118164
2015-07-02,2900,12.8100004196167,13.449999809265137,13.449999809265137,12.8100004196167,13.449999809265137
2015-07-01,1400,12.59000015258789,13.329999923706055,13.449999809265137,12.59000015258789,13.329999923706055
2015-06-30,7100,13.380000114440918,13.5,13.5,13.260000228881836,13.5
2015-06-29,100,13.569999694824219,13.569999694824219,13.569999694824219,13.569999694824219,13.569999694824219
2015-06-26,0,13.579999923706055,13.579999923706055,13.579999923706055,13.579999923706055,13.579999923706055
2015-06-25,2500,13.5600004196167,13.579999923706055,13.579999923706055,13.3100004196167,13.579999923706055
2015-06-24,600,13.520000457763672,13.520000457763672,13.520000457763672,13.520000457763672,13.520000457763672
2015-06-23,1700,13.489999771118164,13.520000457763672,13.529999732971191,13.3100004196167,13.520000457763672
2015-06-22,14400,13.199999809265137,13.5,13.5,13.1899995803833,13.5
2015-06-19,22500,13.40999984741211,13.4399995803833,13.600000381469727,13.369999885559082,13.4399995803833
2015-06-18,700,13.420000076293945,13.600000381469727,13.600000381469727,13.399999618530273,13.600000381469727
2015-06-17,4400,13.600000381469727,13.539999961853027,13.600000381469727,13.25,13.539999961853027
2015-06-16,900,13.449999809265137,13.449999809265137,13.449999809265137,13.449999809265137,13.449999809265137
2015-06-15,4900,13.5,13.600000381469727,13.600000381469727,13.199999809265137,13.600000381469727
2015-06-12,3500,13.630000114440918,13.600000381469727,13.630000114440918,13.3100004196167,13.600000381469727
2015-06-11,700,13.75,13.75,13.75,13.4399995803833,13.75
2015-06-10,11700,13.75,13.739999771118164,13.75,13.319999694824219,13.739999771118164
2015-06-09,12000,14.319999694824219,13.989999771118164,14.5,13.670000076293945,13.989999771118164
2015-06-08,2700,14.180000305175781,14.5,14.5,14.180000305175781,14.5
2015-06-05,6700,14.65999984741211,14.539999961853027,14.65999984741211,14.300000190734863,14.539999961853027
2015-06-04,100,14.670000076293945,14.670000076293945,14.670000076293945,14.670000076293945,14.670000076293945
2015-06-03,18700,14.5,14.489999771118164,14.5,14.220000267028809,14.489999771118164
2015-06-02,1700,14.670000076293945,14.649999618530273,14.670000076293945,14.300000190734863,14.649999618530273
2015-06-01,100,14.630000114440918,14.630000114440918,14.630000114440918,14.630000114440918,14.630000114440918
2015-05-29,17000,14.649999618530273,14.649999618530273,14.670000076293945,14.300000190734863,14.649999618530273
2015-05-28,2200,14.779999732971191,14.65999984741211,14.779999732971191,14.520000457763672,14.65999984741211
2015-05-27,6100,14.670000076293945,14.59000015258789,14.789999961853027,14.300000190734863,14.59000015258789
2015-05-26,1800,14.5,14.829999923706055,14.84000015258789,14.5,14.829999923706055
2015-05-22,50300,14.880000114440918,14.699999809265137,14.890000343322754,14.600000381469727,14.699999809265137
2015-05-21,300,14.890000343322754,14.0,14.890000343322754,14.0,14.0
2015-05-20,200,14.680000305175781,14.680000305175781,14.680000305175781,14.680000305175781,14.680000305175781
2015-05-19,100,14.710000038146973,14.710000038146973,14.710000038146973,14.710000038146973,14.710000038146973
2015-05-18,23500,14.6899995803833,14.710000038146973,14.75,14.199999809265137,14.710000038146973
2015-05-15,16500,14.300000190734863,14.75,14.890000343322754,13.75,14.75
2015-05-14,3600,14.5,14.850000381469727,14.850000381469727,13.479999542236328,14.850000381469727
2015-05-13,11600,14.489999771118164,14.460000038146973,14.5,13.75,14.460000038146973
2015-05-12,100,14.399999618530273,14.399999618530273,14.399999618530273,14.399999618530273,14.399999618530273
2015-05-11,100,14.489999771118164,14.489999771118164,14.489999771118164,14.489999771118164,14.489999771118164
2015-05-08,6000,14.180000305175781,14.25,14.75,13.869999885559082,14.25
2015-05-07,1500,14.050000190734863,14.0,14.050000190734863,13.25,14.0
2015-05-06,0,14.0,14.0,14.0,14.0,14.0
2015-05-05,6600,14.09000015258789,14.0,14.09000015258789,13.5,14.0
2015-05-04,3900,13.359999656677246,14.0,14.0,13.359999656677246,14.0
2015-05-01,2000,14.09000015258789,14.0,14.09000015258789,13.25,14.0
2015-04-30,4100,14.079999923706055,14.0,14.100000381469727,14.0,14.0
2015-04-29,400,14.029999732971191,14.039999961853027,14.039999961853027,13.5,14.039999961853027
2015-04-28,28200,13.739999771118164,14.100000381469727,14.130000114440918,13.739999771118164,14.100000381469727
2015-04-27,1700,14.069999694824219,13.989999771118164,14.130000114440918,13.84000015258789,13.989999771118164
2015-04-24,3600,13.529999732971191,14.140000343322754,14.140000343322754,13.529999732971191,14.140000343322754
2015-04-23,5000,13.829999923706055,14.149999618530273,14.199999809265137,13.069999694824219,14.149999618530273
2015-04-22,100,14.199999809265137,14.199999809265137,14.199999809265137,14.199999809265137,14.199999809265137
2015-04-21,100,14.180000305175781,14.180000305175781,14.180000305175781,14.180000305175781,14.180000305175781
2015-04-20,0,14.350000381469727,14.350000381469727,14.350000381469727,14.350000381469727,14.350000381469727
2015-04-17,100,14.350000381469727,14.350000381469727,14.350000381469727,14.350000381469727,14.350000381469727
2015-04-16,500,14.25,14.25,14.25,14.25,14.25
2015-04-15,24600,14.350000381469727,14.239999771118164,14.5,14.149999618530273,14.239999771118164
2015-04-14,12100,14.489999771118164,14.329999923706055,14.5,14.210000038146973,14.329999923706055
2015-04-13,1700,14.329999923706055,14.270000457763672,14.329999923706055,14.270000457763672,14.270000457763672
2015-04-10,4900,14.329999923706055,14.3100004196167,14.520000457763672,14.3100004196167,14.3100004196167
2015-04-09,14800,14.529999732971191,14.390000343322754,14.529999732971191,14.319999694824219,14.390000343322754
2015-04-08,14000,14.619999885559082,14.619999885559082,14.619999885559082,14.619999885559082,14.619999885559082
2015-04-07,7500,14.510000228881836,14.649999618530273,14.789999961853027,14.5,14.649999618530273
2015-04-06,500,14.510000228881836,14.800000190734863,14.800000190734863,14.510000228881836,14.800000190734863
2015-04-02,100,14.800000190734863,14.800000190734863,14.800000190734863,14.800000190734863,14.800000190734863
2015-04-01,800,14.539999961853027,14.850000381469727,14.850000381469727,14.539999961853027,14.850000381469727
2015-03-31,7800,14.5600004196167,14.84000015258789,14.84000015258789,14.5,14.84000015258789
2015-03-30,1900,14.789999961853027,14.84000015258789,14.84000015258789,14.25,14.84000015258789
2015-03-27,0,14.850000381469727,14.850000381469727,14.850000381469727,14.850000381469727,14.850000381469727
2015-03-26,700,14.579999923706055,14.850000381469727,14.960000038146973,14.5,14.850000381469727
2015-03-25,4400,14.5,14.989999771118164,14.989999771118164,14.479999542236328,14.989999771118164
2015-03-24,4600,14.600000381469727,14.829999923706055,14.899999618530273,14.5,14.829999923706055
2015-03-23,2600,15.100000381469727,14.899999618530273,15.100000381469727,14.40999984741211,14.899999618530273
2015-03-20,30000,14.199999809265137,15.050000190734863,15.050000190734863,14.199999809265137,15.050000190734863
2015-03-19,1700,14.729999542236328,14.420000076293945,14.729999542236328,14.399999618530273,14.420000076293945
2015-03-18,2400,15.029999732971191,14.84000015258789,15.029999732971191,14.430000305175781,14.84000015258789
2015-03-17,35700,14.5,14.949999809265137,15.0,14.5,14.949999809265137
2015-03-16,100,15.050000190734863,15.050000190734863,15.050000190734863,15.050000190734863,15.050000190734863
2015-03-13,1700,15.050000190734863,14.949999809265137,15.050000190734863,14.5600004196167,14.949999809265137
2015-03-12,1300,15.039999961853027,14.850000381469727,15.4399995803833,14.800000190734863,14.850000381469727
2015-03-11,200,15.25,15.25,15.25,15.25,15.25
2015-03-10,0,15.25,15.25,15.25,15.25,15.25
2015-03-09,1600,14.90999984741211,15.25,15.25,14.90999984741211,15.25
2015-03-06,2800,14.550000190734863,15.0,15.0,14.550000190734863,15.0
2015-03-05,2300,15.300000190734863,15.0,15.300000190734863,14.6899995803833,15.0
2015-03-04,16300,14.199999809265137,15.0,15.069999694824219,14.199999809265137,15.0
2015-03-03,4900,14.75,14.989999771118164,15.0,14.550000190734863,14.989999771118164
2015-03-02,500,14.449999809265137,14.979999542236328,14.979999542236328,14.449999809265137,14.979999542236328
2015-02-27,200,15.0,15.0,15.0,15.0,15.0
2015-02-26,2500,14.699999809265137,14.989999771118164,15.0,14.699999809265137,14.989999771118164
2015-02-25,5400,14.720000267028809,14.989999771118164,14.989999771118164,14.720000267028809,14.989999771118164
2015-02-24,10200,14.869999885559082,14.899999618530273,14.9399995803833,14.539999961853027,14.899999618530273
2015-02-23,10500,14.350000381469727,14.9399995803833,14.9399995803833,14.350000381469727,14.9399995803833
2015-02-20,2000,14.5,14.9399995803833,14.9399995803833,14.279999732971191,14.9399995803833
2015-02-19,7300,14.550000190734863,14.899999618530273,14.899999618530273,14.550000190734863,14.899999618530273
2015-02-18,12800,14.529999732971191,14.850000381469727,14.850000381469727,14.529999732971191,14.850000381469727
2015-02-17,2500,14.5600004196167,14.8100004196167,14.8100004196167,14.5,14.8100004196167
2015-02-13,14100,14.510000228881836,14.8100004196167,14.8100004196167,14.510000228881836,14.8100004196167
2015-02-12,8200,14.619999885559082,14.710000038146973,14.710000038146973,14.550000190734863,14.710000038146973
2015-02-11,3300,14.619999885559082,14.649999618530273,14.649999618530273,14.5,14.649999618530273
2015-02-10,800,14.5600004196167,14.699999809265137,14.699999809265137,14.5600004196167,14.699999809265137
2015-02-09,1600,14.520000457763672,14.710000038146973,14.739999771118164,14.520000457763672,14.710000038146973
2015-02-06,200,14.670000076293945,14.699999809265137,14.699999809265137,14.670000076293945,14.699999809265137
2015-02-05,2600,14.5600004196167,14.699999809265137,14.779999732971191,14.520000457763672,14.699999809265137
2015-02-04,0,14.75,14.75,14.75,14.75,14.75
2015-02-03,800,14.670000076293945,14.75,14.819999694824219,14.670000076293945,14.75
2015-02-02,500,14.800000190734863,14.800000190734863,14.800000190734863,14.800000190734863,14.800000190734863
2015-01-30,6900,14.609999656677246,14.850000381469727,14.850000381469727,14.510000228881836,14.850000381469727
2015-01-29,202800,14.829999923706055,14.710000038146973,14.829999923706055,14.5,14.710000038146973
2015-01-28,7600,14.800000190734863,14.510000228881836,14.890000343322754,14.5,14.510000228881836
2015-01-27,1500,14.90999984741211,14.869999885559082,14.90999984741211,14.5,14.869999885559082
2015-01-26,300,14.9399995803833,14.9399995803833,14.9399995803833,14.9399995803833,14.9399995803833
2015-01-23,400,14.199999809265137,14.9399995803833,14.9399995803833,14.199999809265137,14.9399995803833
2015-01-22,200,14.930000305175781,14.930000305175781,14.930000305175781,14.930000305175781,14.930000305175781
2015-01-21,8400,14.5,14.930000305175781,14.989999771118164,14.5,14.930000305175781
2015-01-20,0,15.0,15.0,15.0,15.0,15.0
2015-01-16,1200,15.119999885559082,15.0,15.119999885559082,14.960000038146973,15.0
2015-01-15,29200,14.699999809265137,14.949999809265137,14.949999809265137,14.5,14.949999809265137
2015-01-14,600,15.220000267028809,15.1899995803833,15.220000267028809,15.1899995803833,15.1899995803833
2015-01-13,2100,15.4399995803833,15.199999809265137,15.449999809265137,14.569999694824219,15.199999809265137
2015-01-12,1600,15.220000267028809,15.220000267028809,15.25,14.869999885559082,15.220000267028809
2015-01-09,10200,15.210000038146973,15.239999771118164,15.25,14.5,15.239999771118164
2015-01-08,8200,14.8100004196167,15.199999809265137,15.199999809265137,14.75,15.199999809265137
2015-01-07,4800,14.789999961853027,15.100000381469727,15.100000381469727,14.789999961853027,15.100000381469727
2015-01-06,11700,15.199999809265137,15.130000114440918,15.199999809265137,14.699999809265137,15.130000114440918
2015-01-05,7100,15.449999809265137,14.869999885559082,15.449999809265137,14.5,14.869999885559082
2015-01-02,0,15.489999771118164,15.489999771118164,15.489999771118164,15.489999771118164,15.489999771118164
2014-12-31,7800,14.899999618530273,15.489999771118164,15.489999771118164,14.899999618530273,15.489999771118164
2014-12-30,19000,15.020000457763672,15.0,15.149999618530273,15.0,15.0
2014-12-29,10600,14.229999542236328,15.1899995803833,15.1899995803833,14.199999809265137,15.1899995803833
2014-12-26,2600,14.229999542236328,14.800000190734863,14.800000190734863,14.229999542236328,14.800000190734863
2014-12-24,0,14.449999809265137,14.449999809265137,14.449999809265137,14.449999809265137,14.449999809265137
2014-12-23,2800,14.619999885559082,14.430000305175781,15.0,14.430000305175781,14.430000305175781
2014-12-22,44400,15.0,15.149999618530273,15.149999618530273,14.899999618530273,15.149999618530273
2014-12-19,45200,14.220000267028809,15.220000267028809,15.25,14.220000267028809,15.220000267028809
2014-12-18,9300,15.100000381469727,15.069999694824219,15.100000381469727,14.5,15.069999694824219
2014-12-17,17900,15.239999771118164,15.0,15.449999809265137,15.0,15.0
2014-12-16,3200,15.199999809265137,15.15999984741211,15.4399995803833,15.020000457763672,15.15999984741211
2014-12-15,85400,15.5,15.5,15.619999885559082,15.0,15.5
2014-12-12,25000,15.399999618530273,15.579999923706055,15.600000381469727,15.220000267028809,15.579999923706055
2014-12-11,147400,15.5,15.5,15.75,15.100000381469727,15.5
2014-12-10,20500,15.25,15.5,15.649999618530273,14.100000381469727,15.5
2014-12-09,6600,15.59000015258789,15.25,15.59000015258789,14.869999885559082,15.25
2014-12-08,3000,15.479999542236328,15.399999618530273,15.59000015258789,15.34000015258789,15.399999618530273
2014-12-05,1700,15.479999542236328,15.609999656677246,15.649999618530273,15.479999542236328,15.609999656677246
2014-12-04,400,15.729999542236328,15.550000190734863,15.729999542236328,15.550000190734863,15.550000190734863
2014-12-03,16500,15.760000228881836,15.680000305175781,15.760000228881836,15.5,15.680000305175781
2014-12-02,6500,15.800000190734863,15.760000228881836,15.829999923706055,15.75,15.760000228881836
2014-12-01,100,16.0,16.0,16.0,16.0,16.0
2014-11-28,500,15.850000381469727,16.0,16.0,15.850000381469727,16.0
2014-11-26,3100,15.890000343322754,16.0,16.0,15.670000076293945,16.0
2014-11-25,11500,15.770000457763672,15.949999809265137,16.34000015258789,15.5600004196167,15.949999809265137
2014-11-24,13300,15.399999618530273,15.850000381469727,15.850000381469727,15.399999618530273,15.850000381469727
2014-11-21,14000,15.25,15.350000381469727,15.510000228881836,15.020000457763672,15.350000381469727
2014-11-20,9900,15.119999885559082,15.25,15.25,14.979999542236328,15.25
2014-11-19,10600,15.140000343322754,15.119999885559082,15.520000457763672,14.869999885559082,15.119999885559082
2014-11-18,16300,15.119999885559082,15.390000343322754,15.399999618530273,14.890000343322754,15.390000343322754
2014-11-17,5400,15.180000305175781,15.239999771118164,15.239999771118164,15.0,15.239999771118164
2014-11-14,2700,15.0,15.369999885559082,15.369999885559082,15.0,15.369999885559082
2014-11-13,2100,15.170000076293945,15.5,15.5,15.170000076293945,15.5
2014-11-12,4700,14.970000267028809,15.399999618530273,15.489999771118164,14.75,15.399999618530273
2014-11-11,16400,15.180000305175781,15.199999809265137,15.199999809265137,14.619999885559082,15.199999809265137
2014-11-10,6100,15.069999694824219,15.010000228881836,15.220000267028809,15.0,15.010000228881836
2014-11-07,4700,15.130000114440918,15.0,15.130000114440918,15.0,15.0
2014-11-06,4400,15.359999656677246,15.369999885559082,15.369999885559082,15.149999618530273,15.369999885559082
2014-11-05,9200,15.369999885559082,15.15999984741211,15.569999694824219,15.149999618530273,15.15999984741211
2014-11-04,25300,15.149999618530273,15.149999618530273,15.5,15.149999618530273,15.149999618530273
2014-11-03,28600,15.050000190734863,15.109999656677246,15.260000228881836,15.050000190734863,15.109999656677246
2014-10-31,3200,15.25,15.199999809265137,15.84000015258789,15.1899995803833,15.199999809265137
2014-10-30,3100,15.289999961853027,15.25,15.930000305175781,15.010000228881836,15.25
2014-10-29,200,15.5,15.5,15.5,15.5,15.5
2014-10-28,76200,15.020000457763672,15.069999694824219,15.220000267028809,14.789999961853027,15.069999694824219
2014-10-27,68200,14.989999771118164,14.989999771118164,15.239999771118164,14.510000228881836,14.989999771118164
2014-10-24,217500,15.710000038146973,14.989999771118164,15.720000267028809,14.800000190734863,14.989999771118164
2014-10-23,3000,15.739999771118164,15.699999809265137,15.970000267028809,15.15999984741211,15.699999809265137
2014-10-22,2400,15.25,15.420000076293945,15.619999885559082,14.229999542236328,15.420000076293945
2014-10-21,7400,15.470000267028809,15.390000343322754,15.600000381469727,15.039999961853027,15.390000343322754
2014-10-20,14700,15.739999771118164,15.420000076293945,15.739999771118164,15.149999618530273,15.420000076293945
2014-10-17,3600,15.600000381469727,15.34000015258789,15.600000381469727,15.050000190734863,15.34000015258789
2014-10-16,10700,14.8100004196167,14.989999771118164,15.800000190734863,14.800000190734863,14.989999771118164
2014-10-15,11000,15.010000228881836,14.989999771118164,15.34000015258789,14.5,14.989999771118164
2014-10-14,18600,15.5,15.289999961853027,15.720000267028809,15.020000457763672,15.289999961853027
2014-10-13,5400,15.789999961853027,15.5,15.890000343322754,15.260000228881836,15.5
2014-10-10,13600,15.970000267028809,15.619999885559082,15.970000267028809,15.039999961853027,15.619999885559082
2014-10-09,5800,15.979999542236328,15.789999961853027,15.979999542236328,15.609999656677246,15.789999961853027
2014-10-08,1300,15.850000381469727,15.949999809265137,15.949999809265137,15.649999618530273,15.949999809265137
2014-10-07,2100,15.850000381469727,16.049999237060547,16.049999237060547,15.710000038146973,16.049999237060547
2014-10-06,2800,15.979999542236328,15.960000038146973,15.979999542236328,15.829999923706055,15.960000038146973
2014-10-03,1800,15.8100004196167,15.90999984741211,15.930000305175781,15.789999961853027,15.90999984741211
2014-10-02,6600,15.979999542236328,15.859999656677246,15.979999542236328,15.699999809265137,15.859999656677246
2014-10-01,1500,15.850000381469727,15.899999618530273,15.979999542236328,15.760000228881836,15.899999618530273
2014-09-30,31900,15.979999542236328,15.890000343322754,15.979999542236328,15.850000381469727,15.890000343322754
2014-09-29,800,15.949999809265137,15.970000267028809,15.970000267028809,15.890000343322754,15.970000267028809
2014-09-26,1900,15.979999542236328,15.979999542236328,16.049999237060547,15.699999809265137,15.979999542236328
2014-09-25,1100,15.850000381469727,15.949999809265137,15.989999771118164,15.680000305175781,15.949999809265137
2014-09-24,1200,15.979999542236328,15.979999542236328,15.979999542236328,15.630000114440918,15.979999542236328
2014-09-23,41100,15.989999771118164,15.970000267028809,15.989999771118164,15.5,15.970000267028809
2014-09-22,1600,15.930000305175781,15.989999771118164,16.0,15.899999618530273,15.989999771118164
2014-09-19,200,16.0,16.010000228881836,16.010000228881836,16.0,16.010000228881836
2014-09-18,3100,15.880000114440918,15.970000267028809,15.989999771118164,15.739999771118164,15.970000267028809
2014-09-17,2200,15.979999542236328,15.930000305175781,16.0,15.600000381469727,15.930000305175781
2014-09-16,1700,15.989999771118164,15.979999542236328,15.989999771118164,15.609999656677246,15.979999542236328
2014-09-15,100,15.989999771118164,15.989999771118164,15.989999771118164,15.989999771118164,15.989999771118164
2014-09-12,4200,16.0,15.979999542236328,16.0,15.760000228881836,15.979999542236328
2014-09-11,12300,15.869999885559082,15.90999984741211,16.190000534057617,15.869999885559082,15.90999984741211
2014-09-10,2600,16.5,16.149999618530273,16.5,16.010000228881836,16.149999618530273
2014-09-09,19200,16.18000030517578,16.200000762939453,16.31999969482422,16.1200008392334,16.200000762939453
2014-09-08,6000,16.219999313354492,16.360000610351562,16.360000610351562,16.0,16.360000610351562
2014-09-05,222000,16.209999084472656,16.229999542236328,16.3700008392334,16.1200008392334,16.229999542236328
2014-09-04,124200,16.260000228881836,16.3700008392334,16.639999389648438,16.06999969482422,16.3700008392334
2014-09-03,30800,16.25,16.309999465942383,16.479999542236328,15.930000305175781,16.309999465942383
2014-09-02,400,16.399999618530273,16.329999923706055,16.399999618530273,16.329999923706055,16.329999923706055
2014-08-29,2400,16.40999984741211,16.399999618530273,16.489999771118164,16.020000457763672,16.399999618530273
2014-08-28,4400,16.389999389648438,16.299999237060547,16.5,16.0,16.299999237060547
2014-08-27,17600,17.0,16.25,17.979999542236328,15.979999542236328,16.25
2014-08-26,11300,16.489999771118164,16.34000015258789,16.75,16.270000457763672,16.34000015258789
2014-08-25,37800,16.6200008392334,16.489999771118164,16.700000762939453,16.040000915527344,16.489999771118164
2014-08-22,9400,16.0,16.700000762939453,16.700000762939453,16.0,16.700000762939453
2014-08-21,6000,15.479999542236328,15.850000381469727,16.450000762939453,15.430000305175781,15.850000381469727
2014-08-20,27100,14.989999771118164,15.260000228881836,15.770000457763672,14.800000190734863,15.260000228881836
2014-08-19,3400,14.8100004196167,15.050000190734863,15.1899995803833,14.729999542236328,15.050000190734863
2014-08-18,2300,15.199999809265137,15.0,15.199999809265137,15.0,15.0
2014-08-15,300,14.399999618530273,14.399999618530273,14.399999618530273,14.399999618530273,14.399999618530273
2014-08-14,1900,14.5,14.399999618530273,14.619999885559082,14.399999618530273,14.399999618530273
2014-08-13,25100,13.859999656677246,14.350000381469727,14.399999618530273,13.859999656677246,14.350000381469727
2014-08-12,13800,14.0,13.899999618530273,14.0,13.59000015258789,13.899999618530273
2014-08-11,1800,14.0,14.1899995803833,14.220000267028809,13.859999656677246,14.1899995803833
2014-08-08,520900,13.640000343322754,14.09000015258789,14.239999771118164,13.489999771118164,14.09000015258789
2014-08-07,800,13.729999542236328,13.59000015258789,13.729999542236328,13.539999961853027,13.59000015258789
2014-08-06,24800,13.399999618530273,13.520000457763672,13.520000457763672,13.300000190734863,13.520000457763672
2014-08-05,13600,13.449999809265137,13.399999618530273,13.489999771118164,13.34000015258789,13.399999618530273
2014-08-04,145600,13.130000114440918,13.350000381469727,13.600000381469727,13.100000381469727,13.350000381469727
2014-08-01,5100,13.579999923706055,13.359999656677246,13.579999923706055,12.819999694824219,13.359999656677246
2014-07-31,7800,13.510000228881836,13.399999618530273,13.770000457763672,12.75,13.399999618530273
2014-07-30,4800,13.670000076293945,13.649999618530273,13.829999923706055,13.050000190734863,13.649999618530273
2014-07-29,900,13.930000305175781,13.699999809265137,13.930000305175781,13.670000076293945,13.699999809265137
2014-07-28,63300,13.880000114440918,13.649999618530273,13.880000114440918,13.579999923706055,13.649999618530273
2014-07-25,1900,13.90999984741211,13.8100004196167,13.930000305175781,13.649999618530273,13.8100004196167
2014-07-24,3800,13.729999542236328,13.75,13.75,13.600000381469727,13.75
2014-07-23,1500,13.739999771118164,13.729999542236328,13.739999771118164,13.600000381469727,13.729999542236328
2014-07-22,103200,13.890000343322754,13.75,13.890000343322754,13.5600004196167,13.75
2014-07-21,5700,13.699999809265137,13.75,13.920000076293945,13.510000228881836,13.75
2014-07-18,1000,13.84000015258789,13.920000076293945,13.9399995803833,13.789999961853027,13.920000076293945
2014-07-17,10600,13.869999885559082,13.739999771118164,13.989999771118164,13.699999809265137,13.739999771118164
2014-07-16,2400,14.0,13.989999771118164,14.0,13.729999542236328,13.989999771118164
2014-07-15,200500,13.989999771118164,13.949999809265137,14.0,13.920000076293945,13.949999809265137
2014-07-14,4900,13.989999771118164,13.989999771118164,13.989999771118164,13.949999809265137,13.989999771118164
2014-07-11,23200,13.6899995803833,13.989999771118164,14.0,13.6899995803833,13.989999771118164
2014-07-10,17900,13.729999542236328,13.890000343322754,13.960000038146973,13.390000343322754,13.890000343322754
2014-07-09,1600,13.770000457763672,13.970000267028809,14.220000267028809,13.300000190734863,13.970000267028809
2014-07-08,14000,14.109999656677246,13.960000038146973,14.1899995803833,13.100000381469727,13.960000038146973
2014-07-07,1700,14.100000381469727,14.270000457763672,14.270000457763672,14.100000381469727,14.270000457763672
2014-07-03,200,14.229999542236328,14.239999771118164,14.239999771118164,14.229999542236328,14.239999771118164
2014-07-02,12400,14.199999809265137,14.25,14.449999809265137,14.199999809265137,14.25
2014-07-01,19100,13.739999771118164,14.279999732971191,14.279999732971191,13.529999732971191,14.279999732971191
2014-06-30,8200,13.170000076293945,13.699999809265137,13.720000267028809,13.170000076293945,13.699999809265137
2014-06-27,16700,12.949999809265137,13.470000267028809,13.489999771118164,12.949999809265137,13.470000267028809
2014-06-26,8100,12.949999809265137,12.9399995803833,12.949999809265137,12.899999618530273,12.9399995803833
2014-06-25,12300,12.819999694824219,12.949999809265137,12.970000267028809,12.770000457763672,12.949999809265137
2014-06-24,9300,12.829999923706055,12.789999961853027,12.829999923706055,12.770000457763672,12.789999961853027
2014-06-23,4800,12.850000381469727,12.789999961853027,12.970000267028809,12.760000228881836,12.789999961853027
2014-06-20,9000,12.869999885559082,12.760000228881836,12.890000343322754,12.710000038146973,12.760000228881836
2014-06-19,8000,12.989999771118164,12.829999923706055,13.0,12.6899995803833,12.829999923706055
2014-06-18,600,13.0,12.899999618530273,13.0,12.859999656677246,12.899999618530273
2014-06-17,5100,12.970000267028809,12.789999961853027,12.970000267028809,12.75,12.789999961853027
2014-06-16,1900,12.84000015258789,12.979999542236328,13.0,12.789999961853027,12.979999542236328
2014-06-13,500,13.0,13.0,13.0,12.819999694824219,13.0
2014-06-12,200,12.90999984741211,12.979999542236328,12.979999542236328,12.90999984741211,12.979999542236328
2014-06-11,800,13.0,12.9399995803833,13.0,12.8100004196167,12.9399995803833
2014-06-10,7400,12.850000381469727,12.890000343322754,12.890000343322754,12.5,12.890000343322754
2014-06-09,2700,13.050000190734863,12.960000038146973,13.050000190734863,12.90999984741211,12.960000038146973
2014-06-06,3800,13.100000381469727,13.09000015258789,13.100000381469727,12.960000038146973,13.09000015258789
2014-06-05,5400,12.979999542236328,13.079999923706055,13.239999771118164,12.979999542236328,13.079999923706055
2014-06-04,4200,13.1899995803833,13.149999618530273,13.1899995803833,13.079999923706055,13.149999618530273
2014-06-03,6800,13.329999923706055,13.109999656677246,13.329999923706055,13.0,13.109999656677246
2014-06-02,3100,13.460000038146973,13.470000267028809,13.470000267028809,13.279999732971191,13.470000267028809
2014-05-30,2700,13.420000076293945,13.520000457763672,13.569999694824219,13.279999732971191,13.520000457763672
2014-05-29,2300,13.640000343322754,13.600000381469727,13.670000076293945,13.520000457763672,13.600000381469727
2014-05-28,5300,13.4399995803833,13.619999885559082,13.619999885559082,13.359999656677246,13.619999885559082
2014-05-27,1700,13.380000114440918,13.449999809265137,13.5,13.3100004196167,13.449999809265137
2014-05-23,5000,13.329999923706055,13.399999618530273,13.479999542236328,13.229999542236328,13.399999618530273
2014-05-22,3300,13.199999809265137,13.180000305175781,13.199999809265137,13.079999923706055,13.180000305175781
2014-05-21,2200,13.0600004196167,13.029999732971191,13.199999809265137,13.020000457763672,13.029999732971191
2014-05-20,29600,12.739999771118164,13.25,13.460000038146973,12.739999771118164,13.25
2014-05-19,19000,13.399999618530273,13.350000381469727,13.5,13.289999961853027,13.350000381469727
2014-05-16,2300,13.300000190734863,13.40999984741211,13.470000267028809,13.300000190734863,13.40999984741211
2014-05-15,6500,13.199999809265137,13.199999809265137,13.460000038146973,13.100000381469727,13.199999809265137
2014-05-14,2700,13.479999542236328,13.470000267028809,13.479999542236328,13.260000228881836,13.470000267028809
2014-05-13,22700,13.6899995803833,13.300000190734863,13.760000228881836,13.229999542236328,13.300000190734863
2014-05-12,1200,13.600000381469727,13.59000015258789,13.600000381469727,13.579999923706055,13.59000015258789
2014-05-09,1000,13.5600004196167,13.630000114440918,13.630000114440918,13.449999809265137,13.630000114440918
2014-05-08,25500,13.710000038146973,13.5,13.729999542236328,13.470000267028809,13.5
2014-05-07,6500,13.619999885559082,13.539999961853027,13.699999809265137,13.260000228881836,13.539999961853027
2014-05-06,205000,13.6899995803833,13.739999771118164,13.800000190734863,13.550000190734863,13.739999771118164
2014-05-05,4500,13.619999885559082,13.800000190734863,13.899999618530273,13.619999885559082,13.800000190734863
2014-05-02,2000,13.789999961853027,13.890000343322754,13.989999771118164,13.770000457763672,13.890000343322754
2014-05-01,1700,13.59000015258789,13.989999771118164,13.989999771118164,13.579999923706055,13.989999771118164
2014-04-30,7500,13.75,13.899999618530273,13.949999809265137,13.75,13.899999618530273
2014-04-29,11200,13.899999618530273,13.9399995803833,13.949999809265137,13.739999771118164,13.9399995803833
2014-04-28,4700,13.59000015258789,13.720000267028809,13.949999809265137,13.59000015258789,13.720000267028809
2014-04-25,1700,13.989999771118164,13.880000114440918,13.989999771118164,13.850000381469727,13.880000114440918
2014-04-24,1400,14.0600004196167,14.0,14.239999771118164,13.720000267028809,14.0
2014-04-23,1200,13.899999618530273,13.970000267028809,13.970000267028809,13.75,13.970000267028809
2014-04-22,1600,13.819999694824219,14.260000228881836,14.289999961853027,13.819999694824219,14.260000228881836
2014-04-21,5800,13.760000228881836,14.029999732971191,14.0600004196167,13.460000038146973,14.029999732971191
2014-04-17,11300,13.5600004196167,13.819999694824219,13.949999809265137,13.300000190734863,13.819999694824219
2014-04-16,20100,13.869999885559082,13.75,14.140000343322754,13.649999618530273,13.75
2014-04-15,10300,14.170000076293945,14.260000228881836,14.34000015258789,13.779999732971191,14.260000228881836
2014-04-14,3500,14.449999809265137,14.3100004196167,14.449999809265137,14.039999961853027,14.3100004196167
2014-04-11,14400,14.020000457763672,14.100000381469727,14.489999771118164,14.020000457763672,14.100000381469727
2014-04-10,4800,14.0600004196167,14.399999618530273,14.489999771118164,14.0600004196167,14.399999618530273
2014-04-09,3400,14.270000457763672,14.479999542236328,14.649999618530273,14.210000038146973,14.479999542236328
2014-04-08,4000,14.390000343322754,14.619999885559082,14.819999694824219,14.300000190734863,14.619999885559082
2014-04-07,2400,14.6899995803833,14.779999732971191,15.25,14.130000114440918,14.779999732971191
2014-04-04,26300,14.760000228881836,14.579999923706055,15.380000114440918,14.550000190734863,14.579999923706055
2014-04-03,500,14.739999771118164,14.989999771118164,14.989999771118164,14.5,14.989999771118164
2014-04-02,26800,14.460000038146973,14.869999885559082,15.0,14.460000038146973,14.869999885559082
2014-04-01,3700,14.069999694824219,14.5,14.5,14.0600004196167,14.5
2014-03-31,19800,14.470000267028809,14.489999771118164,14.729999542236328,14.350000381469727,14.489999771118164
2014-03-28,5800,14.729999542236328,14.5,14.729999542236328,14.199999809265137,14.5
2014-03-27,56800,14.300000190734863,14.479999542236328,14.739999771118164,13.65999984741211,14.479999542236328
2014-03-26,3200,14.65999984741211,14.520000457763672,14.920000076293945,14.520000457763672,14.520000457763672
2014-03-25,9700,14.760000228881836,14.779999732971191,15.0,14.720000267028809,14.779999732971191
2014-03-24,6100,14.75,14.84000015258789,14.899999618530273,14.649999618530273,14.84000015258789
2014-03-21,3300,14.8100004196167,14.949999809265137,15.5,14.729999542236328,14.949999809265137
2014-03-20,3000,15.239999771118164,14.989999771118164,15.279999732971191,14.829999923706055,14.989999771118164
2014-03-19,5400,15.0,15.420000076293945,15.569999694824219,14.960000038146973,15.420000076293945
2014-03-18,15500,14.489999771118164,14.9399995803833,14.989999771118164,14.489999771118164,14.9399995803833
2014-03-17,4100,14.569999694824219,14.8100004196167,14.890000343322754,14.470000267028809,14.8100004196167
2014-03-14,2800,14.369999885559082,14.510000228881836,14.899999618530273,14.260000228881836,14.510000228881836
2014-03-13,8100,14.449999809265137,14.649999618530273,15.029999732971191,14.25,14.649999618530273
2014-03-12,7500,14.600000381469727,14.729999542236328,14.989999771118164,14.600000381469727,14.729999542236328
2014-03-11,600,14.630000114440918,14.989999771118164,15.09000015258789,14.630000114440918,14.989999771118164
2014-03-10,11300,14.800000190734863,14.920000076293945,15.050000190734863,14.600000381469727,14.920000076293945
2014-03-07,13300,14.829999923706055,14.970000267028809,14.989999771118164,14.619999885559082,14.970000267028809
2014-03-06,3700,15.029999732971191,15.0,15.029999732971191,14.960000038146973,15.0
2014-03-05,15600,15.430000305175781,15.0,15.75,14.789999961853027,15.0
2014-03-04,2800,15.960000038146973,15.9399995803833,15.979999542236328,15.899999618530273,15.9399995803833
2014-03-03,500,15.640000343322754,15.539999961853027,15.720000267028809,15.4399995803833,15.539999961853027
2014-02-28,6900,15.430000305175781,15.649999618530273,15.979999542236328,15.420000076293945,15.649999618530273
2014-02-27,3400,15.180000305175781,15.4399995803833,15.4399995803833,15.15999984741211,15.4399995803833
2014-02-26,4700,15.5,15.4399995803833,15.600000381469727,15.34000015258789,15.4399995803833
2014-02-25,3600,15.470000267028809,15.600000381469727,15.600000381469727,15.329999923706055,15.600000381469727
2014-02-24,3500,15.600000381469727,15.600000381469727,15.600000381469727,15.3100004196167,15.600000381469727
2014-02-21,2000,15.619999885559082,15.6899995803833,15.699999809265137,15.399999618530273,15.6899995803833
2014-02-20,4200,15.699999809265137,15.670000076293945,15.699999809265137,15.5,15.670000076293945
2014-02-19,2300,15.699999809265137,15.699999809265137,15.699999809265137,15.699999809265137,15.699999809265137
2014-02-18,6000,16.0,15.970000267028809,16.0,15.3100004196167,15.970000267028809
2014-02-14,3200,15.670000076293945,16.040000915527344,16.1200008392334,15.670000076293945,16.040000915527344
2014-02-13,11400,15.039999961853027,15.890000343322754,15.890000343322754,15.020000457763672,15.890000343322754
2014-02-12,5500,15.0,15.140000343322754,15.180000305175781,14.850000381469727,15.140000343322754
2014-02-11,4500,15.039999961853027,15.1899995803833,15.279999732971191,15.010000228881836,15.1899995803833
2014-02-10,4200,15.119999885559082,15.170000076293945,15.390000343322754,15.020000457763672,15.170000076293945
2014-02-07,1500,15.210000038146973,15.1899995803833,15.210000038146973,15.039999961853027,15.1899995803833
2014-02-06,17500,15.010000228881836,15.34000015258789,15.359999656677246,14.970000267028809,15.34000015258789
2014-02-05,19300,15.359999656677246,15.4399995803833,15.520000457763672,14.989999771118164,15.4399995803833
2014-02-04,6500,15.970000267028809,15.84000015258789,16.049999237060547,15.6899995803833,15.84000015258789
2014-02-03,1100,16.040000915527344,15.930000305175781,16.040000915527344,15.819999694824219,15.930000305175781
2014-01-31,36100,15.550000190734863,16.1200008392334,16.350000381469727,15.5,16.1200008392334
2014-01-30,1700,15.84000015258789,15.640000343322754,15.850000381469727,15.640000343322754,15.640000343322754
2014-01-29,3200,15.640000343322754,15.859999656677246,15.890000343322754,15.640000343322754,15.859999656677246
2014-01-28,8900,15.770000457763672,15.600000381469727,15.770000457763672,15.069999694824219,15.600000381469727
2014-01-27,4200,15.430000305175781,15.359999656677246,15.430000305175781,15.069999694824219,15.359999656677246
2014-01-24,2100,15.550000190734863,15.460000038146973,15.550000190734863,15.399999618530273,15.460000038146973
2014-01-23,5400,15.550000190734863,15.710000038146973,15.75,15.050000190734863,15.710000038146973
2014-01-22,5100,15.979999542236328,15.5600004196167,15.979999542236328,15.5,15.5600004196167
2014-01-21,1400,16.239999771118164,15.970000267028809,16.239999771118164,15.899999618530273,15.970000267028809
2014-01-17,65400,15.720000267028809,16.389999389648438,16.389999389648438,15.550000190734863,16.389999389648438
2014-01-16,1800,16.389999389648438,16.399999618530273,16.399999618530273,16.280000686645508,16.399999618530273
2014-01-15,52100,15.449999809265137,16.200000762939453,16.31999969482422,15.279999732971191,16.200000762939453
2014-01-14,6800,15.510000228881836,15.739999771118164,15.770000457763672,15.460000038146973,15.739999771118164
2014-01-13,20100,15.630000114440918,15.670000076293945,15.789999961853027,14.920000076293945,15.670000076293945
2014-01-10,1600,15.5,15.630000114440918,15.630000114440918,15.010000228881836,15.630000114440918
2014-01-09,4500,15.210000038146973,15.390000343322754,15.460000038146973,15.0,15.390000343322754
2014-01-08,800,15.390000343322754,15.380000114440918,15.390000343322754,15.0,15.380000114440918
2014-01-07,4100,15.300000190734863,15.390000343322754,15.739999771118164,15.15999984741211,15.390000343322754
2014-01-06,10700,15.010000228881836,15.210000038146973,15.270000457763672,14.260000228881836,15.210000038146973
2014-01-03,28900,14.399999618530273,15.229999542236328,15.5,14.399999618530273,15.229999542236328
2014-01-02,4600,14.0,14.380000114440918,14.380000114440918,13.8100004196167,14.380000114440918
2013-12-31,9600,13.800000190734863,14.050000190734863,14.369999885559082,13.800000190734863,14.050000190734863
2013-12-30,24800,14.0,14.079999923706055,14.289999961853027,13.630000114440918,14.079999923706055
2013-12-27,4600,14.1899995803833,14.079999923706055,14.199999809265137,13.989999771118164,14.079999923706055
2013-12-26,12700,14.180000305175781,14.170000076293945,14.199999809265137,13.520000457763672,14.170000076293945
2013-12-24,1400,14.180000305175781,14.199999809265137,14.199999809265137,14.039999961853027,14.199999809265137
2013-12-23,4000,14.420000076293945,14.199999809265137,14.489999771118164,14.039999961853027,14.199999809265137
2013-12-20,2800,14.239999771118164,14.460000038146973,14.5,14.100000381469727,14.460000038146973
2013-12-19,900,14.100000381469727,14.199999809265137,14.199999809265137,14.100000381469727,14.199999809265137
2013-12-18,49500,14.300000190734863,14.399999618530273,14.399999618530273,13.989999771118164,14.399999618530273
2013-12-17,11500,14.350000381469727,14.109999656677246,14.350000381469727,13.989999771118164,14.109999656677246
2013-12-16,700,14.279999732971191,14.239999771118164,14.279999732971191,14.119999885559082,14.239999771118164
2013-12-13,4400,14.329999923706055,14.369999885559082,14.59000015258789,14.050000190734863,14.369999885559082
2013-12-12,91900,14.25,13.989999771118164,14.25,13.989999771118164,13.989999771118164
2013-12-11,1200,14.25,14.0,14.34000015258789,13.979999542236328,14.0
2013-12-10,13900,14.039999961853027,14.0,14.260000228881836,13.670000076293945,14.0
2013-12-09,31900,14.09000015258789,13.979999542236328,14.100000381469727,13.800000190734863,13.979999542236328
2013-12-06,3700,14.210000038146973,14.0,14.210000038146973,13.84000015258789,14.0
2013-12-05,2800,14.59000015258789,14.100000381469727,14.59000015258789,14.010000228881836,14.100000381469727
2013-12-04,22900,14.390000343322754,14.039999961853027,14.789999961853027,13.899999618530273,14.039999961853027
2013-12-03,4700,14.5,14.630000114440918,14.84000015258789,14.449999809265137,14.630000114440918
2013-12-02,8800,14.279999732971191,14.84000015258789,14.850000381469727,14.25,14.84000015258789
2013-11-29,12300,14.399999618530273,14.550000190734863,14.649999618530273,14.25,14.550000190734863
2013-11-27,3000,14.210000038146973,14.300000190734863,14.4399995803833,14.210000038146973,14.300000190734863
2013-11-26,8300,14.100000381469727,14.350000381469727,14.449999809265137,14.020000457763672,14.350000381469727
2013-11-25,5300,13.680000305175781,14.100000381469727,14.100000381469727,13.649999618530273,14.100000381469727
2013-11-22,8600,13.729999542236328,13.800000190734863,14.420000076293945,13.729999542236328,13.800000190734863
2013-11-21,14400,14.050000190734863,13.9399995803833,14.149999618530273,13.899999618530273,13.9399995803833
2013-11-20,5600,14.09000015258789,14.119999885559082,14.4399995803833,13.75,14.119999885559082
2013-11-19,3200,14.199999809265137,14.229999542236328,14.399999618530273,13.989999771118164,14.229999542236328
2013-11-18,11200,14.050000190734863,14.449999809265137,14.449999809265137,13.989999771118164,14.449999809265137
2013-11-15,4400,14.050000190734863,14.270000457763672,14.300000190734863,14.050000190734863,14.270000457763672
2013-11-14,6200,14.239999771118164,14.300000190734863,14.449999809265137,14.050000190734863,14.300000190734863
2013-11-13,3000,14.0,14.449999809265137,14.449999809265137,14.0,14.449999809265137
2013-11-12,4600,14.479999542236328,14.449999809265137,14.75,14.350000381469727,14.449999809265137
2013-11-11,1600,14.5,14.5,14.850000381469727,14.260000228881836,14.5
2013-11-08,15600,14.630000114440918,14.800000190734863,14.84000015258789,14.069999694824219,14.800000190734863
2013-11-07,9800,14.779999732971191,14.800000190734863,14.850000381469727,14.5600004196167,14.800000190734863
2013-11-06,4300,14.430000305175781,14.800000190734863,14.850000381469727,14.399999618530273,14.800000190734863
2013-11-05,11000,14.40999984741211,14.770000457763672,14.770000457763672,14.399999618530273,14.770000457763672
2013-11-04,1900,14.739999771118164,14.760000228881836,14.850000381469727,14.680000305175781,14.760000228881836
2013-11-01,6600,14.510000228881836,14.789999961853027,14.850000381469727,14.489999771118164,14.789999961853027
2013-10-31,2300,14.819999694824219,14.699999809265137,14.850000381469727,14.489999771118164,14.699999809265137
2013-10-30,3600,14.739999771118164,14.640000343322754,14.739999771118164,14.600000381469727,14.640000343322754
2013-10-29,2200,14.329999923706055,14.640000343322754,14.699999809265137,14.329999923706055,14.640000343322754
2013-10-28,1600,14.430000305175781,14.5,14.649999618530273,14.0,14.5
2013-10-25,18400,14.59000015258789,14.739999771118164,14.850000381469727,14.489999771118164,14.739999771118164
2013-10-24,3000,14.720000267028809,14.510000228881836,14.8100004196167,14.25,14.510000228881836
2013-10-23,3400,14.489999771118164,14.449999809265137,14.850000381469727,14.0600004196167,14.449999809265137
2013-10-22,1000,14.850000381469727,14.699999809265137,14.850000381469727,14.4399995803833,14.699999809265137
2013-10-21,800,14.300000190734863,14.399999618530273,14.699999809265137,14.300000190734863,14.399999618530273
2013-10-18,15800,14.0,14.300000190734863,14.399999618530273,13.880000114440918,14.300000190734863
2013-10-17,1500,13.970000267028809,13.9399995803833,14.0,13.800000190734863,13.9399995803833
2013-10-16,2900,14.0,13.970000267028809,14.300000190734863,13.75,13.970000267028809
2013-10-15,2800,14.0,14.199999809265137,14.25,13.800000190734863,14.199999809265137
2013-10-14,12300,14.300000190734863,14.199999809265137,14.399999618530273,13.220000267028809,14.199999809265137
2013-10-11,2900,14.100000381469727,14.300000190734863,14.380000114440918,14.010000228881836,14.300000190734863
2013-10-10,3800,14.65999984741211,14.550000190734863,14.850000381469727,14.239999771118164,14.550000190734863
2013-10-09,1700,14.699999809265137,14.579999923706055,14.699999809265137,14.5,14.579999923706055
2013-10-08,9300,14.670000076293945,14.770000457763672,14.800000190734863,14.380000114440918,14.770000457763672
2013-10-07,10500,14.34000015258789,14.850000381469727,14.850000381469727,14.199999809265137,14.850000381469727
2013-10-04,12100,14.449999809265137,14.5,14.850000381469727,14.0600004196167,14.5
2013-10-03,5200,14.489999771118164,14.390000343322754,14.5,14.050000190734863,14.390000343322754
2013-10-02,6500,14.0,14.100000381469727,14.5,14.0,14.100000381469727
2013-10-01,700,14.319999694824219,14.300000190734863,14.75,14.020000457763672,14.300000190734863
2013-09-30,5500,14.729999542236328,14.460000038146973,14.729999542236328,14.050000190734863,14.460000038146973
2013-09-27,500,14.479999542236328,14.600000381469727,14.600000381469727,14.479999542236328,14.600000381469727
2013-09-26,1100,14.279999732971191,14.619999885559082,14.710000038146973,14.279999732971191,14.619999885559082
2013-09-25,1100,14.369999885559082,14.729999542236328,14.729999542236328,14.350000381469727,14.729999542236328
2013-09-24,5400,14.199999809265137,14.850000381469727,14.850000381469727,14.199999809265137,14.850000381469727
2013-09-23,1400,14.6899995803833,14.850000381469727,14.970000267028809,14.609999656677246,14.850000381469727
2013-09-20,10100,15.40999984741211,14.9399995803833,15.489999771118164,14.550000190734863,14.9399995803833
2013-09-19,2600,14.949999809265137,15.369999885559082,15.670000076293945,14.8100004196167,15.369999885559082
2013-09-18,4300,15.699999809265137,15.020000457763672,15.890000343322754,15.020000457763672,15.020000457763672
2013-09-17,2700,15.069999694824219,15.390000343322754,15.5,15.010000228881836,15.390000343322754
2013-09-16,11400,15.890000343322754,15.489999771118164,15.890000343322754,15.029999732971191,15.489999771118164
2013-09-13,58100,14.989999771118164,15.119999885559082,15.600000381469727,13.020000457763672,15.119999885559082
2013-09-12,5500,15.369999885559082,15.75,15.949999809265137,15.109999656677246,15.75
2013-09-11,500,15.739999771118164,15.729999542236328,15.739999771118164,15.680000305175781,15.729999542236328
2013-09-10,31100,16.0,15.739999771118164,16.0,15.279999732971191,15.739999771118164
2013-09-09,4700,15.100000381469727,16.0,16.049999237060547,15.100000381469727,16.0
2013-09-06,10100,14.779999732971191,14.989999771118164,15.100000381469727,14.15999984741211,14.989999771118164
2013-09-05,10500,15.199999809265137,14.880000114440918,15.390000343322754,14.399999618530273,14.880000114440918
2013-09-04,8900,15.550000190734863,15.449999809265137,15.850000381469727,15.109999656677246,15.449999809265137
2013-09-03,1500,16.059999465942383,16.100000381469727,16.25,15.180000305175781,16.100000381469727
2013-08-30,100,16.229999542236328,16.229999542236328,16.229999542236328,16.229999542236328,16.229999542236328
2013-08-29,3500,16.280000686645508,16.0,16.280000686645508,15.600000381469727,16.0
2013-08-28,5300,16.06999969482422,16.049999237060547,16.5,15.630000114440918,16.049999237060547
2013-08-27,17400,16.43000030517578,16.649999618530273,16.739999771118164,16.049999237060547,16.649999618530273
2013-08-26,13400,16.25,16.239999771118164,16.3799991607666,15.5,16.239999771118164
2013-08-23,4400,16.649999618530273,16.600000381469727,16.899999618530273,16.229999542236328,16.600000381469727
2013-08-22,300,16.219999313354492,16.219999313354492,16.219999313354492,16.219999313354492,16.219999313354492
2013-08-21,300,16.5,16.93000030517578,16.93000030517578,16.5,16.93000030517578
2013-08-20,2200,16.940000534057617,16.940000534057617,16.940000534057617,16.799999237060547,16.940000534057617
2013-08-19,1200,16.219999313354492,16.959999084472656,16.989999771118164,16.219999313354492,16.959999084472656
2013-08-16,1100,17.190000534057617,17.09000015258789,17.190000534057617,16.799999237060547,17.09000015258789
2013-08-15,6400,16.6200008392334,16.729999542236328,16.75,16.200000762939453,16.729999542236328
2013-08-14,2900,16.6299991607666,16.75,17.049999237060547,16.6200008392334,16.75
2013-08-13,5800,16.739999771118164,17.049999237060547,17.049999237060547,16.610000610351562,17.049999237060547
2013-08-12,9900,16.610000610351562,17.0,17.200000762939453,16.610000610351562,17.0
2013-08-09,3900,17.010000228881836,17.0,17.010000228881836,16.600000381469727,17.0
2013-08-08,400,17.200000762939453,17.100000381469727,17.200000762939453,17.010000228881836,17.100000381469727
2013-08-07,13400,17.010000228881836,17.0,17.020000457763672,16.600000381469727,17.0
2013-08-06,18400,17.290000915527344,17.350000381469727,17.350000381469727,17.260000228881836,17.350000381469727
2013-08-05,1200,17.309999465942383,17.350000381469727,17.350000381469727,17.079999923706055,17.350000381469727
2013-08-02,700,17.350000381469727,17.31999969482422,17.350000381469727,17.049999237060547,17.31999969482422
2013-08-01,6200,17.3700008392334,17.100000381469727,17.3700008392334,16.979999542236328,17.100000381469727
2013-07-31,5300,17.219999313354492,17.200000762939453,17.299999237060547,17.190000534057617,17.200000762939453
2013-07-30,700,17.010000228881836,17.190000534057617,17.190000534057617,17.010000228881836,17.190000534057617
2013-07-29,2800,17.43000030517578,17.040000915527344,17.43000030517578,17.010000228881836,17.040000915527344
2013-07-26,4200,17.450000762939453,17.290000915527344,17.450000762939453,17.020000457763672,17.290000915527344
2013-07-25,7200,17.209999084472656,17.389999389648438,17.450000762939453,17.0,17.389999389648438
2013-07-24,100,17.450000762939453,17.450000762939453,17.450000762939453,17.450000762939453,17.450000762939453
2013-07-23,1200,17.209999084472656,17.450000762939453,17.450000762939453,17.209999084472656,17.450000762939453
2013-07-22,6800,17.440000534057617,17.450000762939453,17.450000762939453,17.219999313354492,17.450000762939453
2013-07-19,1900,17.290000915527344,17.34000015258789,17.350000381469727,17.209999084472656,17.34000015258789
2013-07-18,3000,17.350000381469727,17.290000915527344,17.350000381469727,17.200000762939453,17.290000915527344
2013-07-17,3700,17.290000915527344,17.479999542236328,17.489999771118164,17.260000228881836,17.479999542236328
2013-07-16,3300,17.469999313354492,17.709999084472656,17.799999237060547,17.25,17.709999084472656
2013-07-15,3300,17.510000228881836,17.739999771118164,17.75,17.260000228881836,17.739999771118164
2013-07-12,300,17.690000534057617,17.690000534057617,17.690000534057617,17.690000534057617,17.690000534057617
2013-07-11,5000,17.75,17.739999771118164,17.959999084472656,17.5,17.739999771118164
2013-07-10,11900,17.600000381469727,17.739999771118164,17.739999771118164,17.020000457763672,17.739999771118164
2013-07-09,3200,17.65999984741211,17.75,17.75,17.260000228881836,17.75
2013-07-08,8500,17.5,17.75,17.959999084472656,17.25,17.75
2013-07-05,1200,17.989999771118164,18.0,18.0,17.010000228881836,18.0
2013-07-03,9000,17.309999465942383,17.860000610351562,18.0,17.299999237060547,17.860000610351562
2013-07-02,9700,18.110000610351562,18.0,18.110000610351562,17.25,18.0
2013-07-01,100,18.139999389648438,18.139999389648438,18.139999389648438,18.139999389648438,18.139999389648438
2013-06-28,19800,17.56999969482422,18.09000015258789,18.25,16.610000610351562,18.09000015258789
2013-06-27,13600,17.239999771118164,17.670000076293945,17.75,17.0,17.670000076293945
2013-06-26,9700,17.239999771118164,17.25,17.25,16.75,17.25
2013-06-25,22500,16.690000534057617,17.229999542236328,17.25,16.600000381469727,17.229999542236328
2013-06-24,21500,16.75,16.700000762939453,16.90999984741211,16.200000762939453,16.700000762939453
2013-06-21,2700,17.200000762939453,16.93000030517578,17.200000762939453,16.5,16.93000030517578
2013-06-20,6600,17.040000915527344,16.93000030517578,17.040000915527344,16.540000915527344,16.93000030517578
2013-06-19,15100,17.219999313354492,17.489999771118164,17.489999771118164,17.0,17.489999771118164
2013-06-18,4600,16.93000030517578,17.25,17.25,16.93000030517578,17.25
2013-06-17,4100,16.489999771118164,16.950000762939453,16.969999313354492,16.489999771118164,16.950000762939453
2013-06-14,3000,16.450000762939453,16.3799991607666,16.450000762939453,16.100000381469727,16.3799991607666
2013-06-13,1800,16.170000076293945,16.479999542236328,16.489999771118164,16.149999618530273,16.479999542236328
2013-06-12,29900,16.489999771118164,16.459999084472656,16.489999771118164,16.139999389648438,16.459999084472656
2013-06-11,6100,16.489999771118164,16.350000381469727,17.049999237060547,16.079999923706055,16.350000381469727
2013-06-10,900,16.25,16.440000534057617,16.440000534057617,16.25,16.440000534057617
2013-06-07,15200,17.18000030517578,16.450000762939453,17.18000030517578,15.630000114440918,16.450000762939453
2013-06-06,12800,17.030000686645508,16.989999771118164,17.18000030517578,16.600000381469727,16.989999771118164
2013-06-05,23000,17.290000915527344,17.270000457763672,17.739999771118164,17.0,17.270000457763672
2013-06-04,3000,17.170000076293945,17.459999084472656,17.5,17.1200008392334,17.459999084472656
2013-06-03,1700,17.690000534057617,17.65999984741211,17.690000534057617,17.059999465942383,17.65999984741211
2013-05-31,3800,17.25,17.729999542236328,17.729999542236328,17.09000015258789,17.729999542236328
2013-05-30,5900,17.440000534057617,17.399999618530273,17.440000534057617,17.010000228881836,17.399999618530273
2013-05-29,2100,17.81999969482422,17.479999542236328,17.81999969482422,17.149999618530273,17.479999542236328
2013-05-28,2000,17.75,17.309999465942383,17.8700008392334,17.309999465942383,17.309999465942383
2013-05-24,100,17.65999984741211,17.65999984741211,17.65999984741211,17.65999984741211,17.65999984741211
2013-05-23,13000,17.350000381469727,17.209999084472656,17.8799991607666,17.020000457763672,17.209999084472656
2013-05-22,4600,17.450000762939453,17.34000015258789,17.889999389648438,17.34000015258789,17.34000015258789
2013-05-21,9400,17.530000686645508,17.639999389648438,17.8799991607666,17.25,17.639999389648438
2013-05-20,12200,17.0,17.5,17.899999618530273,17.0,17.5
2013-05-17,8400,17.889999389648438,17.700000762939453,17.889999389648438,17.260000228881836,17.700000762939453
2013-05-16,12500,17.920000076293945,17.850000381469727,17.920000076293945,17.239999771118164,17.850000381469727
2013-05-15,63700,17.940000534057617,17.81999969482422,17.940000534057617,17.510000228881836,17.81999969482422
2013-05-14,40900,17.299999237060547,17.81999969482422,17.979999542236328,17.270000457763672,17.81999969482422
2013-05-13,30800,16.3799991607666,16.979999542236328,17.049999237060547,16.3799991607666,16.979999542236328
2013-05-10,15300,16.200000762939453,16.200000762939453,16.200000762939453,16.0,16.200000762939453
2013-05-09,14300,15.979999542236328,16.200000762939453,16.200000762939453,15.9399995803833,16.200000762939453
2013-05-08,11100,15.359999656677246,16.040000915527344,16.100000381469727,15.350000381469727,16.040000915527344
2013-05-07,11300,15.579999923706055,15.630000114440918,15.729999542236328,15.399999618530273,15.630000114440918
2013-05-06,17200,15.319999694824219,15.59000015258789,15.640000343322754,15.319999694824219,15.59000015258789
2013-05-03,18700,15.649999618530273,15.40999984741211,15.649999618530273,15.15999984741211,15.40999984741211
2013-05-02,36400,15.380000114440918,15.59000015258789,15.6899995803833,15.380000114440918,15.59000015258789
2013-05-01,20100,15.5,15.390000343322754,15.5,15.15999984741211,15.390000343322754
2013-04-30,6900,15.760000228881836,15.710000038146973,15.819999694824219,15.470000267028809,15.710000038146973
2013-04-29,10600,16.110000610351562,15.850000381469727,16.110000610351562,15.699999809265137,15.850000381469727
2013-04-26,10500,16.030000686645508,16.110000610351562,16.110000610351562,16.0,16.110000610351562
2013-04-25,6600,16.110000610351562,16.0,16.110000610351562,15.649999618530273,16.0
2013-04-24,16500,16.5,16.110000610351562,16.760000228881836,16.0,16.110000610351562
2013-04-23,64200,15.710000038146973,16.200000762939453,16.5,15.710000038146973,16.200000762939453
2013-04-22,62000,15.800000190734863,15.800000190734863,15.800000190734863,15.5,15.800000190734863
2013-04-19,14600,15.399999618530273,15.800000190734863,16.0,15.399999618530273,15.800000190734863
2013-04-18,11600,15.0,15.300000190734863,15.619999885559082,15.0,15.300000190734863
2013-04-17,16500,15.020000457763672,15.5,15.510000228881836,15.010000228881836,15.5
2013-04-16,10400,15.520000457763672,15.670000076293945,15.75,15.40999984741211,15.670000076293945
2013-04-15,8900,15.640000343322754,15.699999809265137,16.049999237060547,15.399999618530273,15.699999809265137
2013-04-12,24600,15.640000343322754,15.600000381469727,15.800000190734863,15.5,15.600000381469727
2013-04-11,7500,15.5,15.600000381469727,15.789999961853027,15.470000267028809,15.600000381469727
2013-04-10,20100,15.5,15.600000381469727,15.800000190734863,15.40999984741211,15.600000381469727
2013-04-09,7300,14.970000267028809,15.390000343322754,15.430000305175781,14.949999809265137,15.390000343322754
2013-04-08,400,14.970000267028809,14.949999809265137,14.970000267028809,14.880000114440918,14.949999809265137
2013-04-05,6200,14.829999923706055,14.789999961853027,14.979999542236328,14.770000457763672,14.789999961853027
2013-04-04,11500,15.34000015258789,14.890000343322754,15.350000381469727,14.880000114440918,14.890000343322754
2013-04-03,2100,14.960000038146973,15.199999809265137,15.390000343322754,14.960000038146973,15.199999809265137
2013-04-02,1000,15.449999809265137,15.25,15.479999542236328,15.25,15.25
2013-04-01,1200,15.229999542236328,15.229999542236328,15.460000038146973,15.100000381469727,15.229999542236328
2013-03-28,16800,15.25,15.329999923706055,15.329999923706055,15.140000343322754,15.329999923706055
2013-03-27,21000,15.6899995803833,15.350000381469727,15.789999961853027,15.010000228881836,15.350000381469727
2013-03-26,7000,16.049999237060547,15.829999923706055,16.049999237060547,15.729999542236328,15.829999923706055
2013-03-25,6200,16.049999237060547,15.979999542236328,16.049999237060547,15.739999771118164,15.979999542236328
2013-03-22,4000,15.6899995803833,16.030000686645508,16.049999237060547,15.6899995803833,16.030000686645508
2013-03-21,19400,16.030000686645508,16.049999237060547,16.110000610351562,15.989999771118164,16.049999237060547
2013-03-20,4700,16.239999771118164,16.059999465942383,16.239999771118164,15.949999809265137,16.059999465942383
2013-03-19,20800,16.040000915527344,16.149999618530273,16.239999771118164,16.040000915527344,16.149999618530273
2013-03-18,18300,16.200000762939453,15.920000076293945,16.200000762939453,15.920000076293945,15.920000076293945
2013-03-15,23800,15.949999809265137,16.049999237060547,16.25,15.949999809265137,16.049999237060547
2013-03-14,16100,15.5,15.899999618530273,15.949999809265137,15.479999542236328,15.899999618530273
2013-03-13,8100,15.399999618530273,15.5,15.5,15.350000381469727,15.5
2013-03-12,24500,15.199999809265137,15.170000076293945,15.300000190734863,15.100000381469727,15.170000076293945
2013-03-11,15700,14.949999809265137,15.260000228881836,15.5,14.949999809265137,15.260000228881836
2013-03-08,20000,14.899999618530273,14.949999809265137,15.0,14.649999618530273,14.949999809265137
2013-03-07,7600,14.75,14.890000343322754,14.960000038146973,14.6899995803833,14.890000343322754
2013-03-06,26500,14.8100004196167,14.770000457763672,14.899999618530273,14.550000190734863,14.770000457763672
2013-03-05,21400,14.800000190734863,14.989999771118164,15.050000190734863,14.550000190734863,14.989999771118164
2013-03-04,10300,15.050000190734863,14.640000343322754,15.050000190734863,14.289999961853027,14.640000343322754
2013-03-01,26400,14.9399995803833,15.100000381469727,15.100000381469727,14.649999618530273,15.100000381469727
2013-02-28,60400,14.239999771118164,14.989999771118164,14.989999771118164,13.75,14.989999771118164
2013-02-27,11400,14.1899995803833,14.1899995803833,14.199999809265137,13.949999809265137,14.1899995803833
2013-02-26,23300,13.75,14.239999771118164,14.239999771118164,13.649999618530273,14.239999771118164
2013-02-25,5400,13.90999984741211,13.989999771118164,13.989999771118164,13.5,13.989999771118164
2013-02-22,600,14.0,14.0,14.0,13.9399995803833,14.0
2013-02-21,1500,13.859999656677246,13.890000343322754,14.0,13.859999656677246,13.890000343322754
2013-02-20,3800,14.130000114440918,13.989999771118164,14.300000190734863,13.880000114440918,13.989999771118164
2013-02-19,4400,14.199999809265137,14.09000015258789,14.359999656677246,13.880000114440918,14.09000015258789
2013-02-15,16100,13.979999542236328,14.069999694824219,14.59000015258789,13.789999961853027,14.069999694824219
2013-02-14,9300,13.989999771118164,13.979999542236328,14.0,12.819999694824219,13.979999542236328
2013-02-13,3400,13.380000114440918,13.75,13.75,12.850000381469727,13.75
2013-02-12,31800,12.979999542236328,13.199999809265137,13.34000015258789,12.9399995803833,13.199999809265137
2013-02-11,5600,12.600000381469727,12.979999542236328,13.359999656677246,12.550000190734863,12.979999542236328
2013-02-08,5800,12.710000038146973,13.0,13.0,12.710000038146973,13.0
2013-02-07,36600,13.859999656677246,12.850000381469727,13.859999656677246,12.220000267028809,12.850000381469727
2013-02-06,2200,13.739999771118164,14.0,14.0,13.710000038146973,14.0
2013-02-05,8100,13.899999618530273,14.050000190734863,14.0600004196167,13.899999618530273,14.050000190734863
2013-02-04,12000,14.569999694824219,14.0,14.569999694824219,13.760000228881836,14.0
2013-02-01,28800,15.0,14.739999771118164,15.25,14.279999732971191,14.739999771118164
2013-01-31,53200,14.010000228881836,15.100000381469727,15.100000381469727,13.0,15.100000381469727
2013-01-30,6500,14.649999618530273,14.260000228881836,14.680000305175781,14.039999961853027,14.260000228881836
2013-01-29,7800,14.5,14.649999618530273,14.899999618530273,14.5,14.649999618530273
2013-01-28,5200,14.670000076293945,14.640000343322754,15.239999771118164,14.4399995803833,14.640000343322754
2013-01-25,17600,14.600000381469727,14.899999618530273,14.989999771118164,14.600000381469727,14.899999618530273
2013-01-24,27000,14.449999809265137,14.989999771118164,14.989999771118164,14.449999809265137,14.989999771118164
2013-01-23,27700,14.550000190734863,15.100000381469727,15.279999732971191,14.40999984741211,15.100000381469727
2013-01-22,1700,14.25,14.600000381469727,14.789999961853027,14.25,14.600000381469727
2013-01-18,3700,14.670000076293945,14.890000343322754,14.890000343322754,14.170000076293945,14.890000343322754
2013-01-17,9200,14.579999923706055,14.670000076293945,14.670000076293945,14.0,14.670000076293945
2013-01-16,8800,13.880000114440918,14.210000038146973,14.350000381469727,13.079999923706055,14.210000038146973
2013-01-15,9800,14.350000381469727,14.050000190734863,14.350000381469727,13.960000038146973,14.050000190734863
2013-01-14,9200,14.350000381469727,14.510000228881836,14.729999542236328,14.09000015258789,14.510000228881836
2013-01-11,1000,14.5,14.529999732971191,14.59000015258789,14.5,14.529999732971191
2013-01-10,4300,14.300000190734863,14.609999656677246,14.890000343322754,14.300000190734863,14.609999656677246
2013-01-09,7800,15.149999618530273,14.880000114440918,15.149999618530273,14.380000114440918,14.880000114440918
2013-01-08,55100,15.279999732971191,14.899999618530273,15.279999732971191,13.90999984741211,14.899999618530273
2013-01-07,3000,15.109999656677246,15.220000267028809,15.220000267028809,15.109999656677246,15.220000267028809
2013-01-04,12600,15.029999732971191,15.149999618530273,15.270000457763672,14.59000015258789,15.149999618530273
2013-01-03,35700,14.239999771118164,15.289999961853027,15.289999961853027,14.239999771118164,15.289999961853027
2013-01-02,70200,13.75,14.100000381469727,14.149999618530273,13.609999656677246,14.100000381469727
2012-12-31,35300,13.170000076293945,13.600000381469727,13.600000381469727,12.649999618530273,13.600000381469727
2012-12-28,17600,12.720000267028809,12.989999771118164,13.09000015258789,12.520000457763672,12.989999771118164
2012-12-27,23700,12.979999542236328,13.0,13.100000381469727,12.3100004196167,13.0
2012-12-26,21700,13.5,13.0,13.5,12.6899995803833,13.0
2012-12-24,10400,13.0,13.600000381469727,13.600000381469727,12.140000343322754,13.600000381469727
2012-12-21,36600,12.100000381469727,13.100000381469727,13.100000381469727,12.050000190734863,13.100000381469727
2012-12-20,18600,12.220000267028809,12.3100004196167,12.449999809265137,12.100000381469727,12.3100004196167
2012-12-19,10300,11.850000381469727,12.229999542236328,12.25,11.75,12.229999542236328
2012-12-18,24100,11.949999809265137,11.850000381469727,12.239999771118164,11.75,11.850000381469727
2012-12-17,25200,11.729999542236328,11.899999618530273,11.899999618530273,11.699999809265137,11.899999618530273
2012-12-14,600,11.90999984741211,11.899999618530273,11.90999984741211,11.899999618530273,11.899999618530273
2012-12-13,31500,11.699999809265137,11.890000343322754,11.989999771118164,11.699999809265137,11.890000343322754
2012-12-12,25200,11.75,11.850000381469727,11.850000381469727,11.699999809265137,11.850000381469727
2012-12-11,69400,11.699999809265137,11.850000381469727,11.850000381469727,11.699999809265137,11.850000381469727
2012-12-10,36200,11.800000190734863,11.729999542236328,11.800000190734863,11.550000190734863,11.729999542236328
2012-12-07,21400,11.5,11.75,11.979999542236328,11.489999771118164,11.75
2012-12-06,59800,11.130000114440918,11.289999961853027,11.470000267028809,11.0600004196167,11.289999961853027
2012-12-05,7500,11.329999923706055,11.239999771118164,11.329999923706055,11.15999984741211,11.239999771118164
2012-12-04,26100,11.619999885559082,11.420000076293945,11.65999984741211,11.020000457763672,11.420000076293945
2012-12-03,10500,11.0,11.630000114440918,11.6899995803833,11.0,11.630000114440918
2012-11-30,13900,11.6899995803833,11.699999809265137,11.699999809265137,11.289999961853027,11.699999809265137
2012-11-29,10800,11.680000305175781,11.75,12.0,11.680000305175781,11.75
2012-11-28,21800,11.600000381469727,11.699999809265137,11.699999809265137,11.359999656677246,11.699999809265137
2012-11-27,16800,11.800000190734863,11.699999809265137,11.800000190734863,11.520000457763672,11.699999809265137
2012-11-26,11600,11.739999771118164,11.789999961853027,11.890000343322754,11.180000305175781,11.789999961853027
2012-11-23,2500,11.720000267028809,11.720000267028809,11.75,11.350000381469727,11.720000267028809
2012-11-21,3200,11.75,11.720000267028809,11.75,11.239999771118164,11.720000267028809
2012-11-20,20400,11.399999618530273,11.5,11.569999694824219,11.329999923706055,11.5
2012-11-19,38200,10.550000190734863,11.380000114440918,11.399999618530273,9.779999732971191,11.380000114440918
2012-11-16,54800,10.279999732971191,10.5,10.75,9.529999732971191,10.5
2012-11-15,27700,10.390000343322754,10.479999542236328,10.510000228881836,9.25,10.479999542236328
2012-11-14,15900,10.899999618530273,10.729999542236328,10.899999618530273,10.369999885559082,10.729999542236328
2012-11-13,8600,10.989999771118164,11.40999984741211,11.489999771118164,10.989999771118164,11.40999984741211
2012-11-12,20300,12.100000381469727,11.199999809265137,12.100000381469727,11.010000228881836,11.199999809265137
2012-11-09,27600,11.850000381469727,11.859999656677246,12.319999694824219,11.850000381469727,11.859999656677246
2012-11-08,18100,12.1899995803833,12.600000381469727,12.75,12.130000114440918,12.600000381469727
2012-11-07,10900,12.829999923706055,12.550000190734863,12.829999923706055,12.420000076293945,12.550000190734863
2012-11-06,46000,12.960000038146973,12.829999923706055,12.979999542236328,12.5600004196167,12.829999923706055
2012-11-05,32400,12.6899995803833,12.75,12.989999771118164,12.40999984741211,12.75
2012-11-02,29200,12.720000267028809,12.5,12.789999961853027,12.260000228881836,12.5
2012-11-01,61000,12.760000228881836,12.699999809265137,13.390000343322754,12.25,12.699999809265137
2012-10-31,120900,11.800000190734863,12.949999809265137,13.050000190734863,10.0,12.949999809265137
2012-10-26,17600,11.899999618530273,11.869999885559082,11.899999618530273,11.260000228881836,11.869999885559082
2012-10-25,32300,11.819999694824219,11.899999618530273,12.0,11.550000190734863,11.899999618530273
2012-10-24,64700,10.729999542236328,11.5,11.699999809265137,10.460000038146973,11.5
2012-10-23,34700,10.90999984741211,10.710000038146973,10.970000267028809,10.65999984741211,10.710000038146973
2012-10-22,123300,10.850000381469727,11.0,11.239999771118164,10.550000190734863,11.0
2012-10-19,47900,10.40999984741211,10.5,10.75,10.239999771118164,10.5
2012-10-18,89800,9.399999618530273,10.479999542236328,10.5,9.399999618530273,10.479999542236328
2012-10-17,21400,8.789999961853027,9.369999885559082,9.420000076293945,8.779999732971191,9.369999885559082
2012-10-16,4700,8.600000381469727,8.789999961853027,8.789999961853027,8.5,8.789999961853027
2012-10-15,2400,8.619999885559082,8.6899995803833,8.779999732971191,8.600000381469727,8.6899995803833
2012-10-12,13500,8.949999809265137,8.779999732971191,9.0,8.5,8.779999732971191
2012-10-11,6700,8.949999809265137,8.850000381469727,9.0,8.850000381469727,8.850000381469727
2012-10-10,11500,8.699999809265137,8.899999618530273,8.989999771118164,8.699999809265137,8.899999618530273
2012-10-09,19100,9.029999732971191,8.890000343322754,9.119999885559082,8.699999809265137,8.890000343322754
2012-10-08,5800,9.119999885559082,9.119999885559082,9.4399995803833,8.729999542236328,9.119999885559082
2012-10-05,12200,9.109999656677246,9.199999809265137,9.4399995803833,9.100000381469727,9.199999809265137
2012-10-04,19900,9.0,9.069999694824219,9.069999694824219,8.880000114440918,9.069999694824219
2012-10-03,14900,8.220000267028809,8.989999771118164,9.0,8.220000267028809,8.989999771118164
2012-10-02,300,8.210000038146973,8.239999771118164,8.239999771118164,8.210000038146973,8.239999771118164
2012-10-01,22500,8.3100004196167,8.239999771118164,8.359999656677246,8.010000228881836,8.239999771118164
2012-09-28,34400,8.4399995803833,8.199999809265137,8.4399995803833,7.889999866485596,8.199999809265137
2012-09-27,10600,8.5600004196167,8.470000267028809,8.75,8.119999885559082,8.470000267028809
2012-09-26,16300,8.949999809265137,8.739999771118164,8.949999809265137,8.609999656677246,8.739999771118164
2012-09-25,15700,9.09000015258789,8.9399995803833,9.09000015258789,8.899999618530273,8.9399995803833
2012-09-24,80300,8.850000381469727,9.0,9.149999618530273,8.829999923706055,9.0
2012-09-21,125600,9.0,8.800000190734863,9.300000190734863,8.800000190734863,8.800000190734863
2012-09-20,215100,9.25,9.050000190734863,9.430000305175781,8.75,9.050000190734863
2012-09-19,59200,8.75,9.359999656677246,9.449999809265137,8.710000038146973,9.359999656677246
2012-09-18,5200,8.699999809265137,8.699999809265137,8.699999809265137,8.550000190734863,8.699999809265137
2012-09-17,31800,8.65999984741211,8.75,8.899999618530273,8.5,8.75
2012-09-14,13900,8.569999694824219,8.5,8.600000381469727,8.4399995803833,8.5
2012-09-13,38700,8.300000190734863,8.5,8.5,8.25,8.5
2012-09-12,24800,7.800000190734863,8.289999961853027,8.5,7.800000190734863,8.289999961853027
2012-09-11,15400,7.769999980926514,7.840000152587891,7.949999809265137,7.75,7.840000152587891
2012-09-10,60200,7.590000152587891,7.730000019073486,7.960000038146973,7.409999847412109,7.730000019073486
2012-09-07,32200,7.5,7.699999809265137,7.699999809265137,7.21999979019165,7.699999809265137
2012-09-06,13600,7.25,7.349999904632568,7.349999904632568,7.099999904632568,7.349999904632568
2012-09-05,10700,7.21999979019165,6.980000019073486,7.25,6.980000019073486,6.980000019073486
2012-09-04,18100,7.230000019073486,7.0,7.230000019073486,6.739999771118164,7.0
2012-08-31,32000,6.769999980926514,7.25,7.25,6.349999904632568,7.25
2012-08-30,500,6.800000190734863,6.800000190734863,6.800000190734863,6.800000190734863,6.800000190734863
2012-08-29,5800,6.909999847412109,6.949999809265137,6.960000038146973,6.849999904632568,6.949999809265137
2012-08-28,4500,6.599999904632568,6.900000095367432,6.909999847412109,6.599999904632568,6.900000095367432
2012-08-27,7400,6.650000095367432,6.599999904632568,6.650000095367432,6.309999942779541,6.599999904632568
2012-08-24,1800,6.480000019073486,6.650000095367432,6.699999809265137,6.309999942779541,6.650000095367432
2012-08-23,11400,6.599999904632568,6.449999809265137,6.699999809265137,6.21999979019165,6.449999809265137
2012-08-22,3300,6.599999904632568,6.690000057220459,6.690000057220459,6.550000190734863,6.690000057220459
2012-08-21,4100,6.619999885559082,6.699999809265137,6.889999866485596,6.480000019073486,6.699999809265137
2012-08-20,3600,6.900000095367432,6.800000190734863,6.900000095367432,6.5,6.800000190734863
2012-08-17,1800,6.730000019073486,6.940000057220459,6.980000019073486,6.659999847412109,6.940000057220459
2012-08-16,12000,6.840000152587891,6.900000095367432,7.050000190734863,6.699999809265137,6.900000095367432
2012-08-15,1400,6.929999828338623,6.949999809265137,7.050000190734863,6.699999809265137,6.949999809265137
2012-08-14,4600,7.0,6.940000057220459,7.099999904632568,6.659999847412109,6.940000057220459
2012-08-13,200,7.010000228881836,7.139999866485596,7.139999866485596,7.010000228881836,7.139999866485596
2012-08-10,1300,6.840000152587891,7.139999866485596,7.150000095367432,6.809999942779541,7.139999866485596
2012-08-09,100,7.010000228881836,7.010000228881836,7.010000228881836,7.010000228881836,7.010000228881836
2012-08-08,2000,6.5,7.159999847412109,7.25,6.5,7.159999847412109
2012-08-07,6100,6.78000020980835,7.130000114440918,7.210000038146973,6.75,7.130000114440918
2012-08-06,3300,7.059999942779541,7.0,7.199999809265137,6.53000020980835,7.0
2012-08-03,3000,7.099999904632568,7.099999904632568,7.25,6.699999809265137,7.099999904632568
2012-08-02,900,6.75,7.099999904632568,7.099999904632568,6.75,7.099999904632568
2012-08-01,2900,7.340000152587891,7.230000019073486,7.420000076293945,6.75,7.230000019073486
2012-07-31,20300,6.559999942779541,7.360000133514404,7.360000133514404,6.559999942779541,7.360000133514404
2012-07-30,4800,6.679999828338623,6.829999923706055,6.949999809265137,6.579999923706055,6.829999923706055
2012-07-27,3400,6.929999828338623,6.699999809265137,7.0,6.679999828338623,6.699999809265137
2012-07-26,3600,6.980000019073486,6.980000019073486,7.0,6.670000076293945,6.980000019073486
2012-07-25,4300,7.190000057220459,6.980000019073486,7.650000095367432,6.53000020980835,6.980000019073486
2012-07-24,10500,6.800000190734863,6.550000190734863,6.800000190734863,6.519999980926514,6.550000190734863
2012-07-23,31800,7.010000228881836,6.900000095367432,7.010000228881836,6.429999828338623,6.900000095367432
2012-07-20,3400,7.059999942779541,7.039999961853027,7.590000152587891,6.900000095367432,7.039999961853027
2012-07-19,7400,7.550000190734863,7.369999885559082,7.550000190734863,6.539999961853027,7.369999885559082
2012-07-18,5800,7.5,7.570000171661377,7.75,7.5,7.570000171661377
2012-07-17,9500,7.699999809265137,7.699999809265137,7.78000020980835,7.5,7.699999809265137
2012-07-16,37100,7.75,7.75,8.0,7.75,7.75
2012-07-13,36900,7.0,7.710000038146973,8.0,7.0,7.710000038146973
2012-07-12,10600,6.889999866485596,6.78000020980835,7.0,6.71999979019165,6.78000020980835
2012-07-11,3300,6.650000095367432,6.880000114440918,7.0,6.539999961853027,6.880000114440918
2012-07-10,9900,6.519999980926514,6.659999847412109,7.0,6.519999980926514,6.659999847412109
2012-07-09,8800,7.0,7.0,7.0,6.730000019073486,7.0
2012-07-06,10000,6.920000076293945,7.0,7.0,6.650000095367432,7.0
2012-07-05,31900,6.170000076293945,6.71999979019165,6.75,6.170000076293945,6.71999979019165
2012-07-03,2400,6.389999866485596,6.300000190734863,6.389999866485596,6.099999904632568,6.300000190734863
2012-07-02,6900,6.230000019073486,6.389999866485596,6.400000095367432,5.710000038146973,6.389999866485596
2012-06-29,41500,5.670000076293945,6.119999885559082,6.199999809265137,5.670000076293945,6.119999885559082
2012-06-28,1000,5.360000133514404,5.769999980926514,5.769999980926514,5.360000133514404,5.769999980926514
2012-06-27,5200,5.190000057220459,5.590000152587891,5.590000152587891,5.179999828338623,5.590000152587891
2012-06-26,900,5.019999980926514,5.190000057220459,5.190000057220459,5.0,5.190000057220459
2012-06-25,4300,4.920000076293945,5.199999809265137,5.199999809265137,4.909999847412109,5.199999809265137
2012-06-22,1300,5.010000228881836,5.199999809265137,5.199999809265137,5.010000228881836,5.199999809265137
2012-06-21,9000,5.050000190734863,4.989999771118164,5.099999904632568,4.75,4.989999771118164
2012-06-20,8700,4.929999828338623,5.139999866485596,5.150000095367432,4.909999847412109,5.139999866485596
2012-06-19,15300,4.820000171661377,4.949999809265137,5.039999961853027,4.610000133514404,4.949999809265137
2012-06-18,20900,4.119999885559082,4.75,4.769999980926514,4.119999885559082,4.75
2012-06-15,2200,4.139999866485596,4.489999771118164,4.489999771118164,4.139999866485596,4.489999771118164
2012-06-14,1300,4.46999979019165,4.489999771118164,4.489999771118164,4.130000114440918,4.489999771118164
2012-06-13,9700,4.099999904632568,4.309999942779541,4.5,3.880000114440918,4.309999942779541
2012-06-12,2000,4.5,4.269999980926514,4.5,4.110000133514404,4.269999980926514
2012-06-11,12500,4.570000171661377,4.579999923706055,4.579999923706055,4.099999904632568,4.579999923706055
2012-06-08,8400,3.7300000190734863,4.440000057220459,4.539999961853027,3.7200000286102295,4.440000057220459
2012-06-07,12900,3.9000000953674316,4.190000057220459,4.25,3.9000000953674316,4.190000057220459
2012-06-06,19100,3.4800000190734863,3.7300000190734863,3.7899999618530273,3.4800000190734863,3.7300000190734863
2012-06-05,1900,3.3499999046325684,3.4700000286102295,3.4700000286102295,3.109999895095825,3.4700000286102295
2012-06-04,0,3.4000000953674316,3.4000000953674316,3.4000000953674316,3.4000000953674316,3.4000000953674316
2012-06-01,3000,3.450000047683716,3.4000000953674316,3.549999952316284,3.4000000953674316,3.4000000953674316
2012-05-31,1500,3.5799999237060547,3.5799999237060547,3.5799999237060547,3.5799999237060547,3.5799999237060547
2012-05-30,3400,3.0999999046325684,3.430000066757202,3.5799999237060547,3.0999999046325684,3.430000066757202
2012-05-29,200,3.200000047683716,3.430000066757202,3.430000066757202,3.200000047683716,3.430000066757202
2012-05-25,3400,3.2200000286102295,3.390000104904175,3.4200000762939453,3.2200000286102295,3.390000104904175
2012-05-24,400,3.1500000953674316,3.3399999141693115,3.3399999141693115,3.1500000953674316,3.3399999141693115
2012-05-23,3400,3.119999885559082,3.3299999237060547,3.3299999237060547,3.119999885559082,3.3299999237060547
2012-05-22,9700,3.25,3.3299999237060547,3.4200000762939453,2.990000009536743,3.3299999237060547
2012-05-21,4500,3.25,3.25,3.259999990463257,3.25,3.25
2012-05-18,1800,3.109999895095825,3.109999895095825,3.130000114440918,3.0999999046325684,3.109999895095825
2012-05-17,4700,3.25,3.4200000762939453,3.4200000762939453,3.25,3.4200000762939453
2012-05-16,200,3.4600000381469727,3.3299999237060547,3.4600000381469727,3.3299999237060547,3.3299999237060547
2012-05-15,2100,3.4600000381469727,3.3399999141693115,3.4600000381469727,3.009999990463257,3.3399999141693115
2012-05-14,1700,3.25,3.319999933242798,3.4800000190734863,3.2300000190734863,3.319999933242798
2012-05-11,4600,3.440000057220459,3.25,3.440000057220459,3.240000009536743,3.25
2012-05-10,5200,3.1500000953674316,3.2100000381469727,3.359999895095825,2.950000047683716,3.2100000381469727
2012-05-09,8900,3.0299999713897705,3.3499999046325684,3.3499999046325684,2.890000104904175,3.3499999046325684
2012-05-08,4000,3.200000047683716,3.0999999046325684,3.2100000381469727,3.0999999046325684,3.0999999046325684
2012-05-07,4100,3.200000047683716,3.200000047683716,3.2200000286102295,3.200000047683716,3.200000047683716
2012-05-04,12200,3.2100000381469727,3.240000009536743,3.430000066757202,3.200000047683716,3.240000009536743
2012-05-03,8300,3.259999990463257,3.4100000858306885,3.4100000858306885,3.200000047683716,3.4100000858306885
2012-05-02,1700,3.390000104904175,3.4200000762939453,3.6500000953674316,3.390000104904175,3.4200000762939453
2012-05-01,600,3.700000047683716,3.640000104904175,3.700000047683716,3.640000104904175,3.640000104904175
2012-04-30,23500,3.5,3.680000066757202,3.799999952316284,3.369999885559082,3.680000066757202
2012-04-27,4500,3.390000104904175,3.5,3.5,3.390000104904175,3.5
2012-04-26,1700,3.440000057220459,3.359999895095825,3.4700000286102295,3.359999895095825,3.359999895095825
2012-04-25,4600,3.450000047683716,3.359999895095825,3.680000066757202,3.359999895095825,3.359999895095825
2012-04-24,1900,3.240000009536743,3.490000009536743,3.490000009536743,3.240000009536743,3.490000009536743
2012-04-23,15200,3.3499999046325684,3.25,3.380000114440918,3.200000047683716,3.25
2012-04-20,19100,3.5299999713897705,3.5,3.549999952316284,3.5,3.5
2012-04-19,12200,3.5799999237060547,3.5,3.700000047683716,3.5,3.5
2012-04-18,6400,3.7100000381469727,3.6700000762939453,3.799999952316284,3.5199999809265137,3.6700000762939453
2012-04-17,8700,3.7899999618530273,3.6700000762939453,3.799999952316284,3.6500000953674316,3.6700000762939453
2012-04-16,3800,3.609999895095825,3.619999885559082,3.799999952316284,3.609999895095825,3.619999885559082
2012-04-13,1600,3.740000009536743,3.5799999237060547,3.740000009536743,3.5199999809265137,3.5799999237060547
2012-04-12,9500,3.559999942779541,3.569999933242798,3.7100000381469727,3.5299999713897705,3.569999933242798
2012-04-11,3300,3.5899999141693115,3.630000114440918,3.880000114440918,3.5199999809265137,3.630000114440918
2012-04-10,8500,3.7100000381469727,3.569999933242798,3.7100000381469727,3.569999933242798,3.569999933242798
2012-04-09,38800,3.509999990463257,3.5,3.75,3.5,3.5
2012-04-05,16800,3.5999999046325684,3.7200000286102295,3.75,3.5999999046325684,3.7200000286102295
2012-04-04,53200,3.7100000381469727,3.75,3.759999990463257,3.5,3.75
2012-04-03,1200,3.6600000858306885,3.740000009536743,3.740000009536743,3.6500000953674316,3.740000009536743
2012-04-02,5600,3.819999933242798,3.890000104904175,3.930000066757202,3.549999952316284,3.890000104904175
2012-03-30,7100,3.950000047683716,3.9200000762939453,3.950000047683716,3.5,3.9200000762939453
2012-03-29,1200,3.690000057220459,3.690000057220459,3.690000057220459,3.5,3.690000057220459
2012-03-28,2900,3.7300000190734863,3.690000057220459,3.819999933242798,3.549999952316284,3.690000057220459
2012-03-27,5100,3.75,3.759999990463257,3.759999990463257,3.75,3.759999990463257
2012-03-26,12800,3.359999895095825,3.7100000381469727,3.7100000381469727,3.359999895095825,3.7100000381469727
2012-03-23,2100,3.609999895095825,3.7100000381469727,3.7100000381469727,3.4000000953674316,3.7100000381469727
2012-03-22,6200,3.640000104904175,3.5999999046325684,3.759999990463257,3.5,3.5999999046325684
2012-03-21,27700,3.859999895095825,3.75,4.019999980926514,3.5999999046325684,3.75
2012-03-20,3800,3.6600000858306885,3.880000114440918,4.050000190734863,3.6600000858306885,3.880000114440918
2012-03-19,3600,3.9200000762939453,3.819999933242798,3.940000057220459,3.6500000953674316,3.819999933242798
2012-03-16,3600,3.950000047683716,3.930000066757202,3.950000047683716,3.759999990463257,3.930000066757202
2012-03-15,1400,3.759999990463257,3.9000000953674316,3.9200000762939453,3.75,3.9000000953674316
2012-03-14,1800,3.809999942779541,3.7799999713897705,3.809999942779541,3.5799999237060547,3.7799999713897705
2012-03-13,37000,3.490000009536743,3.6500000953674316,3.7699999809265137,3.2699999809265137,3.6500000953674316
2012-03-12,6400,3.3499999046325684,3.549999952316284,3.569999933242798,3.3399999141693115,3.549999952316284
2012-03-09,5300,3.509999990463257,3.5799999237060547,3.5999999046325684,3.3499999046325684,3.5799999237060547
2012-03-08,15200,3.200000047683716,3.3299999237060547,3.490000009536743,3.059999942779541,3.3299999237060547
2012-03-07,4600,3.190000057220459,3.2200000286102295,3.259999990463257,3.0299999713897705,3.2200000286102295
2012-03-06,9300,3.369999885559082,3.259999990463257,3.369999885559082,2.9100000858306885,3.259999990463257
2012-03-05,12900,3.299999952316284,3.0299999713897705,3.299999952316284,3.0,3.0299999713897705
2012-03-02,4300,3.2699999809265137,3.319999933242798,3.490000009536743,3.2200000286102295,3.319999933242798
2012-03-01,4200,3.2799999713897705,3.430000066757202,3.5,3.0999999046325684,3.430000066757202
2012-02-29,19500,3.380000114440918,3.3299999237060547,3.549999952316284,3.200000047683716,3.3299999237060547
2012-02-28,13000,3.5899999141693115,3.440000057220459,3.5899999141693115,3.240000009536743,3.440000057220459
2012-02-27,7900,3.5999999046325684,3.440000057220459,3.5999999046325684,3.1500000953674316,3.440000057220459
2012-02-24,1100,3.5,3.3499999046325684,3.630000114440918,3.299999952316284,3.3499999046325684
2012-02-23,9400,3.5,3.5199999809265137,3.6600000858306885,3.2899999618530273,3.5199999809265137
2012-02-22,10200,3.6500000953674316,3.619999885559082,3.7300000190734863,3.299999952316284,3.619999885559082
2012-02-21,1500,3.75,3.7200000286102295,3.75,3.5,3.7200000286102295
2012-02-17,3500,3.2799999713897705,3.369999885559082,3.369999885559082,3.25,3.369999885559082
2012-02-16,1200,3.3299999237060547,3.369999885559082,3.740000009536743,3.3299999237060547,3.369999885559082
2012-02-15,29800,3.359999895095825,3.390000104904175,3.5,3.2300000190734863,3.390000104904175
2012-02-14,6600,3.369999885559082,3.3499999046325684,3.450000047683716,3.25,3.3499999046325684
2012-02-13,1200,3.6700000762939453,3.619999885559082,3.7899999618530273,3.430000066757202,3.619999885559082
2012-02-10,200,3.7899999618530273,3.7899999618530273,3.7899999618530273,3.7899999618530273,3.7899999618530273
2012-02-09,16500,3.5,3.6500000953674316,3.799999952316284,3.5,3.6500000953674316
2012-02-08,20700,3.299999952316284,3.4000000953674316,3.440000057220459,3.2799999713897705,3.4000000953674316
2012-02-07,21200,3.119999885559082,3.25,3.25,3.059999942779541,3.25
2012-02-06,33700,2.950000047683716,3.0999999046325684,3.109999895095825,2.940000057220459,3.0999999046325684
2012-02-03,20100,3.059999942779541,3.0,3.0999999046325684,2.619999885559082,3.0
2012-02-02,500,2.859999895095825,2.8499999046325684,2.859999895095825,2.8499999046325684,2.8499999046325684
2012-02-01,1800,2.940000057220459,2.9200000762939453,3.0,2.630000114440918,2.9200000762939453
2012-01-31,8300,2.7899999618530273,2.940000057220459,2.950000047683716,2.5999999046325684,2.940000057220459
2012-01-30,1400,2.7899999618530273,2.7300000190734863,2.7899999618530273,2.7300000190734863,2.7300000190734863
2012-01-27,1900,2.759999990463257,2.7899999618530273,2.890000104904175,2.7100000381469727,2.7899999618530273
2012-01-26,3400,2.9000000953674316,2.799999952316284,2.9100000858306885,2.700000047683716,2.799999952316284
2012-01-25,8100,2.640000104904175,2.700000047683716,2.890000104904175,2.5199999809265137,2.700000047683716
2012-01-24,19200,2.6500000953674316,2.700000047683716,2.700000047683716,2.549999952316284,2.700000047683716
2012-01-23,7400,2.6500000953674316,2.700000047683716,2.9000000953674316,2.5799999237060547,2.700000047683716
2012-01-20,5400,2.7100000381469727,2.559999942779541,2.9000000953674316,2.559999942779541,2.559999942779541
2012-01-19,16700,2.6500000953674316,2.799999952316284,2.930000066757202,2.5,2.799999952316284
2012-01-18,5600,2.799999952316284,2.6500000953674316,3.0899999141693115,2.6500000953674316,2.6500000953674316
2012-01-17,4800,2.7300000190734863,2.9000000953674316,3.0899999141693115,2.6600000858306885,2.9000000953674316
2012-01-13,6400,2.7100000381469727,2.700000047683716,2.7100000381469727,2.450000047683716,2.700000047683716
2012-01-12,39700,2.869999885559082,2.75,3.009999990463257,2.75,2.75
2012-01-11,11400,2.7899999618530273,2.809999942779541,2.880000114440918,2.75,2.809999942779541
2012-01-10,17200,2.240000009536743,2.4000000953674316,2.5,2.240000009536743,2.4000000953674316
2012-01-09,8300,2.180000066757202,2.25,2.369999885559082,2.180000066757202,2.25
2012-01-06,3600,1.5700000524520874,2.240000009536743,2.990000009536743,1.5700000524520874,2.240000009536743
2012-01-05,10000,1.4600000381469727,1.600000023841858,1.600000023841858,1.4500000476837158,1.600000023841858
2012-01-04,3300,1.6699999570846558,1.4199999570846558,1.6699999570846558,1.4199999570846558,1.4199999570846558
2012-01-03,8200,1.4900000095367432,1.4299999475479126,1.5299999713897705,1.4199999570846558,1.4299999475479126
2011-12-30,28600,1.2899999618530273,1.399999976158142,1.4700000286102295,1.2599999904632568,1.399999976158142
2011-12-29,23000,1.350000023841858,1.2999999523162842,1.3899999856948853,1.2599999904632568,1.2999999523162842
2011-12-28,19400,1.25,1.2999999523162842,1.2999999523162842,1.149999976158142,1.2999999523162842
2011-12-27,18800,1.350000023841858,1.2699999809265137,1.3899999856948853,1.25,1.2699999809265137
2011-12-23,5900,1.340000033378601,1.3899999856948853,1.3899999856948853,1.2999999523162842,1.3899999856948853
2011-12-22,13300,1.3700000047683716,1.399999976158142,1.399999976158142,1.2999999523162842,1.399999976158142
2011-12-21,12100,1.3899999856948853,1.399999976158142,1.399999976158142,1.2999999523162842,1.399999976158142
2011-12-20,19500,1.309999942779541,1.3600000143051147,1.440000057220459,1.2999999523162842,1.3600000143051147
2011-12-19,21400,1.2999999523162842,1.2999999523162842,1.3300000429153442,1.2999999523162842,1.2999999523162842
2011-12-16,12800,1.2999999523162842,1.309999942779541,1.309999942779541,1.2999999523162842,1.309999942779541
2011-12-15,3500,1.309999942779541,1.2999999523162842,1.309999942779541,1.2999999523162842,1.2999999523162842
2011-12-14,2700,1.5,1.3300000429153442,1.5,1.3300000429153442,1.3300000429153442
2011-12-13,1900,1.440000057220459,1.4900000095367432,1.4900000095367432,1.3700000047683716,1.4900000095367432
2011-12-12,5700,1.409999966621399,1.3899999856948853,1.409999966621399,1.3600000143051147,1.3899999856948853
2011-12-09,2800,1.3799999952316284,1.3700000047683716,1.4199999570846558,1.350000023841858,1.3700000047683716
2011-12-08,7300,1.3799999952316284,1.3600000143051147,1.4199999570846558,1.3600000143051147,1.3600000143051147
2011-12-07,4300,1.3799999952316284,1.440000057220459,1.440000057220459,1.3600000143051147,1.440000057220459
2011-12-06,4200,1.2999999523162842,1.350000023841858,1.3799999952316284,1.2999999523162842,1.350000023841858
2011-12-05,25300,1.340000033378601,1.409999966621399,1.440000057220459,1.3200000524520874,1.409999966621399
2011-12-02,13900,1.399999976158142,1.2999999523162842,1.4199999570846558,1.2400000095367432,1.2999999523162842
2011-12-01,14900,1.5,1.3300000429153442,1.5,1.2999999523162842,1.3300000429153442
2011-11-30,37900,1.25,1.5299999713897705,1.649999976158142,1.2100000381469727,1.5299999713897705
2011-11-29,47800,1.2100000381469727,1.2000000476837158,1.2100000381469727,1.1699999570846558,1.2000000476837158
2011-11-28,22200,1.4199999570846558,1.2100000381469727,1.4199999570846558,1.2100000381469727,1.2100000381469727
2011-11-25,11700,1.2000000476837158,1.25,1.25,1.2000000476837158,1.25
2011-11-23,10300,1.2799999713897705,1.25,1.2799999713897705,1.2000000476837158,1.25
2011-11-22,10200,1.350000023841858,1.2999999523162842,1.350000023841858,1.2100000381469727,1.2999999523162842
2011-11-21,40700,1.2999999523162842,1.2899999618530273,1.3300000429153442,1.25,1.2899999618530273
2011-11-18,10400,1.3899999856948853,1.2999999523162842,1.4900000095367432,1.25,1.2999999523162842
2011-11-17,13200,1.399999976158142,1.4500000476837158,1.4800000190734863,1.350000023841858,1.4500000476837158
2011-11-16,1400,1.399999976158142,1.399999976158142,1.559999942779541,1.399999976158142,1.399999976158142
2011-11-15,3400,1.4500000476837158,1.5,1.5,1.399999976158142,1.5
2011-11-14,3200,1.4600000381469727,1.409999966621399,1.5499999523162842,1.409999966621399,1.409999966621399
2011-11-11,17100,1.5499999523162842,1.5499999523162842,1.5499999523162842,1.399999976158142,1.5499999523162842
2011-11-10,400,1.5499999523162842,1.5499999523162842,1.5499999523162842,1.5499999523162842,1.5499999523162842
2011-11-09,0,1.649999976158142,1.649999976158142,1.649999976158142,1.649999976158142,1.649999976158142
2011-11-08,8100,1.5499999523162842,1.649999976158142,1.649999976158142,1.5099999904632568,1.649999976158142
2011-11-07,1400,1.5,1.5499999523162842,1.5499999523162842,1.5,1.5499999523162842
2011-11-04,3700,1.4800000190734863,1.5,1.5,1.4700000286102295,1.5
2011-11-03,4800,1.600000023841858,1.5,1.600000023841858,1.4800000190734863,1.5
2011-11-02,27600,1.690000057220459,1.600000023841858,1.690000057220459,1.5099999904632568,1.600000023841858
2011-11-01,9800,1.6299999952316284,1.5099999904632568,1.6299999952316284,1.5099999904632568,1.5099999904632568
2011-10-31,5900,1.649999976158142,1.6799999475479126,1.6799999475479126,1.649999976158142,1.6799999475479126
2011-10-28,4100,1.809999942779541,1.7200000286102295,1.8200000524520874,1.649999976158142,1.7200000286102295
2011-10-27,11800,1.850000023841858,1.850000023841858,1.850000023841858,1.6399999856948853,1.850000023841858
2011-10-26,14500,1.7400000095367432,1.75,1.75,1.6100000143051147,1.75
2011-10-25,8000,1.75,1.75,1.75,1.75,1.75
2011-10-24,12100,1.7699999809265137,1.7699999809265137,1.7899999618530273,1.6299999952316284,1.7699999809265137
2011-10-21,10000,1.690000057220459,1.75,1.75,1.600000023841858,1.75
2011-10-20,28600,1.7899999618530273,1.7400000095367432,1.7899999618530273,1.600000023841858,1.7400000095367432
2011-10-19,18400,1.7100000381469727,1.649999976158142,1.7200000286102295,1.600000023841858,1.649999976158142
2011-10-18,31900,1.5099999904632568,1.6100000143051147,1.649999976158142,1.5,1.6100000143051147
2011-10-17,8900,1.6799999475479126,1.5299999713897705,1.6799999475479126,1.5299999713897705,1.5299999713897705
2011-10-14,11100,1.7000000476837158,1.649999976158142,1.7000000476837158,1.6100000143051147,1.649999976158142
2011-10-13,800,1.6399999856948853,1.7100000381469727,2.0,1.6399999856948853,1.7100000381469727
2011-10-12,7800,1.7799999713897705,1.7000000476837158,1.7999999523162842,1.649999976158142,1.7000000476837158
2011-10-11,11700,1.7300000190734863,1.7000000476837158,1.7999999523162842,1.7000000476837158,1.7000000476837158
2011-10-10,200,1.840000033378601,1.840000033378601,1.840000033378601,1.840000033378601,1.840000033378601
2011-10-07,2400,1.9199999570846558,1.8200000524520874,1.9199999570846558,1.7200000286102295,1.8200000524520874
2011-10-06,33800,1.7999999523162842,1.8300000429153442,1.850000023841858,1.7799999713897705,1.8300000429153442
2011-10-05,6000,1.809999942779541,1.809999942779541,1.850000023841858,1.7999999523162842,1.809999942779541
2011-10-04,10900,1.899999976158142,1.899999976158142,1.899999976158142,1.7799999713897705,1.899999976158142
2011-10-03,100,1.899999976158142,1.899999976158142,1.899999976158142,1.899999976158142,1.899999976158142
2011-09-30,17700,1.940000057220459,2.0,2.0,1.909999966621399,2.0
2011-09-29,26900,2.0999999046325684,1.9299999475479126,2.109999895095825,1.899999976158142,1.9299999475479126
2011-09-28,8100,2.1500000953674316,2.0999999046325684,2.1600000858306885,2.0999999046325684,2.0999999046325684
2011-09-27,45800,2.140000104904175,2.25,2.6500000953674316,2.069999933242798,2.25
2011-09-26,400,2.069999933242798,2.180000066757202,2.200000047683716,2.069999933242798,2.180000066757202
2011-09-23,3200,2.2300000190734863,2.0999999046325684,2.25,2.0999999046325684,2.0999999046325684
2011-09-22,12000,2.4100000858306885,2.25,2.509999990463257,2.2300000190734863,2.25
2011-09-21,9900,2.740000009536743,2.5999999046325684,2.740000009536743,2.5999999046325684,2.5999999046325684
2011-09-20,0,2.7200000286102295,2.7200000286102295,2.7200000286102295,2.7200000286102295,2.7200000286102295
2011-09-19,8000,2.809999942779541,2.7200000286102295,2.819999933242798,2.7200000286102295,2.7200000286102295
2011-09-16,3500,2.8499999046325684,2.9000000953674316,2.950000047683716,2.8499999046325684,2.9000000953674316
2011-09-15,8700,3.0,2.950000047683716,3.0,2.9000000953674316,2.950000047683716
2011-09-14,18800,2.8499999046325684,3.0,3.0999999046325684,2.8399999141693115,3.0
2011-09-13,9100,3.140000104904175,2.8499999046325684,3.140000104904175,2.8499999046325684,2.8499999046325684
2011-09-12,1100,2.8399999141693115,2.8399999141693115,2.8499999046325684,2.8399999141693115,2.8399999141693115
2011-09-09,1400,2.930000066757202,3.0799999237060547,3.0799999237060547,2.9200000762939453,3.0799999237060547
2011-09-08,7500,3.450000047683716,3.2799999713897705,3.450000047683716,2.9800000190734863,3.2799999713897705
2011-09-07,1600,2.950000047683716,3.390000104904175,3.390000104904175,2.9000000953674316,3.390000104904175
2011-09-06,1100,3.2799999713897705,2.9200000762939453,3.2799999713897705,2.9200000762939453,2.9200000762939453
2011-09-02,100,3.200000047683716,3.200000047683716,3.200000047683716,3.200000047683716,3.200000047683716
2011-09-01,900,3.490000009536743,3.200000047683716,3.490000009536743,3.200000047683716,3.200000047683716
2011-08-31,12500,3.1700000762939453,3.5,3.5,3.140000104904175,3.5
2011-08-30,0,3.180000066757202,3.180000066757202,3.180000066757202,3.180000066757202,3.180000066757202
2011-08-29,2000,3.2899999618530273,3.180000066757202,3.490000009536743,3.180000066757202,3.180000066757202
2011-08-26,400,3.049999952316284,3.049999952316284,3.049999952316284,3.049999952316284,3.049999952316284
2011-08-25,100,3.0899999141693115,3.0899999141693115,3.0899999141693115,3.0899999141693115,3.0899999141693115
2011-08-24,900,3.2799999713897705,3.0,3.2799999713897705,3.0,3.0
2011-08-23,6200,3.240000009536743,3.619999885559082,3.619999885559082,3.240000009536743,3.619999885559082
2011-08-22,4000,3.1500000953674316,3.2699999809265137,3.2699999809265137,3.1500000953674316,3.2699999809265137
2011-08-19,5600,2.5399999618530273,3.1500000953674316,3.390000104904175,2.450000047683716,3.1500000953674316
2011-08-18,3000,3.5,3.25,3.5299999713897705,3.25,3.25
2011-08-17,5300,3.4800000190734863,3.5899999141693115,3.6600000858306885,3.380000114440918,3.5899999141693115
2011-08-16,4900,3.0,3.680000066757202,4.570000171661377,3.0,3.680000066757202
2011-08-15,200,3.0,3.0,3.0,3.0,3.0
2011-08-12,11600,2.490000009536743,2.5299999713897705,2.6500000953674316,2.490000009536743,2.5299999713897705
2011-08-11,3700,2.549999952316284,2.4000000953674316,2.559999942779541,2.4000000953674316,2.4000000953674316
2011-08-10,16800,3.1700000762939453,2.450000047683716,3.1700000762939453,2.450000047683716,2.450000047683716
2011-08-09,5700,3.259999990463257,3.2300000190734863,3.5899999141693115,3.0999999046325684,3.2300000190734863
2011-08-08,6100,3.4000000953674316,3.299999952316284,3.509999990463257,3.25,3.299999952316284
2011-08-05,11000,3.5199999809265137,3.700000047683716,3.700000047683716,3.5,3.700000047683716
2011-08-04,16300,3.8399999141693115,3.5,3.8399999141693115,3.430000066757202,3.5
2011-08-03,13400,3.890000104904175,3.990000009536743,3.990000009536743,3.799999952316284,3.990000009536743
2011-08-02,13700,4.0,3.7699999809265137,4.019999980926514,3.75,3.7699999809265137
2011-08-01,15900,4.409999847412109,3.8499999046325684,4.409999847412109,3.8499999046325684,3.8499999046325684
2011-07-29,10400,3.609999895095825,4.260000228881836,4.739999771118164,3.609999895095825,4.260000228881836
2011-07-28,12100,3.930000066757202,3.5399999618530273,3.950000047683716,3.5399999618530273,3.5399999618530273
2011-07-27,22700,4.03000020980835,4.0,4.03000020980835,3.700000047683716,4.0
2011-07-26,73300,4.349999904632568,4.03000020980835,4.349999904632568,3.7899999618530273,4.03000020980835
2011-07-25,2900,4.300000190734863,4.320000171661377,4.349999904632568,4.300000190734863,4.320000171661377
2011-07-22,2200,4.670000076293945,4.489999771118164,4.670000076293945,4.489999771118164,4.489999771118164
2011-07-21,600,4.320000171661377,4.300000190734863,4.670000076293945,4.300000190734863,4.300000190734863
2011-07-20,1100,4.300000190734863,4.5,4.5,4.25,4.5
2011-07-19,9000,4.400000095367432,4.329999923706055,4.519999980926514,4.150000095367432,4.329999923706055
2011-07-18,3700,4.369999885559082,4.369999885559082,4.420000076293945,4.320000171661377,4.369999885559082
2011-07-15,2300,4.400000095367432,4.5,4.650000095367432,4.400000095367432,4.5
2011-07-14,1600,4.610000133514404,4.610000133514404,4.610000133514404,4.599999904632568,4.610000133514404
2011-07-13,1200,4.599999904632568,4.699999809265137,4.710000038146973,4.599999904632568,4.699999809265137
2011-07-12,600,5.0,4.570000171661377,5.0,4.570000171661377,4.570000171661377
2011-07-11,11900,4.760000228881836,4.760000228881836,4.929999828338623,4.75,4.760000228881836
2011-07-08,3100,4.869999885559082,4.760000228881836,4.869999885559082,4.760000228881836,4.760000228881836
2011-07-07,1900,4.78000020980835,4.849999904632568,4.869999885559082,4.78000020980835,4.849999904632568
2011-07-06,1900,4.860000133514404,4.769999980926514,5.300000190734863,4.769999980926514,4.769999980926514
2011-07-05,6600,5.050000190734863,4.900000095367432,5.050000190734863,4.800000190734863,4.900000095367432
2011-07-01,10400,4.96999979019165,5.0,5.0,4.75,5.0
2011-06-30,27000,4.429999828338623,4.849999904632568,4.889999866485596,4.429999828338623,4.849999904632568
2011-06-29,1900,4.199999809265137,4.449999809265137,4.449999809265137,4.199999809265137,4.449999809265137
2011-06-28,5000,4.380000114440918,4.210000038146973,4.449999809265137,4.099999904632568,4.210000038146973
2011-06-27,1000,4.510000228881836,4.300000190734863,4.579999923706055,4.300000190734863,4.300000190734863
2011-06-24,800,4.429999828338623,4.650000095367432,4.650000095367432,4.380000114440918,4.650000095367432
2011-06-23,1600,4.349999904632568,4.559999942779541,4.559999942779541,4.300000190734863,4.559999942779541
2011-06-22,23300,4.380000114440918,4.489999771118164,4.590000152587891,4.269999980926514,4.489999771118164
2011-06-21,49400,4.329999923706055,4.380000114440918,4.400000095367432,4.25,4.380000114440918
2011-06-20,6300,4.300000190734863,4.389999866485596,4.400000095367432,4.300000190734863,4.389999866485596
2011-06-17,2700,4.260000228881836,4.25,4.260000228881836,4.25,4.25
2011-06-16,6800,4.25,4.130000114440918,4.449999809265137,4.130000114440918,4.130000114440918
2011-06-15,5900,4.28000020980835,4.25,4.519999980926514,4.230000019073486,4.25
2011-06-14,10900,4.5,4.5,4.579999923706055,4.5,4.5
2011-06-13,11900,4.619999885559082,4.550000190734863,4.619999885559082,4.480000019073486,4.550000190734863
2011-06-10,9700,4.75,4.599999904632568,4.75,4.5,4.599999904632568
2011-06-09,14400,4.909999847412109,4.699999809265137,5.0,4.699999809265137,4.699999809265137
2011-06-08,35900,5.449999809265137,5.0,5.449999809265137,4.699999809265137,5.0
2011-06-07,29000,5.449999809265137,5.300000190734863,5.599999904632568,5.300000190734863,5.300000190734863
2011-06-06,6000,5.449999809265137,5.400000095367432,5.480000019073486,5.400000095367432,5.400000095367432
2011-06-03,2800,5.449999809265137,5.449999809265137,5.5,5.449999809265137,5.449999809265137
2011-06-02,0,5.800000190734863,5.800000190734863,5.800000190734863,5.800000190734863,5.800000190734863
2011-06-01,2300,5.800000190734863,5.800000190734863,5.809999942779541,5.800000190734863,5.800000190734863
2011-05-31,11500,5.5,5.75,5.75,5.46999979019165,5.75
2011-05-27,5800,5.400000095367432,5.449999809265137,5.460000038146973,5.340000152587891,5.449999809265137
2011-05-26,1200,5.070000171661377,5.449999809265137,5.449999809265137,5.070000171661377,5.449999809265137
2011-05-25,4200,5.449999809265137,5.429999828338623,5.449999809265137,5.269999980926514,5.429999828338623
2011-05-24,2500,5.510000228881836,5.550000190734863,5.550000190734863,5.5,5.550000190734863
2011-05-23,2800,5.630000114440918,5.449999809265137,5.630000114440918,5.449999809265137,5.449999809265137
2011-05-20,14900,5.599999904632568,5.570000171661377,5.760000228881836,5.570000171661377,5.570000171661377
2011-05-19,8100,5.639999866485596,5.599999904632568,5.650000095367432,5.599999904632568,5.599999904632568
2011-05-18,1300,5.440000057220459,5.539999961853027,5.539999961853027,5.440000057220459,5.539999961853027
2011-05-17,5600,5.489999771118164,5.409999847412109,5.739999771118164,5.400000095367432,5.409999847412109
2011-05-16,5500,5.320000171661377,5.519999980926514,5.53000020980835,5.320000171661377,5.519999980926514
2011-05-13,4400,5.420000076293945,5.400000095367432,5.449999809265137,5.400000095367432,5.400000095367432
2011-05-12,13400,5.849999904632568,5.5,5.849999904632568,5.380000114440918,5.5
2011-05-11,10400,5.989999771118164,5.900000095367432,6.0,5.900000095367432,5.900000095367432
2011-05-10,19700,6.0,6.0,6.019999980926514,6.0,6.0
2011-05-09,7000,6.010000228881836,6.010000228881836,6.010000228881836,6.0,6.010000228881836
2011-05-06,11000,5.949999809265137,6.0,6.099999904632568,5.949999809265137,6.0
2011-05-05,2400,5.909999847412109,5.949999809265137,5.949999809265137,5.909999847412109,5.949999809265137
2011-05-04,9600,6.230000019073486,5.909999847412109,6.230000019073486,5.909999847412109,5.909999847412109
2011-05-03,2200,6.159999847412109,6.320000171661377,6.409999847412109,6.159999847412109,6.320000171661377
2011-05-02,5300,6.309999942779541,6.389999866485596,6.409999847412109,6.150000095367432,6.389999866485596
2011-04-29,44000,6.110000133514404,6.510000228881836,6.510000228881836,6.090000152587891,6.510000228881836
2011-04-28,32100,6.25,6.150000095367432,6.349999904632568,6.150000095367432,6.150000095367432
2011-04-27,10000,6.25,6.25,6.25,6.25,6.25
2011-04-26,9900,6.360000133514404,6.349999904632568,6.389999866485596,6.349999904632568,6.349999904632568
2011-04-25,7600,6.389999866485596,6.400000095367432,6.400000095367432,6.309999942779541,6.400000095367432
2011-04-21,14200,6.269999980926514,6.309999942779541,6.349999904632568,6.25,6.309999942779541
2011-04-20,2800,6.440000057220459,6.150000095367432,6.440000057220459,6.150000095367432,6.150000095367432
2011-04-19,2600,6.150000095367432,6.150000095367432,6.199999809265137,6.150000095367432,6.150000095367432
2011-04-18,41000,6.159999847412109,6.210000038146973,6.300000190734863,6.150000095367432,6.210000038146973
2011-04-15,7500,6.150000095367432,6.170000076293945,6.210000038146973,6.150000095367432,6.170000076293945
2011-04-14,1900,6.230000019073486,6.199999809265137,6.440000057220459,6.159999847412109,6.199999809265137
2011-04-13,4200,6.210000038146973,6.400000095367432,6.409999847412109,6.199999809265137,6.400000095367432
2011-04-12,7300,6.150000095367432,6.269999980926514,6.340000152587891,6.150000095367432,6.269999980926514
2011-04-11,5300,6.150000095367432,6.25,6.25,6.03000020980835,6.25
2011-04-08,13500,6.150000095367432,6.25,6.519999980926514,6.090000152587891,6.25
2011-04-07,25500,6.349999904632568,6.360000133514404,6.5,6.099999904632568,6.360000133514404
2011-04-06,2900,6.5,6.5,6.670000076293945,6.5,6.5
2011-04-05,12500,6.699999809265137,6.5,6.699999809265137,6.130000114440918,6.5
2011-04-04,8700,6.75,6.699999809265137,6.769999980926514,6.699999809265137,6.699999809265137
2011-04-01,8200,6.840000152587891,6.75,6.849999904632568,6.75,6.75
2011-03-31,11200,6.710000038146973,6.829999923706055,6.829999923706055,6.710000038146973,6.829999923706055
2011-03-30,10300,6.949999809265137,6.849999904632568,6.949999809265137,6.849999904632568,6.849999904632568
2011-03-29,0,7.0,7.0,7.0,7.0,7.0
2011-03-28,1600,6.849999904632568,7.0,7.130000114440918,6.849999904632568,7.0
2011-03-25,3400,6.849999904632568,6.849999904632568,7.21999979019165,6.800000190734863,6.849999904632568
2011-03-24,900,7.170000076293945,6.860000133514404,7.170000076293945,6.849999904632568,6.860000133514404
2011-03-23,6900,7.199999809265137,7.0,7.199999809265137,6.860000133514404,7.0
2011-03-22,15400,7.119999885559082,7.210000038146973,7.210000038146973,7.099999904632568,7.210000038146973
2011-03-21,7900,7.070000171661377,7.199999809265137,7.25,7.050000190734863,7.199999809265137
2011-03-18,2200,7.400000095367432,7.400000095367432,7.400000095367432,7.179999828338623,7.400000095367432
2011-03-17,5900,7.449999809265137,7.349999904632568,7.449999809265137,7.119999885559082,7.349999904632568
2011-03-16,13600,7.0,7.300000190734863,7.300000190734863,7.0,7.300000190734863
2011-03-15,44500,7.099999904632568,7.150000095367432,7.300000190734863,7.099999904632568,7.150000095367432
2011-03-14,66900,7.25,7.300000190734863,7.300000190734863,7.0,7.300000190734863
2011-03-11,19600,6.730000019073486,6.949999809265137,7.0,6.710000038146973,6.949999809265137
2011-03-10,7100,6.989999771118164,6.800000190734863,6.989999771118164,6.710000038146973,6.800000190734863
2011-03-09,2400,7.210000038146973,6.75,7.239999771118164,6.75,6.75
2011-03-08,2300,7.239999771118164,7.099999904632568,7.239999771118164,7.0,7.099999904632568
2011-03-07,2100,7.25,7.199999809265137,7.25,6.900000095367432,7.199999809265137
2011-03-04,14500,7.309999942779541,7.309999942779541,7.329999923706055,7.25,7.309999942779541
2011-03-03,25900,7.699999809265137,7.199999809265137,7.699999809265137,6.559999942779541,7.199999809265137
2011-03-02,3900,7.559999942779541,7.5,7.789999961853027,7.5,7.5
2011-03-01,500,7.71999979019165,7.699999809265137,7.71999979019165,7.699999809265137,7.699999809265137
2011-02-28,1400,7.96999979019165,7.699999809265137,7.96999979019165,7.699999809265137,7.699999809265137
2011-02-25,200,8.100000381469727,7.940000057220459,8.100000381469727,7.940000057220459,7.940000057220459
2011-02-24,11100,7.849999904632568,7.800000190734863,7.849999904632568,7.710000038146973,7.800000190734863
2011-02-23,4100,7.820000171661377,7.900000095367432,7.900000095367432,7.800000190734863,7.900000095367432
2011-02-22,9100,7.800000190734863,7.849999904632568,8.010000228881836,7.800000190734863,7.849999904632568
2011-02-18,2700,8.199999809265137,7.900000095367432,8.199999809265137,7.900000095367432,7.900000095367432
2011-02-17,2500,7.880000114440918,7.849999904632568,8.149999618530273,7.849999904632568,7.849999904632568
2011-02-16,7600,8.079999923706055,8.0,8.079999923706055,7.849999904632568,8.0
2011-02-15,4100,8.470000267028809,7.860000133514404,8.470000267028809,7.849999904632568,7.860000133514404
2011-02-14,1400,8.119999885559082,7.989999771118164,8.119999885559082,7.989999771118164,7.989999771118164
2011-02-11,700,8.359999656677246,8.050000190734863,8.359999656677246,8.050000190734863,8.050000190734863
2011-02-10,4200,8.140000343322754,8.0,8.140000343322754,7.860000133514404,8.0
2011-02-09,8900,8.0,8.0,8.149999618530273,7.849999904632568,8.0
2011-02-08,22000,7.889999866485596,8.0,8.569999694824219,7.889999866485596,8.0
2011-02-07,18100,8.180000305175781,7.849999904632568,8.850000381469727,7.849999904632568,7.849999904632568
2011-02-04,5200,7.860000133514404,7.849999904632568,8.199999809265137,7.539999961853027,7.849999904632568
2011-02-03,7100,7.849999904632568,7.949999809265137,8.0600004196167,7.849999904632568,7.949999809265137
2011-02-02,6800,8.479999542236328,7.900000095367432,8.479999542236328,7.849999904632568,7.900000095367432
2011-02-01,47800,6.739999771118164,8.039999961853027,8.199999809265137,6.739999771118164,8.039999961853027
2011-01-31,1400,6.230000019073486,6.5,6.5,6.230000019073486,6.5
2011-01-28,7100,6.059999942779541,6.0,6.239999771118164,5.730000019073486,6.0
2011-01-27,2100,6.400000095367432,6.230000019073486,6.400000095367432,6.230000019073486,6.230000019073486
2011-01-26,6700,6.380000114440918,6.25,6.380000114440918,5.849999904632568,6.25
2011-01-25,5400,6.099999904632568,6.0,6.099999904632568,5.949999809265137,6.0
2011-01-24,9000,5.809999942779541,6.139999866485596,6.139999866485596,5.809999942779541,6.139999866485596
2011-01-21,6400,6.289999961853027,6.010000228881836,6.289999961853027,6.0,6.010000228881836
2011-01-20,30500,6.21999979019165,6.0,6.46999979019165,4.360000133514404,6.0
2011-01-19,9100,7.0,6.5,7.0,6.5,6.5
2011-01-18,4300,6.980000019073486,6.900000095367432,6.980000019073486,6.5,6.900000095367432
2011-01-14,5100,6.730000019073486,6.840000152587891,6.840000152587891,6.639999866485596,6.840000152587891
2011-01-13,13600,6.610000133514404,6.340000152587891,6.610000133514404,6.260000228881836,6.340000152587891
2011-01-12,3300,6.480000019073486,6.579999923706055,6.699999809265137,6.480000019073486,6.579999923706055
2011-01-11,23600,6.739999771118164,6.5,6.739999771118164,6.159999847412109,6.5
2011-01-10,24000,5.960000038146973,6.28000020980835,6.400000095367432,5.960000038146973,6.28000020980835
2011-01-07,10600,6.28000020980835,6.179999828338623,6.389999866485596,5.869999885559082,6.179999828338623
2011-01-06,14600,5.980000019073486,6.0,6.010000228881836,5.809999942779541,6.0
2011-01-05,5900,5.739999771118164,5.949999809265137,6.289999961853027,5.699999809265137,5.949999809265137
2011-01-04,4700,5.800000190734863,5.769999980926514,5.800000190734863,5.559999942779541,5.769999980926514
2011-01-03,1500,5.809999942779541,5.769999980926514,6.179999828338623,5.739999771118164,5.769999980926514
2010-12-31,21300,6.0,5.769999980926514,6.0,5.710000038146973,5.769999980926514
2010-12-30,16000,5.929999828338623,5.699999809265137,5.940000057220459,5.389999866485596,5.699999809265137
2010-12-29,11300,6.050000190734863,5.889999866485596,6.050000190734863,5.889999866485596,5.889999866485596
2010-12-28,5400,6.25,6.050000190734863,6.25,6.039999961853027,6.050000190734863
2010-12-27,4100,6.099999904632568,6.150000095367432,6.300000190734863,6.099999904632568,6.150000095367432
2010-12-23,2100,6.119999885559082,6.099999904632568,6.119999885559082,6.039999961853027,6.099999904632568
2010-12-22,7500,6.039999961853027,6.079999923706055,6.099999904632568,6.039999961853027,6.079999923706055
2010-12-21,32900,6.019999980926514,6.099999904632568,6.099999904632568,6.010000228881836,6.099999904632568
2010-12-20,6500,6.25,6.019999980926514,6.25,6.0,6.019999980926514
2010-12-17,0,6.050000190734863,6.050000190734863,6.050000190734863,6.050000190734863,6.050000190734863
2010-12-16,9600,6.150000095367432,6.050000190734863,6.25,6.050000190734863,6.050000190734863
2010-12-15,400,6.079999923706055,6.150000095367432,6.150000095367432,6.070000171661377,6.150000095367432
2010-12-14,6800,6.25,6.349999904632568,6.420000076293945,6.110000133514404,6.349999904632568
2010-12-13,6700,6.25,6.190000057220459,6.25,6.010000228881836,6.190000057220459
2010-12-10,8600,6.0,6.019999980926514,6.25,6.0,6.019999980926514
2010-12-09,9800,6.0,6.010000228881836,6.25,6.0,6.010000228881836
2010-12-08,3000,6.260000228881836,6.0,6.260000228881836,6.0,6.0
2010-12-07,3100,6.570000171661377,6.25,6.570000171661377,6.25,6.25
2010-12-06,1400,6.0,6.5,6.5,6.0,6.5
2010-12-03,1000,5.78000020980835,6.25,6.25,5.78000020980835,6.25
2010-12-02,8300,5.75,6.25,6.369999885559082,5.699999809265137,6.25
2010-12-01,1500,5.869999885559082,5.519999980926514,5.869999885559082,5.519999980926514,5.519999980926514
2010-11-30,4500,5.519999980926514,5.840000152587891,5.880000114440918,5.340000152587891,5.840000152587891
2010-11-29,2200,5.739999771118164,5.760000228881836,5.760000228881836,5.739999771118164,5.760000228881836
2010-11-26,5600,5.849999904632568,5.840000152587891,5.849999904632568,5.579999923706055,5.840000152587891
2010-11-24,11500,6.139999866485596,5.949999809265137,6.150000095367432,5.789999961853027,5.949999809265137
2010-11-23,20400,6.349999904632568,6.25,6.440000057220459,6.119999885559082,6.25
2010-11-22,10000,6.329999923706055,6.130000114440918,6.349999904632568,6.130000114440918,6.130000114440918
2010-11-19,2300,6.139999866485596,6.199999809265137,6.699999809265137,6.130000114440918,6.199999809265137
2010-11-18,500,6.409999847412109,6.599999904632568,6.75,6.409999847412109,6.599999904632568
2010-11-17,8200,6.059999942779541,6.840000152587891,6.840000152587891,6.059999942779541,6.840000152587891
2010-11-16,3700,6.349999904632568,6.300000190734863,6.449999809265137,6.300000190734863,6.300000190734863
2010-11-15,700,6.800000190734863,6.260000228881836,6.800000190734863,6.260000228881836,6.260000228881836
2010-11-12,2300,6.599999904632568,6.199999809265137,6.599999904632568,6.150000095367432,6.199999809265137
2010-11-11,5400,6.440000057220459,6.480000019073486,6.480000019073486,6.150000095367432,6.480000019073486
2010-11-10,1500,6.53000020980835,6.409999847412109,6.550000190734863,6.409999847412109,6.409999847412109
2010-11-09,1000,6.860000133514404,6.599999904632568,6.860000133514404,6.599999904632568,6.599999904632568
2010-11-08,4600,6.949999809265137,6.75,6.949999809265137,6.75,6.75
2010-11-05,3100,6.800000190734863,6.860000133514404,7.25,6.760000228881836,6.860000133514404
2010-11-04,1900,6.400000095367432,6.699999809265137,6.739999771118164,6.400000095367432,6.699999809265137
2010-11-03,3300,6.699999809265137,6.599999904632568,6.900000095367432,6.599999904632568,6.599999904632568
2010-11-02,7500,6.71999979019165,6.449999809265137,6.75,6.449999809265137,6.449999809265137
2010-11-01,3800,7.489999771118164,6.900000095367432,7.489999771118164,6.650000095367432,6.900000095367432
2010-10-29,15100,6.46999979019165,7.369999885559082,7.5,6.449999809265137,7.369999885559082
2010-10-28,4200,6.5,6.550000190734863,6.590000152587891,6.269999980926514,6.550000190734863
2010-10-27,8800,6.510000228881836,6.599999904632568,6.599999904632568,6.510000228881836,6.599999904632568
2010-10-26,1500,6.619999885559082,6.610000133514404,6.619999885559082,6.510000228881836,6.610000133514404
2010-10-25,0,6.650000095367432,6.650000095367432,6.650000095367432,6.650000095367432,6.650000095367432
2010-10-22,1800,6.760000228881836,6.650000095367432,6.78000020980835,6.650000095367432,6.650000095367432
2010-10-21,1000,6.650000095367432,6.659999847412109,6.849999904632568,6.650000095367432,6.659999847412109
2010-10-20,3000,7.0,6.849999904632568,7.0,6.820000171661377,6.849999904632568
2010-10-19,6000,6.78000020980835,6.599999904632568,6.829999923706055,6.550000190734863,6.599999904632568
2010-10-18,3100,6.699999809265137,6.75,7.349999904632568,6.650000095367432,6.75
2010-10-15,73900,7.0,7.0,7.0,6.75,7.0
2010-10-14,1700,7.099999904632568,7.099999904632568,7.150000095367432,7.099999904632568,7.099999904632568
2010-10-13,6300,7.170000076293945,7.349999904632568,7.349999904632568,7.150000095367432,7.349999904632568
2010-10-12,48800,7.28000020980835,7.349999904632568,7.349999904632568,7.159999847412109,7.349999904632568
2010-10-11,28300,7.380000114440918,7.349999904632568,7.380000114440918,7.349999904632568,7.349999904632568
2010-10-08,17300,7.0,7.449999809265137,7.449999809265137,6.610000133514404,7.449999809265137
2010-10-07,3600,6.760000228881836,6.989999771118164,7.139999866485596,6.75,6.989999771118164
2010-10-06,5500,6.880000114440918,7.0,7.0,6.75,7.0
2010-10-05,2300,6.559999942779541,6.75,6.800000190734863,6.559999942779541,6.75
2010-10-04,9500,6.75,6.559999942779541,7.0,6.559999942779541,6.559999942779541
2010-10-01,1200,6.949999809265137,6.960000038146973,6.96999979019165,6.639999866485596,6.960000038146973
2010-09-30,16900,7.0,6.849999904632568,7.0,6.619999885559082,6.849999904632568
2010-09-29,500,6.889999866485596,6.889999866485596,6.889999866485596,6.880000114440918,6.889999866485596
2010-09-28,400,6.960000038146973,6.889999866485596,6.960000038146973,6.889999866485596,6.889999866485596
2010-09-27,6100,6.880000114440918,6.900000095367432,6.900000095367432,6.610000133514404,6.900000095367432
2010-09-24,600,7.190000057220459,7.25,7.25,6.96999979019165,7.25
2010-09-23,4700,7.050000190734863,7.050000190734863,7.070000171661377,6.900000095367432,7.050000190734863
2010-09-22,2400,6.590000152587891,7.050000190734863,7.179999828338623,6.590000152587891,7.050000190734863
2010-09-21,3800,7.070000171661377,7.25,7.300000190734863,7.050000190734863,7.25
2010-09-20,2600,6.900000095367432,7.170000076293945,7.25,6.900000095367432,7.170000076293945
2010-09-17,2000,7.25,7.25,7.300000190734863,6.960000038146973,7.25
2010-09-16,2100,7.25,7.25,7.25,7.0,7.25
2010-09-15,1100,7.119999885559082,7.25,7.25,7.070000171661377,7.25
2010-09-14,6500,7.099999904632568,7.25,7.5,6.900000095367432,7.25
2010-09-13,500,6.429999828338623,7.099999904632568,7.170000076293945,6.429999828338623,7.099999904632568
2010-09-10,6600,6.940000057220459,6.75,6.949999809265137,6.659999847412109,6.75
2010-09-09,9900,6.760000228881836,6.559999942779541,6.989999771118164,6.559999942779541,6.559999942779541
2010-09-08,1400,6.699999809265137,6.71999979019165,6.75,6.679999828338623,6.71999979019165
2010-09-07,6400,6.679999828338623,6.630000114440918,6.800000190734863,6.519999980926514,6.630000114440918
2010-09-03,7800,6.829999923706055,6.840000152587891,7.0,6.760000228881836,6.840000152587891
2010-09-02,2400,6.489999771118164,6.510000228881836,6.800000190734863,6.489999771118164,6.510000228881836
2010-09-01,2500,6.170000076293945,6.409999847412109,6.449999809265137,6.170000076293945,6.409999847412109
2010-08-31,13000,6.25,6.300000190734863,6.449999809265137,6.150000095367432,6.300000190734863
2010-08-30,7500,6.599999904632568,6.550000190734863,6.599999904632568,6.159999847412109,6.550000190734863
2010-08-27,4400,6.610000133514404,6.650000095367432,6.739999771118164,6.519999980926514,6.650000095367432
2010-08-26,3700,6.670000076293945,6.710000038146973,6.78000020980835,6.619999885559082,6.710000038146973
2010-08-25,7400,6.690000057220459,6.610000133514404,6.739999771118164,6.599999904632568,6.610000133514404
2010-08-24,48400,7.010000228881836,6.849999904632568,7.010000228881836,6.650000095367432,6.849999904632568
2010-08-23,12000,6.900000095367432,6.900000095367432,7.03000020980835,6.800000190734863,6.900000095367432
2010-08-20,2000,6.900000095367432,6.900000095367432,6.900000095367432,6.639999866485596,6.900000095367432
2010-08-19,2000,7.0,6.900000095367432,7.0,6.760000228881836,6.900000095367432
2010-08-18,0,7.179999828338623,7.179999828338623,7.179999828338623,7.179999828338623,7.179999828338623
2010-08-17,3600,7.0,7.179999828338623,7.300000190734863,7.0,7.179999828338623
2010-08-16,30900,7.21999979019165,6.78000020980835,7.21999979019165,6.5,6.78000020980835
2010-08-13,400,7.230000019073486,7.159999847412109,7.25,7.159999847412109,7.159999847412109
2010-08-12,700,7.110000133514404,7.21999979019165,7.260000228881836,7.110000133514404,7.21999979019165
2010-08-11,1400,7.360000133514404,7.210000038146973,7.360000133514404,7.130000114440918,7.210000038146973
2010-08-10,400,7.340000152587891,7.340000152587891,7.340000152587891,7.340000152587891,7.340000152587891
2010-08-09,6900,7.260000228881836,7.699999809265137,7.75,7.260000228881836,7.699999809265137
2010-08-06,5600,7.400000095367432,7.25,7.710000038146973,6.860000133514404,7.25
2010-08-05,7100,7.300000190734863,7.400000095367432,7.5,7.300000190734863,7.400000095367432
2010-08-04,2300,7.139999866485596,7.25,7.25,7.139999866485596,7.25
2010-08-03,4100,6.989999771118164,7.090000152587891,7.090000152587891,6.949999809265137,7.090000152587891
2010-08-02,9800,7.139999866485596,7.099999904632568,7.400000095367432,7.070000171661377,7.099999904632568
2010-07-30,7300,7.5,7.099999904632568,7.5,6.75,7.099999904632568
2010-07-29,7700,7.519999980926514,7.5,7.920000076293945,7.420000076293945,7.5
2010-07-28,12600,8.170000076293945,7.980000019073486,8.210000038146973,7.699999809265137,7.980000019073486
2010-07-27,14400,7.929999828338623,8.149999618530273,8.199999809265137,7.769999980926514,8.149999618530273
2010-07-26,25300,7.25,7.78000020980835,7.78000020980835,7.150000095367432,7.78000020980835
2010-07-23,4300,6.96999979019165,7.150000095367432,7.25,6.949999809265137,7.150000095367432
2010-07-22,1300,6.869999885559082,6.949999809265137,6.949999809265137,6.869999885559082,6.949999809265137
2010-07-21,10300,7.179999828338623,6.809999942779541,7.199999809265137,6.690000057220459,6.809999942779541
2010-07-20,2600,7.039999961853027,6.820000171661377,7.050000190734863,6.820000171661377,6.820000171661377
2010-07-19,3300,6.53000020980835,7.0,7.0,6.53000020980835,7.0
2010-07-16,4600,7.019999980926514,6.75,7.019999980926514,6.570000171661377,6.75
2010-07-15,8600,7.0,7.0,7.170000076293945,6.760000228881836,7.0
2010-07-14,13000,7.130000114440918,7.050000190734863,7.190000057220459,6.900000095367432,7.050000190734863
2010-07-13,14600,7.0,7.320000171661377,7.5,6.840000152587891,7.320000171661377
2010-07-12,8400,7.150000095367432,6.849999904632568,7.150000095367432,6.820000171661377,6.849999904632568
2010-07-09,4500,6.78000020980835,7.170000076293945,7.400000095367432,6.78000020980835,7.170000076293945
2010-07-08,4800,6.869999885559082,6.920000076293945,7.150000095367432,6.670000076293945,6.920000076293945
2010-07-07,17100,6.699999809265137,6.989999771118164,7.449999809265137,6.550000190734863,6.989999771118164
2010-07-06,15700,6.949999809265137,6.760000228881836,7.5,6.75,6.760000228881836
2010-07-02,16800,7.690000057220459,7.010000228881836,7.690000057220459,6.820000171661377,7.010000228881836
2010-07-01,3600,7.03000020980835,7.28000020980835,7.599999904632568,7.010000228881836,7.28000020980835
2010-06-30,29500,7.0,7.150000095367432,8.0,7.0,7.150000095367432
2010-06-29,36600,7.329999923706055,6.929999828338623,7.420000076293945,6.590000152587891,6.929999828338623
2010-06-28,17100,7.289999961853027,7.320000171661377,7.699999809265137,7.199999809265137,7.320000171661377
2010-06-25,13000,7.599999904632568,7.53000020980835,8.0,7.360000133514404,7.53000020980835
2010-06-24,71300,7.539999961853027,7.699999809265137,7.900000095367432,7.539999961853027,7.699999809265137
2010-06-23,18500,7.5,7.639999866485596,7.900000095367432,7.269999980926514,7.639999866485596
2010-06-22,17700,7.820000171661377,7.5,7.909999847412109,7.5,7.5
2010-06-21,71700,8.130000114440918,7.980000019073486,8.199999809265137,7.710000038146973,7.980000019073486
2010-06-18,29200,8.890000343322754,8.09000015258789,8.960000038146973,8.0,8.09000015258789
2010-06-17,12700,8.170000076293945,8.350000381469727,8.880000114440918,8.149999618530273,8.350000381469727
2010-06-16,8800,8.359999656677246,8.260000228881836,8.510000228881836,8.149999618530273,8.260000228881836
2010-06-15,12600,8.930000305175781,8.649999618530273,8.949999809265137,8.380000114440918,8.649999618530273
2010-06-14,10500,8.300000190734863,8.899999618530273,8.970000267028809,8.300000190734863,8.899999618530273
2010-06-11,3900,8.369999885559082,8.529999732971191,9.0,8.369999885559082,8.529999732971191
2010-06-10,4000,8.5,8.75,8.75,8.5,8.75
2010-06-09,4300,8.600000381469727,8.5,8.9399995803833,8.430000305175781,8.5
2010-06-08,4200,8.930000305175781,8.75,9.020000457763672,8.75,8.75
2010-06-07,10300,8.210000038146973,8.670000076293945,9.399999618530273,8.1899995803833,8.670000076293945
2010-06-04,53300,9.5,8.899999618530273,9.5,8.539999961853027,8.899999618530273
2010-06-03,105900,10.479999542236328,9.970000267028809,10.739999771118164,9.970000267028809,9.970000267028809
2010-06-02,44700,10.470000267028809,10.369999885559082,10.5,10.050000190734863,10.369999885559082
2010-06-01,10600,10.199999809265137,10.149999618530273,10.359999656677246,9.800000190734863,10.149999618530273
2010-05-28,13400,10.470000267028809,10.239999771118164,10.5,10.010000228881836,10.239999771118164
2010-05-27,34300,10.050000190734863,10.5,10.5,10.050000190734863,10.5
2010-05-26,71100,9.789999961853027,10.199999809265137,10.489999771118164,9.770000457763672,10.199999809265137
2010-05-25,8600,9.989999771118164,9.75,9.989999771118164,9.260000228881836,9.75
2010-05-24,6100,9.640000343322754,10.020000457763672,10.569999694824219,9.539999961853027,10.020000457763672
2010-05-21,10800,10.149999618530273,10.489999771118164,10.6899995803833,9.430000305175781,10.489999771118164
2010-05-20,21400,10.079999923706055,10.529999732971191,10.600000381469727,10.0,10.529999732971191
2010-05-19,44400,10.399999618530273,10.649999618530273,10.75,10.149999618530273,10.649999618530273
2010-05-18,92500,10.220000267028809,10.449999809265137,10.449999809265137,9.949999809265137,10.449999809265137
2010-05-17,17700,11.1899995803833,10.289999961853027,11.1899995803833,9.960000038146973,10.289999961853027
2010-05-14,4400,10.84000015258789,10.710000038146973,10.84000015258789,10.15999984741211,10.710000038146973
2010-05-13,12700,11.25,10.960000038146973,11.25,10.149999618530273,10.960000038146973
2010-05-12,15100,10.760000228881836,11.0,11.199999809265137,10.760000228881836,11.0
2010-05-11,12700,10.850000381469727,10.779999732971191,10.850000381469727,10.600000381469727,10.779999732971191
2010-05-10,50100,10.0,10.789999961853027,10.829999923706055,9.979999542236328,10.789999961853027
2010-05-07,10100,10.079999923706055,10.0,10.079999923706055,9.5,10.0
2010-05-06,20500,10.84000015258789,10.279999732971191,10.84000015258789,9.399999618530273,10.279999732971191
2010-05-05,5900,10.539999961853027,10.5,10.989999771118164,10.5,10.5
2010-05-04,35600,11.100000381469727,10.40999984741211,11.100000381469727,10.260000228881836,10.40999984741211
2010-05-03,43200,11.199999809265137,11.4399995803833,11.640000343322754,10.619999885559082,11.4399995803833
2010-04-30,12000,11.029999732971191,11.510000228881836,11.59000015258789,10.930000305175781,11.510000228881836
2010-04-29,12900,10.65999984741211,10.949999809265137,11.050000190734863,10.619999885559082,10.949999809265137
2010-04-28,24900,11.0600004196167,10.430000305175781,11.100000381469727,10.039999961853027,10.430000305175781
2010-04-27,19100,11.529999732971191,11.050000190734863,11.529999732971191,10.899999618530273,11.050000190734863
2010-04-26,43400,11.039999961853027,11.600000381469727,11.630000114440918,11.039999961853027,11.600000381469727
2010-04-23,40800,10.6899995803833,10.970000267028809,10.989999771118164,10.6899995803833,10.970000267028809
2010-04-22,22700,10.0600004196167,10.670000076293945,10.699999809265137,10.0600004196167,10.670000076293945
2010-04-21,40600,9.59000015258789,10.210000038146973,10.600000381469727,9.380000114440918,10.210000038146973
2010-04-20,11400,9.260000228881836,9.600000381469727,9.600000381469727,9.25,9.600000381469727
2010-04-19,10600,9.300000190734863,9.25,9.3100004196167,9.15999984741211,9.25
2010-04-16,8300,9.5,9.300000190734863,9.5,9.300000190734863,9.300000190734863
2010-04-15,3600,9.479999542236328,9.399999618530273,9.5,9.270000457763672,9.399999618530273
2010-04-14,16800,9.199999809265137,9.5,9.5,9.100000381469727,9.5
2010-04-13,9000,8.920000076293945,9.100000381469727,9.100000381469727,8.899999618530273,9.100000381469727
2010-04-12,8800,9.199999809265137,9.020000457763672,9.199999809265137,8.789999961853027,9.020000457763672
2010-04-09,8400,9.119999885559082,9.0600004196167,9.119999885559082,8.579999923706055,9.0600004196167
2010-04-08,10300,8.8100004196167,8.84000015258789,8.84000015258789,8.699999809265137,8.84000015258789
2010-04-07,8300,8.569999694824219,8.979999542236328,9.0,8.569999694824219,8.979999542236328
2010-04-06,2000,8.899999618530273,9.0,9.199999809265137,8.899999618530273,9.0
2010-04-05,4100,8.710000038146973,8.899999618530273,8.899999618530273,8.699999809265137,8.899999618530273
2010-04-01,19900,8.829999923706055,8.699999809265137,9.0,8.65999984741211,8.699999809265137
2010-03-31,21300,8.850000381469727,8.84000015258789,9.0,8.84000015258789,8.84000015258789
2010-03-30,5400,9.199999809265137,9.1899995803833,9.199999809265137,8.899999618530273,9.1899995803833
2010-03-29,2200,9.390000343322754,9.199999809265137,9.390000343322754,9.199999809265137,9.199999809265137
2010-03-26,7000,9.350000381469727,9.15999984741211,9.390000343322754,9.149999618530273,9.15999984741211
2010-03-25,6700,9.300000190734863,9.300000190734863,9.399999618530273,9.300000190734863,9.300000190734863
2010-03-24,6900,9.390000343322754,9.399999618530273,9.399999618530273,9.220000267028809,9.399999618530273
2010-03-23,16900,9.300000190734863,9.399999618530273,9.399999618530273,9.220000267028809,9.399999618530273
2010-03-22,9700,9.25,9.390000343322754,9.5,9.0,9.390000343322754
2010-03-19,23500,9.050000190734863,9.050000190734863,9.699999809265137,9.0,9.050000190734863
2010-03-18,10500,8.75,9.140000343322754,9.489999771118164,8.75,9.140000343322754
2010-03-17,21900,8.890000343322754,8.989999771118164,9.020000457763672,8.850000381469727,8.989999771118164
2010-03-16,4700,8.300000190734863,8.899999618530273,8.899999618530273,8.279999732971191,8.899999618530273
2010-03-15,9000,8.699999809265137,8.800000190734863,8.800000190734863,8.680000305175781,8.800000190734863
2010-03-12,39400,8.800000190734863,8.899999618530273,9.09000015258789,8.550000190734863,8.899999618530273
2010-03-11,13700,8.739999771118164,8.800000190734863,8.899999618530273,8.59000015258789,8.800000190734863
2010-03-10,37900,8.899999618530273,8.630000114440918,8.899999618530273,8.260000228881836,8.630000114440918
2010-03-09,19000,8.890000343322754,8.84000015258789,8.949999809265137,8.75,8.84000015258789
2010-03-08,59900,8.4399995803833,8.75,9.100000381469727,8.4399995803833,8.75
2010-03-05,32600,6.889999866485596,8.319999694824219,8.84000015258789,6.889999866485596,8.319999694824219
2010-03-04,25000,7.0,6.75,7.019999980926514,6.570000171661377,6.75
2010-03-03,37800,6.340000152587891,7.0,7.0,6.340000152587891,7.0
2010-03-02,31400,6.050000190734863,6.25,6.840000152587891,6.050000190734863,6.25
2010-03-01,4300,6.050000190734863,6.050000190734863,6.050000190734863,6.03000020980835,6.050000190734863
2010-02-26,64800,6.0,6.099999904632568,6.099999904632568,5.639999866485596,6.099999904632568
2010-02-25,2000,5.949999809265137,6.25,6.25,5.949999809265137,6.25
2010-02-24,13700,5.849999904632568,5.699999809265137,5.849999904632568,5.699999809265137,5.699999809265137
2010-02-23,1900,5.760000228881836,5.840000152587891,5.840000152587891,5.75,5.840000152587891
2010-02-22,8700,5.800000190734863,5.760000228881836,5.900000095367432,5.760000228881836,5.760000228881836
2010-02-19,5100,6.210000038146973,5.809999942779541,6.260000228881836,5.809999942779541,5.809999942779541
2010-02-18,10200,5.889999866485596,5.849999904632568,6.0,5.800000190734863,5.849999904632568
2010-02-17,12600,5.860000133514404,5.869999885559082,6.210000038146973,5.670000076293945,5.869999885559082
2010-02-16,1600,5.5,5.380000114440918,5.739999771118164,5.360000133514404,5.380000114440918
2010-02-12,600,5.510000228881836,5.5,5.510000228881836,5.5,5.5
2010-02-11,1900,5.510000228881836,5.710000038146973,5.710000038146973,5.510000228881836,5.710000038146973
2010-02-10,2000,5.5,5.5,5.550000190734863,5.5,5.5
2010-02-09,4700,5.599999904632568,5.539999961853027,5.71999979019165,5.5,5.539999961853027
2010-02-08,1500,5.320000171661377,5.590000152587891,5.639999866485596,5.300000190734863,5.590000152587891
2010-02-05,2000,5.340000152587891,5.300000190734863,5.340000152587891,5.300000190734863,5.300000190734863
2010-02-04,1500,5.400000095367432,5.5,5.5,5.400000095367432,5.5
2010-02-03,2800,5.46999979019165,5.46999979019165,5.46999979019165,5.440000057220459,5.46999979019165
2010-02-02,2900,5.440000057220459,5.449999809265137,5.449999809265137,5.440000057220459,5.449999809265137
2010-02-01,2400,5.5,5.400000095367432,5.5,5.400000095367432,5.400000095367432
2010-01-29,3000,5.300000190734863,5.300000190734863,5.309999942779541,5.300000190734863,5.300000190734863
2010-01-28,4700,5.309999942779541,5.429999828338623,5.429999828338623,5.300000190734863,5.429999828338623
2010-01-27,3100,5.599999904632568,5.400000095367432,5.599999904632568,5.309999942779541,5.400000095367432
2010-01-26,4900,5.699999809265137,5.5,5.699999809265137,5.5,5.5
2010-01-25,3900,5.599999904632568,5.599999904632568,5.679999828338623,5.559999942779541,5.599999904632568
2010-01-22,1900,5.679999828338623,5.650000095367432,5.679999828338623,5.650000095367432,5.650000095367432
2010-01-21,100,5.679999828338623,5.679999828338623,5.679999828338623,5.679999828338623,5.679999828338623
2010-01-20,6600,5.510000228881836,5.78000020980835,5.789999961853027,5.510000228881836,5.78000020980835
2010-01-19,1900,5.409999847412109,5.550000190734863,5.550000190734863,5.409999847412109,5.550000190734863
2010-01-15,10100,5.619999885559082,5.5,5.619999885559082,5.400000095367432,5.5
2010-01-14,4700,5.75,5.610000133514404,5.789999961853027,5.559999942779541,5.610000133514404
2010-01-13,9600,5.5,5.75,5.75,5.449999809265137,5.75
2010-01-12,1600,5.460000038146973,5.5,5.5,5.349999904632568,5.5
2010-01-11,12300,5.670000076293945,5.699999809265137,5.769999980926514,5.28000020980835,5.699999809265137
2010-01-08,1900,5.550000190734863,5.75,5.75,5.550000190734863,5.75
2010-01-07,8900,5.210000038146973,5.639999866485596,5.699999809265137,5.210000038146973,5.639999866485596
2010-01-06,3800,5.170000076293945,5.25,5.25,5.170000076293945,5.25
2010-01-05,6300,5.300000190734863,5.25,5.5,5.199999809265137,5.25
2010-01-04,47700,5.300000190734863,5.300000190734863,5.329999923706055,5.239999771118164,5.300000190734863
2009-12-31,43800,5.309999942779541,5.300000190734863,5.489999771118164,5.25,5.300000190734863
2009-12-30,3700,5.269999980926514,5.349999904632568,5.5,5.269999980926514,5.349999904632568
2009-12-29,14000,5.25,5.25,5.260000228881836,5.130000114440918,5.25
2009-12-28,7300,5.25,5.260000228881836,5.260000228881836,5.159999847412109,5.260000228881836
2009-12-24,0,5.329999923706055,5.329999923706055,5.329999923706055,5.329999923706055,5.329999923706055
2009-12-23,15100,5.199999809265137,5.329999923706055,5.340000152587891,5.199999809265137,5.329999923706055
2009-12-22,7100,5.130000114440918,5.190000057220459,5.21999979019165,5.130000114440918,5.190000057220459
2009-12-21,700,5.110000133514404,5.199999809265137,5.199999809265137,5.110000133514404,5.199999809265137
2009-12-18,2300,5.139999866485596,5.25,5.28000020980835,5.139999866485596,5.25
2009-12-17,8800,5.400000095367432,5.300000190734863,5.400000095367432,5.300000190734863,5.300000190734863
2009-12-16,3200,5.349999904632568,5.539999961853027,5.550000190734863,5.349999904632568,5.539999961853027
2009-12-15,2700,5.119999885559082,5.289999961853027,5.289999961853027,5.099999904632568,5.289999961853027
2009-12-14,2700,5.260000228881836,5.239999771118164,5.260000228881836,5.099999904632568,5.239999771118164
2009-12-11,4000,5.110000133514404,5.239999771118164,5.300000190734863,5.059999942779541,5.239999771118164
2009-12-10,19100,5.0,5.25,5.25,5.0,5.25
2009-12-09,6900,5.0,5.079999923706055,5.099999904632568,5.0,5.079999923706055
2009-12-08,4700,5.0,5.090000152587891,5.090000152587891,5.0,5.090000152587891
2009-12-07,2100,5.150000095367432,5.0,5.150000095367432,4.800000190734863,5.0
2009-12-04,400,5.099999904632568,5.159999847412109,5.159999847412109,5.039999961853027,5.159999847412109
2009-12-03,1400,5.179999828338623,5.099999904632568,5.179999828338623,5.0,5.099999904632568
2009-12-02,7200,5.139999866485596,5.170000076293945,5.190000057220459,4.809999942779541,5.170000076293945
2009-12-01,1900,5.289999961853027,5.239999771118164,5.320000171661377,5.050000190734863,5.239999771118164
2009-11-30,9700,5.059999942779541,5.199999809265137,5.199999809265137,5.059999942779541,5.199999809265137
2009-11-27,5700,5.019999980926514,5.099999904632568,5.099999904632568,4.849999904632568,5.099999904632568
2009-11-25,28000,5.110000133514404,5.119999885559082,5.599999904632568,5.010000228881836,5.119999885559082
2009-11-24,23900,5.25,5.28000020980835,5.289999961853027,4.590000152587891,5.28000020980835
2009-11-23,6900,5.360000133514404,5.25,5.360000133514404,4.96999979019165,5.25
2009-11-20,2000,5.28000020980835,5.349999904632568,5.489999771118164,5.28000020980835,5.349999904632568
2009-11-19,3200,5.5,5.420000076293945,5.5,5.300000190734863,5.420000076293945
2009-11-18,2900,5.590000152587891,5.699999809265137,5.699999809265137,5.5,5.699999809265137
2009-11-17,1500,5.900000095367432,5.75,5.909999847412109,5.75,5.75
2009-11-16,11000,5.690000057220459,5.699999809265137,5.800000190734863,5.690000057220459,5.699999809265137
2009-11-13,900,5.539999961853027,5.550000190734863,5.699999809265137,5.539999961853027,5.550000190734863
2009-11-12,7000,5.710000038146973,5.650000095367432,5.710000038146973,5.5,5.650000095367432
2009-11-11,9000,5.5,5.710000038146973,5.710000038146973,5.480000019073486,5.710000038146973
2009-11-10,14900,5.139999866485596,5.25,5.389999866485596,4.889999866485596,5.25
2009-11-09,28700,5.03000020980835,5.25,5.340000152587891,5.010000228881836,5.25
2009-11-06,4200,5.199999809265137,5.28000020980835,5.28000020980835,5.199999809265137,5.28000020980835
2009-11-05,6300,5.349999904632568,5.389999866485596,5.690000057220459,5.099999904632568,5.389999866485596
2009-11-04,100,5.230000019073486,5.230000019073486,5.230000019073486,5.230000019073486,5.230000019073486
2009-11-03,26000,4.96999979019165,5.199999809265137,5.5,4.849999904632568,5.199999809265137
2009-11-02,35200,5.0,5.0,5.019999980926514,4.510000228881836,5.0
2009-10-30,28300,5.130000114440918,5.0,5.130000114440918,4.849999904632568,5.0
2009-10-29,2800,5.309999942779541,5.25,5.5,5.25,5.25
2009-10-28,31700,5.119999885559082,5.429999828338623,5.429999828338623,4.900000095367432,5.429999828338623
2009-10-27,3000,5.119999885559082,5.650000095367432,5.650000095367432,5.099999904632568,5.650000095367432
2009-10-26,6300,5.400000095367432,5.5,5.710000038146973,5.039999961853027,5.5
2009-10-23,7900,5.199999809265137,5.71999979019165,5.71999979019165,5.199999809265137,5.71999979019165
2009-10-22,4900,5.409999847412109,5.630000114440918,5.630000114440918,5.239999771118164,5.630000114440918
2009-10-21,3500,5.480000019073486,5.300000190734863,5.690000057220459,5.300000190734863,5.300000190734863
2009-10-20,12300,5.349999904632568,5.400000095367432,5.659999847412109,4.960000038146973,5.400000095367432
2009-10-19,13200,5.599999904632568,5.519999980926514,5.619999885559082,5.320000171661377,5.519999980926514
2009-10-16,16000,5.590000152587891,5.75,5.75,5.409999847412109,5.75
2009-10-15,2500,5.510000228881836,5.739999771118164,5.739999771118164,5.309999942779541,5.739999771118164
2009-10-14,17200,5.550000190734863,5.75,5.75,5.400000095367432,5.75
2009-10-13,3800,5.579999923706055,5.590000152587891,5.650000095367432,5.300000190734863,5.590000152587891
2009-10-12,200,5.409999847412109,5.590000152587891,5.590000152587891,5.409999847412109,5.590000152587891
2009-10-09,9800,5.099999904632568,5.440000057220459,5.449999809265137,5.099999904632568,5.440000057220459
2009-10-08,7700,5.300000190734863,5.340000152587891,5.340000152587891,5.019999980926514,5.340000152587891
2009-10-07,0,5.090000152587891,5.090000152587891,5.090000152587891,5.090000152587891,5.090000152587891
2009-10-06,23500,5.099999904632568,5.090000152587891,5.349999904632568,4.980000019073486,5.090000152587891
2009-10-05,15600,4.829999923706055,4.760000228881836,5.389999866485596,4.760000228881836,4.760000228881836
2009-10-02,14000,4.510000228881836,4.920000076293945,4.920000076293945,4.099999904632568,4.920000076293945
2009-10-01,11200,5.03000020980835,4.699999809265137,5.03000020980835,4.53000020980835,4.699999809265137
2009-09-30,1800,5.099999904632568,5.110000133514404,5.110000133514404,5.010000228881836,5.110000133514404
2009-09-29,14100,5.110000133514404,5.25,5.25,5.099999904632568,5.25
2009-09-28,1200,5.239999771118164,5.099999904632568,5.239999771118164,5.099999904632568,5.099999904632568
2009-09-25,4600,5.010000228881836,5.03000020980835,5.21999979019165,5.010000228881836,5.03000020980835
2009-09-24,8900,5.25,5.199999809265137,5.46999979019165,5.099999904632568,5.199999809265137
2009-09-23,20500,5.199999809265137,5.199999809265137,5.320000171661377,4.949999809265137,5.199999809265137
2009-09-22,12500,5.590000152587891,5.5,6.150000095367432,5.179999828338623,5.5
2009-09-21,15900,5.110000133514404,5.320000171661377,5.400000095367432,5.099999904632568,5.320000171661377
2009-09-18,21900,5.489999771118164,5.639999866485596,6.0,5.460000038146973,5.639999866485596
2009-09-17,24800,4.480000019073486,5.210000038146973,5.75,4.269999980926514,5.210000038146973
2009-09-16,2100,4.489999771118164,4.5,4.699999809265137,4.400000095367432,4.5
2009-09-15,11000,4.019999980926514,4.380000114440918,4.409999847412109,4.019999980926514,4.380000114440918
2009-09-14,21700,3.9200000762939453,4.019999980926514,4.050000190734863,3.9000000953674316,4.019999980926514
2009-09-11,800,4.070000171661377,4.050000190734863,4.070000171661377,4.0,4.050000190734863
2009-09-10,5500,4.159999847412109,4.139999866485596,4.159999847412109,4.0,4.139999866485596
2009-09-09,5900,4.050000190734863,4.159999847412109,4.159999847412109,4.0,4.159999847412109
2009-09-08,11100,4.150000095367432,4.050000190734863,4.150000095367432,4.050000190734863,4.050000190734863
2009-09-04,15200,4.010000228881836,4.0,4.019999980926514,3.819999933242798,4.0
2009-09-03,33200,4.440000057220459,4.0,4.440000057220459,3.6700000762939453,4.0
2009-09-02,17300,4.650000095367432,4.539999961853027,4.650000095367432,4.400000095367432,4.539999961853027
2009-09-01,13400,5.110000133514404,4.849999904632568,5.150000095367432,4.5,4.849999904632568
2009-08-31,11400,5.199999809265137,5.139999866485596,5.300000190734863,5.0,5.139999866485596
2009-08-28,17600,4.860000133514404,5.300000190734863,5.340000152587891,4.760000228881836,5.300000190734863
2009-08-27,23200,4.5,4.739999771118164,4.800000190734863,4.5,4.739999771118164
2009-08-26,40000,4.300000190734863,4.510000228881836,4.78000020980835,4.260000228881836,4.510000228881836
2009-08-25,27600,3.990000009536743,4.150000095367432,4.25,3.8499999046325684,4.150000095367432
2009-08-24,6700,4.0,3.8499999046325684,4.090000152587891,3.8499999046325684,3.8499999046325684
2009-08-21,16100,4.0,4.0,4.25,4.0,4.0
2009-08-20,19300,3.950000047683716,4.0,4.0,3.8499999046325684,4.0
2009-08-19,11500,3.950000047683716,3.950000047683716,4.0,3.8499999046325684,3.950000047683716
2009-08-18,800,4.0,3.9800000190734863,4.0,3.759999990463257,3.9800000190734863
2009-08-17,5500,3.8499999046325684,3.7899999618530273,4.0,3.740000009536743,3.7899999618530273
2009-08-14,6700,4.0,4.199999809265137,4.199999809265137,3.759999990463257,4.199999809265137
2009-08-13,6600,4.340000152587891,4.239999771118164,4.340000152587891,4.019999980926514,4.239999771118164
2009-08-12,3600,4.139999866485596,4.199999809265137,4.489999771118164,4.139999866485596,4.199999809265137
2009-08-11,8200,4.0,4.079999923706055,4.139999866485596,3.4000000953674316,4.079999923706055
2009-08-10,16700,4.400000095367432,4.190000057220459,4.590000152587891,4.0,4.190000057220459
2009-08-07,34200,4.400000095367432,4.610000133514404,4.630000114440918,4.340000152587891,4.610000133514404
2009-08-06,46300,4.059999942779541,4.400000095367432,4.619999885559082,3.890000104904175,4.400000095367432
2009-08-05,38300,3.7300000190734863,4.0,4.0,3.509999990463257,4.0
2009-08-04,27800,3.2300000190734863,3.5899999141693115,3.680000066757202,2.859999895095825,3.5899999141693115
2009-08-03,16900,2.950000047683716,3.140000104904175,3.1500000953674316,2.7799999713897705,3.140000104904175
2009-07-31,38900,2.5799999237060547,2.869999885559082,3.0,2.4000000953674316,2.869999885559082
2009-07-30,11600,2.490000009536743,2.5899999141693115,2.700000047683716,2.4100000858306885,2.5899999141693115
2009-07-29,26600,2.200000047683716,2.3499999046325684,2.450000047683716,2.200000047683716,2.3499999046325684
2009-07-28,6900,2.119999885559082,2.200000047683716,2.200000047683716,2.119999885559082,2.200000047683716
2009-07-27,21300,2.130000114440918,2.1500000953674316,2.1500000953674316,2.0899999141693115,2.1500000953674316
2009-07-24,2600,1.7599999904632568,2.009999990463257,2.059999942779541,1.7599999904632568,2.009999990463257
2009-07-23,40700,1.9500000476837158,2.0,2.0999999046325684,1.9500000476837158,2.0
2009-07-22,600,1.899999976158142,1.899999976158142,1.899999976158142,1.8899999856948853,1.899999976158142
2009-07-21,15600,1.899999976158142,1.850000023841858,1.9500000476837158,1.7000000476837158,1.850000023841858
2009-07-20,15300,1.899999976158142,1.9500000476837158,1.9500000476837158,1.7899999618530273,1.9500000476837158
2009-07-17,6200,1.75,1.899999976158142,1.899999976158142,1.75,1.899999976158142
2009-07-16,13600,1.600000023841858,1.7100000381469727,1.840000033378601,1.600000023841858,1.7100000381469727
2009-07-15,17000,1.600000023841858,1.7400000095367432,1.850000023841858,1.600000023841858,1.7400000095367432
2009-07-14,1900,1.7000000476837158,1.690000057220459,1.7000000476837158,1.600000023841858,1.690000057220459
2009-07-13,18400,1.6799999475479126,1.6399999856948853,1.690000057220459,1.5700000524520874,1.6399999856948853
2009-07-10,1000,1.690000057220459,1.649999976158142,1.690000057220459,1.5099999904632568,1.649999976158142
2009-07-09,38100,1.600000023841858,1.6799999475479126,1.7400000095367432,1.5199999809265137,1.6799999475479126
2009-07-08,1500,1.659999966621399,1.559999942779541,1.6699999570846558,1.559999942779541,1.559999942779541
2009-07-07,10200,1.899999976158142,1.7000000476837158,1.899999976158142,1.649999976158142,1.7000000476837158
2009-07-06,500,1.9199999570846558,1.9199999570846558,1.9199999570846558,1.9199999570846558,1.9199999570846558
2009-07-02,1500,1.899999976158142,2.0,2.009999990463257,1.899999976158142,2.0
2009-07-01,6100,2.0,2.049999952316284,2.059999942779541,2.0,2.049999952316284
2009-06-30,100,2.0999999046325684,2.0999999046325684,2.0999999046325684,2.0999999046325684,2.0999999046325684
2009-06-29,1100,2.0,2.0999999046325684,2.0999999046325684,2.0,2.0999999046325684
2009-06-26,3700,1.9199999570846558,2.0999999046325684,2.0999999046325684,1.9199999570846558,2.0999999046325684
2009-06-25,1700,2.0399999618530273,2.0999999046325684,2.0999999046325684,1.8799999952316284,2.0999999046325684
2009-06-24,1300,1.9900000095367432,1.9600000381469727,1.9900000095367432,1.899999976158142,1.9600000381469727
2009-06-23,3900,1.7799999713897705,2.0,2.0999999046325684,1.7799999713897705,2.0
2009-06-22,17300,1.5700000524520874,2.0999999046325684,2.0999999046325684,1.559999942779541,2.0999999046325684
2009-06-19,1800,1.8700000047683716,1.7400000095367432,1.8700000047683716,1.5700000524520874,1.7400000095367432
2009-06-18,1300,1.7400000095367432,1.7400000095367432,1.7400000095367432,1.7400000095367432,1.7400000095367432
2009-06-17,5500,1.7699999809265137,1.7300000190734863,1.7699999809265137,1.590000033378601,1.7300000190734863
2009-06-16,3800,2.0999999046325684,1.7599999904632568,2.0999999046325684,1.7599999904632568,1.7599999904632568
2009-06-15,6500,1.840000033378601,1.850000023841858,1.8600000143051147,1.840000033378601,1.850000023841858
2009-06-12,14400,1.850000023841858,2.0,2.0999999046325684,1.8200000524520874,2.0
2009-06-11,45100,2.0399999618530273,2.0,2.0399999618530273,2.0,2.0
2009-06-10,0,2.190000057220459,2.190000057220459,2.190000057220459,2.190000057220459,2.190000057220459
2009-06-09,100,2.190000057220459,2.190000057220459,2.190000057220459,2.190000057220459,2.190000057220459
2009-06-08,1000,1.8799999952316284,1.9500000476837158,1.9500000476837158,1.8799999952316284,1.9500000476837158
2009-06-05,9200,1.9600000381469727,2.0,2.109999895095825,1.9600000381469727,2.0
2009-06-04,19200,2.0,2.0,2.25,2.0,2.0
2009-06-03,50400,2.059999942779541,2.1500000953674316,2.2100000381469727,1.7999999523162842,2.1500000953674316
2009-06-02,53500,2.0999999046325684,2.25,2.3499999046325684,2.0299999713897705,2.25
2009-06-01,6400,2.0999999046325684,2.1500000953674316,2.1500000953674316,2.0199999809265137,2.1500000953674316
2009-05-29,0,2.190000057220459,2.190000057220459,2.190000057220459,2.190000057220459,2.190000057220459
2009-05-28,3300,2.380000114440918,2.190000057220459,2.380000114440918,2.0,2.190000057220459
2009-05-27,800,2.049999952316284,2.390000104904175,2.390000104904175,2.049999952316284,2.390000104904175
2009-05-26,100,2.4000000953674316,2.4000000953674316,2.4000000953674316,2.4000000953674316,2.4000000953674316
2009-05-22,23000,2.0199999809265137,2.299999952316284,2.299999952316284,1.7999999523162842,2.299999952316284
2009-05-21,1400,2.450000047683716,2.240000009536743,2.450000047683716,2.0,2.240000009536743
2009-05-20,400,2.0799999237060547,2.450000047683716,2.450000047683716,2.0799999237060547,2.450000047683716
2009-05-19,5900,2.25,2.25,2.430000066757202,2.25,2.25
2009-05-18,12200,2.299999952316284,2.25,2.450000047683716,2.0,2.25
2009-05-15,12900,2.0,2.0,2.299999952316284,2.0,2.0
2009-05-14,8100,2.009999990463257,2.0,2.009999990463257,1.9600000381469727,2.0
2009-05-13,5100,2.059999942779541,1.899999976158142,2.059999942779541,1.899999976158142,1.899999976158142
2009-05-12,2300,2.180000066757202,2.1500000953674316,2.180000066757202,2.049999952316284,2.1500000953674316
2009-05-11,20800,2.200000047683716,2.4700000286102295,2.4700000286102295,2.069999933242798,2.4700000286102295
2009-05-08,4800,2.299999952316284,2.4200000762939453,2.440000057220459,2.0,2.4200000762939453
2009-05-07,4700,2.3499999046325684,2.1500000953674316,2.5,2.1500000953674316,2.1500000953674316
2009-05-06,12100,2.5,2.4000000953674316,2.5999999046325684,2.25,2.4000000953674316
2009-05-05,4100,2.5,2.5,2.5,2.25,2.5
2009-05-04,20800,2.190000057220459,2.5,2.7300000190734863,2.009999990463257,2.5
2009-05-01,5900,2.0,2.049999952316284,2.0999999046325684,2.0,2.049999952316284
2009-04-30,6900,2.7200000286102295,2.200000047683716,2.7200000286102295,2.200000047683716,2.200000047683716
2009-04-29,5400,2.190000057220459,2.5,2.5,2.190000057220459,2.5
2009-04-28,36100,2.490000009536743,2.0,2.5,2.0,2.0
2009-04-27,14100,1.5700000524520874,1.8799999952316284,2.4800000190734863,1.5700000524520874,1.8799999952316284
2009-04-24,4100,1.6200000047683716,1.899999976158142,1.899999976158142,1.5199999809265137,1.899999976158142
2009-04-23,3000,1.7999999523162842,1.7999999523162842,1.7999999523162842,1.7999999523162842,1.7999999523162842
2009-04-22,118200,1.7799999713897705,1.6799999475479126,1.9500000476837158,1.5,1.6799999475479126
2009-04-21,100,1.7000000476837158,1.7000000476837158,1.7000000476837158,1.7000000476837158,1.7000000476837158
2009-04-20,2200,1.559999942779541,1.7400000095367432,1.7400000095367432,1.5199999809265137,1.7400000095367432
2009-04-17,2000,2.0,1.9500000476837158,2.0,1.9500000476837158,1.9500000476837158
2009-04-16,19000,1.9299999475479126,2.0,2.0,1.7000000476837158,2.0
2009-04-15,9200,1.4900000095367432,1.8899999856948853,1.9299999475479126,1.4900000095367432,1.8899999856948853
2009-04-14,17100,1.4800000190734863,1.5499999523162842,1.5499999523162842,1.2999999523162842,1.5499999523162842
2009-04-13,4500,1.4500000476837158,1.5,1.5,1.399999976158142,1.5
2009-04-09,11500,1.5800000429153442,1.4800000190734863,1.5800000429153442,1.4800000190734863,1.4800000190734863
2009-04-08,3300,1.2999999523162842,1.3600000143051147,1.3899999856948853,1.2999999523162842,1.3600000143051147
2009-04-07,800,1.2100000381469727,1.25,1.25,1.2100000381469727,1.25
2009-04-06,500,1.2100000381469727,1.2100000381469727,1.2100000381469727,1.2100000381469727,1.2100000381469727
2009-04-03,2400,1.2599999904632568,1.3600000143051147,1.3600000143051147,1.1399999856948853,1.3600000143051147
2009-04-02,400,1.2699999809265137,1.399999976158142,1.399999976158142,1.2699999809265137,1.399999976158142
2009-04-01,52900,1.2000000476837158,1.25,1.25,1.2000000476837158,1.25
2009-03-31,20100,1.2000000476837158,1.2000000476837158,1.2000000476837158,1.2000000476837158,1.2000000476837158
2009-03-30,1700,1.2000000476837158,1.399999976158142,1.399999976158142,1.2000000476837158,1.399999976158142
2009-03-27,1500,1.2599999904632568,1.25,1.2599999904632568,1.25,1.25
2009-03-26,6500,1.2799999713897705,1.2599999904632568,1.5399999618530273,1.2599999904632568,1.2599999904632568
2009-03-25,2000,1.2400000095367432,1.2999999523162842,1.340000033378601,0.9900000095367432,1.2999999523162842
2009-03-24,3900,1.4600000381469727,1.1699999570846558,1.4600000381469727,0.9300000071525574,1.1699999570846558
2009-03-23,2400,1.149999976158142,1.3700000047683716,1.3700000047683716,1.0,1.3700000047683716
2009-03-20,1500,0.9700000286102295,1.149999976158142,1.149999976158142,0.9200000166893005,1.149999976158142
2009-03-19,10400,0.9200000166893005,1.2999999523162842,1.409999966621399,0.9200000166893005,1.2999999523162842
2009-03-18,4600,0.75,0.8999999761581421,0.8999999761581421,0.6700000166893005,0.8999999761581421
2009-03-17,1700,0.699999988079071,0.6600000262260437,0.75,0.6600000262260437,0.6600000262260437
2009-03-16,500,0.550000011920929,0.6499999761581421,0.6499999761581421,0.550000011920929,0.6499999761581421
2009-03-13,2600,0.5199999809265137,0.7400000095367432,0.7400000095367432,0.5199999809265137,0.7400000095367432
2009-03-12,1600,0.550000011920929,0.6200000047683716,0.6200000047683716,0.550000011920929,0.6200000047683716
2009-03-11,1400,0.5600000023841858,0.4000000059604645,0.5600000023841858,0.4000000059604645,0.4000000059604645
2009-03-10,5900,0.5,0.550000011920929,0.550000011920929,0.5,0.550000011920929
2009-03-09,3800,0.5,0.5600000023841858,0.5600000023841858,0.5,0.5600000023841858
2009-03-06,11200,0.5,0.5299999713897705,0.5299999713897705,0.5,0.5299999713897705
2009-03-05,800,0.550000011920929,0.5600000023841858,0.6299999952316284,0.550000011920929,0.5600000023841858
2009-03-04,5200,0.6100000143051147,0.6000000238418579,0.6100000143051147,0.5400000214576721,0.6000000238418579
2009-03-03,2300,1.0,0.6200000047683716,1.0,0.6000000238418579,0.6200000047683716
2009-03-02,2700,0.5799999833106995,0.6499999761581421,1.0,0.5600000023841858,0.6499999761581421
2009-02-27,1300,0.699999988079071,0.6899999976158142,0.699999988079071,0.6000000238418579,0.6899999976158142
2009-02-26,400,0.6700000166893005,0.699999988079071,0.699999988079071,0.6700000166893005,0.699999988079071
2009-02-25,1700,0.699999988079071,0.699999988079071,0.699999988079071,0.6499999761581421,0.699999988079071
2009-02-24,4700,0.5899999737739563,0.8500000238418579,0.8500000238418579,0.5899999737739563,0.8500000238418579
2009-02-23,2800,0.8999999761581421,0.6700000166893005,0.8999999761581421,0.6700000166893005,0.6700000166893005
2009-02-20,7700,1.0,0.8500000238418579,1.0,0.800000011920929,0.8500000238418579
2009-02-19,4300,1.090000033378601,1.0,1.090000033378601,1.0,1.0
2009-02-18,3000,1.1699999570846558,1.0,1.1799999475479126,1.0,1.0
2009-02-17,20200,1.440000057220459,1.2799999713897705,1.4500000476837158,1.0,1.2799999713897705
2009-02-13,7000,1.5,1.5,1.5,1.399999976158142,1.5
2009-02-12,15600,1.5,1.4500000476837158,1.5,1.2599999904632568,1.4500000476837158
2009-02-11,8200,1.5499999523162842,1.5,1.5499999523162842,1.5,1.5
2009-02-10,4900,1.559999942779541,1.5,1.559999942779541,1.350000023841858,1.5
2009-02-09,7000,1.399999976158142,1.590000033378601,1.600000023841858,1.3600000143051147,1.590000033378601
2009-02-06,25200,1.4800000190734863,1.6299999952316284,1.7999999523162842,1.399999976158142,1.6299999952316284
2009-02-05,10200,1.399999976158142,1.4700000286102295,1.4800000190734863,1.3600000143051147,1.4700000286102295
2009-02-04,2800,1.3600000143051147,1.590000033378601,1.590000033378601,1.3300000429153442,1.590000033378601
2009-02-03,4100,1.4500000476837158,1.5099999904632568,1.5399999618530273,1.399999976158142,1.5099999904632568
2009-02-02,1500,1.5,1.590000033378601,1.590000033378601,1.4500000476837158,1.590000033378601
2009-01-30,600,1.75,1.6799999475479126,1.75,1.3300000429153442,1.6799999475479126
2009-01-29,3200,2.0,1.7699999809265137,2.0,1.409999966621399,1.7699999809265137
2009-01-28,5900,1.3600000143051147,1.809999942779541,1.809999942779541,1.350000023841858,1.809999942779541
2009-01-27,3900,1.3600000143051147,1.5800000429153442,1.5800000429153442,1.350000023841858,1.5800000429153442
2009-01-26,4400,1.3600000143051147,1.649999976158142,1.649999976158142,1.350000023841858,1.649999976158142
2009-01-23,3900,1.409999966621399,1.399999976158142,1.4199999570846558,1.399999976158142,1.399999976158142
2009-01-22,2300,1.350000023841858,1.399999976158142,1.399999976158142,1.350000023841858,1.399999976158142
2009-01-21,2900,1.2999999523162842,1.399999976158142,1.399999976158142,1.2999999523162842,1.399999976158142
2009-01-20,13100,1.3799999952316284,1.350000023841858,1.3799999952316284,1.350000023841858,1.350000023841858
2009-01-16,900,1.399999976158142,1.399999976158142,1.399999976158142,1.399999976158142,1.399999976158142
2009-01-15,19200,1.5,1.399999976158142,1.5,1.399999976158142,1.399999976158142
2009-01-14,7800,1.4500000476837158,1.3799999952316284,1.5,1.3799999952316284,1.3799999952316284
2009-01-13,800,1.5499999523162842,1.5,1.5499999523162842,1.5,1.5
2009-01-12,200,1.5399999618530273,1.5399999618530273,1.5399999618530273,1.5399999618530273,1.5399999618530273
2009-01-09,5900,1.75,1.6699999570846558,1.75,1.649999976158142,1.6699999570846558
2009-01-08,21300,1.75,1.909999966621399,2.0,1.75,1.909999966621399
2009-01-07,4300,1.5800000429153442,1.75,1.75,1.5800000429153442,1.75
2009-01-06,64900,1.1100000143051147,1.690000057220459,1.7899999618530273,1.1100000143051147,1.690000057220459
2009-01-05,10000,1.25,1.2200000286102295,1.25,1.0099999904632568,1.2200000286102295
2009-01-02,6700,0.8199999928474426,0.8500000238418579,0.949999988079071,0.7599999904632568,0.8500000238418579
2008-12-31,44200,0.949999988079071,0.8600000143051147,0.949999988079071,0.8100000023841858,0.8600000143051147
2008-12-30,27200,0.9100000262260437,0.8500000238418579,0.949999988079071,0.800000011920929,0.8500000238418579
2008-12-29,34000,0.9300000071525574,0.9100000262260437,0.9599999785423279,0.8799999952316284,0.9100000262260437
2008-12-26,13100,0.8799999952316284,1.0,1.100000023841858,0.8799999952316284,1.0
2008-12-24,6500,0.8399999737739563,0.8600000143051147,1.4299999475479126,0.800000011920929,0.8600000143051147
2008-12-23,23800,0.9300000071525574,0.8999999761581421,1.0499999523162842,0.8799999952316284,0.8999999761581421
2008-12-22,15100,1.0,1.0700000524520874,1.2400000095367432,0.8100000023841858,1.0700000524520874
2008-12-19,27000,1.0399999618530273,1.0399999618530273,1.2999999523162842,1.0,1.0399999618530273
2008-12-18,4200,1.159999966621399,1.0700000524520874,1.159999966621399,1.0299999713897705,1.0700000524520874
2008-12-17,6100,1.2899999618530273,1.0499999523162842,1.2899999618530273,1.0,1.0499999523162842
2008-12-16,30300,1.0399999618530273,1.2999999523162842,1.2999999523162842,0.8999999761581421,1.2999999523162842
2008-12-15,35800,1.0,0.9700000286102295,1.2000000476837158,0.9700000286102295,0.9700000286102295
2008-12-12,10000,1.0099999904632568,1.0,1.2400000095367432,1.0,1.0
2008-12-11,7800,1.350000023841858,1.25,1.399999976158142,1.0499999523162842,1.25
2008-12-10,33600,1.3200000524520874,1.4800000190734863,1.4800000190734863,1.0499999523162842,1.4800000190734863
2008-12-09,12800,1.350000023841858,1.2999999523162842,1.4900000095367432,1.25,1.2999999523162842
2008-12-08,29100,1.25,1.399999976158142,1.649999976158142,1.25,1.399999976158142
2008-12-05,4400,1.1200000047683716,1.25,1.4800000190734863,0.949999988079071,1.25
2008-12-04,44500,0.949999988079071,1.309999942779541,1.600000023841858,0.949999988079071,1.309999942779541
2008-12-03,28000,0.800000011920929,1.100000023841858,1.2100000381469727,0.800000011920929,1.100000023841858
2008-12-02,27800,0.800000011920929,0.8600000143051147,0.9800000190734863,0.800000011920929,0.8600000143051147
2008-12-01,2100,0.800000011920929,0.800000011920929,0.8500000238418579,0.800000011920929,0.800000011920929
2008-11-28,5700,1.100000023841858,1.0,1.100000023841858,0.7599999904632568,1.0
2008-11-26,65200,0.5799999833106995,1.0800000429153442,1.100000023841858,0.5799999833106995,1.0800000429153442
2008-11-25,96400,0.44999998807907104,0.550000011920929,0.6299999952316284,0.38999998569488525,0.550000011920929
2008-11-24,76400,0.5,0.4399999976158142,0.6000000238418579,0.3700000047683716,0.4399999976158142
2008-11-21,188300,0.5400000214576721,0.4000000059604645,0.6000000238418579,0.36000001430511475,0.4000000059604645
2008-11-20,107600,0.7599999904632568,0.5400000214576721,0.7799999713897705,0.5199999809265137,0.5400000214576721
2008-11-19,137500,1.0800000429153442,0.8199999928474426,1.3200000524520874,0.7599999904632568,0.8199999928474426
2008-11-18,36600,1.2999999523162842,1.1200000047683716,1.2999999523162842,1.059999942779541,1.1200000047683716
2008-11-17,11400,1.3300000429153442,1.25,1.3300000429153442,1.2000000476837158,1.25
2008-11-14,16800,1.3899999856948853,1.2899999618530273,1.3899999856948853,1.1699999570846558,1.2899999618530273
2008-11-13,29000,1.0499999523162842,1.0499999523162842,1.399999976158142,1.0199999809265137,1.0499999523162842
2008-11-12,115000,1.409999966621399,1.0499999523162842,1.409999966621399,1.0499999523162842,1.0499999523162842
2008-11-11,39200,1.4700000286102295,1.4500000476837158,1.5399999618530273,1.25,1.4500000476837158
2008-11-10,7700,1.850000023841858,1.5499999523162842,1.850000023841858,1.409999966621399,1.5499999523162842
2008-11-07,3900,1.7799999713897705,1.850000023841858,2.0,1.75,1.850000023841858
2008-11-06,32600,2.009999990463257,1.7200000286102295,2.009999990463257,1.5299999713897705,1.7200000286102295
2008-11-05,5600,2.049999952316284,2.119999885559082,2.200000047683716,2.0299999713897705,2.119999885559082
2008-11-04,11400,2.0,2.200000047683716,2.200000047683716,1.850000023841858,2.200000047683716
2008-11-03,17500,2.2100000381469727,1.8799999952316284,2.2100000381469727,1.8799999952316284,1.8799999952316284
2008-10-31,26800,1.75,1.8899999856948853,1.9500000476837158,1.5099999904632568,1.8899999856948853
2008-10-30,8600,1.7100000381469727,1.75,2.4000000953674316,1.600000023841858,1.75
2008-10-29,4900,1.440000057220459,1.600000023841858,1.690000057220459,1.409999966621399,1.600000023841858
2008-10-28,174100,1.9900000095367432,1.3600000143051147,2.0,1.0499999523162842,1.3600000143051147
2008-10-27,7800,2.0399999618530273,1.7000000476837158,2.0399999618530273,1.5499999523162842,1.7000000476837158
2008-10-24,37900,1.7999999523162842,2.0,2.0,1.2999999523162842,2.0
2008-10-23,74700,2.2799999713897705,2.049999952316284,2.5,1.899999976158142,2.049999952316284
2008-10-22,3800,2.990000009536743,2.700000047683716,3.0199999809265137,2.450000047683716,2.700000047683716
2008-10-21,1500,2.7100000381469727,2.930000066757202,2.930000066757202,2.7100000381469727,2.930000066757202
2008-10-20,12200,2.8499999046325684,2.950000047683716,2.950000047683716,2.7200000286102295,2.950000047683716
2008-10-17,9800,3.0,2.8499999046325684,3.0,2.8499999046325684,2.8499999046325684
2008-10-16,800,3.450000047683716,3.0,3.450000047683716,2.5999999046325684,3.0
2008-10-15,6200,3.509999990463257,2.9800000190734863,3.509999990463257,2.7899999618530273,2.9800000190734863
2008-10-14,10500,4.010000228881836,3.440000057220459,4.050000190734863,3.3399999141693115,3.440000057220459
2008-10-13,1100,3.9600000381469727,3.5399999618530273,3.9600000381469727,3.509999990463257,3.5399999618530273
2008-10-10,38100,3.009999990463257,3.009999990463257,3.319999933242798,2.299999952316284,3.009999990463257
2008-10-09,31200,4.739999771118164,3.319999933242798,4.739999771118164,3.0,3.319999933242798
2008-10-08,29200,4.75,3.990000009536743,4.75,3.549999952316284,3.990000009536743
2008-10-07,12600,4.78000020980835,4.179999828338623,5.0,4.050000190734863,4.179999828338623
2008-10-06,9200,5.679999828338623,4.920000076293945,5.679999828338623,4.300000190734863,4.920000076293945
2008-10-03,4600,5.349999904632568,6.0,6.0,5.349999904632568,6.0
2008-10-02,1200,6.489999771118164,5.539999961853027,6.489999771118164,5.5,5.539999961853027
2008-10-01,6700,4.190000057220459,7.0,7.0,4.190000057220459,7.0
2008-09-30,7900,5.039999961853027,4.03000020980835,6.579999923706055,4.03000020980835,4.03000020980835
2008-09-29,6300,5.329999923706055,5.260000228881836,6.190000057220459,5.260000228881836,5.260000228881836
2008-09-26,2100,6.190000057220459,6.210000038146973,6.21999979019165,6.159999847412109,6.210000038146973
2008-09-25,4900,7.260000228881836,7.25,7.260000228881836,7.25,7.25
2008-09-24,9500,6.309999942779541,7.559999942779541,7.559999942779541,6.300000190734863,7.559999942779541
2008-09-23,4700,7.070000171661377,6.75,7.099999904632568,6.5,6.75
2008-09-22,9200,7.150000095367432,6.75,7.199999809265137,6.559999942779541,6.75
2008-09-19,51900,6.909999847412109,7.199999809265137,7.480000019073486,6.050000190734863,7.199999809265137
2008-09-18,30200,5.050000190734863,7.199999809265137,7.269999980926514,5.050000190734863,7.199999809265137
2008-09-17,14100,6.849999904632568,6.820000171661377,7.03000020980835,6.53000020980835,6.820000171661377
2008-09-16,25200,6.170000076293945,6.849999904632568,7.0,6.170000076293945,6.849999904632568
2008-09-15,34000,6.099999904632568,5.829999923706055,7.690000057220459,5.409999847412109,5.829999923706055
2008-09-12,6100,6.940000057220459,6.989999771118164,6.989999771118164,6.400000095367432,6.989999771118164
2008-09-11,12400,6.5,6.650000095367432,6.75,6.5,6.650000095367432
2008-09-10,15800,6.309999942779541,6.329999923706055,6.840000152587891,6.300000190734863,6.329999923706055
2008-09-09,97900,6.369999885559082,6.449999809265137,6.5,5.820000171661377,6.449999809265137
2008-09-08,4700,6.230000019073486,6.409999847412109,6.440000057220459,5.110000133514404,6.409999847412109
2008-09-05,6200,6.010000228881836,6.190000057220459,6.289999961853027,5.300000190734863,6.190000057220459
2008-09-04,2000,6.690000057220459,6.300000190734863,6.690000057220459,6.300000190734863,6.300000190734863
2008-09-03,4400,6.46999979019165,7.0,7.0,6.46999979019165,7.0
2008-09-02,4700,6.099999904632568,6.510000228881836,6.550000190734863,6.099999904632568,6.510000228881836
2008-08-29,0,6.489999771118164,6.489999771118164,6.489999771118164,6.489999771118164,6.489999771118164
2008-08-28,3000,6.039999961853027,6.489999771118164,6.5,6.039999961853027,6.489999771118164
2008-08-27,1000,6.389999866485596,6.400000095367432,6.400000095367432,6.389999866485596,6.400000095367432
2008-08-26,1000,6.099999904632568,6.239999771118164,6.239999771118164,5.849999904632568,6.239999771118164
2008-08-25,4700,5.96999979019165,6.099999904632568,6.099999904632568,5.340000152587891,6.099999904632568
2008-08-22,10400,5.849999904632568,5.989999771118164,6.289999961853027,5.849999904632568,5.989999771118164
2008-08-21,2200,6.610000133514404,5.369999885559082,6.639999866485596,5.369999885559082,5.369999885559082
2008-08-20,3600,5.670000076293945,5.900000095367432,6.0,5.650000095367432,5.900000095367432
2008-08-19,800,5.849999904632568,6.309999942779541,6.309999942779541,5.570000171661377,6.309999942779541
2008-08-18,300,6.25,6.199999809265137,6.25,6.099999904632568,6.199999809265137
2008-08-15,2200,6.800000190734863,5.960000038146973,6.800000190734863,5.960000038146973,5.960000038146973
2008-08-14,6400,5.889999866485596,6.5,6.5,5.849999904632568,6.5
2008-08-13,2500,6.179999828338623,6.5,7.570000171661377,6.179999828338623,6.5
2008-08-12,7500,6.510000228881836,6.110000133514404,7.489999771118164,5.820000171661377,6.110000133514404
2008-08-11,10000,6.989999771118164,6.610000133514404,7.5,6.610000133514404,6.610000133514404
2008-08-08,5500,6.300000190734863,6.519999980926514,6.920000076293945,6.300000190734863,6.519999980926514
2008-08-07,9900,6.070000171661377,6.199999809265137,6.989999771118164,6.070000171661377,6.199999809265137
2008-08-06,12400,6.309999942779541,6.550000190734863,6.570000171661377,6.070000171661377,6.550000190734863
2008-08-05,900,6.010000228881836,6.5,6.5,6.010000228881836,6.5
2008-08-04,15700,6.289999961853027,6.150000095367432,6.289999961853027,6.019999980926514,6.150000095367432
2008-08-01,13100,6.409999847412109,6.420000076293945,6.420000076293945,6.059999942779541,6.420000076293945
2008-07-31,2500,6.5,6.650000095367432,6.75,6.5,6.650000095367432
2008-07-30,2200,7.369999885559082,6.889999866485596,7.369999885559082,6.380000114440918,6.889999866485596
2008-07-29,1400,6.739999771118164,6.949999809265137,6.949999809265137,6.0,6.949999809265137
2008-07-28,1700,6.119999885559082,6.320000171661377,6.320000171661377,5.789999961853027,6.320000171661377
2008-07-25,2300,6.139999866485596,6.130000114440918,6.21999979019165,6.119999885559082,6.130000114440918
2008-07-24,2000,7.369999885559082,6.539999961853027,7.369999885559082,6.5,6.539999961853027
2008-07-23,24000,7.5,7.340000152587891,7.5,6.539999961853027,7.340000152587891
2008-07-22,5500,6.159999847412109,7.510000228881836,7.510000228881836,6.159999847412109,7.510000228881836
2008-07-21,3200,7.0,6.489999771118164,7.119999885559082,6.489999771118164,6.489999771118164
2008-07-18,2000,7.099999904632568,6.590000152587891,7.099999904632568,6.139999866485596,6.590000152587891
2008-07-17,13100,5.739999771118164,6.5,6.980000019073486,5.730000019073486,6.5
2008-07-16,6300,4.110000133514404,5.789999961853027,5.789999961853027,4.059999942779541,5.789999961853027
2008-07-15,17800,4.829999923706055,4.829999923706055,4.829999923706055,4.03000020980835,4.829999923706055
2008-07-14,14800,5.010000228881836,5.019999980926514,5.019999980926514,4.5,5.019999980926514
2008-07-11,7900,5.050000190734863,4.989999771118164,5.739999771118164,4.900000095367432,4.989999771118164
2008-07-10,7700,4.989999771118164,5.059999942779541,5.059999942779541,4.550000190734863,5.059999942779541
2008-07-09,15100,5.699999809265137,4.949999809265137,5.949999809265137,4.909999847412109,4.949999809265137
2008-07-08,900,5.869999885559082,5.300000190734863,5.869999885559082,4.699999809265137,5.300000190734863
2008-07-07,10600,5.070000171661377,4.539999961853027,5.070000171661377,4.510000228881836,4.539999961853027
2008-07-03,1300,5.0,5.150000095367432,5.150000095367432,5.0,5.150000095367432
2008-07-02,7100,5.460000038146973,5.099999904632568,5.46999979019165,5.0,5.099999904632568
2008-07-01,2900,5.0,5.0,5.989999771118164,5.0,5.0
2008-06-30,18200,5.590000152587891,5.539999961853027,5.619999885559082,5.25,5.539999961853027
2008-06-27,3400,5.489999771118164,5.519999980926514,6.519999980926514,5.489999771118164,5.519999980926514
2008-06-26,10900,5.539999961853027,5.519999980926514,5.710000038146973,5.5,5.519999980926514
2008-06-25,5600,6.480000019073486,5.820000171661377,6.480000019073486,5.619999885559082,5.820000171661377
2008-06-24,18000,5.829999923706055,6.329999923706055,6.329999923706055,5.440000057220459,6.329999923706055
2008-06-23,10200,6.210000038146973,5.809999942779541,6.210000038146973,5.809999942779541,5.809999942779541
2008-06-20,3000,6.440000057220459,6.400000095367432,6.440000057220459,6.090000152587891,6.400000095367432
2008-06-19,400,6.239999771118164,6.340000152587891,6.340000152587891,6.239999771118164,6.340000152587891
2008-06-18,5400,6.5,6.260000228881836,6.5,6.0,6.260000228881836
2008-06-17,3000,6.760000228881836,6.5,6.760000228881836,6.260000228881836,6.5
2008-06-16,400,6.199999809265137,6.199999809265137,6.199999809265137,6.199999809265137,6.199999809265137
2008-06-13,3400,6.150000095367432,6.119999885559082,6.25,6.059999942779541,6.119999885559082
2008-06-12,12500,6.25,6.059999942779541,6.800000190734863,6.050000190734863,6.059999942779541
2008-06-11,15100,6.619999885559082,6.25,6.75,6.25,6.25
2008-06-10,6200,6.849999904632568,6.550000190734863,6.920000076293945,6.550000190734863,6.550000190734863
2008-06-09,19000,7.539999961853027,6.849999904632568,7.539999961853027,6.699999809265137,6.849999904632568
2008-06-06,5300,7.059999942779541,7.5,7.789999961853027,7.019999980926514,7.5
2008-06-05,16900,7.400000095367432,7.5,7.5,7.190000057220459,7.5
2008-06-04,2200,7.539999961853027,7.699999809265137,7.699999809265137,7.46999979019165,7.699999809265137
2008-06-03,4400,7.519999980926514,7.510000228881836,7.800000190734863,7.369999885559082,7.510000228881836
2008-06-02,8100,7.659999847412109,7.590000152587891,7.800000190734863,7.369999885559082,7.590000152587891
2008-05-30,2200,7.760000228881836,7.920000076293945,8.010000228881836,7.639999866485596,7.920000076293945
2008-05-29,3700,7.75,7.760000228881836,8.479999542236328,7.630000114440918,7.760000228881836
2008-05-28,6700,7.929999828338623,7.739999771118164,7.929999828338623,7.610000133514404,7.739999771118164
2008-05-27,7200,7.940000057220459,7.809999942779541,8.300000190734863,7.320000171661377,7.809999942779541
2008-05-23,10000,7.679999828338623,7.840000152587891,7.840000152587891,7.260000228881836,7.840000152587891
2008-05-22,20100,7.829999923706055,7.599999904632568,8.020000457763672,7.309999942779541,7.599999904632568
2008-05-21,16200,8.369999885559082,7.929999828338623,8.449999809265137,7.809999942779541,7.929999828338623
2008-05-20,14700,8.75,8.460000038146973,8.75,8.0600004196167,8.460000038146973
2008-05-19,4700,9.09000015258789,8.90999984741211,9.25,8.850000381469727,8.90999984741211
2008-05-16,6600,9.390000343322754,8.949999809265137,9.390000343322754,8.949999809265137,8.949999809265137
2008-05-15,6300,9.0,9.130000114440918,9.199999809265137,8.75,9.130000114440918
2008-05-14,20700,8.75,9.15999984741211,9.850000381469727,8.579999923706055,9.15999984741211
2008-05-13,7800,8.800000190734863,8.770000457763672,9.199999809265137,8.770000457763672,8.770000457763672
2008-05-12,12000,9.020000457763672,9.050000190734863,9.399999618530273,8.869999885559082,9.050000190734863
2008-05-09,28000,9.720000267028809,9.020000457763672,9.720000267028809,9.020000457763672,9.020000457763672
2008-05-08,91500,10.640000343322754,9.899999618530273,10.75,9.699999809265137,9.899999618530273
2008-05-07,26900,10.989999771118164,10.75,11.0,10.699999809265137,10.75
2008-05-06,15200,10.800000190734863,10.800000190734863,11.34000015258789,10.649999618530273,10.800000190734863
2008-05-05,38400,10.880000114440918,10.850000381469727,11.199999809265137,10.850000381469727,10.850000381469727
2008-05-02,7800,10.8100004196167,10.75,10.8100004196167,10.75,10.75
2008-05-01,19700,11.09000015258789,10.800000190734863,11.1899995803833,10.800000190734863,10.800000190734863
2008-04-30,11800,11.260000228881836,10.970000267028809,11.260000228881836,10.949999809265137,10.970000267028809
2008-04-29,2600,11.050000190734863,11.050000190734863,11.100000381469727,10.850000381469727,11.050000190734863
2008-04-28,10500,10.819999694824219,11.25,11.25,10.8100004196167,11.25
2008-04-25,13500,10.649999618530273,10.859999656677246,11.4399995803833,10.649999618530273,10.859999656677246
2008-04-24,7500,10.75,11.0,11.0,10.699999809265137,11.0
2008-04-23,7400,10.800000190734863,10.75,10.850000381469727,10.699999809265137,10.75
2008-04-22,0,10.760000228881836,10.760000228881836,10.760000228881836,10.760000228881836,10.760000228881836
2008-04-21,27600,10.960000038146973,10.760000228881836,11.210000038146973,10.640000343322754,10.760000228881836
2008-04-18,26500,11.020000457763672,10.949999809265137,11.100000381469727,10.949999809265137,10.949999809265137
2008-04-17,29900,10.800000190734863,10.760000228881836,11.0,10.699999809265137,10.760000228881836
2008-04-16,16600,10.3100004196167,10.970000267028809,11.010000228881836,10.3100004196167,10.970000267028809
2008-04-15,25600,9.770000457763672,10.260000228881836,10.75,9.770000457763672,10.260000228881836
2008-04-14,10300,10.5600004196167,10.149999618530273,10.569999694824219,9.770000457763672,10.149999618530273
2008-04-11,5500,10.3100004196167,10.720000267028809,10.84000015258789,10.180000305175781,10.720000267028809
2008-04-10,21500,10.199999809265137,11.0,11.239999771118164,10.069999694824219,11.0
2008-04-09,11400,11.25,11.0,11.25,10.15999984741211,11.0
2008-04-08,9000,11.529999732971191,11.829999923706055,11.989999771118164,11.449999809265137,11.829999923706055
2008-04-07,16800,12.109999656677246,12.100000381469727,12.6899995803833,11.270000457763672,12.100000381469727
2008-04-04,97100,11.75,12.15999984741211,12.289999961853027,11.069999694824219,12.15999984741211
2008-04-03,81700,11.25,11.9399995803833,12.0,10.65999984741211,11.9399995803833
2008-04-02,44900,11.25,11.489999771118164,11.949999809265137,11.010000228881836,11.489999771118164
2008-04-01,32300,10.199999809265137,11.489999771118164,11.670000076293945,9.520000457763672,11.489999771118164
2008-03-31,21900,9.75,10.199999809265137,10.300000190734863,9.079999923706055,10.199999809265137
2008-03-28,4400,9.850000381469727,9.739999771118164,9.850000381469727,9.399999618530273,9.739999771118164
2008-03-27,31700,10.210000038146973,10.380000114440918,10.850000381469727,10.0,10.380000114440918
2008-03-26,52800,10.239999771118164,10.25,10.649999618530273,9.75,10.25
2008-03-25,41300,11.100000381469727,10.449999809265137,11.100000381469727,9.899999618530273,10.449999809265137
2008-03-24,51800,11.180000305175781,10.460000038146973,11.600000381469727,10.460000038146973,10.460000038146973
2008-03-20,70100,8.760000228881836,10.600000381469727,10.770000457763672,8.760000228881836,10.600000381469727
2008-03-19,11800,9.880000114440918,9.75,10.5,8.579999923706055,9.75
2008-03-18,19000,9.5,10.140000343322754,10.489999771118164,9.15999984741211,10.140000343322754
2008-03-17,62600,9.260000228881836,9.149999618530273,9.260000228881836,8.84000015258789,9.149999618530273
2008-03-14,5500,10.100000381469727,9.569999694824219,10.100000381469727,9.15999984741211,9.569999694824219
2008-03-13,7400,9.109999656677246,10.100000381469727,10.25,9.109999656677246,10.100000381469727
2008-03-12,3600,9.850000381469727,9.520000457763672,10.489999771118164,9.520000457763672,9.520000457763672
2008-03-11,22100,9.630000114440918,10.109999656677246,10.25,8.630000114440918,10.109999656677246
2008-03-10,20800,8.25,8.600000381469727,9.5,7.75,8.600000381469727
2008-03-07,20400,8.270000457763672,8.430000305175781,8.920000076293945,8.119999885559082,8.430000305175781
2008-03-06,9500,8.680000305175781,8.600000381469727,8.760000228881836,8.5,8.600000381469727
2008-03-05,2800,9.489999771118164,9.260000228881836,9.5,9.260000228881836,9.260000228881836
2008-03-04,34400,8.550000190734863,9.4399995803833,9.449999809265137,8.529999732971191,9.4399995803833
2008-03-03,13400,9.25,8.510000228881836,9.25,8.5,8.510000228881836
2008-02-29,9000,9.760000228881836,9.5,9.760000228881836,9.3100004196167,9.5
2008-02-28,15600,10.800000190734863,9.90999984741211,10.800000190734863,9.90999984741211,9.90999984741211
2008-02-27,46300,11.0,11.0,11.680000305175781,10.5,11.0
2008-02-26,122400,10.0,10.859999656677246,11.100000381469727,10.0,10.859999656677246
2008-02-25,25700,9.399999618530273,10.0,10.050000190734863,9.399999618530273,10.0
2008-02-22,11200,8.489999771118164,9.289999961853027,9.289999961853027,8.319999694824219,9.289999961853027
2008-02-21,3800,8.930000305175781,9.300000190734863,9.390000343322754,8.930000305175781,9.300000190734863
2008-02-20,9400,8.40999984741211,8.84000015258789,8.920000076293945,8.40999984741211,8.84000015258789
2008-02-19,5100,8.5,8.479999542236328,8.829999923706055,8.420000076293945,8.479999542236328
2008-02-15,10400,9.0,8.65999984741211,9.0,8.510000228881836,8.65999984741211
2008-02-14,5000,9.300000190734863,9.020000457763672,9.300000190734863,8.699999809265137,9.020000457763672
2008-02-13,9900,9.010000228881836,9.359999656677246,9.779999732971191,9.010000228881836,9.359999656677246
2008-02-12,16000,9.65999984741211,8.9399995803833,9.90999984741211,8.9399995803833,8.9399995803833
2008-02-11,18600,8.640000343322754,9.3100004196167,9.489999771118164,8.630000114440918,9.3100004196167
2008-02-08,13200,9.130000114440918,9.0,9.15999984741211,8.630000114440918,9.0
2008-02-07,29300,9.770000457763672,9.25,10.050000190734863,9.140000343322754,9.25
2008-02-06,26900,10.380000114440918,9.800000190734863,10.670000076293945,9.6899995803833,9.800000190734863
2008-02-05,29800,10.399999618530273,10.149999618530273,10.899999618530273,10.0,10.149999618530273
2008-02-04,52400,11.40999984741211,10.5,11.5,10.489999771118164,10.5
2008-02-01,105700,10.319999694824219,12.180000305175781,12.350000381469727,10.229999542236328,12.180000305175781
2008-01-31,37600,8.9399995803833,10.319999694824219,10.329999923706055,8.800000190734863,10.319999694824219
2008-01-30,67500,9.5,9.199999809265137,10.079999923706055,9.020000457763672,9.199999809265137
2008-01-29,27300,9.390000343322754,9.5,9.5,8.399999618530273,9.5
2008-01-28,68700,7.340000152587891,9.25,9.25,7.090000152587891,9.25
2008-01-25,22100,7.849999904632568,7.400000095367432,8.050000190734863,7.269999980926514,7.400000095367432
2008-01-24,61100,8.5,7.920000076293945,8.59000015258789,7.110000133514404,7.920000076293945
2008-01-23,66000,6.099999904632568,8.34000015258789,8.34000015258789,6.099999904632568,8.34000015258789
2008-01-22,9400,6.349999904632568,6.409999847412109,6.75,5.849999904632568,6.409999847412109
2008-01-18,15100,6.539999961853027,6.039999961853027,6.820000171661377,5.889999866485596,6.039999961853027
2008-01-17,4800,6.699999809265137,6.539999961853027,6.960000038146973,6.449999809265137,6.539999961853027
2008-01-16,97000,6.25,6.710000038146973,7.019999980926514,6.25,6.710000038146973
2008-01-15,9400,6.0,5.940000057220459,6.099999904632568,5.53000020980835,5.940000057220459
2008-01-14,19600,6.090000152587891,5.869999885559082,6.489999771118164,5.599999904632568,5.869999885559082
2008-01-11,21000,5.550000190734863,5.869999885559082,6.25,5.550000190734863,5.869999885559082
2008-01-10,44900,4.929999828338623,6.039999961853027,6.199999809265137,4.929999828338623,6.039999961853027
2008-01-09,30100,5.139999866485596,4.880000114440918,5.25,4.570000171661377,4.880000114440918
2008-01-08,30400,5.789999961853027,5.260000228881836,5.889999866485596,5.210000038146973,5.260000228881836
2008-01-07,3900,5.900000095367432,5.840000152587891,5.940000057220459,5.610000133514404,5.840000152587891
2008-01-04,60800,6.5,6.0,6.5,6.0,6.0
2008-01-03,42500,6.25,6.599999904632568,6.699999809265137,6.150000095367432,6.599999904632568
2008-01-02,51300,6.150000095367432,6.25,6.5,5.869999885559082,6.25
2007-12-31,109700,5.579999923706055,6.5,6.5,5.0,6.5
2007-12-28,68800,5.71999979019165,5.690000057220459,5.840000152587891,5.5,5.690000057220459
2007-12-27,63200,5.510000228881836,5.75,6.0,5.449999809265137,5.75
2007-12-26,92100,5.760000228881836,5.730000019073486,5.909999847412109,5.369999885559082,5.730000019073486
2007-12-24,49400,6.019999980926514,5.78000020980835,6.239999771118164,5.760000228881836,5.78000020980835
2007-12-21,144300,6.320000171661377,6.0,6.349999904632568,5.800000190734863,6.0
2007-12-20,241600,6.800000190734863,6.420000076293945,6.800000190734863,6.010000228881836,6.420000076293945
2007-12-19,691600,7.210000038146973,6.769999980926514,7.210000038146973,6.0,6.769999980926514
2007-12-18,32100,8.609999656677246,8.539999961853027,9.029999732971191,8.5,8.539999961853027
2007-12-17,24100,8.699999809265137,8.800000190734863,9.1899995803833,8.619999885559082,8.800000190734863
2007-12-14,22400,8.649999618530273,9.300000190734863,9.5,8.399999618530273,9.300000190734863
2007-12-13,54000,9.140000343322754,9.0,9.449999809265137,8.40999984741211,9.0
2007-12-12,11400,9.5600004196167,9.109999656677246,10.199999809265137,9.109999656677246,9.109999656677246
2007-12-11,21200,10.399999618530273,9.350000381469727,10.699999809265137,9.300000190734863,9.350000381469727
2007-12-10,16400,10.0,10.359999656677246,10.609999656677246,10.0,10.359999656677246
2007-12-07,181500,9.640000343322754,10.0,10.119999885559082,9.039999961853027,10.0
2007-12-06,133100,8.40999984741211,9.729999542236328,9.829999923706055,8.3100004196167,9.729999542236328
2007-12-05,20200,8.5,8.520000457763672,8.979999542236328,8.399999618530273,8.520000457763672
2007-12-04,29800,8.699999809265137,8.59000015258789,8.699999809265137,8.399999618530273,8.59000015258789
2007-12-03,17500,9.0,8.649999618530273,9.050000190734863,8.569999694824219,8.649999618530273
2007-11-30,46700,8.6899995803833,8.899999618530273,9.100000381469727,8.6899995803833,8.899999618530273
2007-11-29,17200,8.25,8.430000305175781,8.899999618530273,8.25,8.430000305175781
2007-11-28,55200,8.109999656677246,8.569999694824219,8.649999618530273,8.109999656677246,8.569999694824219
2007-11-27,27700,8.600000381469727,8.260000228881836,8.859999656677246,8.25,8.260000228881836
2007-11-26,50900,8.699999809265137,8.75,8.949999809265137,8.359999656677246,8.75
2007-11-23,25300,8.5,8.84000015258789,8.84000015258789,8.199999809265137,8.84000015258789
2007-11-21,52400,9.75,9.0,10.5600004196167,8.779999732971191,9.0
2007-11-20,59300,10.989999771118164,10.010000228881836,11.050000190734863,9.449999809265137,10.010000228881836
2007-11-19,60400,11.369999885559082,10.960000038146973,11.369999885559082,10.510000228881836,10.960000038146973
2007-11-16,15400,11.5,11.25,11.680000305175781,11.0,11.25
2007-11-15,13700,11.760000228881836,11.5,11.890000343322754,10.510000228881836,11.5
2007-11-14,32300,11.25,12.010000228881836,12.1899995803833,11.239999771118164,12.010000228881836
2007-11-13,28400,11.479999542236328,11.119999885559082,11.5,11.020000457763672,11.119999885559082
2007-11-12,11600,11.300000190734863,11.350000381469727,11.75,11.300000190734863,11.350000381469727
2007-11-09,76400,11.279999732971191,11.630000114440918,11.630000114440918,11.109999656677246,11.630000114440918
2007-11-08,49300,11.5,11.609999656677246,11.609999656677246,11.020000457763672,11.609999656677246
2007-11-07,44200,11.109999656677246,11.550000190734863,11.670000076293945,11.109999656677246,11.550000190734863
2007-11-06,28200,11.220000267028809,11.510000228881836,11.529999732971191,10.800000190734863,11.510000228881836
2007-11-05,34100,11.239999771118164,11.359999656677246,11.600000381469727,10.850000381469727,11.359999656677246
2007-11-02,28000,12.199999809265137,11.59000015258789,12.850000381469727,11.0,11.59000015258789
2007-11-01,52400,12.449999809265137,11.800000190734863,12.449999809265137,11.75,11.800000190734863
2007-10-31,13900,12.600000381469727,12.460000038146973,12.899999618530273,12.390000343322754,12.460000038146973
2007-10-30,12400,12.260000228881836,12.489999771118164,12.760000228881836,12.119999885559082,12.489999771118164
2007-10-29,7800,12.75,12.420000076293945,12.75,12.130000114440918,12.420000076293945
2007-10-26,6400,11.899999618530273,12.75,12.970000267028809,11.899999618530273,12.75
2007-10-25,9400,11.989999771118164,11.699999809265137,12.0,11.0,11.699999809265137
2007-10-24,22900,12.460000038146973,11.899999618530273,12.460000038146973,11.880000114440918,11.899999618530273
2007-10-23,17600,12.15999984741211,12.359999656677246,12.5,12.15999984741211,12.359999656677246
2007-10-22,23100,12.199999809265137,12.359999656677246,12.489999771118164,12.010000228881836,12.359999656677246
2007-10-19,29900,12.779999732971191,12.5,12.890000343322754,12.3100004196167,12.5
2007-10-18,29300,13.15999984741211,12.899999618530273,13.359999656677246,12.510000228881836,12.899999618530273
2007-10-17,52500,13.880000114440918,13.420000076293945,13.979999542236328,13.289999961853027,13.420000076293945
2007-10-16,13900,14.050000190734863,13.84000015258789,14.050000190734863,13.8100004196167,13.84000015258789
2007-10-15,12800,14.399999618530273,14.0,14.399999618530273,13.949999809265137,14.0
2007-10-12,2000,14.25,14.449999809265137,14.449999809265137,14.25,14.449999809265137
2007-10-11,27100,14.25,14.199999809265137,14.329999923706055,14.0,14.199999809265137
2007-10-10,12400,14.25,14.029999732971191,14.34000015258789,13.949999809265137,14.029999732971191
2007-10-09,7100,13.949999809265137,14.15999984741211,14.40999984741211,13.949999809265137,14.15999984741211
2007-10-08,8100,14.0,13.899999618530273,14.149999618530273,13.899999618530273,13.899999618530273
2007-10-05,3900,14.25,14.0,14.25,13.8100004196167,14.0
2007-10-04,11200,13.84000015258789,13.949999809265137,14.100000381469727,13.800000190734863,13.949999809265137
2007-10-03,13900,14.020000457763672,14.199999809265137,14.489999771118164,13.8100004196167,14.199999809265137
2007-10-02,15300,13.970000267028809,14.220000267028809,14.489999771118164,13.760000228881836,14.220000267028809
2007-10-01,26100,13.9399995803833,14.100000381469727,14.149999618530273,13.760000228881836,14.100000381469727
2007-09-28,8200,13.550000190734863,13.819999694824219,14.25,13.550000190734863,13.819999694824219
2007-09-27,10200,14.5,13.8100004196167,14.5,13.529999732971191,13.8100004196167
2007-09-26,21200,13.069999694824219,14.420000076293945,14.970000267028809,13.069999694824219,13.943437576293945
2007-09-25,28300,13.609999656677246,13.510000228881836,13.899999618530273,13.010000228881836,13.063511848449707
2007-09-24,24500,14.850000381469727,13.520000457763672,14.850000381469727,13.5,13.07318115234375
2007-09-21,39100,14.0,14.25,15.270000457763672,14.0,13.77905559539795
2007-09-20,19900,14.34000015258789,14.0,14.34000015258789,13.8100004196167,13.537317276000977
2007-09-19,34500,14.789999961853027,14.489999771118164,15.5,13.569999694824219,14.011123657226562
2007-09-18,49400,12.489999771118164,14.5,14.520000457763672,12.460000038146973,14.020792961120605
2007-09-17,150300,11.300000190734863,11.899999618530273,13.489999771118164,11.25,11.506719589233398
2007-09-14,78900,10.930000305175781,11.0,11.229999542236328,10.609999656677246,10.63646411895752
2007-09-13,85600,10.979999542236328,10.84000015258789,11.390000343322754,10.800000190734863,10.481751441955566
2007-09-12,28200,10.829999923706055,10.850000381469727,11.069999694824219,10.75,10.491421699523926
2007-09-11,80000,10.899999618530273,10.989999771118164,10.989999771118164,10.600000381469727,10.62679386138916
2007-09-10,72800,11.630000114440918,10.699999809265137,11.630000114440918,10.699999809265137,10.346378326416016
2007-09-07,52500,12.260000228881836,11.449999809265137,13.09000015258789,10.720000267028809,11.0715913772583
2007-09-06,23500,12.59000015258789,12.350000381469727,12.649999618530273,12.329999923706055,11.941848754882812
2007-09-05,47700,13.050000190734863,12.699999809265137,13.050000190734863,12.6899995803833,12.280281066894531
2007-09-04,61300,12.300000190734863,12.789999961853027,12.800000190734863,12.300000190734863,12.36730670928955
2007-08-31,37600,12.989999771118164,12.449999809265137,12.989999771118164,12.329999923706055,12.038542747497559
2007-08-30,9200,12.3100004196167,12.600000381469727,12.75,12.3100004196167,12.183586120605469
2007-08-29,42300,12.350000381469727,12.40999984741211,13.0,12.350000381469727,11.99986457824707
2007-08-28,12700,12.739999771118164,12.489999771118164,12.739999771118164,12.239999771118164,12.077220916748047
2007-08-27,14400,12.739999771118164,12.510000228881836,12.739999771118164,11.510000228881836,12.09656047821045
2007-08-24,11000,12.260000228881836,12.75,13.079999923706055,12.25,12.328628540039062
2007-08-23,32200,13.489999771118164,12.399999618530273,13.489999771118164,11.699999809265137,11.990195274353027
2007-08-22,41500,13.0,12.930000305175781,13.050000190734863,12.5,12.502679824829102
2007-08-21,36000,12.5,12.600000381469727,12.960000038146973,12.069999694824219,12.183586120605469
2007-08-20,26500,12.5,12.5,13.0,12.0,12.08689022064209
2007-08-17,38400,15.0,12.5,15.0,12.25,12.08689022064209
2007-08-16,29500,13.239999771118164,12.40999984741211,13.239999771118164,12.0,11.99986457824707
2007-08-15,58000,14.0,13.300000190734863,14.0,12.859999656677246,12.860451698303223
2007-08-14,51900,15.899999618530273,14.0,15.899999618530273,14.0,13.537317276000977
2007-08-13,6500,15.710000038146973,15.899999618530273,16.25,15.710000038146973,15.374524116516113
2007-08-10,28400,17.1200008392334,15.869999885559082,17.1200008392334,15.710000038146973,15.345516204833984
2007-08-09,7900,16.729999542236328,17.0,17.450000762939453,16.729999542236328,16.43817138671875
2007-08-08,37000,16.239999771118164,16.90999984741211,17.389999389648438,16.239999771118164,16.351144790649414
2007-08-07,25600,14.989999771118164,15.710000038146973,16.040000915527344,14.65999984741211,15.190804481506348
2007-08-06,47200,15.300000190734863,14.890000343322754,15.359999656677246,14.699999809265137,14.397904396057129
2007-08-03,15600,15.739999771118164,15.020000457763672,16.5,15.020000457763672,14.523608207702637
2007-08-02,64700,14.5,16.75,16.75,14.5,16.196434020996094
2007-08-01,97000,15.050000190734863,15.100000381469727,17.31999969482422,13.520000457763672,14.600964546203613
2007-07-31,49400,18.09000015258789,16.5,18.09000015258789,16.020000457763672,15.954695701599121
2007-07-30,33300,18.239999771118164,17.950000762939453,18.399999618530273,17.5,17.356775283813477
2007-07-27,59200,19.100000381469727,18.399999618530273,19.200000762939453,17.459999084472656,17.791902542114258
2007-07-26,43900,21.8700008392334,19.290000915527344,21.8700008392334,18.889999389648438,18.652490615844727
2007-07-25,4800,22.40999984741211,21.8700008392334,22.610000610351562,21.8700008392334,21.14722442626953
2007-07-24,7400,22.719999313354492,22.40999984741211,22.75,22.40999984741211,21.66937828063965
2007-07-23,4100,22.799999237060547,22.75,22.950000762939453,22.729999542236328,21.998140335083008
2007-07-20,1200,22.8799991607666,22.75,22.969999313354492,22.690000534057617,21.998140335083008
2007-07-19,4600,22.700000762939453,22.989999771118164,23.040000915527344,22.700000762939453,22.230209350585938
2007-07-18,5200,23.079999923706055,22.709999084472656,23.100000381469727,22.700000762939453,21.959461212158203
2007-07-17,7000,22.790000915527344,22.84000015258789,23.239999771118164,22.709999084472656,22.085166931152344
2007-07-16,3700,23.09000015258789,22.799999237060547,23.09000015258789,22.799999237060547,22.04648780822754
2007-07-13,38300,22.809999465942383,23.079999923706055,23.09000015258789,22.790000915527344,22.31723403930664
2007-07-12,19300,22.889999389648438,22.75,23.0,22.5,21.998140335083008
2007-07-11,7100,23.43000030517578,23.0,23.43000030517578,22.850000381469727,22.239879608154297
2007-07-10,7700,23.15999984741211,23.209999084472656,23.5,23.149999618530273,22.44293785095215
2007-07-09,6400,23.25,23.329999923706055,23.5,23.149999618530273,22.55897331237793
2007-07-06,3500,23.3700008392334,23.110000610351562,23.5,23.110000610351562,22.34624481201172
2007-07-05,3400,23.290000915527344,23.309999465942383,23.3700008392334,23.020000457763672,22.53963279724121
2007-07-03,1600,23.3799991607666,23.3799991607666,23.3799991607666,23.290000915527344,22.607318878173828
2007-07-02,7300,23.299999237060547,23.270000457763672,23.5,23.270000457763672,22.50095558166504
2007-06-29,40100,23.219999313354492,23.299999237060547,23.299999237060547,22.600000381469727,22.52996253967285
2007-06-28,9600,23.299999237060547,22.940000534057617,23.510000228881836,22.729999542236328,22.181861877441406
2007-06-27,13200,23.09000015258789,23.190000534057617,23.350000381469727,22.940000534057617,22.423599243164062
2007-06-26,17100,23.950000762939453,23.3799991607666,23.950000762939453,23.360000610351562,22.146469116210938
2007-06-25,2100,23.950000762939453,23.639999389648438,23.950000762939453,23.549999237060547,22.392751693725586
2007-06-22,14600,24.06999969482422,23.40999984741211,24.079999923706055,23.399999618530273,22.17488670349121
2007-06-21,21600,24.09000015258789,23.56999969482422,24.200000762939453,23.450000762939453,22.326444625854492
2007-06-20,16700,23.610000610351562,23.670000076293945,24.09000015258789,23.3700008392334,22.421171188354492
2007-06-19,6300,23.959999084472656,23.75,23.989999771118164,23.739999771118164,22.496950149536133
2007-06-18,18700,23.68000030517578,23.68000030517578,24.0,23.68000030517578,22.43064308166504
2007-06-15,8700,23.989999771118164,23.719999313354492,24.0,23.719999313354492,22.468530654907227
2007-06-14,4200,23.709999084472656,23.84000015258789,23.84000015258789,23.600000381469727,22.58220100402832
2007-06-13,9600,23.790000915527344,23.450000762939453,23.8799991607666,23.360000610351562,22.212778091430664
2007-06-12,12000,23.940000534057617,23.440000534057617,23.940000534057617,23.399999618530273,22.203306198120117
2007-06-11,4100,23.559999465942383,23.700000762939453,23.969999313354492,23.559999465942383,22.449588775634766
2007-06-08,5400,23.979999542236328,23.709999084472656,23.979999542236328,23.709999084472656,22.45905876159668
2007-06-07,14100,24.290000915527344,23.799999237060547,24.290000915527344,23.799999237060547,22.544309616088867
2007-06-06,6600,24.209999084472656,24.010000228881836,24.260000228881836,23.450000762939453,22.74323272705078
2007-06-05,58600,24.239999771118164,24.0,24.239999771118164,23.899999618530273,22.733760833740234
2007-06-04,13400,24.18000030517578,24.15999984741211,24.489999771118164,24.15999984741211,22.885318756103516
2007-06-01,13200,24.690000534057617,24.229999542236328,24.700000762939453,24.170000076293945,22.95162582397461
2007-05-31,3800,24.729999542236328,24.6200008392334,24.729999542236328,24.600000381469727,23.321048736572266
2007-05-30,3400,24.799999237060547,24.690000534057617,24.799999237060547,24.329999923706055,23.38735580444336
2007-05-29,2900,24.649999618530273,24.540000915527344,24.649999618530273,24.149999618530273,23.245269775390625
2007-05-25,11500,24.389999389648438,24.5,24.799999237060547,24.389999389648438,23.207380294799805
2007-05-24,19800,24.079999923706055,24.350000381469727,24.700000762939453,24.0,23.06529426574707
2007-05-23,11500,24.350000381469727,23.93000030517578,24.350000381469727,23.920000076293945,22.66745376586914
2007-05-22,1700,24.15999984741211,24.25,24.25,24.15999984741211,22.970569610595703
2007-05-21,6600,24.15999984741211,24.15999984741211,24.350000381469727,24.040000915527344,22.885318756103516
2007-05-18,12000,23.899999618530273,24.15999984741211,24.290000915527344,23.899999618530273,22.885318756103516
2007-05-17,8900,24.1299991607666,23.90999984741211,24.1299991607666,23.899999618530273,22.648508071899414
2007-05-16,11800,24.139999389648438,24.049999237060547,24.139999389648438,23.950000762939453,22.78112030029297
2007-05-15,4000,24.350000381469727,24.1299991607666,24.350000381469727,24.09000015258789,22.85689926147461
2007-05-14,6800,24.100000381469727,24.110000610351562,24.280000686645508,24.100000381469727,22.837955474853516
2007-05-11,9900,24.389999389648438,24.260000228881836,24.399999618530273,24.25,22.98004150390625
2007-05-10,8000,24.399999618530273,24.299999237060547,24.700000762939453,24.299999237060547,23.017929077148438
2007-05-09,26900,24.649999618530273,24.280000686645508,24.649999618530273,24.280000686645508,22.998987197875977
2007-05-08,5400,24.06999969482422,24.200000762939453,24.649999618530273,24.06999969482422,22.923208236694336
2007-05-07,10500,24.1299991607666,24.15999984741211,24.309999465942383,24.1299991607666,22.885318756103516
2007-05-04,33700,24.360000610351562,24.309999465942383,24.5,24.149999618530273,23.02740478515625
2007-05-03,5300,24.209999084472656,24.5,24.5,24.1200008392334,23.207380294799805
2007-05-02,4400,24.149999618530273,24.290000915527344,24.290000915527344,24.059999465942383,23.008459091186523
2007-05-01,4900,24.1299991607666,24.110000610351562,24.1299991607666,24.049999237060547,22.837955474853516
2007-04-30,2500,24.049999237060547,24.100000381469727,24.149999618530273,24.020000457763672,22.82848358154297
2007-04-27,11100,24.09000015258789,24.0,24.1299991607666,23.8799991607666,22.733760833740234
2007-04-26,10100,23.829999923706055,24.010000228881836,24.049999237060547,23.799999237060547,22.74323272705078
2007-04-25,4700,24.09000015258789,23.969999313354492,24.09000015258789,23.809999465942383,22.705341339111328
2007-04-24,6800,23.799999237060547,23.90999984741211,23.90999984741211,23.65999984741211,22.648508071899414
2007-04-23,4600,23.780000686645508,23.860000610351562,23.8799991607666,23.670000076293945,22.601146697998047
2007-04-20,7000,23.799999237060547,23.799999237060547,23.799999237060547,23.639999389648438,22.544309616088867
2007-04-19,4600,23.979999542236328,23.979999542236328,23.989999771118164,23.899999618530273,22.714815139770508
2007-04-18,2700,23.979999542236328,23.989999771118164,23.989999771118164,23.90999984741211,22.724287033081055
2007-04-17,5000,23.950000762939453,23.979999542236328,23.989999771118164,23.899999618530273,22.714815139770508
2007-04-16,7000,23.90999984741211,23.950000762939453,23.950000762939453,23.56999969482422,22.686397552490234
2007-04-13,24300,23.850000381469727,23.860000610351562,23.940000534057617,23.510000228881836,22.601146697998047
2007-04-12,10900,23.799999237060547,23.850000381469727,24.040000915527344,23.799999237060547,22.5916748046875
2007-04-11,19200,24.15999984741211,23.829999923706055,24.479999542236328,23.829999923706055,22.572729110717773
2007-04-10,15100,24.219999313354492,24.200000762939453,24.950000762939453,24.149999618530273,22.923208236694336
2007-04-09,9200,24.75,24.15999984741211,24.780000686645508,24.1200008392334,22.885318756103516
2007-04-05,5400,24.299999237060547,24.43000030517578,24.739999771118164,24.25,23.14107322692871
2007-04-04,10400,24.0,24.09000015258789,24.299999237060547,23.950000762939453,22.819011688232422
2007-04-03,10100,24.0,23.989999771118164,24.0,23.719999313354492,22.724287033081055
2007-04-02,2400,24.18000030517578,23.90999984741211,24.18000030517578,23.8799991607666,22.648508071899414
2007-03-30,10100,23.93000030517578,24.0,24.0,23.709999084472656,22.733760833740234
2007-03-29,9700,23.940000534057617,23.75,23.969999313354492,23.700000762939453,22.496950149536133
2007-03-28,9000,24.040000915527344,23.829999923706055,24.200000762939453,23.600000381469727,22.572729110717773
2007-03-27,17800,24.610000610351562,24.239999771118164,24.610000610351562,23.899999618530273,22.5096435546875
2007-03-26,14000,24.889999389648438,24.309999465942383,24.899999618530273,24.25,22.57464599609375
2007-03-23,45700,24.239999771118164,25.0,25.0,23.950000762939453,23.215391159057617
2007-03-22,19800,24.100000381469727,24.170000076293945,24.170000076293945,23.75,22.444639205932617
2007-03-21,28500,24.0,24.0,24.100000381469727,23.809999465942383,22.286775588989258
2007-03-20,3100,23.979999542236328,23.8700008392334,23.979999542236328,23.8700008392334,22.16605567932129
2007-03-19,5100,23.729999542236328,23.790000915527344,23.809999465942383,23.600000381469727,22.091766357421875
2007-03-16,10600,23.600000381469727,23.690000534057617,23.850000381469727,23.600000381469727,21.998903274536133
2007-03-15,16000,23.649999618530273,23.600000381469727,23.649999618530273,23.40999984741211,21.915328979492188
2007-03-14,11000,23.239999771118164,23.489999771118164,23.639999389648438,23.010000228881836,21.81317901611328
2007-03-13,41000,23.81999969482422,23.399999618530273,23.959999084472656,23.100000381469727,21.729604721069336
2007-03-12,23200,24.350000381469727,24.0,24.5,23.950000762939453,22.286775588989258
2007-03-09,9400,24.5,24.510000228881836,24.559999465942383,24.5,22.76036834716797
2007-03-08,10500,24.489999771118164,24.450000762939453,24.5,24.450000762939453,22.70465087890625
2007-03-07,14700,24.700000762939453,24.450000762939453,24.729999542236328,24.450000762939453,22.70465087890625
2007-03-06,11200,24.6299991607666,24.6200008392334,24.709999084472656,24.520000457763672,22.862516403198242
2007-03-05,4600,24.540000915527344,24.729999542236328,24.729999542236328,24.530000686645508,22.964664459228516
2007-03-02,5100,24.770000457763672,24.700000762939453,24.770000457763672,24.549999237060547,22.936805725097656
2007-03-01,12800,24.600000381469727,24.479999542236328,24.799999237060547,24.479999542236328,22.73250961303711
2007-02-28,13200,24.780000686645508,24.600000381469727,25.149999618530273,24.5,22.843942642211914
2007-02-27,11200,24.700000762939453,24.739999771118164,24.770000457763672,24.459999084472656,22.973949432373047
2007-02-26,6200,24.739999771118164,24.979999542236328,24.979999542236328,24.739999771118164,23.19681739807129
2007-02-23,8600,24.8799991607666,24.8799991607666,24.8799991607666,24.649999618530273,23.10395622253418
2007-02-22,14600,25.0,24.610000610351562,25.0,24.559999465942383,22.85323143005371
2007-02-21,5800,25.100000381469727,25.0,25.139999389648438,25.0,23.215391159057617
2007-02-20,18500,24.950000762939453,25.0,25.09000015258789,24.90999984741211,23.215391159057617
2007-02-16,3600,25.0,25.0,25.0,24.90999984741211,23.215391159057617
2007-02-15,4800,25.0,25.09000015258789,25.09000015258789,24.850000381469727,23.298965454101562
2007-02-14,8400,24.649999618530273,25.0,25.09000015258789,24.649999618530273,23.215391159057617
2007-02-13,9400,24.5,24.75,24.8700008392334,24.5,22.98323631286621
2007-02-12,27000,24.850000381469727,24.75,25.06999969482422,24.75,22.98323631286621
2007-02-09,17800,25.09000015258789,25.059999465942383,25.09000015258789,25.0,23.271106719970703
2007-02-08,12200,25.049999237060547,25.06999969482422,25.100000381469727,24.850000381469727,23.280393600463867
2007-02-07,12200,25.0,25.0,25.09000015258789,24.920000076293945,23.215391159057617
2007-02-06,6700,25.09000015258789,24.950000762939453,25.09000015258789,24.90999984741211,23.168960571289062
2007-02-05,22700,24.899999618530273,24.899999618530273,25.049999237060547,24.899999618530273,23.122528076171875
2007-02-02,10600,24.940000534057617,24.959999084472656,24.969999313354492,24.8799991607666,23.178245544433594
2007-02-01,3900,24.950000762939453,24.899999618530273,24.950000762939453,24.850000381469727,23.122528076171875
2007-01-31,3900,24.940000534057617,24.899999618530273,24.940000534057617,24.799999237060547,23.122528076171875
2007-01-30,3200,24.850000381469727,24.940000534057617,24.940000534057617,24.799999237060547,23.1596736907959
2007-01-29,3900,24.799999237060547,24.829999923706055,24.84000015258789,24.799999237060547,23.057525634765625
2007-01-26,3400,24.8799991607666,24.700000762939453,24.8799991607666,24.700000762939453,22.936805725097656
2007-01-25,12400,24.799999237060547,24.649999618530273,24.860000610351562,24.549999237060547,22.8903751373291
2007-01-24,10800,24.790000915527344,24.790000915527344,24.790000915527344,24.600000381469727,23.020381927490234
2007-01-23,14000,24.739999771118164,24.850000381469727,24.850000381469727,24.600000381469727,23.07609748840332
2007-01-22,8200,24.6299991607666,24.739999771118164,24.739999771118164,24.5,22.973949432373047
2007-01-19,6100,24.510000228881836,24.450000762939453,24.600000381469727,24.40999984741211,22.70465087890625
2007-01-18,14000,24.649999618530273,24.68000030517578,24.75,24.5,22.918231964111328
2007-01-17,8800,24.530000686645508,24.639999389648438,24.829999923706055,24.530000686645508,22.881088256835938
2007-01-16,14200,24.850000381469727,24.829999923706055,24.850000381469727,24.389999389648438,23.057525634765625
2007-01-12,10800,24.780000686645508,24.579999923706055,24.84000015258789,24.399999618530273,22.82537269592285
2007-01-11,9800,24.760000228881836,24.8799991607666,24.989999771118164,24.549999237060547,23.10395622253418
2007-01-10,6700,24.940000534057617,24.850000381469727,24.950000762939453,24.510000228881836,23.07609748840332
2007-01-09,7900,24.950000762939453,24.950000762939453,24.950000762939453,24.639999389648438,23.168960571289062
2007-01-08,9100,24.510000228881836,24.84000015258789,24.84000015258789,24.5,23.06681251525879
2007-01-05,11200,24.719999313354492,24.690000534057617,24.850000381469727,24.649999618530273,22.927520751953125
2007-01-04,22200,24.950000762939453,24.75,24.950000762939453,24.469999313354492,22.98323631286621
2007-01-03,12600,24.950000762939453,24.950000762939453,24.989999771118164,24.59000015258789,23.168960571289062
2006-12-29,6100,24.989999771118164,24.940000534057617,24.989999771118164,24.84000015258789,23.1596736907959
2006-12-28,7600,24.850000381469727,24.799999237060547,24.950000762939453,24.729999542236328,23.0296688079834
2006-12-27,5800,24.56999969482422,24.600000381469727,24.84000015258789,24.520000457763672,22.843942642211914
2006-12-26,6300,24.649999618530273,24.610000610351562,24.84000015258789,24.610000610351562,22.410654067993164
2006-12-22,2000,24.6200008392334,24.639999389648438,24.68000030517578,24.6200008392334,22.437971115112305
2006-12-21,3600,24.649999618530273,24.700000762939453,24.90999984741211,24.510000228881836,22.492610931396484
2006-12-20,17300,24.450000762939453,24.649999618530273,24.950000762939453,24.360000610351562,22.447078704833984
2006-12-19,20400,24.5,24.709999084472656,24.950000762939453,24.469999313354492,22.5017147064209
2006-12-18,11200,24.809999465942383,24.520000457763672,24.940000534057617,24.520000457763672,22.32869529724121
2006-12-15,2400,24.8799991607666,24.8799991607666,24.959999084472656,24.8799991607666,22.656522750854492
2006-12-14,12500,24.950000762939453,24.850000381469727,24.950000762939453,24.799999237060547,22.62920379638672
2006-12-13,14300,24.829999923706055,24.959999084472656,24.959999084472656,24.829999923706055,22.729373931884766
2006-12-12,11900,24.610000610351562,24.809999465942383,25.0,24.610000610351562,22.5927791595459
2006-12-11,6400,24.90999984741211,24.65999984741211,24.920000076293945,24.649999618530273,22.45618438720703
2006-12-08,4600,24.5,24.899999618530273,24.959999084472656,24.5,22.67473602294922
2006-12-07,11700,24.979999542236328,24.540000915527344,25.0,24.540000915527344,22.346908569335938
2006-12-06,8100,24.459999084472656,24.850000381469727,24.989999771118164,24.459999084472656,22.62920379638672
2006-12-05,20900,24.670000076293945,24.6200008392334,24.690000534057617,24.5,22.41975975036621
2006-12-04,6800,24.350000381469727,24.489999771118164,24.549999237060547,24.350000381469727,22.301376342773438
2006-12-01,29400,24.690000534057617,24.40999984741211,24.700000762939453,24.0,22.228527069091797
2006-11-30,14300,24.59000015258789,24.489999771118164,24.700000762939453,24.3700008392334,22.301376342773438
2006-11-29,8500,24.399999618530273,24.489999771118164,24.489999771118164,24.31999969482422,22.301376342773438
2006-11-28,8700,24.190000534057617,24.200000762939453,24.399999618530273,24.190000534057617,22.037294387817383
2006-11-27,10900,24.270000457763672,24.209999084472656,24.290000915527344,24.200000762939453,22.046398162841797
2006-11-24,3400,24.309999465942383,24.3799991607666,24.3799991607666,24.309999465942383,22.20120620727539
2006-11-22,13500,24.6299991607666,24.56999969482422,24.649999618530273,24.290000915527344,22.37422752380371
2006-11-21,12800,24.200000762939453,24.43000030517578,24.649999618530273,24.200000762939453,22.24673843383789
2006-11-20,5200,24.469999313354492,24.399999618530273,24.65999984741211,24.100000381469727,22.219419479370117
2006-11-17,1600,24.450000762939453,24.290000915527344,24.450000762939453,24.260000228881836,22.119251251220703
2006-11-16,3000,24.489999771118164,24.299999237060547,24.489999771118164,24.1200008392334,22.128355026245117
2006-11-15,4800,24.200000762939453,24.5,24.5,24.18000030517578,22.310483932495117
2006-11-14,4900,24.110000610351562,24.200000762939453,24.25,24.010000228881836,22.037294387817383
2006-11-13,1300,24.09000015258789,24.09000015258789,24.09000015258789,23.950000762939453,21.937124252319336
2006-11-10,29500,24.0,23.979999542236328,24.010000228881836,23.809999465942383,21.83695411682129
2006-11-09,13100,23.989999771118164,24.0,24.0,23.93000030517578,21.85516929626465
2006-11-08,9000,24.25,23.93000030517578,24.25,23.760000228881836,21.791423797607422
2006-11-07,6500,23.989999771118164,23.809999465942383,24.0,23.760000228881836,21.682146072387695
2006-11-06,6900,23.989999771118164,24.0,24.0,23.709999084472656,21.85516929626465
2006-11-03,4500,23.850000381469727,23.989999771118164,24.0,23.799999237060547,21.846059799194336
2006-11-02,10800,24.190000534057617,23.799999237060547,24.190000534057617,23.799999237060547,21.673038482666016
2006-11-01,2200,23.950000762939453,23.989999771118164,23.989999771118164,23.899999618530273,21.846059799194336
2006-10-31,18400,23.729999542236328,23.709999084472656,23.979999542236328,23.700000762939453,21.591081619262695
2006-10-30,16100,23.920000076293945,23.899999618530273,24.0,23.81999969482422,21.76410484313965
2006-10-27,8600,24.3799991607666,23.93000030517578,24.3799991607666,23.90999984741211,21.791423797607422
2006-10-26,8300,24.059999465942383,24.100000381469727,24.200000762939453,24.0,21.946229934692383
2006-10-25,8000,24.100000381469727,24.06999969482422,24.5,24.06999969482422,21.91891098022461
2006-10-24,9200,24.1200008392334,24.100000381469727,24.1200008392334,23.969999313354492,21.946229934692383
2006-10-23,18800,24.209999084472656,24.010000228881836,24.209999084472656,24.010000228881836,21.864274978637695
2006-10-20,7700,24.229999542236328,24.229999542236328,24.239999771118164,24.049999237060547,22.064613342285156
2006-10-19,32300,24.1299991607666,24.219999313354492,24.25,23.950000762939453,22.055503845214844
2006-10-18,10200,23.950000762939453,24.09000015258789,24.239999771118164,23.899999618530273,21.937124252319336
2006-10-17,7100,24.020000457763672,23.950000762939453,24.020000457763672,23.59000015258789,21.809635162353516
2006-10-16,19000,24.049999237060547,23.420000076293945,24.049999237060547,23.420000076293945,21.32699966430664
2006-10-13,7700,24.049999237060547,23.639999389648438,24.049999237060547,23.469999313354492,21.5273380279541
2006-10-12,13800,23.3700008392334,23.579999923706055,24.100000381469727,23.3700008392334,21.472702026367188
2006-10-11,17300,23.399999618530273,23.399999618530273,23.5,23.3700008392334,21.308788299560547
2006-10-10,21600,23.399999618530273,23.399999618530273,23.75,23.360000610351562,21.308788299560547
2006-10-09,5500,24.100000381469727,23.459999084472656,24.100000381469727,23.360000610351562,21.363422393798828
2006-10-06,16300,23.31999969482422,23.350000381469727,23.5,23.290000915527344,21.26325798034668
2006-10-05,17000,23.450000762939453,23.360000610351562,23.450000762939453,23.34000015258789,21.272363662719727
2006-10-04,6800,24.100000381469727,23.479999542236328,24.100000381469727,23.399999618530273,21.381637573242188
2006-10-03,6600,23.479999542236328,23.389999389648438,23.5,23.110000610351562,21.2996826171875
2006-10-02,17500,23.600000381469727,23.299999237060547,23.600000381469727,23.299999237060547,21.217721939086914
2006-09-29,3300,23.5,23.5,23.5,23.399999618530273,21.399850845336914
2006-09-28,8000,23.3700008392334,23.3700008392334,23.5,23.3700008392334,21.281469345092773
2006-09-27,138100,23.530000686645508,23.459999084472656,23.700000762939453,23.110000610351562,21.363422393798828
2006-09-26,7900,23.739999771118164,23.84000015258789,23.940000534057617,23.709999084472656,21.27545738220215
2006-09-25,105100,23.3799991607666,23.739999771118164,23.739999771118164,23.290000915527344,21.186216354370117
2006-09-22,6600,23.399999618530273,23.540000915527344,23.540000915527344,23.399999618530273,21.007732391357422
2006-09-21,10400,23.530000686645508,23.510000228881836,23.549999237060547,23.420000076293945,20.980958938598633
2006-09-20,5400,23.59000015258789,23.520000457763672,23.68000030517578,23.520000457763672,20.98988151550293
2006-09-19,4200,23.350000381469727,23.5,23.5,23.350000381469727,20.972034454345703
2006-09-18,10900,23.049999237060547,23.5,23.799999237060547,23.049999237060547,20.972034454345703
2006-09-15,14000,22.899999618530273,23.200000762939453,23.200000762939453,22.899999618530273,20.70430564880371
2006-09-14,16600,22.81999969482422,22.950000762939453,23.100000381469727,22.81999969482422,20.481197357177734
2006-09-13,16700,23.079999923706055,22.81999969482422,23.100000381469727,22.81999969482422,20.365182876586914
2006-09-12,14800,22.770000457763672,22.700000762939453,22.950000762939453,22.610000610351562,20.258092880249023
2006-09-11,1600,22.84000015258789,22.770000457763672,22.84000015258789,22.770000457763672,20.320560455322266
2006-09-08,22600,22.65999984741211,22.829999923706055,22.940000534057617,22.649999618530273,20.374107360839844
2006-09-07,35300,22.739999771118164,22.600000381469727,23.100000381469727,22.5,20.168848037719727
2006-09-06,4700,22.690000534057617,22.719999313354492,22.719999313354492,22.65999984741211,20.27593994140625
2006-09-05,10200,22.700000762939453,22.75,22.790000915527344,22.65999984741211,20.30271339416504
2006-09-01,15000,22.790000915527344,22.700000762939453,22.790000915527344,22.510000228881836,20.258092880249023
2006-08-31,46500,22.790000915527344,22.790000915527344,22.790000915527344,22.40999984741211,20.338411331176758
2006-08-30,4400,22.799999237060547,22.790000915527344,22.799999237060547,22.510000228881836,20.338411331176758
2006-08-29,7200,22.809999465942383,22.790000915527344,22.950000762939453,22.59000015258789,20.338411331176758
2006-08-28,12100,22.549999237060547,22.950000762939453,22.950000762939453,22.540000915527344,20.481197357177734
2006-08-25,10300,22.530000686645508,22.75,22.75,22.530000686645508,20.30271339416504
2006-08-24,4200,22.719999313354492,22.709999084472656,22.719999313354492,22.549999237060547,20.26701545715332
2006-08-23,5000,22.559999465942383,22.520000457763672,22.709999084472656,22.520000457763672,20.097454071044922
2006-08-22,9100,22.40999984741211,22.559999465942383,22.719999313354492,22.40999984741211,20.13315200805664
2006-08-21,7800,22.520000457763672,22.420000076293945,22.6299991607666,22.420000076293945,20.00821304321289
2006-08-18,9600,22.690000534057617,22.440000534057617,22.700000762939453,22.399999618530273,20.02606201171875
2006-08-17,8300,22.420000076293945,22.549999237060547,22.690000534057617,22.420000076293945,20.124229431152344
2006-08-16,3500,22.420000076293945,22.639999389648438,22.690000534057617,22.420000076293945,20.204545974731445
2006-08-15,6600,22.489999771118164,22.450000762939453,22.5,22.309999465942383,20.034984588623047
2006-08-14,16400,22.290000915527344,22.360000610351562,22.389999389648438,22.209999084472656,19.954668045043945
2006-08-11,16100,22.549999237060547,22.280000686645508,22.549999237060547,22.110000610351562,19.883272171020508
2006-08-10,1700,22.329999923706055,22.360000610351562,22.700000762939453,22.309999465942383,19.954668045043945
2006-08-09,5600,22.329999923706055,22.600000381469727,22.709999084472656,22.31999969482422,20.168848037719727
2006-08-08,18000,22.530000686645508,22.329999923706055,22.75,22.329999923706055,19.927892684936523
2006-08-07,6500,22.540000915527344,22.549999237060547,22.75,22.540000915527344,20.124229431152344
2006-08-04,11900,22.5,22.450000762939453,22.540000915527344,22.219999313354492,20.034984588623047
2006-08-03,12800,22.260000228881836,22.450000762939453,22.450000762939453,22.100000381469727,20.034984588623047
2006-08-02,6000,22.489999771118164,22.260000228881836,22.489999771118164,22.209999084472656,19.86542320251465
2006-08-01,8200,22.489999771118164,22.350000381469727,22.489999771118164,22.25,19.94573974609375
2006-07-31,6100,22.739999771118164,22.690000534057617,22.739999771118164,22.3799991607666,20.24916648864746
2006-07-28,9900,22.450000762939453,22.5,22.549999237060547,22.209999084472656,20.079605102539062
2006-07-27,5900,22.3799991607666,22.299999237060547,22.3799991607666,22.25,19.901121139526367
2006-07-26,9300,22.399999618530273,22.299999237060547,22.399999618530273,22.110000610351562,19.901121139526367
2006-07-25,13300,21.93000030517578,22.25,22.489999771118164,21.850000381469727,19.85650062561035
2006-07-24,10800,21.90999984741211,21.93000030517578,22.3799991607666,21.90999984741211,19.5709228515625
2006-07-21,25700,22.290000915527344,21.8799991607666,22.290000915527344,21.799999237060547,19.52629852294922
2006-07-20,6200,22.209999084472656,22.260000228881836,22.5,22.209999084472656,19.86542320251465
2006-07-19,18000,22.229999542236328,22.299999237060547,22.5,22.059999465942383,19.901121139526367
2006-07-18,13800,22.40999984741211,22.209999084472656,22.489999771118164,22.049999237060547,19.820802688598633
2006-07-17,5600,22.600000381469727,22.5,22.860000610351562,22.450000762939453,20.079605102539062
2006-07-14,8400,23.0,22.700000762939453,23.0,22.700000762939453,20.258092880249023
2006-07-13,10700,22.770000457763672,22.979999542236328,23.0,22.600000381469727,20.507970809936523
2006-07-12,2700,22.899999618530273,22.899999618530273,22.899999618530273,22.6299991607666,20.436574935913086
2006-07-11,6300,23.450000762939453,23.1299991607666,23.450000762939453,22.739999771118164,20.641834259033203
2006-07-10,12900,22.690000534057617,22.610000610351562,23.350000381469727,22.610000610351562,20.17777442932129
2006-07-07,11800,22.829999923706055,22.700000762939453,22.829999923706055,22.459999084472656,20.258092880249023
2006-07-06,7500,22.600000381469727,22.850000381469727,22.889999389648438,22.5,20.39195442199707
2006-07-05,2300,22.209999084472656,22.899999618530273,22.899999618530273,22.209999084472656,20.436574935913086
2006-07-03,2600,22.389999389648438,22.329999923706055,22.399999618530273,22.329999923706055,19.927892684936523
2006-06-30,33400,22.350000381469727,22.399999618530273,22.75,22.200000762939453,19.9903621673584
2006-06-29,10000,22.059999465942383,22.59000015258789,22.59000015258789,22.0,20.159923553466797
2006-06-28,14500,22.450000762939453,22.170000076293945,22.450000762939453,21.5,19.785106658935547
2006-06-27,3400,22.75,22.75,22.75,22.360000610351562,19.877382278442383
2006-06-26,6900,22.600000381469727,22.75,22.75,22.549999237060547,19.877382278442383
2006-06-23,5100,21.81999969482422,22.280000686645508,22.579999923706055,21.81999969482422,19.46672821044922
2006-06-22,8900,22.510000228881836,22.020000457763672,22.649999618530273,22.020000457763672,19.239559173583984
2006-06-21,17100,22.3799991607666,22.59000015258789,22.600000381469727,22.200000762939453,19.737585067749023
2006-06-20,20000,22.600000381469727,22.700000762939453,22.850000381469727,22.530000686645508,19.833698272705078
2006-06-19,30200,22.709999084472656,22.3799991607666,22.899999618530273,21.549999237060547,19.55410385131836
2006-06-16,8600,22.760000228881836,22.799999237060547,22.989999771118164,22.760000228881836,19.92106819152832
2006-06-15,112000,22.56999969482422,22.75,22.899999618530273,22.56999969482422,19.877382278442383
2006-06-14,7400,22.75,22.68000030517578,22.799999237060547,22.56999969482422,19.816219329833984
2006-06-13,18500,22.899999618530273,22.559999465942383,23.0,22.549999237060547,19.711374282836914
2006-06-12,19400,22.709999084472656,22.899999618530273,23.0,22.709999084472656,20.008440017700195
2006-06-09,10000,22.5,22.709999084472656,22.850000381469727,22.5,19.842432022094727
2006-06-08,9200,22.5,22.6299991607666,22.8700008392334,22.5,19.772537231445312
2006-06-07,4200,22.700000762939453,22.75,22.979999542236328,22.600000381469727,19.877382278442383
2006-06-06,9400,22.920000076293945,22.75,23.0,22.75,19.877382278442383
2006-06-05,11000,23.200000762939453,22.920000076293945,23.200000762939453,22.860000610351562,20.02591323852539
2006-06-02,1800,23.200000762939453,23.209999084472656,23.34000015258789,23.200000762939453,20.279296875
2006-06-01,6700,23.100000381469727,23.100000381469727,23.350000381469727,23.010000228881836,20.183191299438477
2006-05-31,7200,23.020000457763672,23.010000228881836,23.25,23.0,20.104555130004883
2006-05-30,10500,23.489999771118164,23.010000228881836,23.489999771118164,22.940000534057617,20.104555130004883
2006-05-26,5500,23.0,22.959999084472656,23.139999389648438,22.850000381469727,20.060863494873047
2006-05-25,8000,23.0,23.190000534057617,23.25,23.0,20.261825561523438
2006-05-24,13400,23.0,23.010000228881836,23.260000228881836,23.0,20.104555130004883
2006-05-23,8800,23.010000228881836,23.059999465942383,23.299999237060547,23.010000228881836,20.148239135742188
2006-05-22,45700,23.0,23.040000915527344,23.149999618530273,23.0,20.130765914916992
2006-05-19,9900,23.010000228881836,23.299999237060547,23.299999237060547,23.0,20.357933044433594
2006-05-18,10100,23.25,23.25,23.309999465942383,23.200000762939453,20.31424903869629
2006-05-17,14200,23.299999237060547,23.0,23.5,23.0,20.095813751220703
2006-05-16,18400,23.299999237060547,23.450000762939453,23.450000762939453,23.299999237060547,20.48899269104004
2006-05-15,107400,23.5,23.350000381469727,23.5,23.239999771118164,20.40162467956543
2006-05-12,4600,23.299999237060547,23.5,23.5,23.299999237060547,20.532682418823242
2006-05-11,6200,23.100000381469727,23.299999237060547,23.450000762939453,23.100000381469727,20.357933044433594
2006-05-10,46100,23.260000228881836,23.15999984741211,23.329999923706055,23.010000228881836,20.235610961914062
2006-05-09,5600,23.200000762939453,23.049999237060547,23.200000762939453,22.989999771118164,20.139501571655273
2006-05-08,5300,23.010000228881836,23.06999969482422,23.290000915527344,23.0,20.1569766998291
2006-05-05,6200,23.440000534057617,23.25,23.440000534057617,23.0,20.31424903869629
2006-05-04,3600,23.06999969482422,23.0,23.06999969482422,23.0,20.095813751220703
2006-05-03,3600,23.5,23.100000381469727,23.5,23.100000381469727,20.183191299438477
2006-05-02,17600,23.700000762939453,23.440000534057617,23.709999084472656,23.010000228881836,20.48025894165039
2006-05-01,3800,23.610000610351562,23.700000762939453,23.700000762939453,23.299999237060547,20.707426071166992
2006-04-28,2100,23.100000381469727,23.329999923706055,23.399999618530273,23.100000381469727,20.384145736694336
2006-04-27,42700,23.209999084472656,23.100000381469727,23.5,23.0,20.183191299438477
2006-04-26,16800,23.31999969482422,23.489999771118164,23.5,23.200000762939453,20.523942947387695
2006-04-25,7600,23.25,23.5,23.739999771118164,23.25,20.532682418823242
2006-04-24,1500,23.670000076293945,23.459999084472656,23.670000076293945,23.420000076293945,20.49772834777832
2006-04-21,3800,23.280000686645508,23.299999237060547,23.299999237060547,23.149999618530273,20.357933044433594
2006-04-20,5700,23.15999984741211,23.489999771118164,23.549999237060547,23.15999984741211,20.523942947387695
2006-04-19,6900,23.649999618530273,23.5,23.649999618530273,23.34000015258789,20.532682418823242
2006-04-18,9900,23.40999984741211,23.600000381469727,23.600000381469727,23.149999618530273,20.62005615234375
2006-04-17,2800,23.8700008392334,23.5,23.8700008392334,23.450000762939453,20.532682418823242
2006-04-13,1800,23.6299991607666,23.65999984741211,23.850000381469727,23.459999084472656,20.6724796295166
2006-04-12,1100,24.0,23.649999618530273,24.0,23.649999618530273,20.663738250732422
2006-04-11,3200,23.989999771118164,23.989999771118164,23.989999771118164,23.610000610351562,20.9608097076416
2006-04-10,8300,23.75,23.600000381469727,23.989999771118164,23.600000381469727,20.62005615234375
2006-04-07,12300,23.75,23.829999923706055,24.0,23.75,20.821012496948242
2006-04-06,17200,23.75,23.899999618530273,23.899999618530273,23.75,20.882173538208008
2006-04-05,10000,23.850000381469727,23.850000381469727,23.90999984741211,23.799999237060547,20.83848762512207
2006-04-04,6400,23.860000610351562,23.850000381469727,23.989999771118164,23.799999237060547,20.83848762512207
2006-04-03,6700,23.989999771118164,23.760000228881836,24.0,23.760000228881836,20.759849548339844
2006-03-31,57800,23.860000610351562,23.850000381469727,24.149999618530273,23.799999237060547,20.83848762512207
2006-03-30,8500,23.809999465942383,24.049999237060547,24.440000534057617,23.809999465942383,21.013233184814453
2006-03-29,23400,24.149999618530273,23.920000076293945,24.149999618530273,23.75,20.899646759033203
2006-03-28,8000,24.510000228881836,24.5,24.639999389648438,24.350000381469727,20.989992141723633
2006-03-27,8300,24.31999969482422,24.600000381469727,24.600000381469727,24.31999969482422,21.075666427612305
2006-03-24,20300,24.309999465942383,24.5,24.540000915527344,24.270000457763672,20.989992141723633
2006-03-23,1400,24.299999237060547,24.260000228881836,24.299999237060547,24.260000228881836,20.784374237060547
2006-03-22,12300,24.350000381469727,24.420000076293945,24.5,24.31999969482422,20.92145347595215
2006-03-21,6400,24.600000381469727,24.649999618530273,24.649999618530273,24.5,21.11850357055664
2006-03-20,6100,24.75,24.350000381469727,24.75,24.350000381469727,20.86148452758789
2006-03-17,9400,24.530000686645508,24.649999618530273,24.649999618530273,24.260000228881836,21.11850357055664
2006-03-16,11900,24.200000762939453,24.5,24.5,24.200000762939453,20.989992141723633
2006-03-15,24200,24.1299991607666,24.31999969482422,24.329999923706055,24.100000381469727,20.83578109741211
2006-03-14,17400,24.309999465942383,24.260000228881836,24.530000686645508,24.110000610351562,20.784374237060547
2006-03-13,7300,24.5,24.5,24.549999237060547,24.350000381469727,20.989992141723633
2006-03-10,1700,24.5,24.309999465942383,24.549999237060547,24.309999465942383,20.82721519470215
2006-03-09,2100,24.59000015258789,24.350000381469727,24.59000015258789,24.350000381469727,20.86148452758789
2006-03-08,7400,24.5,24.399999618530273,24.549999237060547,24.399999618530273,20.90431785583496
2006-03-07,11300,24.549999237060547,24.59000015258789,24.639999389648438,24.450000762939453,21.067096710205078
2006-03-06,15900,24.549999237060547,24.649999618530273,24.649999618530273,24.510000228881836,21.11850357055664
2006-03-03,14400,24.549999237060547,24.700000762939453,24.700000762939453,24.5,21.16133689880371
2006-03-02,11700,24.309999465942383,24.5,24.549999237060547,24.229999542236328,20.989992141723633
2006-03-01,3700,24.489999771118164,24.68000030517578,24.68000030517578,24.299999237060547,21.144203186035156
2006-02-28,2200,24.5,24.440000534057617,24.549999237060547,24.440000534057617,20.938587188720703
2006-02-27,6900,24.15999984741211,24.5,24.579999923706055,24.149999618530273,20.989992141723633
2006-02-24,124100,24.520000457763672,24.540000915527344,24.549999237060547,24.399999618530273,21.024263381958008
2006-02-23,7800,24.5,24.209999084472656,24.5,24.209999084472656,20.74153709411621
2006-02-22,10100,24.200000762939453,24.5,24.5,24.200000762939453,20.989992141723633
2006-02-21,3900,24.25,24.5,24.5,24.219999313354492,20.989992141723633
2006-02-17,8200,24.5,24.399999618530273,24.5,24.110000610351562,20.90431785583496
2006-02-16,3400,24.209999084472656,24.350000381469727,24.440000534057617,24.209999084472656,20.86148452758789
2006-02-15,6700,24.43000030517578,24.399999618530273,24.450000762939453,24.299999237060547,20.90431785583496
2006-02-14,5700,24.399999618530273,24.43000030517578,24.450000762939453,24.200000762939453,20.930023193359375
2006-02-13,6700,24.18000030517578,24.389999389648438,24.450000762939453,24.18000030517578,20.895751953125
2006-02-10,7500,24.200000762939453,24.399999618530273,24.479999542236328,24.200000762939453,20.90431785583496
2006-02-09,22900,24.100000381469727,24.399999618530273,24.420000076293945,24.100000381469727,20.90431785583496
2006-02-08,9800,24.170000076293945,24.100000381469727,24.299999237060547,24.100000381469727,20.64729881286621
2006-02-07,15300,24.200000762939453,24.25,24.420000076293945,24.06999969482422,20.775806427001953
2006-02-06,8500,24.25,24.059999465942383,24.3799991607666,24.0,20.61302947998047
2006-02-03,11900,24.299999237060547,24.209999084472656,24.299999237060547,24.149999618530273,20.74153709411621
2006-02-02,5300,24.010000228881836,24.040000915527344,24.100000381469727,24.010000228881836,20.595895767211914
2006-02-01,66000,24.420000076293945,24.100000381469727,24.420000076293945,23.969999313354492,20.64729881286621
2006-01-31,8300,23.850000381469727,24.350000381469727,24.459999084472656,23.850000381469727,20.86148452758789
2006-01-30,11200,23.75,24.100000381469727,24.299999237060547,23.610000610351562,20.64729881286621
2006-01-27,7900,24.0,23.760000228881836,24.06999969482422,23.549999237060547,20.356006622314453
2006-01-26,2500,23.559999465942383,23.979999542236328,23.989999771118164,23.559999465942383,20.544490814208984
2006-01-25,12400,24.06999969482422,23.989999771118164,24.100000381469727,23.549999237060547,20.553056716918945
2006-01-24,8100,23.899999618530273,23.899999618530273,24.149999618530273,23.75,20.475950241088867
2006-01-23,12600,24.100000381469727,24.100000381469727,24.149999618530273,23.899999618530273,20.64729881286621
2006-01-20,12000,24.0,24.149999618530273,24.149999618530273,23.979999542236328,20.690134048461914
2006-01-19,11900,23.93000030517578,24.040000915527344,24.100000381469727,23.93000030517578,20.595895767211914
2006-01-18,7900,23.850000381469727,24.149999618530273,24.200000762939453,23.75,20.690134048461914
2006-01-17,19500,24.0,24.010000228881836,24.149999618530273,24.0,20.570192337036133
2006-01-13,4400,23.90999984741211,23.950000762939453,24.0,23.850000381469727,20.518787384033203
2006-01-12,9600,23.899999618530273,23.899999618530273,24.0,23.899999618530273,20.475950241088867
2006-01-11,5500,23.809999465942383,23.899999618530273,23.899999618530273,23.799999237060547,20.475950241088867
2006-01-10,9100,23.75,23.899999618530273,23.940000534057617,23.739999771118164,20.475950241088867
2006-01-09,21900,23.579999923706055,23.75,24.0,23.40999984741211,20.347444534301758
2006-01-06,24200,23.5,23.399999618530273,23.649999618530273,23.399999618530273,20.047582626342773
2006-01-05,80200,23.25,23.459999084472656,23.459999084472656,23.079999923706055,20.09898567199707
2006-01-04,136800,22.65999984741211,23.200000762939453,23.270000457763672,22.65999984741211,19.876237869262695
2006-01-03,7200,23.149999618530273,22.75,23.149999618530273,22.65999984741211,19.490705490112305
2005-12-30,29400,22.989999771118164,22.649999618530273,23.0,22.469999313354492,19.405033111572266
2005-12-29,124700,22.799999237060547,22.899999618530273,23.079999923706055,22.799999237060547,19.61921501159668
2005-12-28,27000,22.8799991607666,22.709999084472656,23.049999237060547,22.649999618530273,19.456436157226562
2005-12-27,26100,23.049999237060547,23.18000030517578,23.43000030517578,23.049999237060547,19.45078468322754
2005-12-23,9000,23.149999618530273,23.299999237060547,23.3700008392334,23.149999618530273,19.551475524902344
2005-12-22,74200,23.399999618530273,23.149999618530273,23.399999618530273,23.110000610351562,19.425609588623047
2005-12-21,12900,23.299999237060547,23.299999237060547,23.440000534057617,23.200000762939453,19.551475524902344
2005-12-20,373000,23.25,23.219999313354492,23.459999084472656,22.920000076293945,19.48434829711914
2005-12-19,3600,23.100000381469727,23.149999618530273,23.309999465942383,23.100000381469727,19.425609588623047
2005-12-16,4300,23.239999771118164,23.420000076293945,23.420000076293945,23.239999771118164,19.652170181274414
2005-12-15,11100,23.290000915527344,23.239999771118164,23.290000915527344,23.020000457763672,19.501131057739258
2005-12-14,7800,23.049999237060547,23.350000381469727,23.420000076293945,23.010000228881836,19.59343719482422
2005-12-13,41700,23.100000381469727,23.280000686645508,23.299999237060547,23.049999237060547,19.534696578979492
2005-12-12,14800,23.010000228881836,23.0,23.5,23.0,19.299741744995117
2005-12-09,16000,23.40999984741211,23.3799991607666,23.40999984741211,23.049999237060547,19.61860466003418
2005-12-08,79600,23.25,23.5,23.5,23.200000762939453,19.719301223754883
2005-12-07,9100,23.200000762939453,23.299999237060547,23.549999237060547,23.149999618530273,19.551475524902344
2005-12-06,5200,23.420000076293945,23.200000762939453,23.549999237060547,23.200000762939453,19.46756935119629
2005-12-05,6900,23.56999969482422,23.399999618530273,23.649999618530273,23.399999618530273,19.635391235351562
2005-12-02,15300,23.25,23.010000228881836,23.59000015258789,23.010000228881836,19.30813217163086
2005-12-01,2100,23.049999237060547,23.149999618530273,23.200000762939453,23.049999237060547,19.425609588623047
2005-11-30,14200,23.100000381469727,23.25,23.25,23.049999237060547,19.509519577026367
