date,volume,open,close,high,low,adjclose
2019-02-15,189000,47.90999984741211,48.0,48.0,47.90999984741211,48.0
2019-02-14,313100,47.970001220703125,47.90999984741211,48.040000915527344,47.90999984741211,47.90999984741211
2019-02-13,80000,47.869998931884766,47.90999984741211,47.91999816894531,47.83000183105469,47.90999984741211
2019-02-12,271200,47.9900016784668,47.90999984741211,47.9900016784668,47.790000915527344,47.90999984741211
2019-02-11,393400,47.86000061035156,47.91999816894531,47.93000030517578,47.86000061035156,47.91999816894531
2019-02-08,266200,47.84000015258789,47.900001525878906,47.939998626708984,47.83000183105469,47.900001525878906
2019-02-07,311500,47.779998779296875,47.86000061035156,47.86000061035156,47.720001220703125,47.86000061035156
2019-02-06,402300,47.68000030517578,47.66999816894531,47.70000076293945,47.63999938964844,47.66999816894531
2019-02-05,120300,47.68000030517578,47.689998626708984,47.70000076293945,47.619998931884766,47.689998626708984
2019-02-04,1086400,47.66999816894531,47.650001525878906,47.70000076293945,47.619998931884766,47.650001525878906
2019-02-01,517800,47.790000915527344,47.68000030517578,47.790000915527344,47.630001068115234,47.68000030517578
2019-01-31,179400,47.779998779296875,47.880001068115234,47.880001068115234,47.779998779296875,47.78499984741211
2019-01-30,129900,47.650001525878906,47.72999954223633,47.72999954223633,47.61000061035156,47.63529586791992
2019-01-29,106800,47.630001068115234,47.68000030517578,47.68000030517578,47.61000061035156,47.58539581298828
2019-01-28,433900,47.65999984741211,47.630001068115234,47.68000030517578,47.56999969482422,47.53549575805664
2019-01-25,194600,47.65999984741211,47.630001068115234,47.70000076293945,47.58000183105469,47.53549575805664
2019-01-24,173900,47.7400016784668,47.709999084472656,47.75,47.68000030517578,47.61533737182617
2019-01-23,415300,47.7400016784668,47.72999954223633,47.75,47.689998626708984,47.63529586791992
2019-01-22,337300,47.689998626708984,47.709999084472656,47.7599983215332,47.65999984741211,47.61533737182617
2019-01-18,409800,47.779998779296875,47.720001220703125,47.779998779296875,47.61000061035156,47.62532043457031
2019-01-17,308600,47.68000030517578,47.689998626708984,47.70000076293945,47.599998474121094,47.595375061035156
2019-01-16,816600,47.68000030517578,47.68000030517578,47.720001220703125,47.599998474121094,47.58539581298828
2019-01-15,156600,47.630001068115234,47.65999984741211,47.66999816894531,47.59000015258789,47.56543731689453
2019-01-14,395500,47.63999938964844,47.59000015258789,47.65999984741211,47.540000915527344,47.495574951171875
2019-01-11,194900,47.529998779296875,47.56999969482422,47.58000183105469,47.470001220703125,47.475616455078125
2019-01-10,179500,47.560001373291016,47.43000030517578,47.58000183105469,47.41999816894531,47.33589172363281
2019-01-09,295700,47.619998931884766,47.5,47.619998931884766,47.45000076293945,47.40575408935547
2019-01-08,282800,47.7400016784668,47.560001373291016,47.7400016784668,47.54999923706055,47.46563720703125
2019-01-07,550800,47.650001525878906,47.66999816894531,47.72999954223633,47.599998474121094,47.575416564941406
2019-01-04,217700,47.47999954223633,47.599998474121094,47.630001068115234,47.47999954223633,47.50555419921875
2019-01-03,170800,47.59000015258789,47.7599983215332,47.7599983215332,47.5,47.66523742675781
2019-01-02,491500,47.529998779296875,47.560001373291016,47.56999969482422,47.43000030517578,47.46563720703125
2018-12-31,362000,47.529998779296875,47.470001220703125,47.529998779296875,47.380001068115234,47.375816345214844
2018-12-28,364800,47.4900016784668,47.529998779296875,47.54999923706055,47.40999984741211,47.435691833496094
2018-12-27,563300,47.459999084472656,47.380001068115234,47.5,47.380001068115234,47.28599166870117
2018-12-26,318600,47.4900016784668,47.38999938964844,47.540000915527344,47.369998931884766,47.29597091674805
2018-12-24,135300,47.45000076293945,47.470001220703125,47.5099983215332,47.45000076293945,47.375816345214844
2018-12-21,292000,47.41999816894531,47.4900016784668,47.4900016784668,47.38999938964844,47.395774841308594
2018-12-20,532800,47.400001525878906,47.470001220703125,47.4900016784668,47.38999938964844,47.375816345214844
2018-12-19,292700,47.25,47.34000015258789,47.34000015258789,47.25,47.246070861816406
2018-12-18,248600,47.16999816894531,47.220001220703125,47.310001373291016,47.16999816894531,47.126312255859375
2018-12-17,375000,47.15999984741211,47.150001525878906,47.189998626708984,47.11000061035156,47.05644989013672
2018-12-14,376400,47.09000015258789,47.11000061035156,47.20000076293945,47.09000015258789,47.01652908325195
2018-12-13,216000,47.09000015258789,47.13999938964844,47.18000030517578,47.09000015258789,47.04646682739258
2018-12-12,388500,47.08000183105469,47.099998474121094,47.150001525878906,47.04999923706055,47.00654602050781
2018-12-11,287800,47.220001220703125,47.130001068115234,47.220001220703125,47.09000015258789,47.03649139404297
2018-12-10,504300,47.18000030517578,47.290000915527344,47.310001373291016,47.16999816894531,47.196170806884766
2018-12-07,228900,47.11000061035156,47.27000045776367,47.279998779296875,47.099998474121094,47.176212310791016
2018-12-06,577200,47.06999969482422,47.130001068115234,47.2400016784668,47.06999969482422,47.03649139404297
2018-12-04,317700,46.869998931884766,47.040000915527344,47.04999923706055,46.869998931884766,46.9466667175293
2018-12-03,502500,46.630001068115234,46.77000045776367,46.79999923706055,46.630001068115234,46.67720413208008
2018-11-30,356700,46.84000015258789,46.7599983215332,46.84000015258789,46.7400016784668,46.57640075683594
2018-11-29,237000,46.720001220703125,46.66999816894531,46.790000915527344,46.66999816894531,46.48675537109375
2018-11-28,305500,46.65999984741211,46.61000061035156,46.66999816894531,46.59000015258789,46.42699432373047
2018-11-27,313700,46.59000015258789,46.619998931884766,46.65999984741211,46.560001373291016,46.436954498291016
2018-11-26,300500,46.560001373291016,46.560001373291016,46.619998931884766,46.52000045776367,46.37718963623047
2018-11-23,91500,46.560001373291016,46.560001373291016,46.619998931884766,46.560001373291016,46.37718963623047
2018-11-21,231800,46.5,46.54999923706055,46.56999969482422,46.5,46.367225646972656
2018-11-20,245000,46.54999923706055,46.540000915527344,46.56999969482422,46.4900016784668,46.35726547241211
2018-11-19,294200,46.38999938964844,46.459999084472656,46.470001220703125,46.38999938964844,46.27758026123047
2018-11-16,366800,46.400001525878906,46.400001525878906,46.459999084472656,46.34000015258789,46.21781921386719
2018-11-15,424500,46.380001068115234,46.40999984741211,46.43000030517578,46.31999969482422,46.227779388427734
2018-11-14,294400,46.2599983215332,46.310001373291016,46.40999984741211,46.2599983215332,46.128173828125
2018-11-13,333500,46.34000015258789,46.349998474121094,46.369998931884766,46.279998779296875,46.16801071166992
2018-11-12,120400,46.25,46.29999923706055,46.34000015258789,46.16999816894531,46.11820983886719
2018-11-09,412100,46.18000030517578,46.279998779296875,46.279998779296875,46.11000061035156,46.09828567504883
2018-11-08,573100,46.08000183105469,46.13999938964844,46.150001525878906,46.06999969482422,45.95883560180664
2018-11-07,1175700,46.09000015258789,46.099998474121094,46.150001525878906,46.06999969482422,45.91899490356445
2018-11-06,159200,45.939998626708984,45.939998626708984,45.959999084472656,45.900001525878906,45.759620666503906
2018-11-05,463800,45.939998626708984,45.90999984741211,45.9900016784668,45.869998931884766,45.72974395751953
2018-11-02,94600,46.040000915527344,45.900001525878906,46.06999969482422,45.86000061035156,45.719783782958984
2018-11-01,280300,46.04999923706055,46.119998931884766,46.119998931884766,46.029998779296875,45.93891906738281
2018-10-31,461700,46.16999816894531,46.20000076293945,46.220001220703125,46.13999938964844,45.92298126220703
2018-10-30,173900,46.25,46.189998626708984,46.2599983215332,46.189998626708984,45.91303634643555
2018-10-29,124600,46.25,46.27000045776367,46.29999923706055,46.220001220703125,45.99256134033203
2018-10-26,159200,46.43000030517578,46.31999969482422,46.43000030517578,46.22999954223633,46.04226303100586
2018-10-25,160000,46.2599983215332,46.279998779296875,46.31999969482422,46.2400016784668,46.00249481201172
2018-10-24,198600,46.2599983215332,46.20000076293945,46.279998779296875,46.20000076293945,45.92298126220703
2018-10-23,152600,46.2599983215332,46.18000030517578,46.29999923706055,46.18000030517578,45.903099060058594
2018-10-22,198200,46.119998931884766,46.119998931884766,46.18000030517578,46.060001373291016,45.84345626831055
2018-10-19,142000,46.060001373291016,46.02000045776367,46.060001373291016,46.0,45.744056701660156
2018-10-18,120600,46.099998474121094,46.02000045776367,46.119998931884766,46.02000045776367,45.744056701660156
2018-10-17,178400,46.099998474121094,46.02000045776367,46.099998474121094,46.0,45.744056701660156
2018-10-16,150000,46.099998474121094,46.08000183105469,46.119998931884766,46.040000915527344,45.8036994934082
2018-10-15,197000,46.08000183105469,46.040000915527344,46.15999984741211,46.040000915527344,45.763938903808594
2018-10-12,111900,46.060001373291016,46.060001373291016,46.13999938964844,46.060001373291016,45.783817291259766
2018-10-11,230800,46.13999938964844,46.18000030517578,46.20000076293945,46.099998474121094,45.903099060058594
2018-10-10,240600,46.02000045776367,46.08000183105469,46.119998931884766,45.959999084472656,45.8036994934082
2018-10-09,134000,46.279998779296875,46.060001373291016,46.279998779296875,46.0,45.783817291259766
2018-10-08,88700,46.2599983215332,46.15999984741211,46.2599983215332,46.15999984741211,45.88322067260742
2018-10-05,101300,46.31999969482422,46.2400016784668,46.31999969482422,46.18000030517578,45.962738037109375
2018-10-04,124600,46.36000061035156,46.2599983215332,46.36000061035156,46.2400016784668,45.98261642456055
2018-10-03,65700,46.560001373291016,46.380001068115234,46.560001373291016,46.380001068115234,46.10190200805664
2018-10-02,90700,46.599998474121094,46.560001373291016,46.599998474121094,46.52000045776367,46.280818939208984
2018-10-01,143700,46.540000915527344,46.5,46.560001373291016,46.5,46.2211799621582
2018-09-28,205600,46.65999984741211,46.619998931884766,46.7400016784668,46.619998931884766,46.2490119934082
2018-09-27,126100,46.560001373291016,46.599998474121094,46.70000076293945,46.560001373291016,46.22916793823242
2018-09-26,112100,46.560001373291016,46.560001373291016,46.619998931884766,46.540000915527344,46.189491271972656
2018-09-25,132200,46.560001373291016,46.560001373291016,46.58000183105469,46.47999954223633,46.189491271972656
2018-09-24,85100,46.63999938964844,46.599998474121094,46.65999984741211,46.560001373291016,46.22916793823242
2018-09-21,164900,46.63999938964844,46.560001373291016,46.68000030517578,46.560001373291016,46.189491271972656
2018-09-20,103800,46.63999938964844,46.63999938964844,46.65999984741211,46.540000915527344,46.268856048583984
2018-09-19,201900,46.619998931884766,46.70000076293945,46.70000076293945,46.58000183105469,46.3283805847168
2018-09-18,222900,46.779998779296875,46.599998474121094,46.79999923706055,46.560001373291016,46.22916793823242
2018-09-17,112600,46.779998779296875,46.7400016784668,46.84000015258789,46.720001220703125,46.36806106567383
2018-09-14,109200,46.79999923706055,46.779998779296875,46.86000061035156,46.779998779296875,46.40773391723633
2018-09-13,88500,46.880001068115234,46.79999923706055,46.91999816894531,46.79999923706055,46.42757797241211
2018-09-12,64000,46.900001525878906,46.84000015258789,46.900001525878906,46.81999969482422,46.467262268066406
2018-09-11,274000,46.91999816894531,46.81999969482422,46.91999816894531,46.81999969482422,46.44742202758789
2018-09-10,143400,46.91999816894531,46.900001525878906,46.91999816894531,46.86000061035156,46.52678680419922
2018-09-07,267400,46.959999084472656,46.86000061035156,46.959999084472656,46.84000015258789,46.48710632324219
2018-09-06,96000,47.060001373291016,47.060001373291016,47.08000183105469,47.0,46.685508728027344
2018-09-05,57500,47.08000183105469,47.0,47.08000183105469,47.0,46.6259880065918
2018-09-04,88800,47.040000915527344,47.08000183105469,47.08000183105469,46.97999954223633,46.705352783203125
2018-08-31,94700,47.220001220703125,47.2599983215332,47.2599983215332,47.18000030517578,46.79066848754883
2018-08-30,106100,47.20000076293945,47.15999984741211,47.20000076293945,47.15999984741211,46.6916618347168
2018-08-29,89400,47.20000076293945,47.15999984741211,47.20000076293945,47.13999938964844,46.6916618347168
2018-08-28,62300,47.20000076293945,47.13999938964844,47.20000076293945,47.13999938964844,46.6718635559082
2018-08-27,70600,47.220001220703125,47.2400016784668,47.29999923706055,47.20000076293945,46.77086639404297
2018-08-24,55800,47.2400016784668,47.2400016784668,47.279998779296875,47.18000030517578,46.77086639404297
2018-08-23,94700,47.2599983215332,47.18000030517578,47.2599983215332,47.15999984741211,46.71146011352539
2018-08-22,80200,47.279998779296875,47.2599983215332,47.380001068115234,47.220001220703125,46.79066848754883
2018-08-21,85300,47.2599983215332,47.2599983215332,47.279998779296875,47.2400016784668,46.79066848754883
2018-08-20,95600,47.29999923706055,47.29999923706055,47.29999923706055,47.2599983215332,46.83026885986328
2018-08-17,68700,47.18000030517578,47.220001220703125,47.220001220703125,47.15999984741211,46.751068115234375
2018-08-16,73400,47.20000076293945,47.119998931884766,47.220001220703125,47.119998931884766,46.65205764770508
2018-08-15,62600,47.20000076293945,47.15999984741211,47.220001220703125,47.13999938964844,46.6916618347168
2018-08-14,199200,47.099998474121094,47.060001373291016,47.13999938964844,47.060001373291016,46.5926513671875
2018-08-13,62100,47.099998474121094,47.08000183105469,47.13999938964844,47.08000183105469,46.61245346069336
2018-08-10,98400,47.08000183105469,47.08000183105469,47.13999938964844,47.08000183105469,46.61245346069336
2018-08-09,63600,47.08000183105469,47.02000045776367,47.08000183105469,47.0,46.55305099487305
2018-08-08,61800,47.08000183105469,46.97999954223633,47.08000183105469,46.97999954223633,46.513450622558594
2018-08-07,116700,47.060001373291016,47.060001373291016,47.060001373291016,47.02000045776367,46.5926513671875
2018-08-06,110800,47.02000045776367,47.040000915527344,47.13999938964844,47.02000045776367,46.572853088378906
2018-08-03,108400,47.040000915527344,47.119998931884766,47.13999938964844,47.02000045776367,46.65205764770508
2018-08-02,71000,47.099998474121094,47.08000183105469,47.099998474121094,47.0,46.61245346069336
2018-08-01,74100,46.959999084472656,46.939998626708984,47.02000045776367,46.939998626708984,46.47384262084961
2018-07-31,66300,47.2400016784668,47.15999984741211,47.2400016784668,47.13999938964844,46.598594665527344
2018-07-30,81900,47.220001220703125,47.18000030517578,47.220001220703125,47.099998474121094,46.618350982666016
2018-07-27,115200,47.279998779296875,47.18000030517578,47.279998779296875,47.18000030517578,46.618350982666016
2018-07-26,70100,47.220001220703125,47.13999938964844,47.2400016784668,47.119998931884766,46.57883071899414
2018-07-25,66000,47.2599983215332,47.18000030517578,47.34000015258789,47.18000030517578,46.618350982666016
2018-07-24,94500,47.15999984741211,47.220001220703125,47.2599983215332,47.119998931884766,46.65788269042969
2018-07-23,103100,47.29999923706055,47.13999938964844,47.29999923706055,47.119998931884766,46.57883071899414
2018-07-20,92000,47.34000015258789,47.2400016784668,47.34000015258789,47.220001220703125,46.677642822265625
2018-07-19,79000,47.29999923706055,47.29999923706055,47.34000015258789,47.2599983215332,46.7369270324707
2018-07-18,72000,47.2400016784668,47.2400016784668,47.279998779296875,47.2400016784668,46.677642822265625
2018-07-17,60700,47.2400016784668,47.279998779296875,47.279998779296875,47.2400016784668,46.717159271240234
2018-07-16,64800,47.220001220703125,47.279998779296875,47.279998779296875,47.18000030517578,46.717159271240234
2018-07-13,91600,47.220001220703125,47.2599983215332,47.279998779296875,47.220001220703125,46.6973991394043
2018-07-12,169500,47.2400016784668,47.18000030517578,47.2599983215332,47.15999984741211,46.618350982666016
2018-07-11,202600,47.18000030517578,47.20000076293945,47.2599983215332,47.18000030517578,46.638118743896484
2018-07-10,135800,47.13999938964844,47.15999984741211,47.15999984741211,47.08000183105469,46.598594665527344
2018-07-09,194400,47.119998931884766,47.18000030517578,47.20000076293945,47.099998474121094,46.618350982666016
2018-07-06,105400,47.15999984741211,47.13999938964844,47.18000030517578,47.119998931884766,46.57883071899414
2018-07-05,77000,47.060001373291016,47.099998474121094,47.13999938964844,47.060001373291016,46.539306640625
2018-07-03,56400,47.02000045776367,47.119998931884766,47.119998931884766,47.02000045776367,46.55906677246094
2018-07-02,184900,47.040000915527344,46.97999954223633,47.099998474121094,46.959999084472656,46.42073440551758
2018-06-29,56700,47.15999984741211,47.13999938964844,47.18000030517578,47.099998474121094,46.48990249633789
2018-06-28,82000,47.13999938964844,47.15999984741211,47.20000076293945,47.099998474121094,46.50962829589844
2018-06-27,124800,47.18000030517578,47.20000076293945,47.20000076293945,47.15999984741211,46.54907989501953
2018-06-26,55400,47.119998931884766,47.099998474121094,47.119998931884766,47.060001373291016,46.4504508972168
2018-06-25,118300,47.08000183105469,47.099998474121094,47.18000030517578,47.060001373291016,46.4504508972168
2018-06-22,130300,47.040000915527344,47.040000915527344,47.13999938964844,47.02000045776367,46.39128112792969
2018-06-21,120300,47.15999984741211,47.119998931884766,47.15999984741211,47.099998474121094,46.47018051147461
2018-06-20,166400,47.15999984741211,47.08000183105469,47.15999984741211,47.02000045776367,46.43073272705078
2018-06-19,84700,47.13999938964844,47.15999984741211,47.20000076293945,47.13999938964844,46.50962829589844
2018-06-18,108300,47.13999938964844,47.060001373291016,47.13999938964844,47.040000915527344,46.41100311279297
2018-06-15,76000,47.060001373291016,47.060001373291016,47.08000183105469,47.040000915527344,46.41100311279297
2018-06-14,74100,47.099998474121094,46.97999954223633,47.099998474121094,46.97999954223633,46.33211135864258
2018-06-13,96200,46.959999084472656,47.0,47.08000183105469,46.959999084472656,46.351829528808594
2018-06-12,71200,47.0,47.040000915527344,47.060001373291016,46.97999954223633,46.39128112792969
2018-06-11,65500,47.02000045776367,47.040000915527344,47.08000183105469,47.02000045776367,46.39128112792969
2018-06-08,279700,47.08000183105469,47.040000915527344,47.119998931884766,47.040000915527344,46.39128112792969
2018-06-07,178900,47.099998474121094,47.060001373291016,47.099998474121094,46.97999954223633,46.41100311279297
2018-06-06,368100,47.040000915527344,47.08000183105469,47.08000183105469,46.97999954223633,46.43073272705078
2018-06-05,386800,47.08000183105469,47.060001373291016,47.119998931884766,47.02000045776367,46.41100311279297
2018-06-04,97400,47.08000183105469,46.97999954223633,47.099998474121094,46.959999084472656,46.33211135864258
2018-06-01,68100,47.040000915527344,47.040000915527344,47.08000183105469,46.97999954223633,46.39128112792969
2018-05-31,200500,47.220001220703125,47.2400016784668,47.29999923706055,47.20000076293945,46.495819091796875
2018-05-30,129300,47.099998474121094,47.13999938964844,47.2400016784668,47.099998474121094,46.397396087646484
2018-05-29,157200,47.119998931884766,47.279998779296875,47.36000061035156,47.119998931884766,46.53518295288086
2018-05-25,117700,47.08000183105469,47.040000915527344,47.08000183105469,46.959999084472656,46.29896926879883
2018-05-24,123500,46.939998626708984,46.91999816894531,47.0,46.900001525878906,46.18086242675781
2018-05-23,118100,46.81999969482422,46.86000061035156,46.880001068115234,46.81999969482422,46.12180709838867
2018-05-22,93700,46.779998779296875,46.720001220703125,46.79999923706055,46.720001220703125,45.984012603759766
2018-05-21,223800,46.65999984741211,46.70000076293945,46.7599983215332,46.65999984741211,45.964324951171875
2018-05-18,85400,46.70000076293945,46.7400016784668,46.7599983215332,46.70000076293945,46.003700256347656
2018-05-17,80200,46.81999969482422,46.720001220703125,46.81999969482422,46.70000076293945,45.984012603759766
2018-05-16,148000,46.84000015258789,46.7599983215332,46.880001068115234,46.7400016784668,46.02337646484375
2018-05-15,88500,46.880001068115234,46.779998779296875,46.880001068115234,46.7599983215332,46.04306411743164
2018-05-14,131600,47.0,47.040000915527344,47.099998474121094,46.97999954223633,46.29896926879883
2018-05-11,82500,47.02000045776367,47.0,47.060001373291016,47.0,46.25959777832031
2018-05-10,190000,46.939998626708984,47.02000045776367,47.02000045776367,46.939998626708984,46.2792854309082
2018-05-09,281300,46.880001068115234,46.900001525878906,46.91999816894531,46.81999969482422,46.16117858886719
2018-05-08,162400,46.939998626708984,46.84000015258789,46.97999954223633,46.84000015258789,46.102115631103516
2018-05-07,352600,46.86000061035156,46.939998626708984,47.040000915527344,46.86000061035156,46.20054244995117
2018-05-04,161700,46.880001068115234,46.86000061035156,46.91999816894531,46.84000015258789,46.12180709838867
2018-05-03,212500,46.81999969482422,46.86000061035156,46.900001525878906,46.79999923706055,46.12180709838867
2018-05-02,97000,46.63999938964844,46.70000076293945,46.70000076293945,46.599998474121094,45.964324951171875
2018-05-01,109600,46.619998931884766,46.540000915527344,46.619998931884766,46.52000045776367,45.80685043334961
2018-04-30,116800,46.63999938964844,46.70000076293945,46.720001220703125,46.619998931884766,45.873779296875
2018-04-27,66900,46.58000183105469,46.63999938964844,46.65999984741211,46.58000183105469,45.81483840942383
2018-04-26,109200,46.65999984741211,46.560001373291016,46.65999984741211,46.560001373291016,45.73625946044922
2018-04-25,205500,46.63999938964844,46.52000045776367,46.63999938964844,46.5,45.696964263916016
2018-04-24,135100,46.720001220703125,46.720001220703125,46.7400016784668,46.70000076293945,45.8934211730957
2018-04-23,185000,46.880001068115234,46.7400016784668,46.880001068115234,46.720001220703125,45.91307067871094
2018-04-20,92400,46.86000061035156,46.779998779296875,46.86000061035156,46.779998779296875,45.952369689941406
2018-04-19,194600,46.880001068115234,46.880001068115234,46.91999816894531,46.84000015258789,46.05059051513672
2018-04-18,167700,46.91999816894531,47.0,47.0,46.900001525878906,46.16846466064453
2018-04-17,204400,46.939998626708984,46.97999954223633,46.97999954223633,46.939998626708984,46.148826599121094
2018-04-16,202300,46.900001525878906,46.939998626708984,46.959999084472656,46.880001068115234,46.10953140258789
2018-04-13,138900,46.91999816894531,47.0,47.02000045776367,46.91999816894531,46.16846466064453
2018-04-12,152300,46.939998626708984,46.91999816894531,46.97999954223633,46.900001525878906,46.08988571166992
2018-04-11,223300,47.0,46.959999084472656,47.040000915527344,46.939998626708984,46.129173278808594
2018-04-10,193400,46.84000015258789,46.86000061035156,46.91999816894531,46.81999969482422,46.03094482421875
2018-04-09,127600,46.900001525878906,46.880001068115234,46.91999816894531,46.81999969482422,46.05059051513672
2018-04-06,178100,46.900001525878906,46.86000061035156,46.900001525878906,46.84000015258789,46.03094482421875
2018-04-05,84200,46.880001068115234,46.79999923706055,46.880001068115234,46.79999923706055,45.97200012207031
2018-04-04,117900,46.91999816894531,46.900001525878906,46.959999084472656,46.86000061035156,46.07024002075195
2018-04-03,370500,46.900001525878906,46.939998626708984,46.97999954223633,46.880001068115234,46.10953140258789
2018-04-02,237900,46.939998626708984,46.97999954223633,47.0,46.84000015258789,46.148826599121094
2018-03-29,77100,47.08000183105469,47.060001373291016,47.099998474121094,47.060001373291016,46.13507080078125
2018-03-28,193500,47.08000183105469,47.040000915527344,47.119998931884766,46.939998626708984,46.11547088623047
2018-03-27,198000,46.97999954223633,47.02000045776367,47.02000045776367,46.939998626708984,46.095855712890625
2018-03-26,148200,46.939998626708984,46.84000015258789,47.0,46.84000015258789,45.91939926147461
2018-03-23,120500,46.91999816894531,47.0,47.0,46.900001525878906,46.07624816894531
2018-03-22,139100,46.91999816894531,46.939998626708984,46.97999954223633,46.880001068115234,46.01742172241211
2018-03-21,111100,46.79999923706055,46.779998779296875,46.81999969482422,46.68000030517578,45.860572814941406
2018-03-20,131100,46.900001525878906,46.81999969482422,46.900001525878906,46.7599983215332,45.899784088134766
2018-03-19,114800,46.880001068115234,46.900001525878906,46.91999816894531,46.84000015258789,45.97821807861328
2018-03-16,98600,46.81999969482422,46.880001068115234,46.900001525878906,46.81999969482422,45.95860290527344
2018-03-15,146200,46.86000061035156,46.81999969482422,46.900001525878906,46.81999969482422,45.899784088134766
2018-03-14,192700,46.7599983215332,46.86000061035156,46.880001068115234,46.7400016784668,45.93899917602539
2018-03-13,236900,46.7599983215332,46.81999969482422,46.84000015258789,46.7400016784668,45.899784088134766
2018-03-12,302100,46.81999969482422,46.79999923706055,46.84000015258789,46.720001220703125,45.88018035888672
2018-03-09,136300,46.84000015258789,46.81999969482422,46.84000015258789,46.779998779296875,45.899784088134766
2018-03-08,345100,46.900001525878906,46.91999816894531,46.959999084472656,46.880001068115234,45.997825622558594
2018-03-07,93100,46.880001068115234,46.900001525878906,46.900001525878906,46.84000015258789,45.97821807861328
2018-03-06,278400,46.880001068115234,46.86000061035156,46.900001525878906,46.79999923706055,45.93899917602539
2018-03-05,132600,46.880001068115234,46.84000015258789,46.91999816894531,46.79999923706055,45.91939926147461
2018-03-02,177400,46.86000061035156,46.880001068115234,46.91999816894531,46.84000015258789,45.95860290527344
2018-03-01,172200,46.79999923706055,46.91999816894531,46.959999084472656,46.79999923706055,45.997825622558594
2018-02-28,118800,46.880001068115234,46.880001068115234,46.900001525878906,46.81999969482422,45.87626266479492
2018-02-27,220200,46.939998626708984,46.84000015258789,47.0,46.79999923706055,45.83711624145508
2018-02-26,167200,46.939998626708984,46.939998626708984,47.0,46.900001525878906,45.93497848510742
2018-02-23,271300,46.84000015258789,46.91999816894531,46.97999954223633,46.84000015258789,45.915401458740234
2018-02-22,356300,46.79999923706055,46.81999969482422,46.84000015258789,46.68000030517578,45.817543029785156
2018-02-21,205100,46.81999969482422,46.63999938964844,46.81999969482422,46.619998931884766,45.641395568847656
2018-02-20,202500,46.7599983215332,46.70000076293945,46.81999969482422,46.65999984741211,45.70011520385742
2018-02-16,104500,46.79999923706055,46.779998779296875,46.79999923706055,46.7599983215332,45.77840042114258
2018-02-15,199100,46.7400016784668,46.720001220703125,46.79999923706055,46.70000076293945,45.71968078613281
2018-02-14,253000,46.86000061035156,46.7400016784668,46.86000061035156,46.68000030517578,45.739253997802734
2018-02-13,118800,46.91999816894531,46.91999816894531,46.91999816894531,46.81999969482422,45.915401458740234
2018-02-12,337400,46.91999816894531,46.779998779296875,46.91999816894531,46.7599983215332,45.77840042114258
2018-02-09,302300,46.939998626708984,46.86000061035156,46.97999954223633,46.84000015258789,45.856685638427734
2018-02-08,434700,46.91999816894531,46.91999816894531,47.0,46.79999923706055,45.915401458740234
2018-02-07,471400,47.119998931884766,46.939998626708984,47.18000030517578,46.939998626708984,45.93497848510742
2018-02-06,464100,47.02000045776367,47.0,47.13999938964844,46.939998626708984,45.993690490722656
2018-02-05,565400,46.91999816894531,46.97999954223633,47.02000045776367,46.79999923706055,45.97411346435547
2018-02-02,260500,47.02000045776367,46.900001525878906,47.08000183105469,46.880001068115234,45.89582824707031
2018-02-01,325800,47.29999923706055,47.08000183105469,47.29999923706055,47.08000183105469,46.071983337402344
2018-01-31,436600,47.400001525878906,47.380001068115234,47.41999816894531,47.279998779296875,46.27552795410156
2018-01-30,198800,47.380001068115234,47.41999816894531,47.459999084472656,47.29999923706055,46.31459045410156
2018-01-29,362700,47.58000183105469,47.400001525878906,47.58000183105469,47.36000061035156,46.29505157470703
2018-01-26,180000,47.70000076293945,47.58000183105469,47.720001220703125,47.560001373291016,46.47085952758789
2018-01-25,179300,47.720001220703125,47.70000076293945,47.779998779296875,47.599998474121094,46.58806228637695
2018-01-24,206400,47.81999969482422,47.70000076293945,47.84000015258789,47.68000030517578,46.58806228637695
2018-01-23,318500,47.91999816894531,47.880001068115234,47.91999816894531,47.81999969482422,46.76387023925781
2018-01-22,186000,47.880001068115234,47.81999969482422,47.900001525878906,47.7599983215332,46.70526885986328
2018-01-19,177400,47.84000015258789,47.79999923706055,47.880001068115234,47.7400016784668,46.68572998046875
2018-01-18,210800,47.880001068115234,47.7599983215332,47.91999816894531,47.7599983215332,46.64666748046875
2018-01-17,189300,47.91999816894531,47.86000061035156,47.959999084472656,47.81999969482422,46.74433517456055
2018-01-16,245700,47.81999969482422,47.84000015258789,47.91999816894531,47.79999923706055,46.72480010986328
2018-01-12,207800,47.70000076293945,47.81999969482422,47.81999969482422,47.65999984741211,46.70526885986328
2018-01-11,302400,47.720001220703125,47.779998779296875,47.81999969482422,47.65999984741211,46.66619110107422
2018-01-10,426600,47.79999923706055,47.79999923706055,47.86000061035156,47.68000030517578,46.68572998046875
2018-01-09,229300,48.040000915527344,47.97999954223633,48.040000915527344,47.880001068115234,46.861541748046875
2018-01-08,262200,48.08000183105469,48.08000183105469,48.13999938964844,47.97999954223633,46.95920181274414
2018-01-05,242300,48.08000183105469,48.02000045776367,48.099998474121094,47.939998626708984,46.900596618652344
2018-01-04,678600,48.220001220703125,48.0,48.220001220703125,47.959999084472656,46.881072998046875
2018-01-03,404800,48.18000030517578,48.2400016784668,48.2599983215332,48.15999984741211,47.115474700927734
2018-01-02,318400,48.15999984741211,48.099998474121094,48.18000030517578,48.060001373291016,46.97874069213867
2017-12-29,237700,48.15999984741211,48.13999938964844,48.20000076293945,48.08000183105469,47.01780700683594
2017-12-28,167400,48.099998474121094,48.15999984741211,48.15999984741211,48.08000183105469,47.03733825683594
2017-12-27,154600,47.959999084472656,48.060001373291016,48.08000183105469,47.900001525878906,46.939674377441406
2017-12-26,159500,47.880001068115234,47.91999816894531,47.959999084472656,47.79999923706055,46.71502685546875
2017-12-22,201900,47.84000015258789,47.86000061035156,47.880001068115234,47.779998779296875,46.65654373168945
2017-12-21,200200,47.70000076293945,47.79999923706055,47.79999923706055,47.65999984741211,46.59804153442383
2017-12-20,144200,47.7400016784668,47.619998931884766,47.7599983215332,47.58000183105469,46.422569274902344
2017-12-19,251300,47.900001525878906,47.84000015258789,47.959999084472656,47.79999923706055,46.637054443359375
2017-12-18,201500,48.18000030517578,48.02000045776367,48.2400016784668,48.0,46.81251907348633
2017-12-15,198200,48.220001220703125,48.13999938964844,48.2599983215332,48.099998474121094,46.92950439453125
2017-12-14,262500,48.20000076293945,48.220001220703125,48.2400016784668,48.18000030517578,47.00749206542969
2017-12-13,423900,47.97999954223633,48.2400016784668,48.2400016784668,47.959999084472656,47.02699279785156
2017-12-12,231400,47.900001525878906,47.939998626708984,48.0,47.900001525878906,46.734527587890625
2017-12-11,165200,48.18000030517578,48.0,48.18000030517578,47.97999954223633,46.79301834106445
2017-12-08,420900,48.41999816894531,48.20000076293945,48.459999084472656,48.13999938964844,46.98798370361328
2017-12-07,637400,48.5,48.34000015258789,48.540000915527344,48.31999969482422,47.12447738647461
2017-12-06,467100,48.31999969482422,48.459999084472656,48.540000915527344,48.31999969482422,47.24144744873047
2017-12-05,227000,48.040000915527344,48.15999984741211,48.220001220703125,48.02000045776367,46.948997497558594
2017-12-04,253300,47.91999816894531,47.900001525878906,48.0,47.880001068115234,46.69553756713867
2017-12-01,350700,47.86000061035156,47.880001068115234,48.08000183105469,47.84000015258789,46.6760368347168
2017-11-30,613100,47.68000030517578,47.81999969482422,47.86000061035156,47.63999938964844,46.531761169433594
2017-11-29,269800,47.599998474121094,47.63999938964844,47.65999984741211,47.52000045776367,46.35660934448242
2017-11-28,135000,47.720001220703125,47.70000076293945,47.7599983215332,47.68000030517578,46.41498565673828
2017-11-27,115000,47.939998626708984,47.86000061035156,47.939998626708984,47.779998779296875,46.570682525634766
2017-11-24,99100,47.900001525878906,47.939998626708984,47.939998626708984,47.86000061035156,46.64852523803711
2017-11-22,117500,48.02000045776367,47.959999084472656,48.08000183105469,47.91999816894531,46.667991638183594
2017-11-21,132900,48.18000030517578,48.099998474121094,48.18000030517578,48.040000915527344,46.80421829223633
2017-11-20,62300,48.15999984741211,48.119998931884766,48.20000076293945,48.099998474121094,46.82367706298828
2017-11-17,76400,48.119998931884766,48.20000076293945,48.20000076293945,48.119998931884766,46.901512145996094
2017-11-16,120000,48.20000076293945,48.15999984741211,48.20000076293945,48.15999984741211,46.86259841918945
2017-11-15,109500,48.220001220703125,48.2400016784668,48.2400016784668,48.13999938964844,46.940452575683594
2017-11-14,221200,48.20000076293945,48.15999984741211,48.20000076293945,48.099998474121094,46.86259841918945
2017-11-13,140200,48.220001220703125,48.15999984741211,48.2400016784668,48.13999938964844,46.86259841918945
2017-11-10,131100,48.220001220703125,48.2400016784668,48.2400016784668,48.119998931884766,46.940452575683594
2017-11-09,261000,48.439998626708984,48.400001525878906,48.47999954223633,48.31999969482422,47.09614181518555
2017-11-08,133000,48.459999084472656,48.400001525878906,48.47999954223633,48.400001525878906,47.09614181518555
2017-11-07,169500,48.36000061035156,48.36000061035156,48.400001525878906,48.31999969482422,47.05721664428711
2017-11-06,148800,48.279998779296875,48.31999969482422,48.31999969482422,48.2400016784668,47.018287658691406
2017-11-03,387400,48.18000030517578,48.220001220703125,48.279998779296875,48.18000030517578,46.92098617553711
2017-11-02,128800,48.15999984741211,48.20000076293945,48.220001220703125,48.13999938964844,46.901512145996094
2017-11-01,135300,48.119998931884766,48.13999938964844,48.13999938964844,48.060001373291016,46.843143463134766
2017-10-31,72500,48.18000030517578,48.15999984741211,48.20000076293945,48.13999938964844,46.7750244140625
2017-10-30,113200,48.13999938964844,48.2400016784668,48.2400016784668,48.13999938964844,46.85272979736328
2017-10-27,90500,48.13999938964844,48.18000030517578,48.220001220703125,48.13999938964844,46.79444885253906
2017-10-26,160900,48.20000076293945,48.119998931884766,48.2400016784668,48.119998931884766,46.73617935180664
2017-10-25,157500,48.2400016784668,48.220001220703125,48.2599983215332,48.18000030517578,46.83329391479492
2017-10-24,81000,48.31999969482422,48.31999969482422,48.34000015258789,48.29999923706055,46.930419921875
2017-10-23,1275000,48.439998626708984,48.380001068115234,48.439998626708984,48.2599983215332,46.98869323730469
2017-10-20,78600,48.380001068115234,48.380001068115234,48.41999816894531,48.380001068115234,46.98869323730469
2017-10-19,220500,48.58000183105469,48.5,48.599998474121094,48.47999954223633,47.105247497558594
2017-10-18,155800,48.459999084472656,48.459999084472656,48.47999954223633,48.41999816894531,47.0663948059082
2017-10-17,160600,48.439998626708984,48.5,48.5,48.400001525878906,47.105247497558594
2017-10-16,94200,48.34000015258789,48.380001068115234,48.380001068115234,48.31999969482422,46.98869323730469
2017-10-13,105800,48.29999923706055,48.31999969482422,48.380001068115234,48.279998779296875,46.930419921875
2017-10-12,147100,48.2400016784668,48.2599983215332,48.279998779296875,48.20000076293945,46.87214279174805
2017-10-11,128600,48.18000030517578,48.220001220703125,48.220001220703125,48.13999938964844,46.83329391479492
2017-10-10,135000,48.119998931884766,48.13999938964844,48.15999984741211,48.119998931884766,46.75559997558594
2017-10-09,73000,48.040000915527344,48.08000183105469,48.119998931884766,48.040000915527344,46.69731903076172
2017-10-06,85400,47.97999954223633,48.060001373291016,48.060001373291016,47.959999084472656,46.67789840698242
2017-10-05,144200,48.08000183105469,48.08000183105469,48.099998474121094,48.040000915527344,46.69731903076172
2017-10-04,104700,48.099998474121094,48.099998474121094,48.099998474121094,48.040000915527344,46.71675109863281
2017-10-03,173500,48.040000915527344,48.119998931884766,48.119998931884766,48.040000915527344,46.73617935180664
2017-10-02,202400,48.040000915527344,48.060001373291016,48.099998474121094,48.02000045776367,46.67789840698242
2017-09-29,81200,48.18000030517578,48.099998474121094,48.20000076293945,48.08000183105469,46.631282806396484
2017-09-28,94300,48.119998931884766,48.119998931884766,48.15999984741211,48.099998474121094,46.65067672729492
2017-09-27,133100,48.2400016784668,48.18000030517578,48.2599983215332,48.13999938964844,46.70883560180664
2017-09-26,96000,48.34000015258789,48.400001525878906,48.400001525878906,48.29999923706055,46.922122955322266
2017-09-25,131300,48.36000061035156,48.400001525878906,48.41999816894531,48.36000061035156,46.922122955322266
2017-09-22,60600,48.380001068115234,48.400001525878906,48.400001525878906,48.31999969482422,46.922122955322266
2017-09-21,156600,48.36000061035156,48.380001068115234,48.41999816894531,48.29999923706055,46.902732849121094
2017-09-20,93300,48.41999816894531,48.34000015258789,48.439998626708984,48.279998779296875,46.863948822021484
2017-09-19,89100,48.41999816894531,48.41999816894531,48.439998626708984,48.31999969482422,46.94150924682617
2017-09-18,278500,48.380001068115234,48.380001068115234,48.41999816894531,48.36000061035156,46.902732849121094
2017-09-15,65800,48.439998626708984,48.380001068115234,48.459999084472656,48.380001068115234,46.902732849121094
2017-09-14,175500,48.459999084472656,48.5,48.5,48.400001525878906,47.019065856933594
2017-09-13,285800,48.560001373291016,48.47999954223633,48.560001373291016,48.41999816894531,46.99967956542969
2017-09-12,126500,48.540000915527344,48.52000045776367,48.58000183105469,48.459999084472656,47.038455963134766
2017-09-11,353000,48.560001373291016,48.58000183105469,48.599998474121094,48.540000915527344,47.09662628173828
2017-09-08,92600,48.63999938964844,48.65999984741211,48.65999984741211,48.58000183105469,47.17417907714844
2017-09-07,159800,48.599998474121094,48.619998931884766,48.65999984741211,48.599998474121094,47.13539505004883
2017-09-06,172500,48.52000045776367,48.5,48.599998474121094,48.47999954223633,47.019065856933594
2017-09-05,126500,48.5,48.52000045776367,48.560001373291016,48.5,47.038455963134766
2017-09-01,83400,48.41999816894531,48.41999816894531,48.459999084472656,48.400001525878906,46.94150924682617
2017-08-31,86000,48.52000045776367,48.540000915527344,48.58000183105469,48.5,46.97059631347656
2017-08-30,97700,48.540000915527344,48.52000045776367,48.560001373291016,48.5,46.95124053955078
2017-08-29,149500,48.58000183105469,48.560001373291016,48.599998474121094,48.5,46.98994445800781
2017-08-28,89400,48.439998626708984,48.47999954223633,48.47999954223633,48.41999816894531,46.91253662109375
2017-08-25,63900,48.41999816894531,48.459999084472656,48.459999084472656,48.400001525878906,46.89317321777344
2017-08-24,128300,48.439998626708984,48.400001525878906,48.47999954223633,48.400001525878906,46.83512496948242
2017-08-23,79800,48.47999954223633,48.459999084472656,48.5,48.400001525878906,46.89317321777344
2017-08-22,166200,48.36000061035156,48.400001525878906,48.41999816894531,48.36000061035156,46.83512496948242
2017-08-21,81500,48.380001068115234,48.400001525878906,48.41999816894531,48.36000061035156,46.83512496948242
2017-08-18,104500,48.36000061035156,48.36000061035156,48.400001525878906,48.31999969482422,46.796417236328125
2017-08-17,164300,48.29999923706055,48.34000015258789,48.36000061035156,48.279998779296875,46.77706527709961
2017-08-16,327000,48.31999969482422,48.31999969482422,48.34000015258789,48.2599983215332,46.7577018737793
2017-08-15,112000,48.29999923706055,48.279998779296875,48.36000061035156,48.279998779296875,46.718994140625
2017-08-14,149000,48.34000015258789,48.31999969482422,48.400001525878906,48.31999969482422,46.7577018737793
2017-08-11,114300,48.36000061035156,48.400001525878906,48.400001525878906,48.34000015258789,46.83512496948242
2017-08-10,127800,48.34000015258789,48.31999969482422,48.380001068115234,48.29999923706055,46.7577018737793
2017-08-09,86000,48.279998779296875,48.2400016784668,48.36000061035156,48.2400016784668,46.680301666259766
2017-08-08,202400,48.2400016784668,48.20000076293945,48.2400016784668,48.13999938964844,46.641578674316406
2017-08-07,97000,48.220001220703125,48.2599983215332,48.2599983215332,48.20000076293945,46.69963836669922
2017-08-04,158200,48.220001220703125,48.220001220703125,48.2400016784668,48.099998474121094,46.66093444824219
2017-08-03,109700,48.220001220703125,48.279998779296875,48.31999969482422,48.20000076293945,46.718994140625
2017-08-02,57700,48.099998474121094,48.15999984741211,48.18000030517578,48.099998474121094,46.602874755859375
2017-08-01,100400,48.0,48.099998474121094,48.13999938964844,48.0,46.54481506347656
2017-07-31,90900,48.15999984741211,48.220001220703125,48.220001220703125,48.099998474121094,46.57386016845703
2017-07-28,74300,48.15999984741211,48.20000076293945,48.220001220703125,48.099998474121094,46.55453109741211
2017-07-27,128800,48.15999984741211,48.15999984741211,48.220001220703125,48.119998931884766,46.51589584350586
2017-07-26,198000,48.20000076293945,48.20000076293945,48.220001220703125,48.13999938964844,46.55453109741211
2017-07-25,130700,48.220001220703125,48.119998931884766,48.2599983215332,48.119998931884766,46.47726058959961
2017-07-24,135300,48.220001220703125,48.2400016784668,48.2400016784668,48.18000030517578,46.59317398071289
2017-07-21,82900,48.20000076293945,48.18000030517578,48.2400016784668,48.15999984741211,46.535213470458984
2017-07-20,156200,48.18000030517578,48.119998931884766,48.18000030517578,48.119998931884766,46.47726058959961
2017-07-19,150300,48.099998474121094,48.099998474121094,48.119998931884766,48.060001373291016,46.45794677734375
2017-07-18,176500,48.040000915527344,48.099998474121094,48.099998474121094,48.02000045776367,46.45794677734375
2017-07-17,152400,47.900001525878906,47.91999816894531,47.959999084472656,47.880001068115234,46.284095764160156
2017-07-14,130100,47.900001525878906,47.880001068115234,47.939998626708984,47.84000015258789,46.24545669555664
2017-07-13,134600,47.81999969482422,47.81999969482422,47.81999969482422,47.720001220703125,46.187503814697266
2017-07-12,323200,47.81999969482422,47.79999923706055,47.86000061035156,47.7599983215332,46.168190002441406
2017-07-11,103900,47.70000076293945,47.720001220703125,47.7599983215332,47.68000030517578,46.09091567993164
2017-07-10,83000,47.779998779296875,47.7400016784668,47.79999923706055,47.720001220703125,46.1102294921875
2017-07-07,90700,47.779998779296875,47.7400016784668,47.779998779296875,47.70000076293945,46.1102294921875
2017-07-06,122800,47.65999984741211,47.720001220703125,47.7599983215332,47.63999938964844,46.09091567993164
2017-07-05,109100,47.79999923706055,47.81999969482422,47.84000015258789,47.7400016784668,46.187503814697266
2017-07-03,69500,47.81999969482422,47.7599983215332,47.81999969482422,47.70000076293945,46.129547119140625
2017-06-30,99200,47.79999923706055,47.84000015258789,47.880001068115234,47.7599983215332,46.12762451171875
2017-06-29,1494700,47.900001525878906,47.900001525878906,48.02000045776367,47.81999969482422,46.18547058105469
2017-06-28,137900,48.099998474121094,48.060001373291016,48.119998931884766,48.02000045776367,46.339759826660156
2017-06-27,123900,48.18000030517578,48.099998474121094,48.18000030517578,48.08000183105469,46.37831497192383
2017-06-26,87400,48.20000076293945,48.18000030517578,48.2400016784668,48.18000030517578,46.45545196533203
2017-06-23,87100,48.15999984741211,48.15999984741211,48.20000076293945,48.119998931884766,46.436161041259766
2017-06-22,145800,48.20000076293945,48.20000076293945,48.20000076293945,48.13999938964844,46.474735260009766
2017-06-21,132500,48.13999938964844,48.15999984741211,48.18000030517578,48.119998931884766,46.436161041259766
2017-06-20,304000,48.13999938964844,48.119998931884766,48.220001220703125,48.119998931884766,46.3975944519043
2017-06-19,103600,48.15999984741211,48.08000183105469,48.18000030517578,48.08000183105469,46.359039306640625
2017-06-16,50000,48.20000076293945,48.15999984741211,48.20000076293945,48.13999938964844,46.436161041259766
2017-06-15,144100,48.220001220703125,48.15999984741211,48.2400016784668,48.099998474121094,46.436161041259766
2017-06-14,209600,48.2400016784668,48.18000030517578,48.29999923706055,48.15999984741211,46.45545196533203
2017-06-13,104100,48.099998474121094,48.099998474121094,48.13999938964844,48.08000183105469,46.37831497192383
2017-06-12,177900,48.15999984741211,48.13999938964844,48.15999984741211,48.08000183105469,46.41688537597656
2017-06-09,117700,48.15999984741211,48.20000076293945,48.220001220703125,48.099998474121094,46.474735260009766
2017-06-08,357500,48.29999923706055,48.220001220703125,48.29999923706055,48.13999938964844,46.494014739990234
2017-06-07,120200,48.279998779296875,48.220001220703125,48.31999969482422,48.220001220703125,46.494014739990234
2017-06-06,146400,48.31999969482422,48.279998779296875,48.31999969482422,48.20000076293945,46.55187225341797
2017-06-05,111500,48.20000076293945,48.119998931884766,48.2400016784668,48.099998474121094,46.3975944519043
2017-06-02,146300,48.13999938964844,48.220001220703125,48.220001220703125,48.119998931884766,46.494014739990234
2017-06-01,134400,48.0,48.0,48.08000183105469,48.0,46.281898498535156
2017-05-31,102100,48.119998931884766,48.13999938964844,48.20000076293945,48.060001373291016,46.328182220458984
2017-05-30,138000,48.060001373291016,48.08000183105469,48.08000183105469,47.97999954223633,46.27044677734375
2017-05-26,131400,47.939998626708984,47.91999816894531,48.0,47.880001068115234,46.11644744873047
2017-05-25,216400,47.900001525878906,47.91999816894531,48.0,47.880001068115234,46.11644744873047
2017-05-24,102100,47.86000061035156,47.91999816894531,47.91999816894531,47.84000015258789,46.11644744873047
2017-05-23,414400,47.86000061035156,47.880001068115234,47.939998626708984,47.81999969482422,46.077964782714844
2017-05-22,60300,47.720001220703125,47.79999923706055,47.79999923706055,47.720001220703125,46.00096893310547
2017-05-19,93900,47.68000030517578,47.7400016784668,47.7599983215332,47.68000030517578,45.94322967529297
2017-05-18,448500,47.720001220703125,47.65999984741211,47.7599983215332,47.63999938964844,45.86623764038086
2017-05-17,98600,47.619998931884766,47.63999938964844,47.70000076293945,47.58000183105469,45.846988677978516
2017-05-16,166100,47.459999084472656,47.47999954223633,47.52000045776367,47.400001525878906,45.69301223754883
2017-05-15,149200,47.36000061035156,47.400001525878906,47.439998626708984,47.36000061035156,45.61602783203125
2017-05-12,100000,47.400001525878906,47.36000061035156,47.400001525878906,47.34000015258789,45.57753372192383
2017-05-11,163100,47.2599983215332,47.220001220703125,47.29999923706055,47.220001220703125,45.44280242919922
2017-05-10,129100,47.2599983215332,47.20000076293945,47.34000015258789,47.20000076293945,45.42355728149414
2017-05-09,127200,47.2400016784668,47.2400016784668,47.2599983215332,47.18000030517578,45.4620475769043
2017-05-08,179100,47.20000076293945,47.20000076293945,47.2400016784668,47.20000076293945,45.42355728149414
2017-05-05,92800,47.2400016784668,47.2599983215332,47.2599983215332,47.220001220703125,45.48128890991211
2017-05-04,126000,47.20000076293945,47.220001220703125,47.220001220703125,47.15999984741211,45.44280242919922
2017-05-03,175800,47.220001220703125,47.18000030517578,47.2599983215332,47.18000030517578,45.40430450439453
2017-05-02,194200,47.099998474121094,47.2400016784668,47.2400016784668,47.099998474121094,45.4620475769043
2017-05-01,184700,47.15999984741211,47.18000030517578,47.2599983215332,47.119998931884766,45.40430450439453
2017-04-28,111000,47.29999923706055,47.279998779296875,47.31999969482422,47.2400016784668,45.415855407714844
2017-04-27,231400,47.29999923706055,47.279998779296875,47.36000061035156,47.279998779296875,45.415855407714844
2017-04-26,220100,47.2400016784668,47.29999923706055,47.31999969482422,47.2400016784668,45.43506622314453
2017-04-25,157400,47.380001068115234,47.2599983215332,47.400001525878906,47.2599983215332,45.396636962890625
2017-04-24,124300,47.36000061035156,47.400001525878906,47.439998626708984,47.34000015258789,45.53112030029297
2017-04-21,165400,47.58000183105469,47.5,47.58000183105469,47.5,45.62717819213867
2017-04-20,295500,47.560001373291016,47.52000045776367,47.58000183105469,47.47999954223633,45.64638900756836
2017-04-19,335900,47.65999984741211,47.560001373291016,47.65999984741211,47.540000915527344,45.684818267822266
2017-04-18,218400,47.47999954223633,47.63999938964844,47.63999938964844,47.47999954223633,45.761653900146484
2017-04-17,214800,47.439998626708984,47.439998626708984,47.459999084472656,47.400001525878906,45.56954574584961
2017-04-13,213700,47.36000061035156,47.400001525878906,47.459999084472656,47.34000015258789,45.53112030029297
2017-04-12,213500,47.220001220703125,47.36000061035156,47.36000061035156,47.220001220703125,45.492698669433594
2017-04-11,131000,47.18000030517578,47.2400016784668,47.2400016784668,47.13999938964844,45.37743377685547
2017-04-10,350900,47.13999938964844,47.13999938964844,47.18000030517578,47.08000183105469,45.28137969970703
2017-04-07,95600,47.15999984741211,47.08000183105469,47.18000030517578,47.08000183105469,45.22373962402344
2017-04-06,158600,47.040000915527344,47.08000183105469,47.099998474121094,47.0,45.22373962402344
2017-04-05,183400,46.959999084472656,46.97999954223633,47.02000045776367,46.91999816894531,45.12767791748047
2017-04-04,552400,46.959999084472656,46.91999816894531,47.0,46.900001525878906,45.070045471191406
2017-04-03,400900,46.900001525878906,46.900001525878906,46.91999816894531,46.81999969482422,45.05084228515625
2017-03-31,194100,46.959999084472656,46.880001068115234,46.959999084472656,46.84000015258789,44.94325256347656
2017-03-30,146400,46.959999084472656,46.900001525878906,46.959999084472656,46.86000061035156,44.96241760253906
2017-03-29,181200,47.0,46.900001525878906,47.0,46.900001525878906,44.96241760253906
2017-03-28,259800,46.939998626708984,46.880001068115234,46.959999084472656,46.86000061035156,44.94325256347656
2017-03-27,137200,46.900001525878906,46.880001068115234,46.939998626708984,46.84000015258789,44.94325256347656
2017-03-24,208700,46.79999923706055,46.79999923706055,46.84000015258789,46.7400016784668,44.86656188964844
2017-03-23,134200,46.7599983215332,46.7400016784668,46.79999923706055,46.7400016784668,44.80903244018555
2017-03-22,172100,46.720001220703125,46.70000076293945,46.7599983215332,46.68000030517578,44.770687103271484
2017-03-21,169500,46.5,46.63999938964844,46.63999938964844,46.5,44.713165283203125
2017-03-20,103600,46.5,46.5,46.52000045776367,46.439998626708984,44.578948974609375
2017-03-17,136100,46.439998626708984,46.5,46.52000045776367,46.439998626708984,44.578948974609375
2017-03-16,198600,46.439998626708984,46.380001068115234,46.47999954223633,46.36000061035156,44.463905334472656
2017-03-15,193200,46.279998779296875,46.36000061035156,46.400001525878906,46.220001220703125,44.444732666015625
2017-03-14,151700,46.29999923706055,46.2400016784668,46.29999923706055,46.2400016784668,44.32969665527344
2017-03-13,219100,46.29999923706055,46.279998779296875,46.34000015258789,46.2400016784668,44.3680419921875
2017-03-10,216100,46.279998779296875,46.31999969482422,46.380001068115234,46.2599983215332,44.4063835144043
2017-03-09,237700,46.29999923706055,46.279998779296875,46.34000015258789,46.2599983215332,44.3680419921875
2017-03-08,255100,46.41999816894531,46.36000061035156,46.439998626708984,46.31999969482422,44.444732666015625
2017-03-07,90100,46.47999954223633,46.52000045776367,46.540000915527344,46.47999954223633,44.59812545776367
2017-03-06,126500,46.5,46.560001373291016,46.560001373291016,46.5,44.636470794677734
2017-03-03,205300,46.58000183105469,46.560001373291016,46.63999938964844,46.47999954223633,44.636470794677734
2017-03-02,233800,46.65999984741211,46.58000183105469,46.68000030517578,46.58000183105469,44.65564727783203
2017-03-01,240300,46.720001220703125,46.68000030517578,46.720001220703125,46.599998474121094,44.75150680541992
2017-02-28,239100,46.959999084472656,46.959999084472656,47.0,46.939998626708984,44.94132995605469
2017-02-27,184800,46.959999084472656,46.900001525878906,46.959999084472656,46.84000015258789,44.8839111328125
2017-02-24,103500,46.91999816894531,46.939998626708984,46.97999954223633,46.880001068115234,44.92218780517578
2017-02-23,239600,46.720001220703125,46.79999923706055,46.79999923706055,46.720001220703125,44.788211822509766
2017-02-22,303800,46.720001220703125,46.70000076293945,46.779998779296875,46.63999938964844,44.6925048828125
2017-02-21,185200,46.63999938964844,46.63999938964844,46.7400016784668,46.560001373291016,44.63508987426758
2017-02-17,202500,46.599998474121094,46.63999938964844,46.68000030517578,46.58000183105469,44.63508987426758
2017-02-16,142900,46.540000915527344,46.540000915527344,46.619998931884766,46.5,44.53938674926758
2017-02-15,290800,46.540000915527344,46.58000183105469,46.619998931884766,46.41999816894531,44.57767105102539
2017-02-14,320800,46.7599983215332,46.619998931884766,46.79999923706055,46.58000183105469,44.61594772338867
2017-02-13,303500,46.79999923706055,46.779998779296875,46.84000015258789,46.720001220703125,44.769065856933594
2017-02-10,181400,46.81999969482422,46.79999923706055,46.900001525878906,46.79999923706055,44.788211822509766
2017-02-09,173200,46.900001525878906,46.86000061035156,47.02000045776367,46.84000015258789,44.84563446044922
2017-02-08,366000,46.97999954223633,46.97999954223633,47.060001373291016,46.939998626708984,44.96046447753906
2017-02-07,197200,46.7599983215332,46.84000015258789,46.900001525878906,46.7400016784668,44.82648849487305
2017-02-06,300400,46.7599983215332,46.720001220703125,46.84000015258789,46.65999984741211,44.71165084838867
2017-02-03,232700,46.7599983215332,46.65999984741211,46.7599983215332,46.599998474121094,44.65422821044922
2017-02-02,542300,46.599998474121094,46.599998474121094,46.68000030517578,46.560001373291016,44.59680938720703
2017-02-01,694000,46.560001373291016,46.52000045776367,46.619998931884766,46.459999084472656,44.52023696899414
2017-01-31,177700,46.68000030517578,46.7599983215332,46.79999923706055,46.68000030517578,44.66379928588867
2017-01-30,281600,46.68000030517578,46.7400016784668,46.7599983215332,46.65999984741211,44.64469909667969
2017-01-27,293300,46.58000183105469,46.65999984741211,46.7400016784668,46.560001373291016,44.56827926635742
2017-01-26,346500,46.599998474121094,46.47999954223633,46.599998474121094,46.439998626708984,44.3963508605957
2017-01-25,352300,46.52000045776367,46.5,46.63999938964844,46.459999084472656,44.41545486450195
2017-01-24,373700,46.7400016784668,46.63999938964844,46.7400016784668,46.560001373291016,44.5491828918457
2017-01-23,223500,46.68000030517578,46.779998779296875,46.779998779296875,46.63999938964844,44.68289566040039
2017-01-20,192600,46.7400016784668,46.720001220703125,46.7599983215332,46.58000183105469,44.6255989074707
2017-01-19,329400,47.040000915527344,46.84000015258789,47.040000915527344,46.81999969482422,44.740211486816406
2017-01-18,243700,47.08000183105469,47.08000183105469,47.18000030517578,47.060001373291016,44.96945571899414
2017-01-17,467800,47.2400016784668,47.20000076293945,47.2599983215332,47.02000045776367,45.084075927734375
2017-01-13,183600,47.08000183105469,47.08000183105469,47.119998931884766,47.0,44.96945571899414
2017-01-12,283400,47.02000045776367,47.099998474121094,47.18000030517578,47.02000045776367,44.988555908203125
2017-01-11,1042300,46.81999969482422,46.900001525878906,46.91999816894531,46.779998779296875,44.797523498535156
2017-01-10,152300,46.779998779296875,46.7599983215332,46.84000015258789,46.7400016784668,44.66379928588867
2017-01-09,474600,46.70000076293945,46.7599983215332,46.779998779296875,46.68000030517578,44.66379928588867
2017-01-06,352600,46.619998931884766,46.599998474121094,46.68000030517578,46.560001373291016,44.51097106933594
2017-01-05,486300,46.540000915527344,46.65999984741211,46.68000030517578,46.52000045776367,44.56827926635742
2017-01-04,184000,46.459999084472656,46.439998626708984,46.52000045776367,46.380001068115234,44.35813903808594
2017-01-03,196600,46.31999969482422,46.31999969482422,46.400001525878906,46.279998779296875,44.24351501464844
2016-12-30,404700,46.31999969482422,46.380001068115234,46.459999084472656,46.31999969482422,44.30083084106445
2016-12-29,350800,46.279998779296875,46.279998779296875,46.36000061035156,46.18000030517578,44.20531463623047
2016-12-28,515200,46.040000915527344,46.2599983215332,46.279998779296875,46.0,44.186214447021484
2016-12-27,772100,46.099998474121094,46.08000183105469,46.15999984741211,46.040000915527344,43.92641067504883
2016-12-23,478500,46.060001373291016,46.060001373291016,46.15999984741211,46.02000045776367,43.90735626220703
2016-12-22,328600,46.060001373291016,46.02000045776367,46.060001373291016,45.97999954223633,43.869205474853516
2016-12-21,447700,45.91999816894531,46.02000045776367,46.040000915527344,45.91999816894531,43.869205474853516
2016-12-20,588800,45.900001525878906,45.84000015258789,45.959999084472656,45.84000015258789,43.697628021240234
2016-12-19,488100,45.880001068115234,46.02000045776367,46.040000915527344,45.880001068115234,43.869205474853516
2016-12-16,657400,45.939998626708984,45.79999923706055,45.97999954223633,45.79999923706055,43.65949630737305
2016-12-15,536500,46.02000045776367,45.84000015258789,46.040000915527344,45.779998779296875,43.697628021240234
2016-12-14,482900,46.20000076293945,46.099998474121094,46.29999923706055,46.08000183105469,43.945472717285156
2016-12-13,491100,46.13999938964844,46.15999984741211,46.220001220703125,46.119998931884766,44.002662658691406
2016-12-12,477100,46.31999969482422,46.15999984741211,46.31999969482422,46.099998474121094,44.002662658691406
2016-12-09,498300,46.41999816894531,46.2599983215332,46.5,46.220001220703125,44.09799575805664
2016-12-08,385500,46.41999816894531,46.380001068115234,46.459999084472656,46.31999969482422,44.21238327026367
2016-12-07,721800,46.20000076293945,46.5,46.560001373291016,46.20000076293945,44.326778411865234
2016-12-06,512500,45.7599983215332,45.959999084472656,46.040000915527344,45.7599983215332,43.8120231628418
2016-12-05,513600,45.68000030517578,45.70000076293945,45.720001220703125,45.599998474121094,43.56418228149414
2016-12-02,648700,45.52000045776367,45.779998779296875,45.81999969482422,45.47999954223633,43.64042282104492
2016-12-01,470200,45.70000076293945,45.58000183105469,45.70000076293945,45.5,43.44977951049805
2016-11-30,407700,45.779998779296875,45.84000015258789,45.959999084472656,45.70000076293945,43.61564636230469
2016-11-29,464700,46.099998474121094,46.060001373291016,46.13999938964844,45.880001068115234,43.824974060058594
2016-11-28,172300,46.220001220703125,46.2400016784668,46.279998779296875,46.13999938964844,43.99623489379883
2016-11-25,171700,46.18000030517578,46.18000030517578,46.2599983215332,46.08000183105469,43.93913650512695
2016-11-23,216300,46.2599983215332,46.220001220703125,46.29999923706055,46.119998931884766,43.97720718383789
2016-11-22,301200,46.58000183105469,46.380001068115234,46.58000183105469,46.36000061035156,44.129451751708984
2016-11-21,243700,46.81999969482422,46.68000030517578,46.84000015258789,46.58000183105469,44.41488265991211
2016-11-18,287900,46.7599983215332,46.7599983215332,46.880001068115234,46.7599983215332,44.491004943847656
2016-11-17,508300,46.720001220703125,46.7400016784668,46.79999923706055,46.63999938964844,44.47197341918945
2016-11-16,224300,46.880001068115234,46.779998779296875,46.900001525878906,46.70000076293945,44.51003646850586
2016-11-15,431200,46.7599983215332,46.91999816894531,47.02000045776367,46.7400016784668,44.64323425292969
2016-11-14,434500,47.279998779296875,46.52000045776367,47.279998779296875,46.41999816894531,44.262638092041016
2016-11-11,138000,47.560001373291016,47.41999816894531,47.599998474121094,47.41999816894531,45.11897277832031
2016-11-10,247100,47.86000061035156,47.560001373291016,47.939998626708984,47.5,45.252174377441406
2016-11-09,221900,48.34000015258789,48.0,48.34000015258789,47.97999954223633,45.67082977294922
2016-11-08,97900,48.63999938964844,48.58000183105469,48.68000030517578,48.540000915527344,46.22269821166992
2016-11-07,114500,48.560001373291016,48.599998474121094,48.619998931884766,48.52000045776367,46.24171829223633
2016-11-04,99200,48.65999984741211,48.68000030517578,48.68000030517578,48.619998931884766,46.317832946777344
2016-11-03,280900,48.58000183105469,48.58000183105469,48.63999938964844,48.560001373291016,46.22269821166992
2016-11-02,132700,48.47999954223633,48.560001373291016,48.599998474121094,48.47999954223633,46.20366668701172
2016-11-01,153200,48.41999816894531,48.459999084472656,48.47999954223633,48.400001525878906,46.10850143432617
2016-10-31,104400,48.540000915527344,48.58000183105469,48.599998474121094,48.540000915527344,46.13705062866211
2016-10-28,104600,48.459999084472656,48.560001373291016,48.599998474121094,48.459999084472656,46.11806869506836
2016-10-27,114500,48.52000045776367,48.5,48.58000183105469,48.459999084472656,46.06107711791992
2016-10-26,188600,48.5,48.58000183105469,48.63999938964844,48.5,46.13705062866211
2016-10-25,137100,48.58000183105469,48.540000915527344,48.63999938964844,48.52000045776367,46.09906768798828
2016-10-24,172200,48.65999984741211,48.5,48.65999984741211,48.5,46.06107711791992
2016-10-21,154100,48.68000030517578,48.65999984741211,48.68000030517578,48.63999938964844,46.213035583496094
2016-10-20,94300,48.58000183105469,48.63999938964844,48.63999938964844,48.58000183105469,46.194034576416016
2016-10-19,79500,48.560001373291016,48.560001373291016,48.599998474121094,48.5,46.11806869506836
2016-10-18,99800,48.560001373291016,48.599998474121094,48.63999938964844,48.52000045776367,46.15605163574219
2016-10-17,88100,48.63999938964844,48.63999938964844,48.63999938964844,48.58000183105469,46.194034576416016
2016-10-14,116100,48.58000183105469,48.58000183105469,48.63999938964844,48.560001373291016,46.13705062866211
2016-10-13,228600,48.619998931884766,48.599998474121094,48.70000076293945,48.599998474121094,46.15605163574219
2016-10-12,112200,48.63999938964844,48.619998931884766,48.70000076293945,48.58000183105469,46.17503356933594
2016-10-11,156000,48.7599983215332,48.68000030517578,48.7599983215332,48.68000030517578,46.232025146484375
2016-10-10,139300,48.79999923706055,48.779998779296875,48.81999969482422,48.720001220703125,46.326988220214844
2016-10-07,131200,48.86000061035156,48.81999969482422,48.880001068115234,48.81999969482422,46.36498260498047
2016-10-06,231800,48.91999816894531,48.900001525878906,48.91999816894531,48.84000015258789,46.44095993041992
2016-10-05,286700,49.02000045776367,48.97999954223633,49.08000183105469,48.959999084472656,46.516944885253906
2016-10-04,112000,49.13999938964844,49.08000183105469,49.15999984741211,49.060001373291016,46.611915588378906
2016-10-03,119300,49.18000030517578,49.15999984741211,49.18000030517578,49.119998931884766,46.687889099121094
2016-09-30,157600,49.279998779296875,49.18000030517578,49.29999923706055,49.15999984741211,46.62709426879883
2016-09-29,130400,49.2599983215332,49.29999923706055,49.34000015258789,49.2599983215332,46.74087905883789
2016-09-28,93800,49.31999969482422,49.29999923706055,49.36000061035156,49.279998779296875,46.74087905883789
2016-09-27,100500,49.279998779296875,49.279998779296875,49.31999969482422,49.2599983215332,46.72191619873047
2016-09-26,73800,49.220001220703125,49.2400016784668,49.279998779296875,49.220001220703125,46.683990478515625
2016-09-23,105800,49.18000030517578,49.20000076293945,49.20000076293945,49.099998474121094,46.64606857299805
2016-09-22,129300,49.099998474121094,49.20000076293945,49.20000076293945,49.099998474121094,46.64606857299805
2016-09-21,74500,49.119998931884766,49.119998931884766,49.13999938964844,49.02000045776367,46.57021713256836
2016-09-20,96400,49.13999938964844,49.060001373291016,49.15999984741211,49.060001373291016,46.513336181640625
2016-09-19,105900,49.119998931884766,49.099998474121094,49.119998931884766,49.040000915527344,46.55125427246094
2016-09-16,185000,49.08000183105469,49.099998474121094,49.119998931884766,49.040000915527344,46.55125427246094
2016-09-15,104200,49.099998474121094,49.060001373291016,49.119998931884766,49.040000915527344,46.513336181640625
2016-09-14,75600,49.099998474121094,49.119998931884766,49.20000076293945,49.08000183105469,46.57021713256836
2016-09-13,198800,49.2400016784668,49.13999938964844,49.2599983215332,49.08000183105469,46.58919143676758
2016-09-12,155600,49.2599983215332,49.220001220703125,49.29999923706055,49.20000076293945,46.66503143310547
2016-09-09,177100,49.380001068115234,49.2599983215332,49.380001068115234,49.2400016784668,46.70296096801758
2016-09-08,216600,49.439998626708984,49.34000015258789,49.459999084472656,49.34000015258789,46.7787971496582
2016-09-07,97100,49.47999954223633,49.459999084472656,49.47999954223633,49.41999816894531,46.892578125
2016-09-06,81300,49.459999084472656,49.5,49.5,49.439998626708984,46.93049621582031
2016-09-02,110400,49.439998626708984,49.439998626708984,49.47999954223633,49.400001525878906,46.87361145019531
2016-09-01,133800,49.41999816894531,49.459999084472656,49.5,49.380001068115234,46.892578125
2016-08-31,112100,49.58000183105469,49.560001373291016,49.619998931884766,49.540000915527344,46.90584945678711
2016-08-30,180400,49.58000183105469,49.540000915527344,49.599998474121094,49.540000915527344,46.88692855834961
2016-08-29,68700,49.540000915527344,49.619998931884766,49.619998931884766,49.540000915527344,46.9626350402832
2016-08-26,100900,49.619998931884766,49.5,49.63999938964844,49.47999954223633,46.84905242919922
2016-08-25,95800,49.540000915527344,49.560001373291016,49.599998474121094,49.540000915527344,46.90584945678711
2016-08-24,80400,49.58000183105469,49.560001373291016,49.599998474121094,49.540000915527344,46.90584945678711
2016-08-23,139400,49.599998474121094,49.599998474121094,49.599998474121094,49.540000915527344,46.94370651245117
2016-08-22,145300,49.599998474121094,49.599998474121094,49.619998931884766,49.560001373291016,46.94370651245117
2016-08-19,93100,49.52000045776367,49.560001373291016,49.58000183105469,49.52000045776367,46.90584945678711
2016-08-18,217600,49.560001373291016,49.58000183105469,49.619998931884766,49.540000915527344,46.92477798461914
2016-08-17,156700,49.560001373291016,49.560001373291016,49.58000183105469,49.5,46.90584945678711
2016-08-16,64100,49.560001373291016,49.540000915527344,49.599998474121094,49.5,46.88692855834961
2016-08-15,98100,49.540000915527344,49.52000045776367,49.560001373291016,49.52000045776367,46.867984771728516
2016-08-12,212800,49.5,49.540000915527344,49.58000183105469,49.459999084472656,46.88692855834961
2016-08-11,305800,49.47999954223633,49.439998626708984,49.52000045776367,49.41999816894531,46.79227066040039
2016-08-10,168500,49.400001525878906,49.47999954223633,49.5,49.400001525878906,46.83013153076172
2016-08-09,218100,49.400001525878906,49.400001525878906,49.439998626708984,49.36000061035156,46.75442123413086
2016-08-08,101300,49.36000061035156,49.400001525878906,49.400001525878906,49.279998779296875,46.75442123413086
2016-08-05,81200,49.41999816894531,49.34000015258789,49.439998626708984,49.34000015258789,46.697628021240234
2016-08-04,249000,49.439998626708984,49.459999084472656,49.5,49.41999816894531,46.811195373535156
2016-08-03,188700,49.400001525878906,49.439998626708984,49.439998626708984,49.31999969482422,46.79227066040039
2016-08-02,118700,49.400001525878906,49.400001525878906,49.439998626708984,49.34000015258789,46.75442123413086
2016-08-01,88900,49.459999084472656,49.400001525878906,49.459999084472656,49.380001068115234,46.75442123413086
2016-07-29,139500,49.599998474121094,49.58000183105469,49.599998474121094,49.540000915527344,46.841487884521484
2016-07-28,120800,49.439998626708984,49.560001373291016,49.560001373291016,49.439998626708984,46.822593688964844
2016-07-27,187200,49.439998626708984,49.439998626708984,49.540000915527344,49.400001525878906,46.70922088623047
2016-07-26,165600,49.400001525878906,49.439998626708984,49.459999084472656,49.380001068115234,46.70922088623047
2016-07-25,130800,49.41999816894531,49.400001525878906,49.41999816894531,49.31999969482422,46.67143630981445
2016-07-22,108500,49.380001068115234,49.41999816894531,49.41999816894531,49.36000061035156,46.690330505371094
2016-07-21,100400,49.36000061035156,49.41999816894531,49.439998626708984,49.31999969482422,46.690330505371094
2016-07-20,72000,49.400001525878906,49.41999816894531,49.41999816894531,49.36000061035156,46.690330505371094
2016-07-19,114100,49.41999816894531,49.439998626708984,49.459999084472656,49.400001525878906,46.70922088623047
2016-07-18,117900,49.459999084472656,49.380001068115234,49.459999084472656,49.380001068115234,46.652523040771484
2016-07-15,129700,49.47999954223633,49.41999816894531,49.47999954223633,49.400001525878906,46.690330505371094
2016-07-14,122700,49.5,49.5,49.540000915527344,49.439998626708984,46.765899658203125
2016-07-13,150400,49.599998474121094,49.599998474121094,49.619998931884766,49.540000915527344,46.860382080078125
2016-07-12,155400,49.68000030517578,49.599998474121094,49.68000030517578,49.540000915527344,46.860382080078125
2016-07-11,102400,49.70000076293945,49.63999938964844,49.7400016784668,49.63999938964844,46.898170471191406
2016-07-08,89100,49.720001220703125,49.7599983215332,49.779998779296875,49.63999938964844,47.01154708862305
2016-07-07,149600,49.7599983215332,49.7400016784668,49.79999923706055,49.720001220703125,46.99264907836914
2016-07-06,115200,49.720001220703125,49.779998779296875,49.84000015258789,49.720001220703125,47.030433654785156
2016-07-05,143800,49.68000030517578,49.720001220703125,49.7599983215332,49.65999984741211,46.973751068115234
2016-07-01,115000,49.63999938964844,49.68000030517578,49.68000030517578,49.5,46.935951232910156
2016-06-30,118500,49.70000076293945,49.68000030517578,49.70000076293945,49.599998474121094,46.854698181152344
2016-06-29,134900,49.7400016784668,49.63999938964844,49.7400016784668,49.619998931884766,46.81698226928711
2016-06-28,119900,49.7400016784668,49.7400016784668,49.79999923706055,49.68000030517578,46.91130065917969
2016-06-27,277200,49.7599983215332,49.7400016784668,49.880001068115234,49.720001220703125,46.91130065917969
2016-06-24,142600,49.70000076293945,49.63999938964844,49.70000076293945,49.540000915527344,46.81698226928711
2016-06-23,107800,49.08000183105469,49.13999938964844,49.13999938964844,49.08000183105469,46.345428466796875
2016-06-22,79500,49.279998779296875,49.2599983215332,49.279998779296875,49.220001220703125,46.458595275878906
2016-06-21,80800,49.34000015258789,49.29999923706055,49.34000015258789,49.220001220703125,46.49631881713867
2016-06-20,121100,49.2599983215332,49.31999969482422,49.34000015258789,49.2599983215332,46.51518630981445
2016-06-17,121600,49.41999816894531,49.400001525878906,49.439998626708984,49.400001525878906,46.59064483642578
2016-06-16,187500,49.34000015258789,49.41999816894531,49.459999084472656,49.29999923706055,46.60950469970703
2016-06-15,123800,49.2599983215332,49.34000015258789,49.34000015258789,49.20000076293945,46.53404998779297
2016-06-14,91500,49.20000076293945,49.220001220703125,49.2599983215332,49.18000030517578,46.42088317871094
2016-06-13,115700,49.15999984741211,49.15999984741211,49.18000030517578,49.099998474121094,46.364280700683594
2016-06-10,109600,49.0,49.060001373291016,49.119998931884766,49.0,46.26997756958008
2016-06-09,162000,48.900001525878906,48.939998626708984,49.0,48.900001525878906,46.15678787231445
2016-06-08,123100,48.880001068115234,48.880001068115234,48.900001525878906,48.81999969482422,46.1002197265625
2016-06-07,130700,48.86000061035156,48.880001068115234,48.880001068115234,48.79999923706055,46.1002197265625
2016-06-06,132400,48.84000015258789,48.779998779296875,48.84000015258789,48.7400016784668,46.005897521972656
2016-06-03,192800,48.880001068115234,48.86000061035156,48.900001525878906,48.79999923706055,46.08135223388672
2016-06-02,137900,48.7599983215332,48.7400016784668,48.779998779296875,48.68000030517578,45.96817398071289
2016-06-01,464500,48.779998779296875,48.68000030517578,48.779998779296875,48.65999984741211,45.911590576171875
2016-05-31,149300,48.79999923706055,48.79999923706055,48.84000015258789,48.70000076293945,45.93986892700195
2016-05-27,87900,48.84000015258789,48.779998779296875,48.86000061035156,48.779998779296875,45.92104721069336
2016-05-26,133900,48.880001068115234,48.84000015258789,48.880001068115234,48.81999969482422,45.97751235961914
2016-05-25,168200,48.880001068115234,48.81999969482422,48.900001525878906,48.81999969482422,45.958702087402344
2016-05-24,106100,48.900001525878906,48.900001525878906,48.939998626708984,48.84000015258789,46.03400802612305
2016-05-23,150700,48.900001525878906,48.939998626708984,48.959999084472656,48.880001068115234,46.07167053222656
2016-05-20,123000,48.959999084472656,48.97999954223633,48.97999954223633,48.91999816894531,46.10932540893555
2016-05-19,150900,48.97999954223633,48.959999084472656,49.060001373291016,48.959999084472656,46.09049606323242
2016-05-18,127300,49.18000030517578,49.0,49.18000030517578,49.0,46.12815475463867
2016-05-17,106500,49.15999984741211,49.18000030517578,49.220001220703125,49.099998474121094,46.297607421875
2016-05-16,150600,49.15999984741211,49.040000915527344,49.15999984741211,49.040000915527344,46.16581344604492
2016-05-13,146800,49.13999938964844,49.18000030517578,49.20000076293945,49.119998931884766,46.297607421875
2016-05-12,173200,49.119998931884766,49.099998474121094,49.13999938964844,49.040000915527344,46.222293853759766
2016-05-11,251500,49.040000915527344,49.13999938964844,49.13999938964844,49.0,46.259952545166016
2016-05-10,121200,49.0,48.97999954223633,49.02000045776367,48.959999084472656,46.10932540893555
2016-05-09,66600,48.97999954223633,49.0,49.02000045776367,48.959999084472656,46.12815475463867
2016-05-06,108000,48.97999954223633,48.939998626708984,48.97999954223633,48.900001525878906,46.07167053222656
2016-05-05,226400,48.939998626708984,48.959999084472656,49.0,48.900001525878906,46.09049606323242
2016-05-04,151000,48.959999084472656,48.91999816894531,48.959999084472656,48.880001068115234,46.052833557128906
2016-05-03,229300,48.91999816894531,48.91999816894531,48.959999084472656,48.86000061035156,46.052833557128906
2016-05-02,97900,48.880001068115234,48.7599983215332,48.880001068115234,48.7599983215332,45.9022216796875
2016-04-29,100600,48.900001525878906,48.91999816894531,48.97999954223633,48.79999923706055,45.96998977661133
2016-04-28,165400,48.779998779296875,48.900001525878906,48.900001525878906,48.779998779296875,45.95119857788086
2016-04-27,113400,48.7400016784668,48.81999969482422,48.81999969482422,48.7400016784668,45.87602996826172
2016-04-26,316900,48.7599983215332,48.7599983215332,48.7599983215332,48.65999984741211,45.81964874267578
2016-04-25,71300,48.7599983215332,48.7400016784668,48.779998779296875,48.720001220703125,45.80085372924805
2016-04-22,103500,48.7599983215332,48.79999923706055,48.84000015258789,48.7400016784668,45.85722732543945
2016-04-21,138800,48.81999969482422,48.7599983215332,48.81999969482422,48.720001220703125,45.81964874267578
2016-04-20,257300,48.86000061035156,48.81999969482422,48.91999816894531,48.7599983215332,45.87602996826172
2016-04-19,87500,48.880001068115234,48.84000015258789,48.900001525878906,48.79999923706055,45.894805908203125
2016-04-18,303600,48.84000015258789,48.84000015258789,48.900001525878906,48.81999969482422,45.894805908203125
2016-04-15,96000,48.81999969482422,48.79999923706055,48.880001068115234,48.779998779296875,45.85722732543945
2016-04-14,162700,48.779998779296875,48.7400016784668,48.84000015258789,48.7400016784668,45.80085372924805
2016-04-13,217700,48.7400016784668,48.7400016784668,48.81999969482422,48.70000076293945,45.80085372924805
2016-04-12,166800,48.779998779296875,48.720001220703125,48.79999923706055,48.70000076293945,45.782066345214844
2016-04-11,142300,48.779998779296875,48.7400016784668,48.81999969482422,48.720001220703125,45.80085372924805
2016-04-08,111500,48.779998779296875,48.7400016784668,48.779998779296875,48.65999984741211,45.80085372924805
2016-04-07,86500,48.65999984741211,48.7599983215332,48.779998779296875,48.63999938964844,45.81964874267578
2016-04-06,244100,48.619998931884766,48.599998474121094,48.65999984741211,48.560001373291016,45.66928482055664
2016-04-05,135200,48.52000045776367,48.560001373291016,48.599998474121094,48.52000045776367,45.631710052490234
2016-04-04,97600,48.36000061035156,48.400001525878906,48.459999084472656,48.36000061035156,45.48135757446289
2016-04-01,155400,48.439998626708984,48.36000061035156,48.5,48.279998779296875,45.44377136230469
2016-03-31,1382700,48.5,48.439998626708984,48.5,48.2599983215332,45.430606842041016
2016-03-30,103300,48.41999816894531,48.400001525878906,48.41999816894531,48.31999969482422,45.393096923828125
2016-03-29,175700,48.279998779296875,48.34000015258789,48.41999816894531,48.2599983215332,45.33681869506836
2016-03-28,135300,48.2599983215332,48.2599983215332,48.279998779296875,48.220001220703125,45.261783599853516
2016-03-24,120600,48.2400016784668,48.20000076293945,48.279998779296875,48.18000030517578,45.20551681518555
2016-03-23,160800,48.2400016784668,48.2400016784668,48.2599983215332,48.15999984741211,45.243038177490234
2016-03-22,104700,48.20000076293945,48.15999984741211,48.279998779296875,48.15999984741211,45.16801071166992
2016-03-21,100000,48.220001220703125,48.15999984741211,48.220001220703125,48.15999984741211,45.16801071166992
2016-03-18,115500,48.2400016784668,48.20000076293945,48.279998779296875,48.20000076293945,45.20551681518555
2016-03-17,141400,48.15999984741211,48.20000076293945,48.2400016784668,48.099998474121094,45.20551681518555
2016-03-16,124500,48.08000183105469,48.15999984741211,48.15999984741211,48.0,45.16801071166992
2016-03-15,167300,48.119998931884766,48.119998931884766,48.18000030517578,48.02000045776367,45.1304931640625
2016-03-14,136700,48.060001373291016,48.119998931884766,48.15999984741211,48.060001373291016,45.1304931640625
2016-03-11,188800,48.099998474121094,48.02000045776367,48.099998474121094,48.02000045776367,45.036720275878906
2016-03-10,393100,48.0,48.060001373291016,48.060001373291016,47.959999084472656,45.074214935302734
2016-03-09,122700,48.02000045776367,47.97999954223633,48.08000183105469,47.97999954223633,44.99917984008789
2016-03-08,192900,48.060001373291016,48.08000183105469,48.099998474121094,48.040000915527344,45.092979431152344
2016-03-07,156300,48.0,47.900001525878906,48.13999938964844,47.900001525878906,44.92416000366211
2016-03-04,205000,48.13999938964844,47.959999084472656,48.15999984741211,47.939998626708984,44.980430603027344
2016-03-03,234800,48.18000030517578,48.20000076293945,48.2400016784668,48.119998931884766,45.20551681518555
2016-03-02,416500,48.31999969482422,48.13999938964844,48.31999969482422,48.13999938964844,45.149253845214844
2016-03-01,208800,48.459999084472656,48.31999969482422,48.459999084472656,48.279998779296875,45.31806182861328
2016-02-29,313200,48.540000915527344,48.5,48.540000915527344,48.439998626708984,45.408119201660156
2016-02-26,103600,48.68000030517578,48.47999954223633,48.68000030517578,48.47999954223633,45.389366149902344
2016-02-25,120900,48.560001373291016,48.68000030517578,48.68000030517578,48.560001373291016,45.576622009277344
2016-02-24,163300,48.65999984741211,48.63999938964844,48.720001220703125,48.560001373291016,45.53916549682617
2016-02-23,186900,48.68000030517578,48.70000076293945,48.7400016784668,48.63999938964844,45.595367431640625
2016-02-22,182300,48.779998779296875,48.720001220703125,48.84000015258789,48.720001220703125,45.614078521728516
2016-02-19,243600,48.81999969482422,48.79999923706055,48.81999969482422,48.7599983215332,45.68898010253906
2016-02-18,244200,48.7400016784668,48.84000015258789,48.84000015258789,48.65999984741211,45.72642517089844
2016-02-17,130800,48.84000015258789,48.7400016784668,48.86000061035156,48.720001220703125,45.6328125
2016-02-16,130800,48.84000015258789,48.880001068115234,48.91999816894531,48.81999969482422,45.763885498046875
2016-02-12,424500,49.0,48.81999969482422,49.0,48.779998779296875,45.707698822021484
2016-02-11,318300,49.02000045776367,49.0,49.119998931884766,48.939998626708984,45.87623596191406
2016-02-10,192000,48.959999084472656,48.91999816894531,48.959999084472656,48.84000015258789,45.80131530761719
2016-02-09,134500,48.900001525878906,48.900001525878906,48.91999816894531,48.84000015258789,45.7826042175293
2016-02-08,270800,48.84000015258789,48.84000015258789,48.900001525878906,48.7599983215332,45.72642517089844
2016-02-05,178400,48.7599983215332,48.70000076293945,48.7599983215332,48.63999938964844,45.595367431640625
2016-02-04,117900,48.720001220703125,48.720001220703125,48.7400016784668,48.63999938964844,45.614078521728516
2016-02-03,227200,48.65999984741211,48.65999984741211,48.7599983215332,48.63999938964844,45.557891845703125
2016-02-02,392500,48.560001373291016,48.68000030517578,48.68000030517578,48.47999954223633,45.576622009277344
2016-02-01,134200,48.560001373291016,48.439998626708984,48.560001373291016,48.41999816894531,45.351924896240234
2016-01-29,138800,48.619998931884766,48.58000183105469,48.63999938964844,48.52000045776367,45.394996643066406
2016-01-28,121600,48.5,48.459999084472656,48.540000915527344,48.380001068115234,45.28285598754883
2016-01-27,132300,48.52000045776367,48.540000915527344,48.540000915527344,48.380001068115234,45.357627868652344
2016-01-26,272000,48.439998626708984,48.5,48.52000045776367,48.380001068115234,45.320255279541016
2016-01-25,1398600,48.459999084472656,48.400001525878906,48.58000183105469,48.380001068115234,45.226802825927734
2016-01-22,168400,48.599998474121094,48.459999084472656,48.599998474121094,48.400001525878906,45.28285598754883
2016-01-21,211000,48.619998931884766,48.599998474121094,48.63999938964844,48.5,45.4136848449707
2016-01-20,319600,48.52000045776367,48.619998931884766,48.63999938964844,48.52000045776367,45.432369232177734
2016-01-19,200300,48.5,48.47999954223633,48.52000045776367,48.400001525878906,45.301544189453125
2016-01-15,439300,48.5,48.439998626708984,48.52000045776367,48.380001068115234,45.2641716003418
2016-01-14,117100,48.400001525878906,48.380001068115234,48.41999816894531,48.279998779296875,45.20811462402344
2016-01-13,122600,48.47999954223633,48.400001525878906,48.47999954223633,48.31999969482422,45.226802825927734
2016-01-12,204800,48.34000015258789,48.41999816894531,48.459999084472656,48.31999969482422,45.245487213134766
2016-01-11,395200,48.400001525878906,48.34000015258789,48.459999084472656,48.31999969482422,45.17072677612305
2016-01-08,250100,48.439998626708984,48.41999816894531,48.5,48.2599983215332,45.245487213134766
2016-01-07,298800,48.47999954223633,48.5,48.5,48.34000015258789,45.320255279541016
2016-01-06,138900,48.2599983215332,48.400001525878906,48.439998626708984,48.2400016784668,45.226802825927734
2016-01-05,147200,47.97999954223633,48.15999984741211,48.15999984741211,47.97999954223633,45.002540588378906
2016-01-04,125500,47.959999084472656,47.959999084472656,48.0,47.880001068115234,44.81564712524414
2015-12-31,131000,47.880001068115234,47.939998626708984,48.040000915527344,47.880001068115234,44.79696273803711
2015-12-30,99200,47.79999923706055,47.91999816894531,47.959999084472656,47.79999923706055,44.77827072143555
2015-12-29,152100,47.880001068115234,47.86000061035156,47.900001525878906,47.79999923706055,44.72220230102539
2015-12-28,76700,47.900001525878906,47.939998626708984,47.959999084472656,47.86000061035156,44.71285629272461
2015-12-24,54400,47.959999084472656,47.91999816894531,47.959999084472656,47.84000015258789,44.69419860839844
2015-12-23,1008300,47.79999923706055,47.84000015258789,47.959999084472656,47.79999923706055,44.61958694458008
2015-12-22,115700,47.84000015258789,47.79999923706055,47.900001525878906,47.7599983215332,44.582275390625
2015-12-21,186100,47.880001068115234,47.86000061035156,47.959999084472656,47.81999969482422,44.63823699951172
2015-12-18,103900,47.720001220703125,47.79999923706055,47.880001068115234,47.70000076293945,44.582275390625
2015-12-17,155600,47.560001373291016,47.720001220703125,47.7599983215332,47.560001373291016,44.50767135620117
2015-12-16,94700,47.58000183105469,47.540000915527344,47.63999938964844,47.52000045776367,44.33978271484375
2015-12-15,163400,47.619998931884766,47.619998931884766,47.70000076293945,47.540000915527344,44.41439437866211
2015-12-14,168900,47.79999923706055,47.65999984741211,47.79999923706055,47.599998474121094,44.45171356201172
2015-12-11,229700,47.779998779296875,47.7599983215332,47.81999969482422,47.68000030517578,44.544960021972656
2015-12-10,138300,47.58000183105469,47.560001373291016,47.65999984741211,47.560001373291016,44.35844039916992
2015-12-09,203800,47.65999984741211,47.599998474121094,47.68000030517578,47.52000045776367,44.3957405090332
2015-12-08,75100,47.58000183105469,47.599998474121094,47.63999938964844,47.560001373291016,44.3957405090332
2015-12-07,216700,47.47999954223633,47.58000183105469,47.58000183105469,47.439998626708984,44.3770866394043
2015-12-04,90600,47.400001525878906,47.540000915527344,47.540000915527344,47.400001525878906,44.33978271484375
2015-12-03,260000,47.560001373291016,47.36000061035156,47.599998474121094,47.31999969482422,44.171897888183594
2015-12-02,132900,47.63999938964844,47.619998931884766,47.63999938964844,47.540000915527344,44.41439437866211
2015-12-01,105100,47.52000045776367,47.540000915527344,47.599998474121094,47.41999816894531,44.33978271484375
2015-11-30,96500,47.52000045776367,47.5,47.560001373291016,47.459999084472656,44.21852493286133
2015-11-27,35000,47.560001373291016,47.52000045776367,47.560001373291016,47.459999084472656,44.237159729003906
2015-11-25,97500,47.47999954223633,47.459999084472656,47.5,47.34000015258789,44.18128204345703
2015-11-24,103900,47.41999816894531,47.459999084472656,47.459999084472656,47.380001068115234,44.18128204345703
2015-11-23,144700,47.36000061035156,47.380001068115234,47.41999816894531,47.34000015258789,44.10682678222656
2015-11-20,74900,47.34000015258789,47.31999969482422,47.41999816894531,47.31999969482422,44.05097579956055
2015-11-19,153300,47.279998779296875,47.34000015258789,47.36000061035156,47.15999984741211,44.06958770751953
2015-11-18,110200,47.099998474121094,47.20000076293945,47.220001220703125,47.08000183105469,43.939266204833984
2015-11-17,71000,47.0,47.13999938964844,47.15999984741211,46.97999954223633,43.88339614868164
2015-11-16,132100,46.959999084472656,46.97999954223633,47.040000915527344,46.959999084472656,43.734458923339844
2015-11-13,64600,46.959999084472656,47.0,47.0,46.900001525878906,43.75307083129883
2015-11-12,123900,46.900001525878906,46.959999084472656,46.959999084472656,46.900001525878906,43.7158317565918
2015-11-11,80300,46.939998626708984,46.939998626708984,46.939998626708984,46.86000061035156,43.69723129272461
2015-11-10,85700,46.84000015258789,46.91999816894531,46.97999954223633,46.81999969482422,43.67860794067383
2015-11-09,189900,46.97999954223633,46.880001068115234,46.97999954223633,46.84000015258789,43.641361236572266
2015-11-06,200200,47.08000183105469,46.959999084472656,47.15999984741211,46.939998626708984,43.7158317565918
2015-11-05,214100,47.08000183105469,47.119998931884766,47.20000076293945,47.060001373291016,43.86478805541992
2015-11-04,47800,47.119998931884766,47.119998931884766,47.15999984741211,47.08000183105469,43.86478805541992
2015-11-03,1214700,47.29999923706055,47.13999938964844,47.29999923706055,47.0,43.88339614868164
2015-11-02,186700,47.34000015258789,47.220001220703125,47.34000015258789,47.13999938964844,43.95787811279297
2015-10-30,63800,47.459999084472656,47.34000015258789,47.459999084472656,47.279998779296875,43.985809326171875
2015-10-29,138800,47.47999954223633,47.31999969482422,47.47999954223633,47.2400016784668,43.96723937988281
2015-10-28,70500,47.400001525878906,47.34000015258789,47.459999084472656,47.31999969482422,43.985809326171875
2015-10-27,102700,47.380001068115234,47.439998626708984,47.439998626708984,47.34000015258789,44.07872009277344
2015-10-26,82200,47.36000061035156,47.400001525878906,47.400001525878906,47.31999969482422,44.04156494140625
2015-10-23,118100,47.34000015258789,47.34000015258789,47.36000061035156,47.2400016784668,43.985809326171875
2015-10-22,329700,47.380001068115234,47.34000015258789,47.439998626708984,47.2599983215332,43.985809326171875
2015-10-21,1016400,47.34000015258789,47.34000015258789,47.52000045776367,47.15999984741211,43.985809326171875
2015-10-20,193900,47.279998779296875,47.220001220703125,47.29999923706055,47.15999984741211,43.87430953979492
2015-10-19,108900,47.400001525878906,47.279998779296875,47.400001525878906,47.220001220703125,43.930057525634766
2015-10-16,52400,47.36000061035156,47.34000015258789,47.380001068115234,47.31999969482422,43.985809326171875
2015-10-15,185300,47.34000015258789,47.279998779296875,47.400001525878906,47.220001220703125,43.930057525634766
2015-10-14,78700,47.2599983215332,47.380001068115234,47.400001525878906,47.2599983215332,44.0229606628418
2015-10-13,83500,47.34000015258789,47.29999923706055,47.36000061035156,47.2400016784668,43.94864273071289
2015-10-12,114100,47.2599983215332,47.279998779296875,47.29999923706055,47.20000076293945,43.930057525634766
2015-10-09,70500,47.220001220703125,47.20000076293945,47.2599983215332,47.119998931884766,43.85572814941406
2015-10-08,198900,47.20000076293945,47.15999984741211,47.279998779296875,47.15999984741211,43.81855773925781
2015-10-07,90400,47.18000030517578,47.2599983215332,47.2599983215332,47.18000030517578,43.91147994995117
2015-10-06,67600,47.2599983215332,47.31999969482422,47.31999969482422,47.2400016784668,43.96723937988281
2015-10-05,171300,47.220001220703125,47.2400016784668,47.41999816894531,47.220001220703125,43.89289093017578
2015-10-02,108900,47.279998779296875,47.29999923706055,47.400001525878906,47.2599983215332,43.94864273071289
2015-10-01,186400,47.13999938964844,47.18000030517578,47.2400016784668,47.099998474121094,43.837135314941406
2015-09-30,158500,47.18000030517578,47.2599983215332,47.279998779296875,47.13999938964844,43.82785415649414
2015-09-29,76400,47.099998474121094,47.20000076293945,47.279998779296875,47.099998474121094,43.772212982177734
2015-09-28,87200,47.060001373291016,47.13999938964844,47.20000076293945,47.060001373291016,43.71657180786133
2015-09-25,83500,47.040000915527344,47.040000915527344,47.08000183105469,46.97999954223633,43.62383270263672
2015-09-24,179100,47.0,46.97999954223633,47.15999984741211,46.939998626708984,43.568180084228516
2015-09-23,67600,46.939998626708984,46.91999816894531,46.97999954223633,46.86000061035156,43.51254653930664
2015-09-22,83300,46.900001525878906,46.939998626708984,46.97999954223633,46.79999923706055,43.531089782714844
2015-09-21,141400,46.7599983215332,46.7599983215332,46.779998779296875,46.720001220703125,43.36415481567383
2015-09-18,155200,46.70000076293945,46.84000015258789,46.86000061035156,46.68000030517578,43.438350677490234
2015-09-17,278200,46.459999084472656,46.65999984741211,46.68000030517578,46.459999084472656,43.271419525146484
2015-09-16,227500,46.439998626708984,46.41999816894531,46.540000915527344,46.400001525878906,43.04885482788086
2015-09-15,142100,46.619998931884766,46.400001525878906,46.619998931884766,46.380001068115234,43.03030014038086
2015-09-14,122700,46.599998474121094,46.619998931884766,46.68000030517578,46.58000183105469,43.23432540893555
2015-09-11,100000,46.58000183105469,46.599998474121094,46.70000076293945,46.58000183105469,43.215782165527344
2015-09-10,95000,46.65999984741211,46.58000183105469,46.65999984741211,46.58000183105469,43.197235107421875
2015-09-09,173800,46.619998931884766,46.70000076293945,46.7400016784668,46.560001373291016,43.30852508544922
2015-09-08,109300,46.65999984741211,46.560001373291016,46.68000030517578,46.540000915527344,43.17870330810547
2015-09-04,48900,46.720001220703125,46.720001220703125,46.79999923706055,46.63999938964844,43.327064514160156
2015-09-03,72400,46.779998779296875,46.7400016784668,46.84000015258789,46.63999938964844,43.34561538696289
2015-09-02,72800,46.68000030517578,46.63999938964844,46.68000030517578,46.560001373291016,43.252872467041016
2015-09-01,193000,46.79999923706055,46.7400016784668,46.79999923706055,46.63999938964844,43.34561538696289
2015-08-31,171900,46.84000015258789,46.70000076293945,46.900001525878906,46.560001373291016,43.221351623535156
2015-08-28,135300,46.7400016784668,46.65999984741211,46.779998779296875,46.560001373291016,43.184326171875
2015-08-27,141300,46.720001220703125,46.619998931884766,46.720001220703125,46.5,43.147300720214844
2015-08-26,84800,46.68000030517578,46.52000045776367,46.720001220703125,46.52000045776367,43.054752349853516
2015-08-25,127200,46.779998779296875,46.619998931884766,46.84000015258789,46.560001373291016,43.147300720214844
2015-08-24,191400,46.880001068115234,46.900001525878906,47.20000076293945,46.79999923706055,43.40644836425781
2015-08-21,132600,46.880001068115234,46.900001525878906,46.959999084472656,46.79999923706055,43.40644836425781
2015-08-20,123200,46.79999923706055,46.779998779296875,46.86000061035156,46.7599983215332,43.29538345336914
2015-08-19,152900,46.68000030517578,46.84000015258789,46.86000061035156,46.63999938964844,43.350914001464844
2015-08-18,75300,46.720001220703125,46.68000030517578,46.779998779296875,46.68000030517578,43.20283889770508
2015-08-17,62900,46.70000076293945,46.7400016784668,46.81999969482422,46.70000076293945,43.258365631103516
2015-08-14,93600,46.68000030517578,46.7400016784668,46.779998779296875,46.68000030517578,43.258365631103516
2015-08-13,99800,46.7400016784668,46.70000076293945,46.81999969482422,46.70000076293945,43.221351623535156
2015-08-12,108900,46.7400016784668,46.720001220703125,46.84000015258789,46.70000076293945,43.23986053466797
2015-08-11,214000,46.720001220703125,46.70000076293945,46.79999923706055,46.619998931884766,43.221351623535156
2015-08-10,185800,46.619998931884766,46.560001373291016,46.65999984741211,46.540000915527344,43.09178924560547
2015-08-07,85200,46.63999938964844,46.65999984741211,46.68000030517578,46.560001373291016,43.184326171875
2015-08-06,103400,46.599998474121094,46.65999984741211,46.70000076293945,46.52000045776367,43.184326171875
2015-08-05,116100,46.58000183105469,46.619998931884766,46.63999938964844,46.52000045776367,43.147300720214844
2015-08-04,86800,46.720001220703125,46.63999938964844,46.7400016784668,46.599998474121094,43.165809631347656
2015-08-03,112500,46.720001220703125,46.79999923706055,46.81999969482422,46.68000030517578,43.313899993896484
2015-07-31,110800,46.65999984741211,46.720001220703125,46.7599983215332,46.619998931884766,43.15470504760742
2015-07-30,75100,46.599998474121094,46.619998931884766,46.68000030517578,46.52000045776367,43.06234359741211
2015-07-29,71600,46.70000076293945,46.619998931884766,46.70000076293945,46.58000183105469,43.06234359741211
2015-07-28,57100,46.68000030517578,46.7400016784668,46.779998779296875,46.619998931884766,43.17317199707031
2015-07-27,424600,46.81999969482422,46.7400016784668,46.880001068115234,46.619998931884766,43.17317199707031
2015-07-24,82200,46.65999984741211,46.720001220703125,46.779998779296875,46.540000915527344,43.15470504760742
2015-07-23,110100,46.599998474121094,46.70000076293945,46.779998779296875,46.599998474121094,43.13623046875
2015-07-22,71200,46.5,46.619998931884766,46.65999984741211,46.5,43.06234359741211
2015-07-21,86000,46.52000045776367,46.560001373291016,46.599998474121094,46.459999084472656,43.00693130493164
2015-07-20,110800,46.47999954223633,46.5,46.560001373291016,46.34000015258789,42.951499938964844
2015-07-17,145800,46.47999954223633,46.560001373291016,46.560001373291016,46.400001525878906,43.00693130493164
2015-07-16,105400,46.380001068115234,46.439998626708984,46.52000045776367,46.380001068115234,42.89607238769531
2015-07-15,150400,46.36000061035156,46.36000061035156,46.439998626708984,46.29999923706055,42.82217788696289
2015-07-14,61000,46.34000015258789,46.439998626708984,46.459999084472656,46.34000015258789,42.89607238769531
2015-07-13,122400,46.34000015258789,46.31999969482422,46.36000061035156,46.279998779296875,42.785221099853516
2015-07-10,157800,46.459999084472656,46.400001525878906,46.47999954223633,46.34000015258789,42.85912322998047
2015-07-09,154800,46.599998474121094,46.5,46.619998931884766,46.459999084472656,42.951499938964844
2015-07-08,134600,46.65999984741211,46.68000030517578,46.68000030517578,46.619998931884766,43.11777114868164
2015-07-07,650700,46.52000045776367,46.58000183105469,46.68000030517578,46.52000045776367,43.0254020690918
2015-07-06,111600,46.400001525878906,46.439998626708984,46.5,46.34000015258789,42.89607238769531
2015-07-02,184800,46.29999923706055,46.34000015258789,46.380001068115234,46.2400016784668,42.803707122802734
2015-07-01,193600,46.29999923706055,46.2400016784668,46.36000061035156,46.18000030517578,42.711341857910156
2015-06-30,120100,46.380001068115234,46.400001525878906,46.5,46.34000015258789,42.77413558959961
2015-06-29,129700,46.31999969482422,46.52000045776367,46.540000915527344,46.2599983215332,42.8847770690918
2015-06-26,57700,46.2599983215332,46.2400016784668,46.31999969482422,46.220001220703125,42.626651763916016
2015-06-25,122600,46.31999969482422,46.29999923706055,46.400001525878906,46.18000030517578,42.681968688964844
2015-06-24,54200,46.31999969482422,46.36000061035156,46.400001525878906,46.2400016784668,42.73727798461914
2015-06-23,57900,46.31999969482422,46.31999969482422,46.34000015258789,46.15999984741211,42.70038604736328
2015-06-22,89800,46.279998779296875,46.279998779296875,46.36000061035156,46.20000076293945,42.66353225708008
2015-06-19,103100,46.380001068115234,46.459999084472656,46.459999084472656,46.34000015258789,42.829444885253906
2015-06-18,71600,46.36000061035156,46.34000015258789,46.47999954223633,46.29999923706055,42.71883773803711
2015-06-17,131800,46.41999816894531,46.380001068115234,46.439998626708984,46.279998779296875,42.755706787109375
2015-06-16,105000,46.31999969482422,46.41999816894531,46.41999816894531,46.29999923706055,42.79259490966797
2015-06-15,49500,46.2400016784668,46.34000015258789,46.380001068115234,46.18000030517578,42.71883773803711
2015-06-12,168700,46.20000076293945,46.2599983215332,46.279998779296875,46.15999984741211,42.645084381103516
2015-06-11,150000,46.15999984741211,46.18000030517578,46.20000076293945,46.060001373291016,42.57133865356445
2015-06-10,109800,46.08000183105469,46.0,46.099998474121094,46.0,42.405399322509766
2015-06-09,107300,46.13999938964844,46.0,46.15999984741211,45.959999084472656,42.405399322509766
2015-06-08,534100,46.2599983215332,46.099998474121094,46.2599983215332,46.0,42.497589111328125
2015-06-05,130100,46.2400016784668,46.20000076293945,46.2400016784668,46.040000915527344,42.58978271484375
2015-06-04,91600,46.220001220703125,46.34000015258789,46.36000061035156,46.220001220703125,42.71883773803711
2015-06-03,147200,46.5,46.279998779296875,46.5,46.20000076293945,42.66353225708008
2015-06-02,83300,46.58000183105469,46.29999923706055,46.58000183105469,46.29999923706055,42.681968688964844
2015-06-01,91800,46.599998474121094,46.5,46.599998474121094,46.459999084472656,42.86634826660156
2015-05-29,93500,46.63999938964844,46.599998474121094,46.720001220703125,46.599998474121094,42.87370681762695
2015-05-28,81500,46.540000915527344,46.560001373291016,46.619998931884766,46.52000045776367,42.836910247802734
2015-05-27,103500,46.47999954223633,46.52000045776367,46.58000183105469,46.459999084472656,42.80010986328125
2015-05-26,74300,46.34000015258789,46.52000045776367,46.599998474121094,46.34000015258789,42.80010986328125
2015-05-22,60900,46.41999816894531,46.36000061035156,46.41999816894531,46.29999923706055,42.65290069580078
2015-05-21,170100,46.36000061035156,46.47999954223633,46.5,46.34000015258789,42.7633056640625
2015-05-20,77200,46.36000061035156,46.400001525878906,46.459999084472656,46.29999923706055,42.689701080322266
2015-05-19,169600,46.400001525878906,46.36000061035156,46.459999084472656,46.34000015258789,42.65290069580078
2015-05-18,128400,46.599998474121094,46.5,46.599998474121094,46.41999816894531,42.78170394897461
2015-05-15,110000,46.599998474121094,46.619998931884766,46.65999984741211,46.540000915527344,42.89210891723633
2015-05-14,67600,46.619998931884766,46.619998931884766,46.68000030517578,46.560001373291016,42.89210891723633
2015-05-13,74800,46.7599983215332,46.540000915527344,46.7599983215332,46.52000045776367,42.81850814819336
2015-05-12,91300,46.560001373291016,46.63999938964844,46.68000030517578,46.459999084472656,42.91051483154297
2015-05-11,96800,46.70000076293945,46.560001373291016,46.7400016784668,46.560001373291016,42.836910247802734
2015-05-08,87900,46.779998779296875,46.779998779296875,46.86000061035156,46.720001220703125,43.039310455322266
2015-05-07,90200,46.70000076293945,46.720001220703125,46.779998779296875,46.65999984741211,42.98412322998047
2015-05-06,176600,46.79999923706055,46.63999938964844,46.86000061035156,46.619998931884766,42.91051483154297
2015-05-05,102800,46.959999084472656,46.84000015258789,46.959999084472656,46.79999923706055,43.09453201293945
2015-05-04,115300,46.97999954223633,46.880001068115234,47.0,46.7599983215332,43.13131332397461
2015-05-01,257500,47.040000915527344,46.84000015258789,47.040000915527344,46.7599983215332,43.09453201293945
2015-04-30,127500,47.13999938964844,47.15999984741211,47.220001220703125,47.060001373291016,43.3079719543457
2015-04-29,122500,47.279998779296875,47.29999923706055,47.36000061035156,47.13999938964844,43.436527252197266
2015-04-28,85300,47.459999084472656,47.29999923706055,47.459999084472656,47.29999923706055,43.436527252197266
2015-04-27,108100,47.380001068115234,47.400001525878906,47.400001525878906,47.31999969482422,43.528377532958984
2015-04-24,86700,47.34000015258789,47.380001068115234,47.439998626708984,47.31999969482422,43.509986877441406
2015-04-23,135500,47.400001525878906,47.36000061035156,47.41999816894531,47.31999969482422,43.49162673950195
2015-04-22,132900,47.540000915527344,47.36000061035156,47.540000915527344,47.31999969482422,43.49162673950195
2015-04-21,130400,47.58000183105469,47.52000045776367,47.58000183105469,47.5,43.6385612487793
2015-04-20,144600,47.560001373291016,47.599998474121094,47.599998474121094,47.5,43.7120361328125
2015-04-17,84500,47.599998474121094,47.58000183105469,47.63999938964844,47.5,43.693660736083984
2015-04-16,164000,47.560001373291016,47.52000045776367,47.599998474121094,47.41999816894531,43.6385612487793
2015-04-15,72900,47.52000045776367,47.52000045776367,47.58000183105469,47.5,43.6385612487793
2015-04-14,90300,47.619998931884766,47.5,47.619998931884766,47.5,43.62018966674805
2015-04-13,130800,47.540000915527344,47.5,47.560001373291016,47.47999954223633,43.62018966674805
2015-04-10,114800,47.58000183105469,47.5,47.58000183105469,47.459999084472656,43.62018966674805
2015-04-09,105100,47.65999984741211,47.5,47.65999984741211,47.459999084472656,43.62018966674805
2015-04-08,239600,47.65999984741211,47.560001373291016,47.65999984741211,47.459999084472656,43.67530059814453
2015-04-07,152600,47.619998931884766,47.599998474121094,47.68000030517578,47.560001373291016,43.7120361328125
2015-04-06,92100,47.720001220703125,47.619998931884766,47.720001220703125,47.540000915527344,43.73038101196289
2015-04-02,134300,47.540000915527344,47.560001373291016,47.58000183105469,47.380001068115234,43.67530059814453
2015-04-01,53900,47.540000915527344,47.540000915527344,47.540000915527344,47.459999084472656,43.65693664550781
2015-03-31,62600,47.65999984741211,47.619998931884766,47.65999984741211,47.5,43.64406204223633
2015-03-30,88300,48.220001220703125,47.58000183105469,48.220001220703125,47.5,43.60740280151367
2015-03-27,99000,47.47999954223633,47.619998931884766,47.619998931884766,47.47999954223633,43.64406204223633
2015-03-26,72000,47.720001220703125,47.560001373291016,47.720001220703125,47.5,43.589088439941406
2015-03-25,108600,47.68000030517578,47.52000045776367,47.68000030517578,47.5,43.55241775512695
2015-03-24,147200,47.599998474121094,47.70000076293945,47.70000076293945,47.599998474121094,43.71738815307617
2015-03-23,83700,47.619998931884766,47.63999938964844,47.68000030517578,47.619998931884766,43.66239547729492
2015-03-20,120700,47.619998931884766,47.52000045776367,47.70000076293945,47.5,43.55241775512695
2015-03-19,129500,47.439998626708984,47.47999954223633,47.47999954223633,47.36000061035156,43.51575469970703
2015-03-18,143400,47.34000015258789,47.439998626708984,47.47999954223633,47.18000030517578,43.47909927368164
2015-03-17,97700,47.02000045776367,47.18000030517578,47.279998779296875,47.02000045776367,43.240806579589844
2015-03-16,180200,47.0,47.0,47.119998931884766,46.959999084472656,43.075843811035156
2015-03-13,62600,47.060001373291016,47.060001373291016,47.08000183105469,46.959999084472656,43.130821228027344
2015-03-12,88500,47.0,46.97999954223633,47.08000183105469,46.959999084472656,43.057498931884766
2015-03-11,76300,46.959999084472656,46.939998626708984,47.02000045776367,46.84000015258789,43.02083206176758
2015-03-10,150300,47.099998474121094,47.0,47.099998474121094,46.91999816894531,43.075843811035156
2015-03-09,123400,46.91999816894531,46.959999084472656,47.0,46.7400016784668,43.0391731262207
2015-03-06,135000,47.08000183105469,46.91999816894531,47.119998931884766,46.720001220703125,43.00251770019531
2015-03-05,143800,47.13999938964844,47.13999938964844,47.2599983215332,47.099998474121094,43.204132080078125
2015-03-04,127200,47.279998779296875,47.13999938964844,47.31999969482422,47.099998474121094,43.204132080078125
2015-03-03,136500,47.18000030517578,47.18000030517578,47.29999923706055,47.18000030517578,43.240806579589844
2015-03-02,147500,47.41999816894531,47.15999984741211,47.41999816894531,47.15999984741211,43.22248458862305
2015-02-27,175100,47.439998626708984,47.459999084472656,47.560001373291016,47.400001525878906,43.42044448852539
2015-02-26,147100,47.52000045776367,47.34000015258789,47.52000045776367,47.34000015258789,43.31066131591797
2015-02-25,127200,47.459999084472656,47.459999084472656,47.47999954223633,47.34000015258789,43.42044448852539
2015-02-24,307000,47.34000015258789,47.400001525878906,47.459999084472656,47.29999923706055,43.36556625366211
2015-02-23,152700,47.279998779296875,47.380001068115234,47.5,47.279998779296875,43.347251892089844
2015-02-20,154900,47.400001525878906,47.31999969482422,47.400001525878906,47.2599983215332,43.2923698425293
2015-02-19,134000,47.47999954223633,47.18000030517578,47.47999954223633,47.18000030517578,43.16427230834961
2015-02-18,115600,47.380001068115234,47.400001525878906,47.5,47.2599983215332,43.36556625366211
2015-02-17,367000,47.439998626708984,47.36000061035156,47.439998626708984,47.2599983215332,43.328948974609375
2015-02-13,143300,47.380001068115234,47.34000015258789,47.41999816894531,47.2599983215332,43.31066131591797
2015-02-12,120200,47.380001068115234,47.439998626708984,47.459999084472656,47.380001068115234,43.40214920043945
2015-02-11,140100,47.5,47.380001068115234,47.5,47.31999969482422,43.347251892089844
2015-02-10,100700,47.599998474121094,47.47999954223633,47.599998474121094,47.400001525878906,43.43873596191406
2015-02-09,85900,47.7400016784668,47.68000030517578,47.7400016784668,47.65999984741211,43.62172317504883
2015-02-06,320000,47.91999816894531,47.68000030517578,47.91999816894531,47.63999938964844,43.62172317504883
2015-02-05,93300,48.060001373291016,47.939998626708984,48.119998931884766,47.91999816894531,43.8596076965332
2015-02-04,149900,48.0,48.060001373291016,48.099998474121094,47.939998626708984,43.96937561035156
2015-02-03,108400,48.2400016784668,48.0,48.2400016784668,48.0,43.91449737548828
2015-02-02,147800,48.2599983215332,48.279998779296875,48.34000015258789,48.13999938964844,44.170658111572266
2015-01-30,203100,48.41999816894531,48.400001525878906,48.52000045776367,48.36000061035156,44.19444274902344
2015-01-29,226900,48.34000015258789,48.29999923706055,48.400001525878906,48.20000076293945,44.10312271118164
2015-01-28,162500,48.86000061035156,48.36000061035156,48.86000061035156,48.119998931884766,44.157920837402344
2015-01-27,200700,48.2400016784668,48.099998474121094,48.279998779296875,48.099998474121094,43.92049789428711
2015-01-26,153400,48.08000183105469,48.08000183105469,48.119998931884766,47.97999954223633,43.902244567871094
2015-01-23,91100,48.060001373291016,48.060001373291016,48.13999938964844,47.97999954223633,43.88397216796875
2015-01-22,129000,48.08000183105469,47.97999954223633,48.08000183105469,47.84000015258789,43.81092071533203
2015-01-21,98300,48.20000076293945,48.060001373291016,48.2599983215332,48.040000915527344,43.88397216796875
2015-01-20,102000,48.20000076293945,48.15999984741211,48.279998779296875,48.13999938964844,43.97529602050781
2015-01-16,151900,48.2400016784668,48.08000183105469,48.2599983215332,48.02000045776367,43.902244567871094
2015-01-15,172300,48.119998931884766,48.2400016784668,48.540000915527344,48.08000183105469,44.04834747314453
2015-01-14,139300,48.0,48.08000183105469,48.13999938964844,48.0,43.902244567871094
2015-01-13,114500,47.86000061035156,47.959999084472656,47.959999084472656,47.81999969482422,43.79267120361328
2015-01-12,106900,47.7400016784668,47.880001068115234,47.900001525878906,47.65999984741211,43.71962356567383
2015-01-09,92100,47.65999984741211,47.7400016784668,47.79999923706055,47.58000183105469,43.591793060302734
2015-01-08,76100,47.720001220703125,47.65999984741211,47.720001220703125,47.58000183105469,43.51874923706055
2015-01-07,116400,47.720001220703125,47.68000030517578,47.720001220703125,47.599998474121094,43.53700256347656
2015-01-06,134200,47.70000076293945,47.63999938964844,47.7400016784668,47.58000183105469,43.50047302246094
2015-01-05,254200,47.68000030517578,47.439998626708984,47.68000030517578,47.380001068115234,43.317840576171875
2015-01-02,79300,47.34000015258789,47.34000015258789,47.459999084472656,47.279998779296875,43.22654724121094
2014-12-31,55000,47.2400016784668,47.34000015258789,47.34000015258789,47.20000076293945,43.22654724121094
2014-12-30,93800,47.099998474121094,47.279998779296875,47.29999923706055,47.099998474121094,43.171756744384766
2014-12-29,68900,47.060001373291016,47.15999984741211,47.15999984741211,47.040000915527344,43.062191009521484
2014-12-26,34900,47.060001373291016,47.13999938964844,47.13999938964844,47.040000915527344,42.95625686645508
2014-12-24,34600,47.13999938964844,47.13999938964844,47.13999938964844,47.08000183105469,42.95625686645508
2014-12-23,100600,47.18000030517578,47.099998474121094,47.20000076293945,47.08000183105469,42.919822692871094
2014-12-22,112800,47.15999984741211,47.2400016784668,47.2599983215332,47.13999938964844,43.047401428222656
2014-12-19,71100,47.13999938964844,47.18000030517578,47.279998779296875,47.099998474121094,42.99272537231445
2014-12-18,129300,47.220001220703125,47.15999984741211,47.2599983215332,47.099998474121094,42.974491119384766
2014-12-17,120300,47.380001068115234,47.2599983215332,47.41999816894531,47.2599983215332,43.06559371948242
2014-12-16,85400,47.380001068115234,47.41999816894531,47.47999954223633,47.31999969482422,43.21140670776367
2014-12-15,54000,47.36000061035156,47.279998779296875,47.380001068115234,47.220001220703125,43.08383560180664
2014-12-12,67500,47.400001525878906,47.400001525878906,47.439998626708984,47.29999923706055,43.19318771362305
2014-12-11,92600,47.2400016784668,47.279998779296875,47.29999923706055,47.18000030517578,43.08383560180664
2014-12-10,94500,47.220001220703125,47.29999923706055,47.29999923706055,47.220001220703125,43.1020622253418
2014-12-09,99900,47.119998931884766,47.20000076293945,47.2400016784668,47.099998474121094,43.01093673706055
2014-12-08,232700,47.02000045776367,47.02000045776367,47.119998931884766,47.0,42.8469123840332
2014-12-05,132400,47.0,47.0,47.040000915527344,46.959999084472656,42.828704833984375
2014-12-04,94300,47.02000045776367,47.119998931884766,47.119998931884766,47.02000045776367,42.93804931640625
2014-12-03,116900,47.08000183105469,47.08000183105469,47.08000183105469,47.0,42.90157699584961
2014-12-02,147000,47.02000045776367,47.02000045776367,47.099998474121094,46.939998626708984,42.8469123840332
2014-12-01,133200,47.099998474121094,47.02000045776367,47.13999938964844,47.0,42.8469123840332
2014-11-28,42000,47.15999984741211,47.13999938964844,47.15999984741211,47.0,42.870609283447266
2014-11-26,60500,47.060001373291016,47.0,47.08000183105469,46.91999816894531,42.7432861328125
2014-11-25,76300,46.880001068115234,46.900001525878906,46.97999954223633,46.84000015258789,42.65235137939453
2014-11-24,86300,46.880001068115234,46.84000015258789,46.91999816894531,46.79999923706055,42.597782135009766
2014-11-21,64000,46.880001068115234,46.900001525878906,46.91999816894531,46.84000015258789,42.65235137939453
2014-11-20,64000,46.79999923706055,46.84000015258789,46.900001525878906,46.79999923706055,42.597782135009766
2014-11-19,79800,46.68000030517578,46.720001220703125,46.7599983215332,46.65999984741211,42.48863983154297
2014-11-18,136200,46.720001220703125,46.720001220703125,46.79999923706055,46.70000076293945,42.48863983154297
2014-11-17,71100,46.84000015258789,46.70000076293945,46.84000015258789,46.63999938964844,42.47046661376953
2014-11-14,42300,46.79999923706055,46.86000061035156,46.86000061035156,46.7599983215332,42.61595916748047
2014-11-13,87000,46.7599983215332,46.84000015258789,46.880001068115234,46.7400016784668,42.597782135009766
2014-11-12,44200,46.779998779296875,46.81999969482422,46.880001068115234,46.7599983215332,42.57959747314453
2014-11-11,35600,46.70000076293945,46.7400016784668,46.79999923706055,46.70000076293945,42.5068359375
2014-11-10,97500,46.7599983215332,46.7599983215332,46.84000015258789,46.720001220703125,42.525028228759766
2014-11-07,90300,46.7400016784668,46.84000015258789,46.86000061035156,46.70000076293945,42.597782135009766
2014-11-06,105100,46.7599983215332,46.720001220703125,46.84000015258789,46.68000030517578,42.48863983154297
2014-11-05,43500,48.0,46.91999816894531,48.0,46.79999923706055,42.67052459716797
2014-11-04,80200,47.040000915527344,46.959999084472656,47.13999938964844,46.91999816894531,42.70690155029297
2014-11-03,389600,47.13999938964844,47.060001373291016,47.13999938964844,46.97999954223633,42.797855377197266
2014-10-31,98800,47.20000076293945,47.13999938964844,47.279998779296875,47.13999938964844,42.78329086303711
2014-10-30,64200,47.2400016784668,47.220001220703125,47.279998779296875,47.18000030517578,42.855899810791016
2014-10-29,52100,47.29999923706055,47.279998779296875,47.36000061035156,47.220001220703125,42.91035079956055
2014-10-28,71500,47.380001068115234,47.380001068115234,47.380001068115234,47.29999923706055,43.00111770629883
2014-10-27,109300,47.380001068115234,47.29999923706055,47.84000015258789,47.279998779296875,42.92851638793945
2014-10-24,57700,47.20000076293945,47.31999969482422,47.31999969482422,47.20000076293945,42.94666290283203
2014-10-23,83600,47.2599983215332,47.220001220703125,47.29999923706055,47.13999938964844,42.855899810791016
2014-10-22,96700,47.34000015258789,47.29999923706055,47.97999954223633,47.2400016784668,42.92851638793945
2014-10-21,102000,47.560001373291016,47.380001068115234,47.560001373291016,46.91999816894531,43.00111770629883
2014-10-20,136600,47.720001220703125,47.599998474121094,47.7400016784668,47.560001373291016,43.20078659057617
2014-10-17,122500,48.20000076293945,47.68000030517578,48.20000076293945,47.58000183105469,43.27339172363281
2014-10-16,128400,48.060001373291016,47.7599983215332,48.060001373291016,47.70000076293945,43.346004486083984
2014-10-15,388600,47.900001525878906,47.91999816894531,48.15999984741211,47.81999969482422,43.4911994934082
2014-10-14,240200,47.560001373291016,47.70000076293945,47.79999923706055,47.560001373291016,43.291534423828125
2014-10-13,78300,47.400001525878906,47.58000183105469,47.63999938964844,47.400001525878906,43.1826286315918
2014-10-10,56400,47.29999923706055,47.36000061035156,47.41999816894531,47.2400016784668,42.98294448852539
2014-10-09,95400,47.20000076293945,47.2400016784668,47.29999923706055,47.15999984741211,42.87405776977539
2014-10-08,65000,47.13999938964844,47.20000076293945,47.220001220703125,47.08000183105469,42.8377571105957
2014-10-07,148400,47.040000915527344,47.099998474121094,47.13999938964844,47.040000915527344,42.747013092041016
2014-10-06,90400,47.02000045776367,47.040000915527344,47.060001373291016,47.0,42.692535400390625
2014-10-03,70900,47.02000045776367,47.040000915527344,47.099998474121094,46.97999954223633,42.692535400390625
2014-10-02,46800,46.939998626708984,46.959999084472656,47.279998779296875,46.939998626708984,42.619930267333984
2014-10-01,83400,47.08000183105469,47.0,47.20000076293945,46.880001068115234,42.656246185302734
2014-09-30,169900,46.959999084472656,46.91999816894531,47.0,46.880001068115234,42.49831008911133
2014-09-29,59500,46.959999084472656,46.939998626708984,46.97999954223633,46.900001525878906,42.51643371582031
2014-09-26,52500,46.91999816894531,46.939998626708984,46.939998626708984,46.84000015258789,42.51643371582031
2014-09-25,48600,46.959999084472656,46.939998626708984,46.959999084472656,46.86000061035156,42.51643371582031
2014-09-24,56900,46.81999969482422,46.779998779296875,46.86000061035156,46.779998779296875,42.37150573730469
2014-09-23,89500,46.81999969482422,46.86000061035156,46.86000061035156,46.720001220703125,42.4439811706543
2014-09-22,68900,46.720001220703125,46.7400016784668,46.79999923706055,46.70000076293945,42.335269927978516
2014-09-19,85600,46.68000030517578,46.68000030517578,46.720001220703125,46.65999984741211,42.280921936035156
2014-09-18,55400,46.720001220703125,46.68000030517578,46.779998779296875,46.599998474121094,42.280921936035156
2014-09-17,172000,46.70000076293945,46.619998931884766,46.81999969482422,46.619998931884766,42.226585388183594
2014-09-16,188700,46.63999938964844,46.599998474121094,46.68000030517578,46.58000183105469,42.20848083496094
2014-09-15,76100,46.560001373291016,46.65999984741211,46.65999984741211,46.5,42.262813568115234
2014-09-12,60700,46.68000030517578,46.540000915527344,46.68000030517578,46.540000915527344,42.15412902832031
2014-09-11,91800,46.7599983215332,46.70000076293945,46.7599983215332,46.68000030517578,42.29906463623047
2014-09-10,67000,46.81999969482422,46.7400016784668,46.81999969482422,46.63999938964844,42.335269927978516
2014-09-09,71600,46.79999923706055,46.81999969482422,46.84000015258789,46.720001220703125,42.407745361328125
2014-09-08,55200,46.939998626708984,46.7599983215332,46.939998626708984,46.7599983215332,42.3533935546875
2014-09-05,75500,46.7599983215332,46.81999969482422,46.900001525878906,46.7599983215332,42.407745361328125
2014-09-04,54100,47.70000076293945,46.720001220703125,47.70000076293945,46.720001220703125,42.31717300415039
2014-09-03,46500,46.91999816894531,46.86000061035156,46.91999816894531,46.79999923706055,42.4439811706543
2014-09-02,73900,47.13999938964844,46.880001068115234,47.13999938964844,46.86000061035156,42.46208953857422
2014-08-29,59200,47.13999938964844,47.08000183105469,47.13999938964844,47.040000915527344,42.55266189575195
2014-08-28,38600,47.099998474121094,47.060001373291016,47.099998474121094,47.02000045776367,42.534584045410156
2014-08-27,43400,47.099998474121094,47.02000045776367,47.099998474121094,46.959999084472656,42.498443603515625
2014-08-26,69600,46.86000061035156,46.939998626708984,46.959999084472656,46.81999969482422,42.42612838745117
2014-08-25,44500,46.97999954223633,46.81999969482422,46.97999954223633,46.779998779296875,42.31767272949219
2014-08-22,87900,46.91999816894531,46.81999969482422,46.91999816894531,46.779998779296875,42.31767272949219
2014-08-21,44500,46.79999923706055,46.86000061035156,46.880001068115234,46.7599983215332,42.35382843017578
2014-08-20,63900,46.86000061035156,46.779998779296875,46.880001068115234,46.779998779296875,42.28150939941406
2014-08-19,152900,46.97999954223633,46.79999923706055,46.97999954223633,46.79999923706055,42.299598693847656
2014-08-18,62500,46.84000015258789,46.84000015258789,46.939998626708984,46.84000015258789,42.33573532104492
2014-08-15,58100,46.959999084472656,46.91999816894531,46.959999084472656,46.81999969482422,42.40803909301758
2014-08-14,47600,47.040000915527344,46.779998779296875,47.040000915527344,46.7400016784668,42.28150939941406
2014-08-13,59400,46.880001068115234,46.7400016784668,46.880001068115234,46.7400016784668,42.24534606933594
2014-08-12,154200,46.84000015258789,46.79999923706055,46.84000015258789,46.70000076293945,42.299598693847656
2014-08-11,60900,46.86000061035156,46.7400016784668,46.86000061035156,46.720001220703125,42.24534606933594
2014-08-08,84600,46.779998779296875,46.779998779296875,46.86000061035156,46.70000076293945,42.28150939941406
2014-08-07,69700,46.65999984741211,46.68000030517578,46.70000076293945,46.58000183105469,42.19111633300781
2014-08-06,73000,46.52000045776367,46.599998474121094,46.619998931884766,46.52000045776367,42.11882400512695
2014-08-05,81000,46.65999984741211,46.52000045776367,46.65999984741211,46.41999816894531,42.0465202331543
2014-08-04,72200,46.459999084472656,46.439998626708984,46.560001373291016,46.439998626708984,41.97420120239258
2014-08-01,63000,46.36000061035156,46.540000915527344,46.58000183105469,46.36000061035156,42.06459426879883
2014-07-31,73300,46.5,46.52000045776367,46.560001373291016,46.41999816894531,41.957923889160156
2014-07-30,85500,46.70000076293945,46.5,46.70000076293945,46.5,41.939884185791016
2014-07-29,109300,46.65999984741211,46.70000076293945,46.779998779296875,46.65999984741211,42.120296478271484
2014-07-28,44000,46.7400016784668,46.720001220703125,46.7400016784668,46.58000183105469,42.1383171081543
2014-07-25,40400,46.959999084472656,46.70000076293945,46.959999084472656,46.65999984741211,42.120296478271484
2014-07-24,61200,46.65999984741211,46.619998931884766,46.65999984741211,46.560001373291016,42.048133850097656
2014-07-23,62800,46.619998931884766,46.65999984741211,46.70000076293945,46.58000183105469,42.08420944213867
2014-07-22,76700,46.91999816894531,46.619998931884766,46.91999816894531,46.5,42.048133850097656
2014-07-21,74400,47.20000076293945,46.459999084472656,47.20000076293945,46.41999816894531,41.90382385253906
2014-07-18,48400,46.380001068115234,46.5,46.560001373291016,46.380001068115234,41.939884185791016
2014-07-17,71700,46.34000015258789,46.41999816894531,46.439998626708984,46.34000015258789,41.867740631103516
2014-07-16,128200,46.2400016784668,46.36000061035156,46.36000061035156,46.20000076293945,41.813636779785156
2014-07-15,54300,46.220001220703125,46.220001220703125,46.459999084472656,46.18000030517578,41.68736267089844
2014-07-14,135100,46.18000030517578,46.2400016784668,46.2599983215332,46.15999984741211,41.70539855957031
2014-07-11,51300,46.099998474121094,46.2400016784668,46.58000183105469,46.099998474121094,41.70539855957031
2014-07-10,79800,46.119998931884766,46.20000076293945,46.2400016784668,46.08000183105469,41.6693229675293
2014-07-09,80100,46.20000076293945,46.15999984741211,46.279998779296875,46.08000183105469,41.63322448730469
2014-07-08,95800,46.18000030517578,46.18000030517578,46.2599983215332,46.13999938964844,41.651275634765625
2014-07-07,62100,46.15999984741211,46.18000030517578,46.20000076293945,46.119998931884766,41.651275634765625
2014-07-03,30400,46.20000076293945,46.13999938964844,46.2400016784668,46.060001373291016,41.615196228027344
2014-07-02,58600,46.380001068115234,46.2400016784668,46.380001068115234,46.20000076293945,41.70539855957031
2014-07-01,115500,46.36000061035156,46.34000015258789,46.439998626708984,46.31999969482422,41.79557418823242
2014-06-30,34200,46.52000045776367,46.5,46.560001373291016,46.439998626708984,41.855125427246094
2014-06-27,33600,46.41999816894531,46.5,46.52000045776367,46.41999816894531,41.855125427246094
2014-06-26,144500,47.29999923706055,46.52000045776367,47.29999923706055,46.41999816894531,41.87311553955078
2014-06-25,69200,46.459999084472656,46.459999084472656,46.5,46.380001068115234,41.81910705566406
2014-06-24,39100,46.29999923706055,46.36000061035156,46.36000061035156,46.2599983215332,41.72909164428711
2014-06-23,31300,46.31999969482422,46.29999923706055,46.400001525878906,46.2400016784668,41.67510223388672
2014-06-20,62100,46.20000076293945,46.279998779296875,46.279998779296875,46.119998931884766,41.657081604003906
2014-06-19,57800,46.29999923706055,46.279998779296875,46.31999969482422,46.220001220703125,41.657081604003906
2014-06-18,66000,46.2599983215332,46.2599983215332,46.2599983215332,46.15999984741211,41.639102935791016
2014-06-17,79300,46.119998931884766,46.20000076293945,46.220001220703125,46.099998474121094,41.5850715637207
2014-06-16,36000,46.2599983215332,46.18000030517578,46.2599983215332,46.08000183105469,41.56707763671875
2014-06-13,44100,46.0,46.220001220703125,46.220001220703125,46.0,41.60308837890625
2014-06-12,81400,46.18000030517578,46.279998779296875,46.29999923706055,46.099998474121094,41.657081604003906
2014-06-11,58800,46.18000030517578,46.18000030517578,46.20000076293945,46.119998931884766,41.56707763671875
2014-06-10,61200,46.20000076293945,46.119998931884766,46.2400016784668,46.119998931884766,41.5130615234375
2014-06-09,38900,46.58000183105469,46.279998779296875,46.58000183105469,46.220001220703125,41.657081604003906
2014-06-06,90800,46.63999938964844,46.279998779296875,46.63999938964844,46.279998779296875,41.657081604003906
2014-06-05,78800,46.36000061035156,46.31999969482422,46.52000045776367,46.2400016784668,41.69309616088867
2014-06-04,70200,46.599998474121094,46.31999969482422,46.599998474121094,46.2599983215332,41.69309616088867
2014-06-03,70500,46.540000915527344,46.400001525878906,46.68000030517578,46.380001068115234,41.765098571777344
2014-06-02,66600,46.560001373291016,46.459999084472656,46.560001373291016,46.439998626708984,41.81910705566406
2014-05-30,102800,46.779998779296875,46.70000076293945,46.779998779296875,46.599998474121094,41.94873809814453
2014-05-29,75100,46.7400016784668,46.720001220703125,46.779998779296875,46.68000030517578,41.96669387817383
2014-05-28,69300,46.599998474121094,46.720001220703125,46.779998779296875,46.58000183105469,41.96669387817383
2014-05-27,54400,46.560001373291016,46.540000915527344,46.779998779296875,46.47999954223633,41.80500411987305
2014-05-23,47600,46.560001373291016,46.540000915527344,46.65999984741211,46.47999954223633,41.80500411987305
2014-05-22,88100,46.560001373291016,46.47999954223633,46.619998931884766,46.47999954223633,41.7511100769043
2014-05-21,74200,46.560001373291016,46.5,46.58000183105469,46.459999084472656,41.76907730102539
2014-05-20,42500,46.65999984741211,46.599998474121094,46.81999969482422,46.560001373291016,41.858909606933594
2014-05-19,55400,46.65999984741211,46.560001373291016,46.65999984741211,46.560001373291016,41.82297134399414
2014-05-16,105300,46.560001373291016,46.63999938964844,46.65999984741211,46.52000045776367,41.894840240478516
2014-05-15,93000,46.47999954223633,46.560001373291016,46.58000183105469,46.439998626708984,41.82297134399414
2014-05-14,99600,46.380001068115234,46.459999084472656,46.47999954223633,46.34000015258789,41.73313903808594
2014-05-13,73900,46.34000015258789,46.34000015258789,46.34000015258789,46.2599983215332,41.62535095214844
2014-05-12,46700,46.2599983215332,46.279998779296875,46.279998779296875,46.20000076293945,41.57145690917969
2014-05-09,59200,46.2400016784668,46.2400016784668,46.279998779296875,46.18000030517578,41.53554153442383
2014-05-08,89800,46.18000030517578,46.2599983215332,46.29999923706055,46.18000030517578,41.553489685058594
2014-05-07,56500,46.20000076293945,46.220001220703125,46.2400016784668,46.15999984741211,41.51757049560547
2014-05-06,58900,46.15999984741211,46.20000076293945,46.20000076293945,46.13999938964844,41.49961471557617
2014-05-05,42600,46.15999984741211,46.15999984741211,46.18000030517578,46.099998474121094,41.46368408203125
2014-05-02,115000,46.08000183105469,46.18000030517578,46.20000076293945,46.0,41.48164749145508
2014-05-01,50900,46.08000183105469,46.13999938964844,46.15999984741211,46.060001373291016,41.44571304321289
2014-04-30,95700,46.119998931884766,46.220001220703125,46.2400016784668,46.119998931884766,41.4331169128418
2014-04-29,70000,46.220001220703125,46.119998931884766,46.2400016784668,46.099998474121094,41.34348678588867
2014-04-28,86200,46.220001220703125,46.15999984741211,46.2400016784668,46.13999938964844,41.37934112548828
2014-04-25,54300,46.18000030517578,46.20000076293945,46.2599983215332,46.18000030517578,41.41519546508789
2014-04-24,201100,46.15999984741211,46.15999984741211,46.36000061035156,46.060001373291016,41.37934112548828
2014-04-23,44600,46.13999938964844,46.18000030517578,46.18000030517578,46.119998931884766,41.397274017333984
2014-04-22,62800,46.099998474121094,46.119998931884766,46.13999938964844,46.040000915527344,41.34348678588867
2014-04-21,70300,46.119998931884766,46.060001373291016,46.13999938964844,46.060001373291016,41.28969192504883
2014-04-17,60400,46.15999984741211,46.02000045776367,46.15999984741211,46.02000045776367,41.25384521484375
2014-04-16,184600,46.08000183105469,46.099998474121094,46.13999938964844,46.060001373291016,41.325557708740234
2014-04-15,97000,45.959999084472656,46.08000183105469,46.08000183105469,45.959999084472656,41.307621002197266
2014-04-14,66300,45.939998626708984,45.97999954223633,46.0,45.91999816894531,41.217994689941406
2014-04-11,87700,45.91999816894531,46.0,46.0,45.900001525878906,41.23591232299805
2014-04-10,57400,45.720001220703125,45.81999969482422,45.86000061035156,45.720001220703125,41.07455062866211
2014-04-09,74000,45.619998931884766,45.65999984741211,45.70000076293945,45.560001373291016,40.931129455566406
2014-04-08,40300,45.599998474121094,45.58000183105469,45.619998931884766,45.540000915527344,40.85941696166992
2014-04-07,102900,45.540000915527344,45.58000183105469,45.720001220703125,45.5,40.85941696166992
2014-04-04,131500,45.36000061035156,45.52000045776367,45.52000045776367,45.36000061035156,40.805633544921875
2014-04-03,223400,45.36000061035156,45.36000061035156,45.540000915527344,45.34000015258789,40.66218566894531
2014-04-02,78600,45.439998626708984,45.34000015258789,45.439998626708984,45.279998779296875,40.6442756652832
2014-04-01,45400,45.459999084472656,45.400001525878906,45.459999084472656,45.380001068115234,40.69804382324219
2014-03-31,53300,45.47999954223633,45.540000915527344,45.58000183105469,45.47999954223633,40.73570251464844
2014-03-28,65900,45.560001373291016,45.540000915527344,45.560001373291016,45.5,40.73570251464844
2014-03-27,68700,45.459999084472656,45.560001373291016,45.560001373291016,45.41999816894531,40.75359344482422
2014-03-26,125200,45.36000061035156,45.459999084472656,45.47999954223633,45.34000015258789,40.664154052734375
2014-03-25,58400,45.29999923706055,45.34000015258789,45.36000061035156,45.2599983215332,40.556800842285156
2014-03-24,100500,45.36000061035156,45.36000061035156,45.380001068115234,45.279998779296875,40.57469177246094
2014-03-21,44400,45.41999816894531,45.41999816894531,45.560001373291016,45.34000015258789,40.628360748291016
2014-03-20,60300,45.52000045776367,45.41999816894531,45.52000045776367,45.400001525878906,40.628360748291016
2014-03-19,129200,45.68000030517578,45.47999954223633,45.70000076293945,45.41999816894531,40.682029724121094
2014-03-18,48500,45.7400016784668,45.70000076293945,45.7400016784668,45.63999938964844,40.87882614135742
2014-03-17,71300,45.70000076293945,45.720001220703125,45.7400016784668,45.65999984741211,40.896732330322266
2014-03-14,77400,45.619998931884766,45.65999984741211,45.68000030517578,45.58000183105469,40.843040466308594
2014-03-13,63400,45.459999084472656,45.619998931884766,45.65999984741211,45.41999816894531,40.807273864746094
2014-03-12,77500,45.439998626708984,45.5,45.540000915527344,45.34000015258789,40.69993591308594
2014-03-11,63800,45.34000015258789,45.380001068115234,45.439998626708984,45.34000015258789,40.59257125854492
2014-03-10,51900,45.380001068115234,45.380001068115234,45.41999816894531,45.36000061035156,40.59257125854492
2014-03-07,77600,45.58000183105469,45.380001068115234,45.58000183105469,45.36000061035156,40.59257125854492
2014-03-06,61800,45.599998474121094,45.58000183105469,47.15999984741211,45.540000915527344,40.77149200439453
2014-03-05,85800,45.79999923706055,45.68000030517578,45.79999923706055,45.619998931884766,40.860931396484375
2014-03-04,89600,45.779998779296875,45.7599983215332,45.81999969482422,45.720001220703125,40.932491302490234
2014-03-03,93100,45.779998779296875,45.779998779296875,45.81999969482422,45.599998474121094,40.95037841796875
2014-02-28,69800,45.7400016784668,45.7599983215332,45.7599983215332,45.68000030517578,40.851985931396484
2014-02-27,107000,45.5,45.68000030517578,45.720001220703125,45.5,40.78057098388672
2014-02-26,36900,45.5,45.5,45.560001373291016,45.459999084472656,40.619876861572266
2014-02-25,95100,45.400001525878906,45.47999954223633,45.5,45.380001068115234,40.602012634277344
2014-02-24,75400,45.31999969482422,45.380001068115234,45.41999816894531,45.31999969482422,40.51273727416992
2014-02-21,70500,45.31999969482422,45.36000061035156,45.400001525878906,45.279998779296875,40.49489974975586
2014-02-20,142600,45.2400016784668,45.31999969482422,45.380001068115234,45.13999938964844,40.459171295166016
2014-02-19,254300,45.279998779296875,45.15999984741211,45.34000015258789,45.15999984741211,40.31632614135742
2014-02-18,451900,45.34000015258789,45.20000076293945,45.380001068115234,45.15999984741211,40.35205078125
2014-02-14,54800,45.34000015258789,45.31999969482422,45.36000061035156,45.29999923706055,40.459171295166016
2014-02-13,54900,45.31999969482422,45.34000015258789,45.380001068115234,45.279998779296875,40.47705078125
2014-02-12,65500,45.31999969482422,45.31999969482422,45.380001068115234,45.18000030517578,40.459171295166016
2014-02-11,62900,45.34000015258789,45.36000061035156,45.380001068115234,45.220001220703125,40.49489974975586
2014-02-10,36300,45.380001068115234,45.36000061035156,45.380001068115234,45.040000915527344,40.49489974975586
2014-02-07,70800,45.279998779296875,45.31999969482422,45.400001525878906,45.2599983215332,40.459171295166016
2014-02-06,45900,45.29999923706055,45.220001220703125,45.29999923706055,45.20000076293945,40.36991500854492
2014-02-05,71900,45.099998474121094,45.2400016784668,45.279998779296875,45.099998474121094,40.387760162353516
2014-02-04,126200,45.279998779296875,45.099998474121094,45.380001068115234,45.040000915527344,40.262779235839844
2014-02-03,95800,45.2400016784668,45.2599983215332,45.400001525878906,45.2400016784668,40.40561294555664
2014-01-31,82800,45.29999923706055,45.31999969482422,45.36000061035156,45.2599983215332,40.37168502807617
2014-01-30,90900,45.34000015258789,45.41999816894531,45.459999084472656,45.279998779296875,40.46076583862305
2014-01-29,106800,45.400001525878906,45.459999084472656,45.459999084472656,45.279998779296875,40.49641418457031
2014-01-28,97400,45.380001068115234,45.380001068115234,45.5,45.34000015258789,40.42513656616211
2014-01-27,150100,45.400001525878906,45.400001525878906,45.5,45.279998779296875,40.44295883178711
2014-01-24,112200,45.279998779296875,45.380001068115234,45.439998626708984,45.2599983215332,40.42513656616211
2014-01-23,546200,45.08000183105469,45.2599983215332,45.31999969482422,45.08000183105469,40.3182373046875
2014-01-22,623100,45.02000045776367,45.08000183105469,45.13999938964844,45.0,40.15789794921875
2014-01-21,126300,45.0,45.040000915527344,45.08000183105469,44.959999084472656,40.12226867675781
2014-01-17,58300,44.939998626708984,45.02000045776367,45.040000915527344,44.939998626708984,40.104454040527344
2014-01-16,95600,44.900001525878906,44.91999816894531,44.97999954223633,44.880001068115234,40.01536560058594
2014-01-15,64900,44.959999084472656,44.880001068115234,44.97999954223633,44.86000061035156,39.979740142822266
2014-01-14,163000,44.959999084472656,44.91999816894531,44.97999954223633,44.880001068115234,40.01536560058594
2014-01-13,103700,44.779998779296875,44.900001525878906,44.959999084472656,44.779998779296875,39.997554779052734
2014-01-10,72900,44.619998931884766,44.79999923706055,44.84000015258789,44.619998931884766,39.90847396850586
2014-01-09,72600,44.5,44.58000183105469,44.7400016784668,44.439998626708984,39.71250534057617
2014-01-08,59600,44.36000061035156,44.459999084472656,44.459999084472656,44.36000061035156,39.6055793762207
2014-01-07,53000,44.36000061035156,44.41999816894531,44.439998626708984,44.29999923706055,39.56996536254883
2014-01-06,52100,44.2400016784668,44.279998779296875,44.380001068115234,44.220001220703125,39.44524002075195
2014-01-03,86200,44.119998931884766,44.220001220703125,44.2599983215332,44.119998931884766,39.391807556152344
2014-01-02,55800,44.13999938964844,44.119998931884766,44.15999984741211,44.040000915527344,39.30271530151367
2013-12-31,154000,44.08000183105469,44.0,44.13999938964844,43.939998626708984,39.195796966552734
2013-12-30,121600,44.040000915527344,44.08000183105469,44.099998474121094,44.0,39.2670783996582
2013-12-27,112600,44.18000030517578,44.099998474121094,44.18000030517578,44.060001373291016,39.284889221191406
2013-12-26,101800,44.20000076293945,44.220001220703125,44.29999923706055,44.18000030517578,39.30272674560547
2013-12-24,86400,44.18000030517578,44.220001220703125,44.279998779296875,44.18000030517578,39.30272674560547
2013-12-23,184700,44.279998779296875,44.20000076293945,44.380001068115234,44.18000030517578,39.28493118286133
2013-12-20,180000,44.400001525878906,44.279998779296875,44.400001525878906,44.2400016784668,39.35603713989258
2013-12-19,125100,44.41999816894531,44.380001068115234,44.5,44.29999923706055,39.44491958618164
2013-12-18,155800,44.380001068115234,44.459999084472656,44.540000915527344,44.2400016784668,39.51602554321289
2013-12-17,199600,44.380001068115234,44.5,44.52000045776367,44.31999969482422,39.55158233642578
2013-12-16,127000,44.31999969482422,44.36000061035156,44.41999816894531,44.29999923706055,39.42715072631836
2013-12-13,214000,44.36000061035156,44.29999923706055,44.41999816894531,44.2599983215332,39.37380599975586
2013-12-12,75200,44.279998779296875,44.29999923706055,44.36000061035156,44.279998779296875,39.37380599975586
2013-12-11,202700,44.279998779296875,44.29999923706055,44.36000061035156,44.2599983215332,39.37380599975586
2013-12-10,126200,44.220001220703125,44.31999969482422,44.31999969482422,44.20000076293945,39.39159393310547
2013-12-09,84400,44.18000030517578,44.20000076293945,44.220001220703125,44.15999984741211,39.28493118286133
2013-12-06,141800,44.220001220703125,44.220001220703125,44.29999923706055,44.18000030517578,39.30272674560547
2013-12-05,136500,44.2599983215332,44.220001220703125,44.34000015258789,44.20000076293945,39.30272674560547
2013-12-04,85900,44.459999084472656,44.34000015258789,44.459999084472656,44.279998779296875,39.40937423706055
2013-12-03,97500,44.439998626708984,44.52000045776367,44.560001373291016,44.41999816894531,39.56935119628906
2013-12-02,136500,44.58000183105469,44.400001525878906,44.58000183105469,44.380001068115234,39.46269989013672
2013-11-29,10400,44.599998474121094,44.619998931884766,44.70000076293945,44.599998474121094,39.56758499145508
2013-11-27,96000,44.720001220703125,44.619998931884766,44.7400016784668,44.560001373291016,39.56758499145508
2013-11-26,87400,44.70000076293945,44.63999938964844,44.720001220703125,44.599998474121094,39.585296630859375
2013-11-25,244000,44.58000183105469,44.619998931884766,44.70000076293945,44.58000183105469,39.56758499145508
2013-11-22,158800,44.599998474121094,44.599998474121094,44.65999984741211,44.52000045776367,39.54984664916992
2013-11-21,94300,44.65999984741211,44.58000183105469,44.65999984741211,44.52000045776367,39.5321159362793
2013-11-20,152400,44.70000076293945,44.619998931884766,44.779998779296875,44.540000915527344,39.56758499145508
2013-11-19,56600,44.68000030517578,44.720001220703125,44.7599983215332,44.68000030517578,39.656253814697266
2013-11-18,89100,44.65999984741211,44.7400016784668,44.7400016784668,44.619998931884766,39.67398452758789
2013-11-15,57700,44.720001220703125,44.619998931884766,44.7400016784668,44.619998931884766,39.56758499145508
2013-11-14,106700,44.70000076293945,44.68000030517578,44.7400016784668,44.58000183105469,39.62078094482422
2013-11-13,130300,44.58000183105469,44.70000076293945,44.70000076293945,44.58000183105469,39.63851547241211
2013-11-12,321400,44.599998474121094,44.560001373291016,44.7400016784668,44.52000045776367,39.51437759399414
2013-11-11,115600,44.70000076293945,44.68000030517578,44.7599983215332,44.619998931884766,39.62078094482422
2013-11-08,98600,44.70000076293945,44.599998474121094,44.70000076293945,44.540000915527344,39.54984664916992
2013-11-07,94100,44.779998779296875,44.79999923706055,44.86000061035156,44.7599983215332,39.72718048095703
2013-11-06,44600,44.7400016784668,44.779998779296875,44.81999969482422,44.7400016784668,39.70945739746094
2013-11-05,91200,44.81999969482422,44.720001220703125,44.900001525878906,44.720001220703125,39.656253814697266
2013-11-04,52200,44.86000061035156,44.79999923706055,44.91999816894531,44.79999923706055,39.72718048095703
2013-11-01,139000,44.959999084472656,44.81999969482422,44.959999084472656,44.779998779296875,39.744930267333984
2013-10-31,82000,44.959999084472656,44.959999084472656,45.0,44.880001068115234,39.78216552734375
2013-10-30,56500,44.959999084472656,44.959999084472656,45.099998474121094,44.880001068115234,39.78216552734375
2013-10-29,81600,44.959999084472656,44.939998626708984,45.0,44.880001068115234,39.76448440551758
2013-10-28,51400,44.86000061035156,44.91999816894531,44.97999954223633,44.79999923706055,39.74677658081055
2013-10-25,92200,45.02000045776367,44.81999969482422,45.02000045776367,44.79999923706055,39.65830612182617
2013-10-24,62900,44.84000015258789,44.939998626708984,44.97999954223633,44.79999923706055,39.76448440551758
2013-10-23,125800,44.720001220703125,44.81999969482422,44.81999969482422,44.540000915527344,39.65830612182617
2013-10-22,146800,44.459999084472656,44.540000915527344,44.599998474121094,44.459999084472656,39.410552978515625
2013-10-21,53100,44.459999084472656,44.459999084472656,44.540000915527344,44.400001525878906,39.339744567871094
2013-10-18,183000,44.47999954223633,44.439998626708984,44.599998474121094,44.380001068115234,39.322052001953125
2013-10-17,156100,44.36000061035156,44.47999954223633,44.540000915527344,44.31999969482422,39.357452392578125
2013-10-16,106800,44.18000030517578,44.380001068115234,44.439998626708984,44.119998931884766,39.26897048950195
2013-10-15,97400,44.13999938964844,44.099998474121094,44.220001220703125,44.08000183105469,39.02122497558594
2013-10-14,40200,44.2400016784668,44.220001220703125,44.31999969482422,44.119998931884766,39.127418518066406
2013-10-11,91700,44.279998779296875,44.279998779296875,44.380001068115234,44.220001220703125,39.18049240112305
2013-10-10,75500,44.34000015258789,44.279998779296875,44.459999084472656,44.2400016784668,39.18049240112305
2013-10-09,159200,44.380001068115234,44.34000015258789,44.5,44.34000015258789,39.23358154296875
2013-10-08,55900,44.47999954223633,44.31999969482422,44.47999954223633,44.29999923706055,39.21588134765625
2013-10-07,62800,44.41999816894531,44.41999816894531,44.52000045776367,44.41999816894531,39.30436706542969
2013-10-04,55900,44.41999816894531,44.439998626708984,44.540000915527344,44.380001068115234,39.322052001953125
2013-10-03,72300,44.560001373291016,44.439998626708984,44.560001373291016,44.380001068115234,39.322052001953125
2013-10-02,65700,44.68000030517578,44.439998626708984,44.70000076293945,44.439998626708984,39.322052001953125
2013-10-01,61500,44.540000915527344,44.560001373291016,44.65999984741211,44.36000061035156,39.428253173828125
2013-09-30,38300,44.599998474121094,44.63999938964844,44.68000030517578,44.47999954223633,39.41408920288086
2013-09-27,54300,44.560001373291016,44.619998931884766,44.65999984741211,44.540000915527344,39.396446228027344
2013-09-26,76400,44.63999938964844,44.560001373291016,44.68000030517578,44.52000045776367,39.34345245361328
2013-09-25,171300,44.47999954223633,44.63999938964844,44.70000076293945,44.459999084472656,39.41408920288086
2013-09-24,94600,44.34000015258789,44.47999954223633,44.47999954223633,44.2599983215332,39.2728157043457
2013-09-23,53500,44.36000061035156,44.36000061035156,44.400001525878906,44.2400016784668,39.166866302490234
2013-09-20,77800,44.29999923706055,44.34000015258789,44.400001525878906,44.2400016784668,39.14919662475586
2013-09-19,135600,44.2400016784668,44.2400016784668,44.439998626708984,44.13999938964844,39.06092834472656
2013-09-18,211700,43.84000015258789,44.41999816894531,44.58000183105469,43.7400016784668,39.21982955932617
2013-09-17,199200,43.939998626708984,43.86000061035156,44.060001373291016,43.79999923706055,38.72539138793945
2013-09-16,151100,43.65999984741211,43.880001068115234,44.0,43.65999984741211,38.74305725097656
2013-09-13,189400,43.400001525878906,43.599998474121094,43.599998474121094,43.400001525878906,38.495826721191406
2013-09-12,261300,43.119998931884766,43.29999923706055,43.52000045776367,43.099998474121094,38.230953216552734
2013-09-11,110800,42.939998626708984,43.18000030517578,43.2400016784668,42.939998626708984,38.125
2013-09-10,188200,42.86000061035156,43.0,43.119998931884766,42.7599983215332,37.96607971191406
2013-09-09,139400,42.880001068115234,42.84000015258789,43.060001373291016,42.779998779296875,37.824798583984375
2013-09-06,171700,42.81999969482422,42.91999816894531,43.099998474121094,42.81999969482422,37.895442962646484
2013-09-05,115000,42.81999969482422,42.779998779296875,43.0,42.720001220703125,37.77184295654297
2013-09-04,149600,42.900001525878906,42.81999969482422,43.02000045776367,42.81999969482422,37.807151794433594
2013-09-03,175500,43.15999984741211,42.86000061035156,43.2400016784668,42.7599983215332,37.84246826171875
2013-08-30,38000,43.099998474121094,43.279998779296875,43.31999969482422,43.099998474121094,38.12500762939453
2013-08-29,113000,43.099998474121094,43.18000030517578,43.36000061035156,43.0,38.03691482543945
2013-08-28,96600,43.15999984741211,43.119998931884766,43.20000076293945,43.060001373291016,37.984066009521484
2013-08-27,127000,43.040000915527344,43.099998474121094,43.18000030517578,43.02000045776367,37.96644973754883
2013-08-26,172000,43.18000030517578,43.0,43.220001220703125,42.959999084472656,37.878360748291016
2013-08-23,126100,43.060001373291016,43.2599983215332,43.34000015258789,43.060001373291016,38.10738754272461
2013-08-22,150800,43.0,43.040000915527344,43.2599983215332,43.0,37.91358947753906
2013-08-21,275200,43.0,42.97999954223633,43.13999938964844,42.97999954223633,37.86073684692383
2013-08-20,228500,43.0,43.119998931884766,43.20000076293945,43.0,37.984066009521484
2013-08-19,263900,43.18000030517578,43.0,43.41999816894531,42.959999084472656,37.878360748291016
2013-08-16,122700,43.41999816894531,43.20000076293945,43.599998474121094,43.18000030517578,38.05452346801758
2013-08-15,160800,43.70000076293945,43.400001525878906,43.7400016784668,43.31999969482422,38.230712890625
2013-08-14,91400,43.81999969482422,43.7599983215332,43.86000061035156,43.70000076293945,38.54782485961914
2013-08-13,168000,44.060001373291016,43.79999923706055,44.08000183105469,43.7400016784668,38.583045959472656
2013-08-12,112100,44.0,44.02000045776367,44.119998931884766,44.0,38.77686309814453
2013-08-09,94000,44.099998474121094,44.02000045776367,44.119998931884766,43.959999084472656,38.77686309814453
2013-08-08,162100,43.81999969482422,44.02000045776367,44.13999938964844,43.7599983215332,38.77686309814453
2013-08-07,138700,43.7599983215332,43.79999923706055,43.959999084472656,43.720001220703125,38.583045959472656
2013-08-06,165000,43.91999816894531,43.86000061035156,44.0,43.79999923706055,38.635929107666016
2013-08-05,198000,43.86000061035156,43.91999816894531,44.040000915527344,43.81999969482422,38.688777923583984
2013-08-02,231100,44.0,43.7400016784668,44.02000045776367,43.7400016784668,38.53022003173828
2013-08-01,184000,44.29999923706055,43.81999969482422,44.29999923706055,43.779998779296875,38.60068130493164
2013-07-31,80600,43.91999816894531,44.060001373291016,44.099998474121094,43.900001525878906,38.72752380371094
2013-07-30,82900,44.0,44.119998931884766,44.119998931884766,43.959999084472656,38.7802619934082
2013-07-29,121600,44.060001373291016,44.0,44.099998474121094,43.81999969482422,38.67478561401367
2013-07-26,150200,44.0,44.060001373291016,44.13999938964844,43.7400016784668,38.72752380371094
2013-07-25,74900,43.7599983215332,43.79999923706055,43.900001525878906,43.7599983215332,38.49900436401367
2013-07-24,121500,43.900001525878906,43.720001220703125,43.900001525878906,43.68000030517578,38.42869567871094
2013-07-23,237800,43.47999954223633,43.900001525878906,44.040000915527344,43.47999954223633,38.586891174316406
2013-07-22,336700,44.060001373291016,43.63999938964844,44.060001373291016,43.599998474121094,38.35836410522461
2013-07-19,95200,44.18000030517578,43.7599983215332,44.18000030517578,43.7400016784668,38.46385192871094
2013-07-18,94400,44.41999816894531,44.099998474121094,44.41999816894531,44.08000183105469,38.7626953125
2013-07-17,138100,44.29999923706055,44.29999923706055,44.439998626708984,44.20000076293945,38.9384880065918
2013-07-16,122100,44.119998931884766,44.29999923706055,44.36000061035156,44.099998474121094,38.9384880065918
2013-07-15,147000,44.20000076293945,44.18000030517578,44.34000015258789,44.08000183105469,38.83301544189453
2013-07-12,186100,44.400001525878906,44.220001220703125,44.400001525878906,44.119998931884766,38.86819076538086
2013-07-11,284100,44.279998779296875,44.36000061035156,44.459999084472656,44.0,38.99122619628906
2013-07-10,235900,43.79999923706055,43.7400016784668,44.099998474121094,43.720001220703125,38.44627380371094
2013-07-09,132900,43.959999084472656,43.91999816894531,44.119998931884766,43.70000076293945,38.60447692871094
2013-07-08,176700,43.79999923706055,44.040000915527344,44.15999984741211,43.779998779296875,38.70994567871094
2013-07-05,198600,44.119998931884766,43.959999084472656,44.119998931884766,43.279998779296875,38.639644622802734
2013-07-03,149800,43.900001525878906,44.52000045776367,44.560001373291016,43.900001525878906,39.131858825683594
2013-07-02,373500,43.7599983215332,44.15999984741211,44.65999984741211,43.63999938964844,38.815425872802734
2013-07-01,122800,44.2599983215332,43.900001525878906,44.97999954223633,43.84000015258789,38.586891174316406
2013-06-28,189200,44.119998931884766,44.08000183105469,44.400001525878906,43.540000915527344,38.660728454589844
2013-06-27,191800,44.779998779296875,44.599998474121094,44.959999084472656,44.279998779296875,39.11680603027344
2013-06-26,265000,43.34000015258789,44.040000915527344,44.52000045776367,43.29999923706055,38.62565612792969
2013-06-25,343400,42.380001068115234,43.15999984741211,43.52000045776367,42.380001068115234,37.853851318359375
2013-06-24,499900,42.58000183105469,42.459999084472656,43.599998474121094,42.20000076293945,37.23991394042969
2013-06-21,281200,44.060001373291016,43.81999969482422,44.560001373291016,43.20000076293945,38.43268966674805
2013-06-20,317400,44.439998626708984,44.20000076293945,44.599998474121094,43.939998626708984,38.76597595214844
2013-06-19,222500,45.31999969482422,44.939998626708984,45.5,44.880001068115234,39.41499328613281
2013-06-18,197500,45.41999816894531,45.13999938964844,45.52000045776367,45.060001373291016,39.59040451049805
2013-06-17,203100,45.31999969482422,45.2400016784668,45.560001373291016,45.18000030517578,39.678123474121094
2013-06-14,326200,45.060001373291016,45.70000076293945,45.81999969482422,44.939998626708984,40.08156967163086
2013-06-13,181800,44.939998626708984,44.91999816894531,45.2400016784668,44.81999969482422,39.3974494934082
2013-06-12,195100,44.880001068115234,45.02000045776367,45.2599983215332,44.86000061035156,39.48516082763672
2013-06-11,240000,45.13999938964844,44.959999084472656,45.279998779296875,44.84000015258789,39.43254470825195
2013-06-10,154600,45.52000045776367,45.220001220703125,45.720001220703125,45.18000030517578,39.66057586669922
2013-06-07,129600,45.84000015258789,45.47999954223633,45.97999954223633,45.459999084472656,39.88862228393555
2013-06-06,226800,45.86000061035156,45.7400016784668,46.060001373291016,45.47999954223633,40.11665344238281
2013-06-05,203600,45.84000015258789,45.7599983215332,46.279998779296875,45.599998474121094,40.13419723510742
2013-06-04,143900,46.08000183105469,45.91999816894531,46.279998779296875,45.79999923706055,40.27451705932617
2013-06-03,196400,45.81999969482422,46.279998779296875,46.279998779296875,45.63999938964844,40.59026336669922
2013-05-31,207900,46.279998779296875,45.84000015258789,46.34000015258789,45.79999923706055,40.121910095214844
2013-05-30,83500,46.36000061035156,46.2599983215332,46.459999084472656,46.2400016784668,40.48951721191406
2013-05-29,123100,46.720001220703125,46.36000061035156,46.720001220703125,46.2599983215332,40.57704544067383
2013-05-28,101200,46.91999816894531,46.7599983215332,47.0,46.7400016784668,40.92715835571289
2013-05-24,70900,46.880001068115234,47.0,47.0,46.880001068115234,41.13722610473633
2013-05-23,115000,47.060001373291016,46.97999954223633,47.119998931884766,46.939998626708984,41.119693756103516
2013-05-22,94100,47.13999938964844,47.060001373291016,47.20000076293945,47.040000915527344,41.18972396850586
2013-05-21,100000,47.220001220703125,47.18000030517578,47.2400016784668,47.15999984741211,41.29475784301758
2013-05-20,87900,47.2400016784668,47.18000030517578,47.279998779296875,47.15999984741211,41.29475784301758
2013-05-17,95400,47.099998474121094,47.2599983215332,47.29999923706055,47.099998474121094,41.36477279663086
2013-05-16,58500,47.2599983215332,47.279998779296875,47.29999923706055,47.20000076293945,41.382286071777344
2013-05-15,84900,47.279998779296875,47.2400016784668,47.279998779296875,47.13999938964844,41.347293853759766
2013-05-14,73200,47.20000076293945,47.20000076293945,47.31999969482422,47.18000030517578,41.31227111816406
2013-05-13,88800,47.31999969482422,47.2400016784668,47.31999969482422,47.20000076293945,41.347293853759766
2013-05-10,70100,47.400001525878906,47.31999969482422,47.41999816894531,47.2599983215332,41.417301177978516
2013-05-09,62600,47.459999084472656,47.41999816894531,47.459999084472656,47.34000015258789,41.504844665527344
2013-05-08,51500,47.439998626708984,47.41999816894531,47.439998626708984,47.400001525878906,41.504844665527344
2013-05-07,96000,47.5,47.439998626708984,47.5,47.34000015258789,41.52231979370117
2013-05-06,128000,47.599998474121094,47.459999084472656,47.599998474121094,47.439998626708984,41.53984451293945
2013-05-03,80400,47.599998474121094,47.47999954223633,47.619998931884766,47.459999084472656,41.55732727050781
2013-05-02,60800,47.58000183105469,47.619998931884766,47.65999984741211,47.540000915527344,41.679866790771484
2013-05-01,87400,47.599998474121094,47.599998474121094,47.619998931884766,47.560001373291016,41.66236877441406
2013-04-30,66100,47.599998474121094,47.619998931884766,47.70000076293945,47.58000183105469,41.597591400146484
2013-04-29,72000,47.619998931884766,47.58000183105469,47.619998931884766,47.540000915527344,41.56265640258789
2013-04-26,62500,47.599998474121094,47.58000183105469,47.619998931884766,47.52000045776367,41.56265640258789
2013-04-25,78000,47.560001373291016,47.540000915527344,47.599998474121094,47.540000915527344,41.527706146240234
2013-04-24,62400,47.58000183105469,47.560001373291016,47.599998474121094,47.5,41.54518508911133
2013-04-23,43500,47.5,47.58000183105469,47.599998474121094,47.459999084472656,41.56265640258789
2013-04-22,59500,47.540000915527344,47.540000915527344,47.560001373291016,47.459999084472656,41.527706146240234
2013-04-19,68800,47.63999938964844,47.540000915527344,47.65999984741211,47.400001525878906,41.527706146240234
2013-04-18,71400,47.58000183105469,47.540000915527344,47.58000183105469,47.400001525878906,41.527706146240234
2013-04-17,41800,47.400001525878906,47.5,47.52000045776367,47.36000061035156,41.49277877807617
2013-04-16,45900,47.2599983215332,47.400001525878906,47.41999816894531,47.2599983215332,41.405399322509766
2013-04-15,136600,47.36000061035156,47.380001068115234,47.459999084472656,47.29999923706055,41.38794708251953
2013-04-12,69600,47.31999969482422,47.34000015258789,47.380001068115234,47.2599983215332,41.35300827026367
2013-04-11,55300,47.31999969482422,47.34000015258789,47.34000015258789,47.279998779296875,41.35300827026367
2013-04-10,74900,47.34000015258789,47.34000015258789,47.380001068115234,47.2599983215332,41.35300827026367
2013-04-09,110400,47.400001525878906,47.380001068115234,47.400001525878906,47.2599983215332,41.38794708251953
2013-04-08,183200,47.13999938964844,47.34000015258789,47.400001525878906,47.13999938964844,41.35300827026367
2013-04-05,153700,47.02000045776367,47.31999969482422,47.34000015258789,47.02000045776367,41.33553695678711
2013-04-04,97900,47.08000183105469,47.02000045776367,47.08000183105469,46.84000015258789,41.0734748840332
2013-04-03,891600,46.81999969482422,46.84000015258789,46.91999816894531,46.65999984741211,40.9162483215332
2013-04-02,129400,46.91999816894531,46.7599983215332,46.939998626708984,46.7400016784668,40.846370697021484
2013-04-01,88500,46.81999969482422,46.880001068115234,46.880001068115234,46.68000030517578,40.951171875
2013-03-28,79100,46.900001525878906,46.81999969482422,46.91999816894531,46.779998779296875,40.813167572021484
2013-03-27,67400,46.7599983215332,46.7599983215332,46.86000061035156,46.70000076293945,40.76087188720703
2013-03-26,65700,46.86000061035156,46.720001220703125,46.86000061035156,46.70000076293945,40.725982666015625
2013-03-25,79500,46.939998626708984,46.779998779296875,46.939998626708984,46.70000076293945,40.778297424316406
2013-03-22,84300,46.79999923706055,46.7400016784668,46.86000061035156,46.7400016784668,40.743412017822266
2013-03-21,119700,46.84000015258789,46.91999816894531,46.91999816894531,46.720001220703125,40.900325775146484
2013-03-20,76600,46.900001525878906,46.900001525878906,46.939998626708984,46.720001220703125,40.882896423339844
2013-03-19,54200,46.70000076293945,46.86000061035156,46.900001525878906,46.70000076293945,40.8480339050293
2013-03-18,106200,46.52000045776367,46.81999969482422,46.84000015258789,46.5,40.813167572021484
2013-03-15,111400,46.5,46.560001373291016,46.619998931884766,46.41999816894531,40.58653259277344
2013-03-14,83300,46.540000915527344,46.439998626708984,46.720001220703125,46.41999816894531,40.481903076171875
2013-03-13,104900,46.52000045776367,46.540000915527344,46.720001220703125,46.5,40.5691032409668
2013-03-12,73600,46.63999938964844,46.619998931884766,46.79999923706055,46.540000915527344,40.63882827758789
2013-03-11,94200,46.599998474121094,46.58000183105469,46.79999923706055,46.560001373291016,40.60395812988281
2013-03-08,167600,46.84000015258789,46.63999938964844,46.939998626708984,46.599998474121094,40.6562614440918
2013-03-07,111800,47.060001373291016,47.02000045776367,47.08000183105469,47.02000045776367,40.987525939941406
2013-03-06,122200,47.220001220703125,47.13999938964844,47.2400016784668,47.099998474121094,41.09211349487305
2013-03-05,84900,47.36000061035156,47.279998779296875,47.36000061035156,47.2599983215332,41.214134216308594
2013-03-04,116000,47.34000015258789,47.29999923706055,47.439998626708984,47.2400016784668,41.23158264160156
2013-03-01,52900,47.220001220703125,47.279998779296875,47.31999969482422,47.20000076293945,41.214134216308594
2013-02-28,60900,47.34000015258789,47.29999923706055,47.36000061035156,47.279998779296875,41.1566276550293
2013-02-27,213300,47.279998779296875,47.34000015258789,47.459999084472656,47.2599983215332,41.19142150878906
2013-02-26,109900,47.34000015258789,47.279998779296875,47.34000015258789,47.15999984741211,41.139198303222656
2013-02-25,135100,47.20000076293945,47.099998474121094,47.20000076293945,47.060001373291016,40.98259735107422
2013-02-22,97500,47.13999938964844,47.15999984741211,47.20000076293945,47.119998931884766,41.0348014831543
2013-02-21,77500,47.18000030517578,47.18000030517578,47.20000076293945,47.18000030517578,41.05220031738281
2013-02-20,423300,47.279998779296875,47.20000076293945,47.279998779296875,47.15999984741211,41.069610595703125
2013-02-19,94500,47.279998779296875,47.2400016784668,47.31999969482422,47.18000030517578,41.10441970825195
2013-02-15,81900,47.29999923706055,47.2599983215332,47.29999923706055,47.220001220703125,41.12179946899414
2013-02-14,76400,47.2599983215332,47.2400016784668,47.2599983215332,47.20000076293945,41.10441970825195
2013-02-13,103200,47.34000015258789,47.2599983215332,47.34000015258789,47.220001220703125,41.12179946899414
2013-02-12,54700,47.36000061035156,47.29999923706055,47.36000061035156,47.2400016784668,41.1566276550293
2013-02-11,87100,47.34000015258789,47.220001220703125,47.380001068115234,47.220001220703125,41.087013244628906
2013-02-08,103600,47.2599983215332,47.2599983215332,47.36000061035156,47.2400016784668,41.12179946899414
2013-02-07,520600,47.31999969482422,47.2400016784668,47.34000015258789,47.20000076293945,41.10441970825195
2013-02-06,135500,47.29999923706055,47.2400016784668,47.34000015258789,47.220001220703125,41.10441970825195
2013-02-05,129100,47.279998779296875,47.2599983215332,47.29999923706055,47.2400016784668,41.12179946899414
2013-02-04,77500,47.220001220703125,47.2599983215332,47.279998779296875,47.220001220703125,41.12179946899414
2013-02-01,117600,47.2599983215332,47.220001220703125,47.279998779296875,47.20000076293945,41.087013244628906
2013-01-31,95100,47.31999969482422,47.279998779296875,47.380001068115234,47.2599983215332,41.05394744873047
2013-01-30,119700,47.459999084472656,47.380001068115234,47.47999954223633,47.31999969482422,41.140785217285156
2013-01-29,95800,47.540000915527344,47.459999084472656,47.540000915527344,47.36000061035156,41.210235595703125
2013-01-28,119200,47.439998626708984,47.400001525878906,47.439998626708984,47.36000061035156,41.158145904541016
2013-01-25,130100,47.68000030517578,47.540000915527344,47.720001220703125,47.52000045776367,41.27970504760742
2013-01-24,104300,47.720001220703125,47.70000076293945,47.779998779296875,47.68000030517578,41.41862869262695
2013-01-23,169800,47.720001220703125,47.7400016784668,47.97999954223633,47.70000076293945,41.45337677001953
2013-01-22,128400,47.7599983215332,47.63999938964844,47.7599983215332,47.619998931884766,41.36653518676758
2013-01-18,132800,47.779998779296875,47.70000076293945,47.84000015258789,47.65999984741211,41.41862869262695
2013-01-17,97300,47.720001220703125,47.70000076293945,47.7599983215332,47.68000030517578,41.41862869262695
2013-01-16,95300,47.7599983215332,47.68000030517578,47.779998779296875,47.619998931884766,41.401268005371094
2013-01-15,98900,47.619998931884766,47.65999984741211,47.70000076293945,47.58000183105469,41.38389587402344
2013-01-14,204000,47.52000045776367,47.63999938964844,47.63999938964844,47.52000045776367,41.36653518676758
2013-01-11,194500,47.560001373291016,47.540000915527344,47.58000183105469,47.459999084472656,41.27970504760742
2013-01-10,158000,47.540000915527344,47.560001373291016,47.560001373291016,47.459999084472656,41.29707336425781
2013-01-09,130800,47.459999084472656,47.52000045776367,47.560001373291016,47.459999084472656,41.26234436035156
2013-01-08,122900,47.58000183105469,47.380001068115234,47.58000183105469,47.2599983215332,41.140785217285156
2013-01-07,136400,47.18000030517578,47.2400016784668,47.279998779296875,47.08000183105469,41.01920700073242
2013-01-04,206900,47.220001220703125,47.08000183105469,47.2400016784668,47.08000183105469,40.88026809692383
2013-01-03,206900,47.20000076293945,47.220001220703125,47.2599983215332,47.02000045776367,41.00184631347656
2013-01-02,131200,47.119998931884766,47.13999938964844,47.2400016784668,47.08000183105469,40.932373046875
2012-12-31,193300,47.0,47.279998779296875,47.29999923706055,47.0,41.05394744873047
2012-12-28,210700,47.119998931884766,47.13999938964844,47.2599983215332,47.040000915527344,40.932373046875
2012-12-27,194400,47.15999984741211,47.20000076293945,47.31999969482422,47.08000183105469,40.98448944091797
2012-12-26,78400,47.220001220703125,47.2599983215332,47.2599983215332,47.20000076293945,40.94975662231445
2012-12-24,51100,47.220001220703125,47.2400016784668,47.2599983215332,47.119998931884766,40.932411193847656
2012-12-21,143000,47.2599983215332,47.2400016784668,47.29999923706055,47.119998931884766,40.932411193847656
2012-12-20,131300,46.97999954223633,47.20000076293945,47.20000076293945,46.91999816894531,40.89774703979492
2012-12-19,255600,47.02000045776367,47.15999984741211,47.15999984741211,46.65999984741211,40.86309814453125
2012-12-18,143200,47.34000015258789,47.040000915527344,47.380001068115234,46.63999938964844,40.759124755859375
2012-12-17,218000,47.36000061035156,47.040000915527344,47.41999816894531,46.63999938964844,40.759124755859375
2012-12-14,197000,47.599998474121094,47.15999984741211,47.619998931884766,46.540000915527344,40.86309814453125
2012-12-13,101200,47.7400016784668,47.5,47.79999923706055,47.459999084472656,41.1577033996582
2012-12-12,297700,47.91999816894531,47.560001373291016,47.939998626708984,47.5,41.20969009399414
2012-12-11,128300,48.18000030517578,48.0,48.18000030517578,47.91999816894531,41.5909538269043
2012-12-10,183600,48.13999938964844,48.18000030517578,48.2599983215332,48.08000183105469,41.74692153930664
2012-12-07,311000,48.18000030517578,48.08000183105469,48.2400016784668,48.040000915527344,41.66025924682617
2012-12-06,931400,48.220001220703125,48.2599983215332,48.29999923706055,48.20000076293945,41.81623458862305
2012-12-05,224700,48.2599983215332,48.2400016784668,48.2599983215332,48.20000076293945,41.798927307128906
2012-12-04,101500,48.2599983215332,48.220001220703125,48.29999923706055,48.18000030517578,41.781578063964844
2012-12-03,276900,48.279998779296875,48.2599983215332,48.31999969482422,48.18000030517578,41.81623458862305
2012-11-30,152600,48.36000061035156,48.380001068115234,48.459999084472656,48.29999923706055,41.837013244628906
2012-11-29,81700,48.36000061035156,48.31999969482422,48.36000061035156,48.29999923706055,41.78513717651367
2012-11-28,117600,48.29999923706055,48.29999923706055,48.34000015258789,48.279998779296875,41.7678337097168
2012-11-27,133000,48.220001220703125,48.2599983215332,48.279998779296875,48.15999984741211,41.733253479003906
2012-11-26,122800,48.18000030517578,48.20000076293945,48.20000076293945,48.099998474121094,41.681365966796875
2012-11-23,42800,48.15999984741211,48.13999938964844,48.2400016784668,48.040000915527344,41.629478454589844
2012-11-21,156100,48.13999938964844,48.220001220703125,48.2400016784668,48.060001373291016,41.698665618896484
2012-11-20,117100,48.18000030517578,48.13999938964844,48.2599983215332,48.08000183105469,41.629478454589844
2012-11-19,109600,48.119998931884766,48.099998474121094,48.15999984741211,48.060001373291016,41.59489059448242
2012-11-16,85200,48.08000183105469,48.20000076293945,48.279998779296875,47.959999084472656,41.681365966796875
2012-11-15,156700,47.959999084472656,48.08000183105469,48.099998474121094,47.959999084472656,41.57759094238281
2012-11-14,109800,47.880001068115234,47.939998626708984,47.959999084472656,47.79999923706055,41.456539154052734
2012-11-13,70600,47.86000061035156,47.79999923706055,47.91999816894531,47.779998779296875,41.335453033447266
2012-11-12,63300,47.81999969482422,47.81999969482422,47.84000015258789,47.79999923706055,41.35274887084961
2012-11-09,128300,47.7599983215332,47.779998779296875,47.86000061035156,47.70000076293945,41.318153381347656
2012-11-08,116400,47.560001373291016,47.720001220703125,47.7400016784668,47.560001373291016,41.26626968383789
2012-11-07,85500,47.41999816894531,47.52000045776367,47.58000183105469,47.41999816894531,41.093318939208984
2012-11-06,131300,47.279998779296875,47.36000061035156,47.41999816894531,47.279998779296875,40.9549560546875
2012-11-05,152300,47.29999923706055,47.34000015258789,47.400001525878906,47.29999923706055,40.93765640258789
2012-11-02,70800,47.34000015258789,47.29999923706055,47.36000061035156,47.279998779296875,40.903079986572266
2012-11-01,64500,47.34000015258789,47.34000015258789,47.36000061035156,47.220001220703125,40.93765640258789
2012-10-31,131100,47.439998626708984,47.439998626708984,47.65999984741211,47.34000015258789,40.9359130859375
2012-10-26,83100,47.2599983215332,47.41999816894531,47.439998626708984,47.2599983215332,40.91869354248047
2012-10-25,84000,47.380001068115234,47.31999969482422,47.400001525878906,47.279998779296875,40.8323860168457
2012-10-24,65300,47.599998474121094,47.41999816894531,47.599998474121094,47.20000076293945,40.91869354248047
2012-10-23,120400,47.34000015258789,47.5,47.560001373291016,47.34000015258789,40.98772048950195
2012-10-22,92400,47.31999969482422,47.29999923706055,47.34000015258789,47.29999923706055,40.81514358520508
2012-10-19,63200,47.34000015258789,47.34000015258789,47.380001068115234,47.31999969482422,40.849647521972656
2012-10-18,59000,47.34000015258789,47.34000015258789,47.36000061035156,47.31999969482422,40.849647521972656
2012-10-17,60900,47.41999816894531,47.36000061035156,47.41999816894531,47.29999923706055,40.86689758300781
2012-10-16,76900,47.36000061035156,47.400001525878906,47.439998626708984,47.29999923706055,40.901432037353516
2012-10-15,121300,47.41999816894531,47.41999816894531,47.459999084472656,47.34000015258789,40.91869354248047
2012-10-12,72900,47.400001525878906,47.439998626708984,47.459999084472656,47.380001068115234,40.9359130859375
2012-10-11,80500,47.400001525878906,47.380001068115234,47.41999816894531,47.36000061035156,40.88417053222656
2012-10-10,102100,47.41999816894531,47.41999816894531,47.459999084472656,47.380001068115234,40.91869354248047
2012-10-09,75500,47.459999084472656,47.459999084472656,47.459999084472656,47.400001525878906,40.95318603515625
2012-10-08,81500,47.5,47.459999084472656,47.5,47.400001525878906,40.95318603515625
2012-10-05,92000,47.47999954223633,47.41999816894531,47.47999954223633,47.31999969482422,40.91869354248047
2012-10-04,64500,47.459999084472656,47.41999816894531,47.5,47.400001525878906,40.91869354248047
2012-10-03,77200,47.279998779296875,47.41999816894531,47.459999084472656,47.2400016784668,40.91869354248047
2012-10-02,146400,47.34000015258789,47.2599983215332,47.400001525878906,47.20000076293945,40.780609130859375
2012-10-01,143800,48.7599983215332,47.34000015258789,48.7599983215332,47.18000030517578,40.849647521972656
2012-09-28,117700,47.380001068115234,47.41999816894531,47.52000045776367,47.36000061035156,40.834110260009766
2012-09-27,104600,47.279998779296875,47.34000015258789,47.380001068115234,47.220001220703125,40.76523971557617
2012-09-26,84800,47.20000076293945,47.29999923706055,47.29999923706055,47.18000030517578,40.73078918457031
2012-09-25,114100,47.13999938964844,47.13999938964844,47.18000030517578,47.08000183105469,40.593013763427734
2012-09-24,86400,47.18000030517578,47.119998931884766,47.18000030517578,47.02000045776367,40.57579803466797
2012-09-21,88300,47.099998474121094,47.119998931884766,47.13999938964844,47.060001373291016,40.57579803466797
2012-09-20,95700,46.939998626708984,47.060001373291016,47.119998931884766,46.939998626708984,40.52411651611328
2012-09-19,102600,46.84000015258789,46.900001525878906,46.97999954223633,46.79999923706055,40.38634490966797
2012-09-18,66500,46.720001220703125,46.779998779296875,46.79999923706055,46.720001220703125,40.283016204833984
2012-09-17,86300,46.7400016784668,46.7400016784668,46.7400016784668,46.599998474121094,40.248558044433594
2012-09-14,93800,46.91999816894531,46.720001220703125,46.91999816894531,46.65999984741211,40.231353759765625
2012-09-13,78400,46.959999084472656,46.900001525878906,47.0,46.84000015258789,40.38634490966797
2012-09-12,64600,47.02000045776367,46.939998626708984,47.040000915527344,46.91999816894531,40.42079162597656
2012-09-11,60900,47.099998474121094,47.02000045776367,47.099998474121094,47.0,40.489688873291016
2012-09-10,55400,47.099998474121094,47.060001373291016,47.099998474121094,47.040000915527344,40.52411651611328
2012-09-07,96100,47.119998931884766,47.060001373291016,47.18000030517578,47.0,40.52411651611328
2012-09-06,92600,47.2400016784668,47.099998474121094,47.2400016784668,47.040000915527344,40.558563232421875
2012-09-05,73100,47.13999938964844,47.18000030517578,47.20000076293945,47.13999938964844,40.62744140625
2012-09-04,59500,47.15999984741211,47.20000076293945,47.220001220703125,47.119998931884766,40.64467239379883
2012-08-31,115500,47.2400016784668,47.220001220703125,47.2599983215332,47.20000076293945,40.575809478759766
2012-08-30,131100,47.220001220703125,47.20000076293945,47.29999923706055,47.15999984741211,40.558597564697266
2012-08-29,51800,47.2400016784668,47.18000030517578,47.279998779296875,47.13999938964844,40.54142379760742
2012-08-28,134100,47.13999938964844,47.2400016784668,47.2599983215332,47.08000183105469,40.59298324584961
2012-08-27,102400,47.060001373291016,47.20000076293945,47.220001220703125,47.02000045776367,40.558597564697266
2012-08-24,42700,46.91999816894531,47.08000183105469,47.119998931884766,46.91999816894531,40.45547866821289
2012-08-23,102100,46.939998626708984,46.97999954223633,47.0,46.84000015258789,40.36956024169922
2012-08-22,54000,46.779998779296875,46.86000061035156,46.86000061035156,46.720001220703125,40.266456604003906
2012-08-21,63900,46.7599983215332,46.81999969482422,46.86000061035156,46.70000076293945,40.23207473754883
2012-08-20,70300,46.79999923706055,46.779998779296875,46.79999923706055,46.7599983215332,40.19771194458008
2012-08-17,64900,46.7599983215332,46.779998779296875,46.79999923706055,46.7599983215332,40.19771194458008
2012-08-16,99400,46.779998779296875,46.779998779296875,46.79999923706055,46.68000030517578,40.19771194458008
2012-08-15,87100,46.97999954223633,46.70000076293945,46.97999954223633,46.70000076293945,40.128963470458984
2012-08-14,109100,47.040000915527344,46.91999816894531,47.040000915527344,46.91999816894531,40.317996978759766
2012-08-13,69200,47.060001373291016,47.040000915527344,47.060001373291016,46.84000015258789,40.421119689941406
2012-08-10,97700,47.0,47.040000915527344,47.939998626708984,46.91999816894531,40.421119689941406
2012-08-09,48800,47.08000183105469,47.0,47.119998931884766,46.900001525878906,40.386741638183594
2012-08-08,66100,47.02000045776367,47.060001373291016,47.099998474121094,46.959999084472656,40.43830871582031
2012-08-07,104000,47.119998931884766,46.97999954223633,47.13999938964844,46.97999954223633,40.36956024169922
2012-08-06,80500,47.220001220703125,47.15999984741211,47.220001220703125,46.97999954223633,40.524227142333984
2012-08-03,83300,47.220001220703125,47.2599983215332,47.279998779296875,47.13999938964844,40.61015319824219
2012-08-02,576900,47.2400016784668,47.34000015258789,47.47999954223633,47.2400016784668,40.67889404296875
2012-08-01,118500,47.2599983215332,47.2599983215332,47.31999969482422,47.20000076293945,40.61015319824219
2012-07-31,338500,47.34000015258789,47.31999969482422,47.380001068115234,47.2599983215332,40.574066162109375
2012-07-30,74800,47.2599983215332,47.31999969482422,47.34000015258789,47.2400016784668,40.574066162109375
2012-07-27,99800,47.439998626708984,47.34000015258789,47.47999954223633,47.279998779296875,40.591224670410156
2012-07-26,77800,47.400001525878906,47.459999084472656,47.459999084472656,47.400001525878906,40.694095611572266
2012-07-25,117200,47.36000061035156,47.400001525878906,47.41999816894531,47.34000015258789,40.642662048339844
2012-07-24,216600,47.2400016784668,47.36000061035156,47.380001068115234,47.2400016784668,40.60836410522461
2012-07-23,196200,47.060001373291016,47.13999938964844,47.279998779296875,47.060001373291016,40.41972351074219
2012-07-20,185300,47.040000915527344,47.099998474121094,47.119998931884766,47.0,40.385440826416016
2012-07-19,69100,47.02000045776367,46.97999954223633,47.02000045776367,46.91999816894531,40.28254318237305
2012-07-18,133600,46.91999816894531,47.0,47.02000045776367,46.900001525878906,40.299678802490234
2012-07-17,88900,46.97999954223633,46.959999084472656,46.97999954223633,46.880001068115234,40.2653923034668
2012-07-16,63600,46.959999084472656,46.959999084472656,46.959999084472656,46.900001525878906,40.2653923034668
2012-07-13,46400,46.91999816894531,46.880001068115234,46.939998626708984,46.880001068115234,40.19679260253906
2012-07-12,80300,46.81999969482422,46.900001525878906,46.91999816894531,46.7400016784668,40.21394348144531
2012-07-11,92800,46.86000061035156,46.81999969482422,46.86000061035156,46.720001220703125,40.14535140991211
2012-07-10,96500,46.619998931884766,46.7400016784668,46.7599983215332,46.599998474121094,40.076744079589844
2012-07-09,71500,46.5,46.63999938964844,46.63999938964844,46.47999954223633,39.99100875854492
2012-07-06,53700,46.47999954223633,46.560001373291016,46.560001373291016,46.439998626708984,39.92242431640625
2012-07-05,77500,46.47999954223633,46.439998626708984,46.5,46.439998626708984,39.819496154785156
2012-07-03,35400,46.459999084472656,46.47999954223633,46.47999954223633,46.41999816894531,39.85383224487305
2012-07-02,57200,46.459999084472656,46.47999954223633,46.58000183105469,46.36000061035156,39.85383224487305
2012-06-29,46100,46.5,46.540000915527344,46.540000915527344,46.47999954223633,39.81607437133789
2012-06-28,67600,46.58000183105469,46.599998474121094,46.599998474121094,46.5,39.8674201965332
2012-06-27,58000,46.540000915527344,46.52000045776367,46.540000915527344,46.439998626708984,39.798973083496094
2012-06-26,85500,46.52000045776367,46.52000045776367,46.540000915527344,46.400001525878906,39.798973083496094
2012-06-25,49300,46.540000915527344,46.540000915527344,46.560001373291016,46.400001525878906,39.81607437133789
2012-06-22,38600,46.599998474121094,46.5,46.599998474121094,46.41999816894531,39.78186798095703
2012-06-21,51300,46.459999084472656,46.5,46.5,46.36000061035156,39.78186798095703
2012-06-20,109000,46.459999084472656,46.31999969482422,46.52000045776367,46.29999923706055,39.62788009643555
2012-06-19,75600,46.52000045776367,46.52000045776367,46.560001373291016,46.47999954223633,39.798973083496094
2012-06-18,48100,46.459999084472656,46.47999954223633,46.5,46.439998626708984,39.76477813720703
2012-06-15,95900,46.439998626708984,46.47999954223633,46.5,46.31999969482422,39.76477813720703
2012-06-14,102500,46.400001525878906,46.459999084472656,46.47999954223633,46.380001068115234,39.747657775878906
2012-06-13,84000,46.380001068115234,46.439998626708984,46.459999084472656,46.34000015258789,39.73054504394531
2012-06-12,71500,46.36000061035156,46.380001068115234,46.439998626708984,46.34000015258789,39.679195404052734
2012-06-11,77800,46.400001525878906,46.41999816894531,46.439998626708984,46.36000061035156,39.71341323852539
2012-06-08,48400,46.439998626708984,46.36000061035156,46.439998626708984,46.34000015258789,39.662078857421875
2012-06-07,46700,46.540000915527344,46.380001068115234,46.560001373291016,46.36000061035156,39.679195404052734
2012-06-06,80000,46.7400016784668,46.52000045776367,46.7400016784668,46.5,39.798973083496094
2012-06-05,82400,46.779998779296875,46.599998474121094,46.79999923706055,46.58000183105469,39.8674201965332
2012-06-04,93800,46.79999923706055,46.779998779296875,47.099998474121094,46.619998931884766,40.02142333984375
2012-06-01,66300,46.79999923706055,46.81999969482422,46.91999816894531,46.720001220703125,40.055641174316406
2012-05-31,95700,46.91999816894531,46.84000015258789,46.91999816894531,46.779998779296875,39.982051849365234
2012-05-30,131500,46.7400016784668,46.779998779296875,46.84000015258789,46.720001220703125,39.93083572387695
2012-05-29,60500,46.7400016784668,46.70000076293945,46.7400016784668,46.63999938964844,39.862552642822266
2012-05-25,107400,46.65999984741211,46.779998779296875,46.79999923706055,46.58000183105469,39.93083572387695
2012-05-24,179600,46.70000076293945,46.70000076293945,46.779998779296875,46.599998474121094,39.862552642822266
2012-05-23,141500,46.7599983215332,46.63999938964844,46.81999969482422,46.560001373291016,39.811344146728516
2012-05-22,52600,46.779998779296875,46.70000076293945,46.779998779296875,46.63999938964844,39.862552642822266
2012-05-21,113700,46.779998779296875,46.81999969482422,47.619998931884766,46.70000076293945,39.96498107910156
2012-05-18,29200,46.779998779296875,46.779998779296875,46.84000015258789,46.7599983215332,39.93083572387695
2012-05-17,49500,46.779998779296875,46.79999923706055,46.84000015258789,46.70000076293945,39.94790267944336
2012-05-16,72600,46.880001068115234,46.779998779296875,46.900001525878906,46.70000076293945,39.93083572387695
2012-05-15,58000,46.91999816894531,46.939998626708984,46.959999084472656,46.91999816894531,40.06740951538086
2012-05-14,78400,47.81999969482422,46.91999816894531,47.81999969482422,46.7599983215332,40.05033874511719
2012-05-11,39000,46.81999969482422,46.880001068115234,46.880001068115234,46.779998779296875,40.01619338989258
2012-05-10,81100,46.81999969482422,46.81999969482422,46.86000061035156,46.720001220703125,39.96498107910156
2012-05-09,112800,47.099998474121094,46.880001068115234,47.099998474121094,46.81999969482422,40.01619338989258
2012-05-08,74000,46.65999984741211,46.79999923706055,46.81999969482422,46.65999984741211,39.94790267944336
2012-05-07,129500,46.68000030517578,46.68000030517578,46.7400016784668,46.5,39.845481872558594
2012-05-04,73600,46.58000183105469,46.63999938964844,46.65999984741211,46.52000045776367,39.811344146728516
2012-05-03,67500,46.5,46.52000045776367,46.540000915527344,46.439998626708984,39.708919525146484
2012-05-02,70500,46.540000915527344,46.52000045776367,46.540000915527344,46.439998626708984,39.708919525146484
2012-05-01,62500,46.380001068115234,46.41999816894531,46.459999084472656,46.380001068115234,39.623565673828125
2012-04-30,39500,46.459999084472656,46.52000045776367,46.540000915527344,46.459999084472656,39.616729736328125
2012-04-27,51500,46.540000915527344,46.52000045776367,46.959999084472656,46.47999954223633,39.616729736328125
2012-04-26,34500,46.540000915527344,46.540000915527344,46.599998474121094,46.47999954223633,39.633758544921875
2012-04-25,94900,46.58000183105469,46.47999954223633,46.58000183105469,46.459999084472656,39.58266830444336
2012-04-24,122300,46.540000915527344,46.52000045776367,46.63999938964844,46.52000045776367,39.616729736328125
2012-04-23,83600,46.52000045776367,46.52000045776367,46.599998474121094,46.459999084472656,39.616729736328125
2012-04-20,94900,46.380001068115234,46.459999084472656,46.47999954223633,46.36000061035156,39.56562805175781
2012-04-19,65600,46.380001068115234,46.439998626708984,46.459999084472656,46.29999923706055,39.5485954284668
2012-04-18,76700,46.31999969482422,46.380001068115234,46.380001068115234,46.20000076293945,39.49749755859375
2012-04-17,57000,46.18000030517578,46.279998779296875,46.31999969482422,46.13999938964844,39.412330627441406
2012-04-16,123900,46.18000030517578,46.119998931884766,46.220001220703125,46.099998474121094,39.276092529296875
2012-04-13,57500,46.15999984741211,46.31999969482422,46.400001525878906,46.119998931884766,39.44640350341797
2012-04-12,75900,46.2400016784668,46.220001220703125,46.41999816894531,46.08000183105469,39.361244201660156
2012-04-11,57300,46.15999984741211,46.2400016784668,46.36000061035156,46.099998474121094,39.37828063964844
2012-04-10,70400,46.099998474121094,46.29999923706055,46.400001525878906,46.099998474121094,39.429378509521484
2012-04-09,87000,46.08000183105469,46.08000183105469,46.099998474121094,45.900001525878906,39.24201583862305
2012-04-05,143800,45.779998779296875,45.720001220703125,45.779998779296875,45.560001373291016,38.935447692871094
2012-04-04,77200,45.65999984741211,45.70000076293945,45.7400016784668,45.619998931884766,38.91841125488281
2012-04-03,140300,45.7400016784668,45.65999984741211,45.880001068115234,45.52000045776367,38.884342193603516
2012-04-02,48700,45.7400016784668,45.7599983215332,45.79999923706055,45.599998474121094,38.969505310058594
2012-03-30,54100,45.900001525878906,45.959999084472656,45.97999954223633,45.79999923706055,39.04275131225586
2012-03-29,85500,46.099998474121094,45.79999923706055,46.099998474121094,45.779998779296875,38.906837463378906
2012-03-28,49900,46.0,46.02000045776367,46.119998931884766,45.880001068115234,39.093711853027344
2012-03-27,69800,46.29999923706055,45.959999084472656,46.29999923706055,45.7599983215332,39.04275131225586
2012-03-26,83000,46.720001220703125,45.7400016784668,46.720001220703125,45.619998931884766,38.85584259033203
2012-03-23,45800,45.52000045776367,45.720001220703125,45.720001220703125,45.5,38.8388671875
2012-03-22,44100,45.2400016784668,45.5,45.5,44.959999084472656,38.65196990966797
2012-03-21,70100,45.31999969482422,45.380001068115234,45.400001525878906,45.119998931884766,38.550025939941406
2012-03-20,119400,45.31999969482422,45.29999923706055,45.380001068115234,45.20000076293945,38.482093811035156
2012-03-19,92200,45.47999954223633,45.41999816894531,45.47999954223633,45.119998931884766,38.58403015136719
2012-03-16,82700,45.5,45.31999969482422,45.52000045776367,45.31999969482422,38.49906539916992
2012-03-15,55600,45.540000915527344,45.31999969482422,45.68000030517578,45.29999923706055,38.49906539916992
2012-03-14,155300,46.040000915527344,45.47999954223633,46.060001373291016,45.47999954223633,38.63499069213867
2012-03-13,174100,46.13999938964844,45.939998626708984,46.13999938964844,45.939998626708984,39.02574157714844
2012-03-12,145800,46.13999938964844,45.97999954223633,46.13999938964844,45.939998626708984,39.059730529785156
2012-03-09,90200,46.060001373291016,46.060001373291016,46.099998474121094,46.0,39.127689361572266
2012-03-08,71300,46.13999938964844,46.060001373291016,46.18000030517578,46.02000045776367,39.127689361572266
2012-03-07,70300,46.220001220703125,46.119998931884766,46.279998779296875,46.099998474121094,39.17866516113281
2012-03-06,84700,46.380001068115234,46.2400016784668,46.380001068115234,46.220001220703125,39.28062057495117
2012-03-05,110000,46.380001068115234,46.380001068115234,46.400001525878906,46.31999969482422,39.39952087402344
2012-03-02,119700,46.459999084472656,46.41999816894531,46.459999084472656,46.29999923706055,39.43350601196289
2012-03-01,187100,46.540000915527344,46.439998626708984,46.560001373291016,46.34000015258789,39.450496673583984
2012-02-29,198800,46.7400016784668,46.70000076293945,46.7599983215332,46.63999938964844,39.58301544189453
2012-02-28,114200,46.720001220703125,46.7400016784668,46.7599983215332,46.540000915527344,39.616943359375
2012-02-27,66600,46.70000076293945,46.720001220703125,46.900001525878906,46.599998474121094,39.60000228881836
2012-02-24,100600,46.65999984741211,46.5,46.65999984741211,46.47999954223633,39.413509368896484
2012-02-23,93100,46.63999938964844,46.619998931884766,46.65999984741211,46.58000183105469,39.51519775390625
2012-02-22,74500,46.70000076293945,46.599998474121094,46.70000076293945,46.52000045776367,39.498252868652344
2012-02-21,170300,46.7400016784668,46.619998931884766,46.7400016784668,46.619998931884766,39.51519775390625
2012-02-17,108100,46.7400016784668,46.70000076293945,46.7400016784668,46.560001373291016,39.58301544189453
2012-02-16,143300,46.70000076293945,46.720001220703125,46.779998779296875,46.619998931884766,39.60000228881836
2012-02-15,179700,46.7599983215332,46.7400016784668,46.7599983215332,46.70000076293945,39.616943359375
2012-02-14,209400,46.70000076293945,46.70000076293945,46.7599983215332,46.52000045776367,39.58301544189453
2012-02-13,179700,46.65999984741211,46.70000076293945,46.70000076293945,46.540000915527344,39.58301544189453
2012-02-10,53300,46.540000915527344,46.599998474121094,46.63999938964844,46.5,39.498252868652344
2012-02-09,58100,46.619998931884766,46.52000045776367,46.619998931884766,46.47999954223633,39.430450439453125
2012-02-08,103200,46.58000183105469,46.560001373291016,46.68000030517578,46.439998626708984,39.46434783935547
2012-02-07,123600,46.560001373291016,46.63999938964844,46.720001220703125,46.52000045776367,39.53216552734375
2012-02-06,107600,46.86000061035156,46.68000030517578,46.86000061035156,46.58000183105469,39.566062927246094
2012-02-03,126400,46.619998931884766,46.65999984741211,46.779998779296875,46.560001373291016,39.54912185668945
2012-02-02,102200,46.86000061035156,46.880001068115234,47.47999954223633,46.7599983215332,39.735591888427734
2012-02-01,103500,46.880001068115234,46.900001525878906,46.959999084472656,46.81999969482422,39.75254440307617
2012-01-31,59000,46.939998626708984,46.939998626708984,46.939998626708984,46.84000015258789,39.689815521240234
2012-01-30,138200,49.0,46.86000061035156,49.0,46.619998931884766,39.62218475341797
2012-01-27,123600,46.900001525878906,46.63999938964844,47.18000030517578,46.599998474121094,39.436153411865234
2012-01-26,208000,46.52000045776367,46.599998474121094,46.65999984741211,46.459999084472656,39.40235137939453
2012-01-25,88700,46.400001525878906,46.459999084472656,46.47999954223633,46.279998779296875,39.283966064453125
2012-01-24,63300,46.36000061035156,46.31999969482422,46.36000061035156,46.220001220703125,39.16556930541992
2012-01-23,63000,46.779998779296875,46.34000015258789,46.779998779296875,46.2599983215332,39.182491302490234
2012-01-20,110000,46.540000915527344,46.279998779296875,46.540000915527344,46.099998474121094,39.13175582885742
2012-01-19,141700,46.720001220703125,46.560001373291016,46.81999969482422,46.47999954223633,39.368507385253906
2012-01-18,86800,46.599998474121094,46.70000076293945,46.7599983215332,46.599998474121094,39.48689270019531
2012-01-17,83100,46.58000183105469,46.63999938964844,46.65999984741211,46.52000045776367,39.436153411865234
2012-01-13,273400,46.5,46.5,46.599998474121094,46.400001525878906,39.31775665283203
2012-01-12,71700,46.380001068115234,46.459999084472656,46.459999084472656,46.31999969482422,39.283966064453125
2012-01-11,92000,46.2400016784668,46.36000061035156,46.36000061035156,46.220001220703125,39.199405670166016
2012-01-10,157400,46.15999984741211,46.2599983215332,46.29999923706055,46.099998474121094,39.114845275878906
2012-01-09,110100,45.97999954223633,46.119998931884766,46.15999984741211,45.880001068115234,38.99647521972656
2012-01-06,66700,45.880001068115234,45.959999084472656,46.02000045776367,45.84000015258789,38.861175537109375
2012-01-05,83200,45.79999923706055,45.880001068115234,45.91999816894531,45.79999923706055,38.793548583984375
2012-01-04,72600,45.779998779296875,45.779998779296875,45.79999923706055,45.720001220703125,38.708984375
2012-01-03,112800,45.779998779296875,45.720001220703125,45.79999923706055,45.70000076293945,38.65824508666992
2011-12-30,65000,45.63999938964844,45.720001220703125,45.720001220703125,45.599998474121094,38.65824508666992
2011-12-29,70100,45.63999938964844,45.63999938964844,45.63999938964844,45.58000183105469,38.59060287475586
2011-12-28,66900,45.599998474121094,45.65999984741211,45.65999984741211,45.5,38.60752487182617
2011-12-27,47600,45.65999984741211,45.63999938964844,45.68000030517578,45.599998474121094,38.49082946777344
2011-12-23,62200,45.63999938964844,45.65999984741211,45.65999984741211,45.58000183105469,38.50770950317383
2011-12-22,41800,45.560001373291016,45.63999938964844,45.63999938964844,45.47999954223633,38.49082946777344
2011-12-21,74200,45.599998474121094,45.560001373291016,45.599998474121094,45.540000915527344,38.42335891723633
2011-12-20,83700,45.58000183105469,45.599998474121094,45.599998474121094,45.540000915527344,38.457122802734375
2011-12-19,50100,45.52000045776367,45.599998474121094,45.599998474121094,45.5,38.457122802734375
2011-12-16,45100,45.5,45.52000045776367,45.52000045776367,45.439998626708984,38.38962936401367
2011-12-15,63900,45.5,45.5,45.5,45.439998626708984,38.372779846191406
2011-12-14,55200,45.380001068115234,45.459999084472656,45.459999084472656,45.36000061035156,38.339027404785156
2011-12-13,48400,45.31999969482422,45.36000061035156,45.36000061035156,45.279998779296875,38.25469207763672
2011-12-12,84200,45.380001068115234,45.380001068115234,45.400001525878906,45.29999923706055,38.27155685424805
2011-12-09,56400,45.279998779296875,45.34000015258789,45.380001068115234,45.279998779296875,38.237815856933594
2011-12-08,46400,45.31999969482422,45.34000015258789,45.380001068115234,45.2400016784668,38.237815856933594
2011-12-07,49500,45.13999938964844,45.29999923706055,45.29999923706055,45.099998474121094,38.20409393310547
2011-12-06,71500,44.880001068115234,45.08000183105469,45.08000183105469,44.86000061035156,38.01853561401367
2011-12-05,51000,44.79999923706055,44.86000061035156,44.86000061035156,44.779998779296875,37.833011627197266
2011-12-02,60000,44.65999984741211,44.81999969482422,44.81999969482422,44.63999938964844,37.79928207397461
2011-12-01,75500,44.619998931884766,44.63999938964844,44.65999984741211,44.560001373291016,37.64748001098633
2011-11-30,33000,44.68000030517578,44.720001220703125,44.720001220703125,44.63999938964844,37.618804931640625
2011-11-29,37000,44.65999984741211,44.720001220703125,44.720001220703125,44.63999938964844,37.618804931640625
2011-11-28,105800,44.599998474121094,44.720001220703125,45.02000045776367,44.599998474121094,37.618804931640625
2011-11-25,14300,44.79999923706055,44.79999923706055,44.84000015258789,44.7400016784668,37.68611145019531
2011-11-23,97200,44.779998779296875,44.81999969482422,44.81999969482422,44.619998931884766,37.70290756225586
2011-11-22,64900,44.720001220703125,44.779998779296875,44.779998779296875,44.70000076293945,37.66926574707031
2011-11-21,40800,44.68000030517578,44.720001220703125,44.7400016784668,44.52000045776367,37.618804931640625
2011-11-18,66100,44.63999938964844,44.70000076293945,44.70000076293945,44.540000915527344,37.60197830200195
2011-11-17,115500,44.560001373291016,44.619998931884766,44.63999938964844,44.459999084472656,37.534671783447266
2011-11-16,91800,44.52000045776367,44.52000045776367,44.58000183105469,44.400001525878906,37.450557708740234
2011-11-15,34700,44.560001373291016,44.540000915527344,44.599998474121094,44.41999816894531,37.46738815307617
2011-11-14,35100,44.70000076293945,44.63999938964844,44.70000076293945,44.599998474121094,37.55150604248047
2011-11-11,51300,44.65999984741211,44.65999984741211,44.79999923706055,44.560001373291016,37.568336486816406
2011-11-10,43900,44.7599983215332,44.63999938964844,44.7599983215332,44.63999938964844,37.55150604248047
2011-11-09,49600,44.65999984741211,44.720001220703125,44.720001220703125,44.560001373291016,37.618804931640625
2011-11-08,83300,44.619998931884766,44.560001373291016,44.619998931884766,44.5,37.48421859741211
2011-11-07,80000,44.47999954223633,44.58000183105469,44.599998474121094,44.41999816894531,37.50102996826172
2011-11-04,18100,44.52000045776367,44.5,44.560001373291016,44.459999084472656,37.433738708496094
2011-11-03,87300,44.599998474121094,44.47999954223633,44.599998474121094,44.380001068115234,37.41693115234375
2011-11-02,31100,44.70000076293945,44.619998931884766,44.7599983215332,44.540000915527344,37.534671783447266
2011-11-01,56800,44.540000915527344,44.58000183105469,44.63999938964844,44.41999816894531,37.50102996826172
2011-10-31,69100,44.20000076293945,44.41999816894531,44.439998626708984,44.20000076293945,37.26548767089844
2011-10-28,61500,44.119998931884766,44.279998779296875,44.29999923706055,44.119998931884766,37.148048400878906
2011-10-27,40600,44.279998779296875,44.119998931884766,44.34000015258789,44.099998474121094,37.01381301879883
2011-10-26,77100,44.439998626708984,44.36000061035156,44.439998626708984,44.31999969482422,37.21517562866211
2011-10-25,77100,44.2599983215332,44.31999969482422,44.36000061035156,44.2599983215332,37.181602478027344
2011-10-24,81400,44.31999969482422,44.31999969482422,44.34000015258789,44.279998779296875,37.181602478027344
2011-10-21,54500,44.31999969482422,44.2400016784668,44.34000015258789,44.220001220703125,37.114479064941406
2011-10-20,36600,44.29999923706055,44.2599983215332,44.29999923706055,44.15999984741211,37.13126754760742
2011-10-19,57100,44.2400016784668,44.220001220703125,44.2400016784668,44.13999938964844,37.09770965576172
2011-10-18,53500,44.119998931884766,44.2599983215332,44.279998779296875,44.119998931884766,37.13126754760742
2011-10-17,34800,43.959999084472656,44.060001373291016,44.060001373291016,43.900001525878906,36.9634895324707
2011-10-14,43400,44.02000045776367,43.939998626708984,44.02000045776367,43.91999816894531,36.86281204223633
2011-10-13,67300,43.91999816894531,43.84000015258789,44.02000045776367,43.7599983215332,36.77890396118164
2011-10-12,30400,44.040000915527344,43.86000061035156,44.040000915527344,43.86000061035156,36.795692443847656
2011-10-11,46800,44.0,43.97999954223633,44.099998474121094,43.779998779296875,36.89636993408203
2011-10-10,27300,44.0,43.880001068115234,44.0,43.79999923706055,36.812477111816406
2011-10-07,58300,43.81999969482422,43.97999954223633,44.0,43.720001220703125,36.89636993408203
2011-10-06,124000,44.2400016784668,44.060001373291016,44.2400016784668,43.939998626708984,36.9634895324707
2011-10-05,63000,44.58000183105469,44.099998474121094,44.58000183105469,44.08000183105469,36.99702072143555
2011-10-04,66900,44.58000183105469,44.599998474121094,44.720001220703125,44.540000915527344,37.41648864746094
2011-10-03,96700,44.7400016784668,44.619998931884766,44.79999923706055,44.599998474121094,37.43327713012695
2011-09-30,21800,45.099998474121094,44.900001525878906,45.099998474121094,44.7400016784668,37.569183349609375
2011-09-29,26300,44.900001525878906,44.86000061035156,44.91999816894531,44.779998779296875,37.53571701049805
2011-09-28,230200,44.939998626708984,44.86000061035156,45.02000045776367,44.84000015258789,37.53571701049805
2011-09-27,53400,45.15999984741211,45.040000915527344,45.15999984741211,44.959999084472656,37.68632507324219
2011-09-26,21100,45.34000015258789,45.15999984741211,45.34000015258789,45.15999984741211,37.786746978759766
2011-09-23,78100,45.2599983215332,45.29999923706055,45.34000015258789,45.099998474121094,37.90388870239258
2011-09-22,41100,45.18000030517578,45.20000076293945,45.2400016784668,45.060001373291016,37.820213317871094
2011-09-21,54900,44.91999816894531,44.939998626708984,44.939998626708984,44.7400016784668,37.6026611328125
2011-09-20,48000,44.900001525878906,44.86000061035156,44.900001525878906,44.720001220703125,37.53571701049805
2011-09-19,25100,44.86000061035156,44.7599983215332,44.900001525878906,44.65999984741211,37.452056884765625
2011-09-16,32200,44.7599983215332,44.720001220703125,44.81999969482422,44.599998474121094,37.4185676574707
2011-09-15,41900,44.86000061035156,44.779998779296875,44.86000061035156,44.63999938964844,37.46876907348633
2011-09-14,35500,44.81999969482422,44.81999969482422,44.91999816894531,44.68000030517578,37.50224304199219
2011-09-13,24800,44.65999984741211,44.91999816894531,44.939998626708984,44.65999984741211,37.585914611816406
2011-09-12,38300,44.84000015258789,44.65999984741211,44.939998626708984,44.65999984741211,37.36837387084961
2011-09-09,31300,44.880001068115234,44.91999816894531,44.939998626708984,44.79999923706055,37.585914611816406
2011-09-08,23600,44.84000015258789,44.900001525878906,44.91999816894531,44.7599983215332,37.569183349609375
2011-09-07,17100,44.81999969482422,44.7400016784668,44.86000061035156,44.720001220703125,37.435306549072266
2011-09-06,38500,44.5,44.779998779296875,44.779998779296875,44.5,37.46876907348633
2011-09-02,27100,44.58000183105469,44.63999938964844,44.65999984741211,44.459999084472656,37.35162353515625
2011-09-01,74000,44.380001068115234,44.459999084472656,44.599998474121094,44.2400016784668,37.201026916503906
2011-08-31,41200,44.619998931884766,44.68000030517578,44.68000030517578,44.5,37.27801513671875
2011-08-30,11000,44.47999954223633,44.540000915527344,44.599998474121094,44.459999084472656,37.16120147705078
2011-08-29,18500,44.400001525878906,44.47999954223633,44.540000915527344,44.400001525878906,37.11113739013672
2011-08-26,76600,44.540000915527344,44.47999954223633,44.81999969482422,44.36000061035156,37.11113739013672
2011-08-25,41900,44.58000183105469,44.58000183105469,44.7599983215332,44.5,37.19457244873047
2011-08-24,30200,44.720001220703125,44.599998474121094,44.720001220703125,44.5,37.21125411987305
2011-08-23,25000,44.7400016784668,44.68000030517578,44.7599983215332,44.540000915527344,37.27801513671875
2011-08-22,24100,44.65999984741211,44.79999923706055,44.79999923706055,44.63999938964844,37.37813949584961
2011-08-19,37700,44.380001068115234,44.68000030517578,44.779998779296875,44.380001068115234,37.27801513671875
2011-08-18,105200,44.7400016784668,44.36000061035156,44.779998779296875,43.720001220703125,37.01103210449219
2011-08-17,30900,44.36000061035156,44.58000183105469,44.619998931884766,44.36000061035156,37.19457244873047
2011-08-16,30800,44.29999923706055,44.58000183105469,44.619998931884766,44.15999984741211,37.19457244873047
2011-08-15,18800,44.34000015258789,44.459999084472656,44.459999084472656,44.099998474121094,37.094451904296875
2011-08-12,35600,44.08000183105469,44.18000030517578,44.41999816894531,43.68000030517578,36.860836029052734
2011-08-11,56900,44.15999984741211,44.41999816894531,44.439998626708984,44.02000045776367,37.06106185913086
2011-08-10,57500,43.65999984741211,44.36000061035156,44.380001068115234,43.459999084472656,37.01103210449219
2011-08-09,90400,43.7599983215332,43.5,44.08000183105469,43.439998626708984,36.29349136352539
2011-08-08,93600,43.70000076293945,43.880001068115234,44.20000076293945,43.68000030517578,36.61055374145508
2011-08-05,34200,44.15999984741211,44.220001220703125,44.2599983215332,43.959999084472656,36.894222259521484
2011-08-04,26900,43.939998626708984,44.0,44.08000183105469,43.880001068115234,36.71065902709961
2011-08-03,15400,43.599998474121094,43.779998779296875,43.81999969482422,43.52000045776367,36.5271110534668
2011-08-02,21100,43.599998474121094,43.540000915527344,43.63999938964844,43.459999084472656,36.326873779296875
2011-08-01,14700,43.47999954223633,43.439998626708984,43.599998474121094,43.36000061035156,36.2434196472168
2011-07-29,51100,43.52000045776367,43.29999923706055,43.58000183105469,43.20000076293945,36.021507263183594
2011-07-28,30000,43.7400016784668,43.52000045776367,43.7400016784668,43.52000045776367,36.20452880859375
2011-07-27,29400,43.58000183105469,43.540000915527344,43.68000030517578,43.52000045776367,36.221153259277344
2011-07-26,51100,43.599998474121094,43.599998474121094,43.65999984741211,43.560001373291016,36.271053314208984
2011-07-25,33000,43.63999938964844,43.560001373291016,43.65999984741211,43.560001373291016,36.23780059814453
2011-07-22,30300,43.599998474121094,43.619998931884766,43.63999938964844,43.540000915527344,36.28771209716797
2011-07-21,55000,43.70000076293945,43.58000183105469,43.70000076293945,43.52000045776367,36.25443649291992
2011-07-20,84000,43.65999984741211,43.63999938964844,43.70000076293945,43.540000915527344,36.304359436035156
2011-07-19,50400,43.619998931884766,43.63999938964844,43.63999938964844,43.560001373291016,36.304359436035156
2011-07-18,25800,43.560001373291016,43.619998931884766,43.619998931884766,43.52000045776367,36.28771209716797
2011-07-15,23000,43.58000183105469,43.52000045776367,43.63999938964844,43.52000045776367,36.20452880859375
2011-07-14,24500,43.58000183105469,43.58000183105469,43.599998474121094,43.540000915527344,36.25443649291992
2011-07-13,28200,43.599998474121094,43.560001373291016,43.599998474121094,43.47999954223633,36.23780059814453
2011-07-12,12100,43.400001525878906,43.439998626708984,43.5,43.400001525878906,36.13795852661133
2011-07-11,38300,43.34000015258789,43.34000015258789,43.400001525878906,43.2400016784668,36.05475616455078
2011-07-08,31000,43.2599983215332,43.279998779296875,43.29999923706055,43.220001220703125,36.004859924316406
2011-07-07,58500,43.2400016784668,43.18000030517578,43.2400016784668,43.13999938964844,35.92168045043945
2011-07-06,25900,43.2400016784668,43.2400016784668,43.2599983215332,43.20000076293945,35.971580505371094
2011-07-05,25800,43.2400016784668,43.2599983215332,43.2599983215332,43.15999984741211,35.98822784423828
2011-07-01,20800,43.279998779296875,43.2400016784668,43.34000015258789,43.119998931884766,35.971580505371094
2011-06-30,103700,43.41999816894531,43.279998779296875,43.41999816894531,43.099998474121094,35.901702880859375
2011-06-29,23400,43.47999954223633,43.41999816894531,43.47999954223633,43.380001068115234,36.01784133911133
2011-06-28,38800,43.58000183105469,43.52000045776367,43.58000183105469,43.41999816894531,36.10079574584961
2011-06-27,11300,43.58000183105469,43.58000183105469,43.619998931884766,43.52000045776367,36.15057373046875
2011-06-24,24300,43.52000045776367,43.58000183105469,43.58000183105469,43.5,36.15057373046875
2011-06-23,27000,43.599998474121094,43.5,43.599998474121094,43.47999954223633,36.084197998046875
2011-06-22,31000,43.599998474121094,43.560001373291016,43.599998474121094,43.52000045776367,36.13396453857422
2011-06-21,27700,43.599998474121094,43.560001373291016,43.619998931884766,43.47999954223633,36.13396453857422
2011-06-20,20800,43.52000045776367,43.540000915527344,43.540000915527344,43.459999084472656,36.11737060546875
2011-06-17,14500,43.540000915527344,43.459999084472656,43.540000915527344,43.41999816894531,36.05100631713867
2011-06-16,28800,43.459999084472656,43.47999954223633,43.5,43.380001068115234,36.06760787963867
2011-06-15,20600,43.36000061035156,43.31999969482422,43.41999816894531,43.31999969482422,35.934898376464844
2011-06-14,34300,43.47999954223633,43.400001525878906,43.47999954223633,43.36000061035156,36.00125503540039
2011-06-13,17000,43.459999084472656,43.5,43.5,43.439998626708984,36.084197998046875
2011-06-10,27800,43.41999816894531,43.459999084472656,43.52000045776367,43.400001525878906,36.05100631713867
2011-06-09,19400,43.41999816894531,43.439998626708984,43.47999954223633,43.41999816894531,36.034420013427734
2011-06-08,17700,43.47999954223633,43.439998626708984,43.47999954223633,43.380001068115234,36.034420013427734
2011-06-07,53700,43.47999954223633,43.459999084472656,43.5,43.36000061035156,36.05100631713867
2011-06-06,18400,43.459999084472656,43.5,43.5,43.439998626708984,36.084197998046875
2011-06-03,29000,43.439998626708984,43.439998626708984,43.47999954223633,43.380001068115234,36.034420013427734
2011-06-02,27200,43.29999923706055,43.380001068115234,43.380001068115234,43.2599983215332,35.98466873168945
2011-06-01,42200,43.34000015258789,43.31999969482422,43.380001068115234,43.2400016784668,35.934898376464844
2011-05-31,23400,43.459999084472656,43.439998626708984,43.459999084472656,43.31999969482422,35.9299201965332
2011-05-27,14700,43.41999816894531,43.459999084472656,43.459999084472656,43.380001068115234,35.946449279785156
2011-05-26,7500,43.459999084472656,43.380001068115234,43.459999084472656,43.36000061035156,35.880279541015625
2011-05-25,31800,43.34000015258789,43.400001525878906,43.459999084472656,43.279998779296875,35.896827697753906
2011-05-24,32900,43.380001068115234,43.41999816894531,43.459999084472656,43.29999923706055,35.91337585449219
2011-05-23,24200,43.52000045776367,43.380001068115234,43.52000045776367,43.36000061035156,35.880279541015625
2011-05-20,27800,43.31999969482422,43.41999816894531,43.439998626708984,43.279998779296875,35.91337585449219
2011-05-19,25100,43.29999923706055,43.279998779296875,43.400001525878906,43.2599983215332,35.797576904296875
2011-05-18,26900,43.52000045776367,43.380001068115234,43.540000915527344,43.380001068115234,35.880279541015625
2011-05-17,64400,43.41999816894531,43.41999816894531,43.5,43.29999923706055,35.91337585449219
2011-05-16,54800,43.380001068115234,43.34000015258789,43.439998626708984,43.279998779296875,35.847190856933594
2011-05-13,25800,43.31999969482422,43.279998779296875,43.380001068115234,43.2599983215332,35.797576904296875
2011-05-12,22000,43.20000076293945,43.29999923706055,43.380001068115234,43.15999984741211,35.81410598754883
2011-05-11,20600,43.13999938964844,43.060001373291016,43.15999984741211,43.0,35.61561965942383
2011-05-10,30000,43.119998931884766,43.060001373291016,43.13999938964844,42.97999954223633,35.61561965942383
2011-05-09,53500,43.099998474121094,43.08000183105469,43.099998474121094,43.040000915527344,35.632171630859375
2011-05-06,36000,43.099998474121094,43.040000915527344,43.119998931884766,42.939998626708984,35.59904098510742
2011-05-05,25000,43.02000045776367,42.959999084472656,43.060001373291016,42.91999816894531,35.53288269042969
2011-05-04,39000,42.81999969482422,42.939998626708984,42.959999084472656,42.81999969482422,35.5163459777832
2011-05-03,16500,42.63999938964844,42.81999969482422,42.84000015258789,42.619998931884766,35.4171028137207
2011-05-02,16500,42.779998779296875,42.779998779296875,42.779998779296875,42.65999984741211,35.38400650024414
2011-04-29,34000,42.86000061035156,42.86000061035156,42.97999954223633,42.7599983215332,35.347618103027344
2011-04-28,31900,42.720001220703125,42.79999923706055,42.84000015258789,42.65999984741211,35.298133850097656
2011-04-27,19500,42.68000030517578,42.599998474121094,42.68000030517578,42.58000183105469,35.1331901550293
2011-04-26,45600,42.540000915527344,42.65999984741211,42.65999984741211,42.459999084472656,35.182674407958984
2011-04-25,36900,42.400001525878906,42.439998626708984,42.52000045776367,42.400001525878906,35.00122833251953
2011-04-21,34900,42.439998626708984,42.31999969482422,42.47999954223633,42.31999969482422,34.90227508544922
2011-04-20,27400,42.29999923706055,42.380001068115234,42.380001068115234,42.2400016784668,34.951744079589844
2011-04-19,23200,42.15999984741211,42.279998779296875,42.279998779296875,42.119998931884766,34.8692741394043
2011-04-18,27900,42.099998474121094,42.18000030517578,42.18000030517578,42.040000915527344,34.78681945800781
2011-04-15,32000,41.91999816894531,42.119998931884766,42.119998931884766,41.91999816894531,34.7373161315918
2011-04-14,21600,41.939998626708984,41.97999954223633,41.97999954223633,41.880001068115234,34.62186813354492
2011-04-13,52200,41.84000015258789,41.939998626708984,41.939998626708984,41.79999923706055,34.58887481689453
2011-04-12,14300,41.880001068115234,41.84000015258789,41.880001068115234,41.79999923706055,34.50641632080078
2011-04-11,19500,41.68000030517578,41.81999969482422,41.81999969482422,41.65999984741211,34.48990249633789
2011-04-08,43400,41.79999923706055,41.81999969482422,41.84000015258789,41.70000076293945,34.48990249633789
2011-04-07,11700,41.81999969482422,41.7599983215332,41.84000015258789,41.720001220703125,34.4404182434082
2011-04-06,18100,41.86000061035156,41.84000015258789,41.86000061035156,41.720001220703125,34.50641632080078
2011-04-05,21500,41.779998779296875,41.880001068115234,41.91999816894531,41.7400016784668,34.53938674926758
2011-04-04,66400,41.880001068115234,41.720001220703125,41.900001525878906,41.70000076293945,34.407432556152344
2011-04-01,16000,41.91999816894531,41.81999969482422,41.91999816894531,41.79999923706055,34.48990249633789
2011-03-31,17000,42.02000045776367,42.060001373291016,42.060001373291016,41.959999084472656,34.58063507080078
2011-03-30,42400,42.13999938964844,42.119998931884766,42.18000030517578,42.02000045776367,34.62996292114258
2011-03-29,33900,42.040000915527344,42.099998474121094,42.2400016784668,42.040000915527344,34.613502502441406
2011-03-28,104900,42.31999969482422,42.040000915527344,42.36000061035156,42.040000915527344,34.564186096191406
2011-03-25,25300,42.2599983215332,42.29999923706055,42.380001068115234,42.20000076293945,34.77793884277344
2011-03-24,39800,42.459999084472656,42.279998779296875,42.52000045776367,42.279998779296875,34.76151657104492
2011-03-23,36400,42.439998626708984,42.439998626708984,42.880001068115234,42.36000061035156,34.893043518066406
2011-03-22,45900,42.400001525878906,42.52000045776367,42.540000915527344,42.31999969482422,34.95883560180664
2011-03-21,43300,42.540000915527344,42.5,42.540000915527344,42.29999923706055,34.942378997802734
2011-03-18,17600,42.439998626708984,42.31999969482422,42.439998626708984,42.060001373291016,34.794395446777344
2011-03-17,30500,42.400001525878906,42.36000061035156,42.52000045776367,42.18000030517578,34.8272705078125
2011-03-16,10900,42.31999969482422,42.29999923706055,42.41999816894531,42.2400016784668,34.77793884277344
2011-03-15,101900,42.20000076293945,42.279998779296875,42.400001525878906,41.900001525878906,34.76151657104492
2011-03-14,18700,41.84000015258789,41.97999954223633,42.060001373291016,41.84000015258789,34.51485824584961
2011-03-11,26000,41.91999816894531,41.900001525878906,42.0,41.68000030517578,34.44907760620117
2011-03-10,26000,41.79999923706055,41.939998626708984,42.08000183105469,41.79999923706055,34.48197555541992
2011-03-09,22400,42.040000915527344,42.040000915527344,42.060001373291016,41.900001525878906,34.564186096191406
2011-03-08,56800,41.779998779296875,42.08000183105469,42.08000183105469,41.779998779296875,34.59706497192383
2011-03-07,34400,42.0,41.7400016784668,42.0,41.7400016784668,34.317527770996094
2011-03-04,23400,41.779998779296875,41.97999954223633,42.08000183105469,41.02000045776367,34.51485824584961
2011-03-03,19700,42.099998474121094,41.91999816894531,42.099998474121094,41.900001525878906,34.46552658081055
2011-03-02,33400,42.08000183105469,42.040000915527344,42.15999984741211,41.959999084472656,34.564186096191406
2011-03-01,60300,42.02000045776367,42.08000183105469,42.099998474121094,41.65999984741211,34.59706497192383
2011-02-28,24100,42.08000183105469,42.119998931884766,42.119998931884766,42.0,34.5329475402832
2011-02-25,18200,41.880001068115234,42.119998931884766,42.119998931884766,41.880001068115234,34.5329475402832
2011-02-24,19200,41.900001525878906,41.97999954223633,41.97999954223633,41.68000030517578,34.41815948486328
2011-02-23,92700,41.70000076293945,41.79999923706055,41.880001068115234,41.5,34.270591735839844
2011-02-22,39900,41.380001068115234,41.65999984741211,41.68000030517578,41.380001068115234,34.15579605102539
2011-02-18,19300,41.619998931884766,41.47999954223633,41.70000076293945,41.380001068115234,34.00823211669922
2011-02-17,26700,41.099998474121094,41.47999954223633,41.47999954223633,40.91999816894531,34.00823211669922
2011-02-16,37500,41.2400016784668,40.97999954223633,41.34000015258789,40.939998626708984,33.59827423095703
2011-02-15,26100,40.880001068115234,40.880001068115234,41.119998931884766,40.79999923706055,33.51630783081055
2011-02-14,23200,41.15999984741211,40.959999084472656,41.15999984741211,40.7400016784668,33.58187484741211
2011-02-11,33900,40.939998626708984,41.0,41.15999984741211,40.779998779296875,33.61468505859375
2011-02-10,29700,41.02000045776367,41.0,41.02000045776367,40.720001220703125,33.61468505859375
2011-02-09,20500,40.86000061035156,40.7599983215332,40.880001068115234,40.619998931884766,33.41791534423828
2011-02-08,48400,40.400001525878906,40.63999938964844,40.81999969482422,40.380001068115234,33.31952667236328
2011-02-07,22800,40.560001373291016,40.400001525878906,40.70000076293945,40.400001525878906,33.12276840209961
2011-02-04,213800,41.0,40.619998931884766,41.119998931884766,40.31999969482422,33.303131103515625
2011-02-03,20700,40.86000061035156,40.779998779296875,41.040000915527344,40.68000030517578,33.43431854248047
2011-02-02,15500,41.119998931884766,40.880001068115234,41.400001525878906,40.65999984741211,33.51630783081055
2011-02-01,32000,41.18000030517578,40.97999954223633,41.18000030517578,40.86000061035156,33.59827423095703
2011-01-31,21900,41.20000076293945,40.959999084472656,41.279998779296875,40.84000015258789,33.476932525634766
2011-01-28,35100,41.18000030517578,41.0,41.2599983215332,40.65999984741211,33.509639739990234
2011-01-27,77400,41.380001068115234,40.540000915527344,41.380001068115234,40.34000015258789,33.13367462158203
2011-01-26,34600,41.41999816894531,41.2599983215332,41.459999084472656,41.02000045776367,33.72214126586914
2011-01-25,22900,40.779998779296875,41.15999984741211,41.439998626708984,40.779998779296875,33.640411376953125
2011-01-24,26700,41.380001068115234,41.0,41.380001068115234,40.779998779296875,33.509639739990234
2011-01-21,33200,41.279998779296875,40.880001068115234,41.34000015258789,40.70000076293945,33.41156768798828
2011-01-20,31400,41.2599983215332,40.65999984741211,41.31999969482422,40.560001373291016,33.231781005859375
2011-01-19,42000,40.52000045776367,40.560001373291016,40.70000076293945,40.439998626708984,33.150020599365234
2011-01-18,69300,40.97999954223633,41.0,41.08000183105469,40.7599983215332,33.509639739990234
2011-01-14,92500,41.119998931884766,41.08000183105469,41.13999938964844,40.7599983215332,33.57504653930664
2011-01-13,150100,41.459999084472656,41.099998474121094,41.52000045776367,40.97999954223633,33.59138488769531
2011-01-12,70000,41.79999923706055,41.459999084472656,41.84000015258789,41.439998626708984,33.88558578491211
2011-01-11,32000,41.7599983215332,41.81999969482422,41.91999816894531,41.70000076293945,34.179840087890625
2011-01-10,53400,41.97999954223633,41.70000076293945,41.97999954223633,41.70000076293945,34.081756591796875
2011-01-07,47900,41.81999969482422,41.900001525878906,41.91999816894531,41.720001220703125,34.245216369628906
2011-01-06,43100,42.119998931884766,42.02000045776367,42.119998931884766,41.880001068115234,34.343299865722656
2011-01-05,338500,42.0,42.15999984741211,42.15999984741211,41.91999816894531,34.457725524902344
2011-01-04,53900,41.84000015258789,42.060001373291016,42.060001373291016,41.81999969482422,34.37599182128906
2011-01-03,32500,41.81999969482422,42.02000045776367,42.02000045776367,41.65999984741211,34.343299865722656
2010-12-31,57300,41.720001220703125,41.779998779296875,41.86000061035156,41.599998474121094,34.14714813232422
2010-12-30,143700,41.720001220703125,41.619998931884766,41.880001068115234,41.599998474121094,34.01637649536133
2010-12-29,102700,41.79999923706055,41.720001220703125,41.86000061035156,41.70000076293945,34.09810256958008
2010-12-28,48400,42.0,42.02000045776367,42.220001220703125,41.540000915527344,34.191280364990234
2010-12-27,47600,42.15999984741211,42.0,42.2400016784668,41.939998626708984,34.175018310546875
2010-12-23,59100,42.040000915527344,42.13999938964844,42.220001220703125,42.040000915527344,34.288917541503906
2010-12-22,33600,42.0,42.0,42.20000076293945,41.900001525878906,34.175018310546875
2010-12-21,63100,41.880001068115234,42.0,42.060001373291016,41.79999923706055,34.175018310546875
2010-12-20,49300,42.060001373291016,41.91999816894531,42.060001373291016,41.84000015258789,34.10991668701172
2010-12-17,54900,41.720001220703125,42.040000915527344,42.040000915527344,41.720001220703125,34.20753860473633
2010-12-16,121000,41.58000183105469,41.79999923706055,41.79999923706055,41.52000045776367,34.01225280761719
2010-12-15,49900,41.459999084472656,41.63999938964844,41.7599983215332,41.459999084472656,33.882080078125
2010-12-14,186500,42.060001373291016,41.439998626708984,42.13999938964844,41.400001525878906,33.719329833984375
2010-12-13,35600,42.400001525878906,42.15999984741211,42.47999954223633,42.08000183105469,34.30519485473633
2010-12-10,60600,42.459999084472656,42.380001068115234,42.540000915527344,42.29999923706055,34.48420715332031
2010-12-09,47400,42.380001068115234,42.459999084472656,42.599998474121094,42.119998931884766,34.54930877685547
2010-12-08,33300,42.65999984741211,42.279998779296875,42.68000030517578,42.279998779296875,34.40283966064453
2010-12-07,44000,43.08000183105469,42.65999984741211,43.08000183105469,42.599998474121094,34.7120475769043
2010-12-06,35300,42.900001525878906,42.880001068115234,43.099998474121094,42.880001068115234,34.89103698730469
2010-12-03,33700,43.20000076293945,42.91999816894531,43.20000076293945,42.91999816894531,34.92360305786133
2010-12-02,35100,42.939998626708984,42.939998626708984,43.08000183105469,42.880001068115234,34.93986511230469
2010-12-01,36500,43.13999938964844,42.880001068115234,43.13999938964844,42.880001068115234,34.89103698730469
2010-11-30,18000,43.2599983215332,43.220001220703125,43.31999969482422,43.099998474121094,35.068443298339844
2010-11-29,62900,43.29999923706055,43.13999938964844,43.29999923706055,43.0,35.0035285949707
2010-11-26,3500,43.29999923706055,43.15999984741211,43.29999923706055,43.119998931884766,35.019737243652344
2010-11-24,25600,43.20000076293945,43.20000076293945,43.20000076293945,43.08000183105469,35.05220413208008
2010-11-23,50500,43.060001373291016,43.099998474121094,43.119998931884766,43.0,34.971065521240234
2010-11-22,36800,42.79999923706055,43.099998474121094,43.099998474121094,42.79999923706055,34.971065521240234
2010-11-19,33600,42.52000045776367,42.7599983215332,42.86000061035156,42.52000045776367,34.69518280029297
2010-11-18,36600,42.5,42.52000045776367,42.599998474121094,42.400001525878906,34.50046157836914
2010-11-17,29500,42.31999969482422,42.5,42.70000076293945,42.31999969482422,34.48423767089844
2010-11-16,91500,42.7599983215332,42.459999084472656,42.959999084472656,42.15999984741211,34.4517822265625
2010-11-15,53000,43.459999084472656,42.880001068115234,43.459999084472656,42.7599983215332,34.79254913330078
2010-11-12,22900,43.279998779296875,43.5,43.52000045776367,43.220001220703125,35.29562759399414
2010-11-11,44000,43.7599983215332,43.29999923706055,43.7599983215332,43.220001220703125,35.13335418701172
2010-11-10,36800,43.79999923706055,43.79999923706055,43.959999084472656,43.7599983215332,35.53902816772461
2010-11-09,38500,44.20000076293945,43.939998626708984,44.20000076293945,43.86000061035156,35.65265655517578
2010-11-08,16000,44.279998779296875,44.2599983215332,44.279998779296875,44.20000076293945,35.91228485107422
2010-11-05,52900,44.2599983215332,44.2599983215332,44.279998779296875,44.099998474121094,35.91228485107422
2010-11-04,37700,44.220001220703125,44.2400016784668,44.279998779296875,44.13999938964844,35.89604949951172
2010-11-03,39200,44.20000076293945,44.18000030517578,44.220001220703125,44.13999938964844,35.847373962402344
2010-11-02,32700,44.220001220703125,44.13999938964844,44.220001220703125,44.08000183105469,35.81492614746094
2010-11-01,62100,44.279998779296875,44.20000076293945,44.279998779296875,44.099998474121094,35.86359786987305
2010-10-29,32800,44.36000061035156,44.34000015258789,44.36000061035156,44.279998779296875,35.87819290161133
2010-10-28,26500,44.20000076293945,44.31999969482422,44.31999969482422,44.15999984741211,35.862022399902344
2010-10-27,67700,44.36000061035156,44.279998779296875,44.36000061035156,44.220001220703125,35.82966613769531
2010-10-26,33900,44.619998931884766,44.41999816894531,44.619998931884766,44.400001525878906,35.94292068481445
2010-10-25,44700,44.68000030517578,44.560001373291016,44.68000030517578,44.560001373291016,36.056209564208984
2010-10-22,28000,44.58000183105469,44.58000183105469,44.599998474121094,44.459999084472656,36.07240676879883
2010-10-21,32100,44.63999938964844,44.65999984741211,44.65999984741211,44.599998474121094,36.137149810791016
2010-10-20,32200,44.63999938964844,44.619998931884766,44.63999938964844,44.5,36.104774475097656
2010-10-19,34400,44.540000915527344,44.47999954223633,44.599998474121094,44.47999954223633,35.99149703979492
2010-10-18,24400,44.58000183105469,44.58000183105469,44.599998474121094,44.5,36.07240676879883
2010-10-15,24000,44.65999984741211,44.540000915527344,44.65999984741211,44.400001525878906,36.04004669189453
2010-10-14,38600,44.720001220703125,44.68000030517578,44.7400016784668,44.560001373291016,36.15332794189453
2010-10-13,41500,44.7400016784668,44.720001220703125,44.7400016784668,44.599998474121094,36.1856803894043
2010-10-12,58900,44.68000030517578,44.68000030517578,44.7400016784668,44.65999984741211,36.15332794189453
2010-10-11,30000,44.720001220703125,44.68000030517578,44.720001220703125,44.58000183105469,36.15332794189453
2010-10-08,25900,44.65999984741211,44.70000076293945,44.70000076293945,44.619998931884766,36.16950225830078
2010-10-07,47000,44.41999816894531,44.5,44.599998474121094,44.41999816894531,36.007652282714844
2010-10-06,28100,44.400001525878906,44.380001068115234,44.459999084472656,44.31999969482422,35.91058349609375
2010-10-05,37800,44.380001068115234,44.36000061035156,44.41999816894531,44.31999969482422,35.894386291503906
2010-10-04,52100,44.560001373291016,44.380001068115234,44.560001373291016,44.29999923706055,35.91058349609375
2010-10-01,44600,44.65999984741211,44.41999816894531,44.65999984741211,44.41999816894531,35.94292068481445
2010-09-30,43500,44.880001068115234,44.79999923706055,44.880001068115234,44.720001220703125,36.153324127197266
2010-09-29,64700,44.900001525878906,44.880001068115234,44.91999816894531,44.7599983215332,36.2178840637207
2010-09-28,58000,44.91999816894531,44.86000061035156,44.939998626708984,44.84000015258789,36.20173263549805
2010-09-27,37700,44.880001068115234,44.86000061035156,44.900001525878906,44.7599983215332,36.20173263549805
2010-09-24,37200,44.91999816894531,44.880001068115234,44.97999954223633,44.81999969482422,36.2178840637207
2010-09-23,18100,44.97999954223633,44.91999816894531,44.97999954223633,44.81999969482422,36.25017166137695
2010-09-22,94900,44.599998474121094,44.84000015258789,44.900001525878906,44.599998474121094,36.185585021972656
2010-09-21,138200,44.720001220703125,44.5,44.720001220703125,44.47999954223633,35.91119384765625
2010-09-20,50500,44.68000030517578,44.58000183105469,44.7400016784668,44.58000183105469,35.97579574584961
2010-09-17,38000,44.720001220703125,44.70000076293945,44.720001220703125,44.63999938964844,36.07262420654297
2010-09-16,31000,44.70000076293945,44.70000076293945,44.70000076293945,44.63999938964844,36.07262420654297
2010-09-15,46700,44.7400016784668,44.7400016784668,44.7400016784668,44.599998474121094,36.10490036010742
2010-09-14,30800,44.63999938964844,44.65999984741211,44.65999984741211,44.540000915527344,36.040348052978516
2010-09-13,54400,44.560001373291016,44.58000183105469,44.619998931884766,44.5,35.97579574584961
2010-09-10,43200,44.720001220703125,44.619998931884766,44.720001220703125,44.540000915527344,36.008052825927734
2010-09-09,46000,44.81999969482422,44.58000183105469,44.81999969482422,44.58000183105469,35.97579574584961
2010-09-08,57200,44.880001068115234,44.70000076293945,44.880001068115234,44.68000030517578,36.07262420654297
2010-09-07,14500,44.939998626708984,44.880001068115234,44.939998626708984,44.7599983215332,36.2178840637207
2010-09-03,26900,45.0,44.900001525878906,45.0,44.779998779296875,36.2340202331543
2010-09-02,89600,45.02000045776367,45.0,45.040000915527344,44.900001525878906,36.314720153808594
2010-09-01,39000,44.939998626708984,45.02000045776367,45.040000915527344,44.939998626708984,36.33085632324219
2010-08-31,88600,45.18000030517578,45.02000045776367,45.18000030517578,45.0,36.232398986816406
2010-08-30,31200,45.060001373291016,45.040000915527344,45.15999984741211,45.040000915527344,36.24849319458008
2010-08-27,52600,45.2400016784668,45.13999938964844,45.2400016784668,45.060001373291016,36.32898712158203
2010-08-26,62300,45.15999984741211,45.18000030517578,45.20000076293945,45.119998931884766,36.361175537109375
2010-08-25,54500,45.0,45.02000045776367,45.13999938964844,45.0,36.232398986816406
2010-08-24,70000,45.0,44.97999954223633,45.0,44.880001068115234,36.20021438598633
2010-08-23,41800,44.84000015258789,44.86000061035156,44.86000061035156,44.79999923706055,36.1036491394043
2010-08-20,52500,44.84000015258789,44.79999923706055,44.84000015258789,44.720001220703125,36.05537033081055
2010-08-19,31900,44.68000030517578,44.7400016784668,44.7400016784668,44.65999984741211,36.00706100463867
2010-08-18,35600,44.619998931884766,44.5,44.68000030517578,44.5,35.81391143798828
2010-08-17,35700,44.5,44.560001373291016,44.58000183105469,44.439998626708984,35.862213134765625
2010-08-16,39500,44.459999084472656,44.459999084472656,44.459999084472656,44.36000061035156,35.78172302246094
2010-08-13,28500,44.34000015258789,44.380001068115234,44.400001525878906,44.2599983215332,35.717342376708984
2010-08-12,48700,44.2400016784668,44.279998779296875,44.29999923706055,44.18000030517578,35.63685989379883
2010-08-11,38600,44.13999938964844,44.15999984741211,44.220001220703125,44.060001373291016,35.540279388427734
2010-08-10,27000,44.08000183105469,44.099998474121094,44.099998474121094,44.0,35.49198913574219
2010-08-09,26600,44.18000030517578,43.97999954223633,44.18000030517578,43.97999954223633,35.39541244506836
2010-08-06,25400,44.02000045776367,44.040000915527344,45.58000183105469,43.880001068115234,35.44369125366211
2010-08-05,26400,43.939998626708984,43.939998626708984,43.959999084472656,43.86000061035156,35.36322021484375
2010-08-04,60100,43.91999816894531,43.880001068115234,43.97999954223633,43.84000015258789,35.314918518066406
2010-08-03,104900,43.84000015258789,43.86000061035156,43.86000061035156,43.720001220703125,35.298828125
2010-08-02,75500,43.81999969482422,43.81999969482422,43.84000015258789,43.7599983215332,35.266639709472656
2010-07-30,67800,43.7400016784668,43.91999816894531,43.97999954223633,43.7400016784668,35.24732971191406
2010-07-29,58200,43.79999923706055,43.900001525878906,43.91999816894531,43.79999923706055,35.231285095214844
2010-07-28,124200,43.91999816894531,43.91999816894531,43.91999816894531,43.779998779296875,35.24732971191406
2010-07-27,33200,43.97999954223633,43.84000015258789,43.97999954223633,43.79999923706055,35.1831169128418
2010-07-26,32600,43.7599983215332,43.86000061035156,43.880001068115234,43.7599983215332,35.199161529541016
2010-07-23,27700,43.880001068115234,43.880001068115234,43.880001068115234,43.7400016784668,35.2151985168457
2010-07-22,34900,43.91999816894531,43.7599983215332,43.91999816894531,43.68000030517578,35.1189079284668
2010-07-21,51900,43.79999923706055,43.86000061035156,43.86000061035156,43.720001220703125,35.199161529541016
2010-07-20,63700,43.7400016784668,43.779998779296875,43.779998779296875,43.68000030517578,35.13496017456055
2010-07-19,46900,43.68000030517578,43.68000030517578,43.70000076293945,43.619998931884766,35.05470275878906
2010-07-16,25800,43.560001373291016,43.65999984741211,43.65999984741211,43.459999084472656,35.038665771484375
2010-07-15,48700,43.599998474121094,43.599998474121094,43.619998931884766,43.5,34.99050521850586
2010-07-14,57700,43.540000915527344,43.58000183105469,43.599998474121094,43.459999084472656,34.9744758605957
2010-07-13,47800,43.459999084472656,43.52000045776367,43.52000045776367,43.439998626708984,34.92631530761719
2010-07-12,14100,43.47999954223633,43.5,43.5,43.380001068115234,34.91026306152344
2010-07-09,17500,43.5,43.439998626708984,43.5,43.36000061035156,34.86209487915039
2010-07-08,11600,43.47999954223633,43.459999084472656,43.560001373291016,43.380001068115234,34.878170013427734
2010-07-07,32600,43.29999923706055,43.34000015258789,43.5,43.20000076293945,34.78184509277344
2010-07-06,37300,43.18000030517578,43.220001220703125,43.34000015258789,43.18000030517578,34.685546875
2010-07-02,40500,43.099998474121094,43.20000076293945,43.31999969482422,43.099998474121094,34.669498443603516
2010-07-01,18300,43.20000076293945,43.15999984741211,43.220001220703125,43.060001373291016,34.63739776611328
2010-06-30,16600,43.119998931884766,43.2400016784668,43.279998779296875,43.119998931884766,34.60208511352539
2010-06-29,80900,43.08000183105469,43.08000183105469,43.900001525878906,42.84000015258789,34.47405242919922
2010-06-28,74200,42.959999084472656,43.0,43.15999984741211,42.79999923706055,34.41001510620117
2010-06-25,69100,42.779998779296875,42.79999923706055,42.97999954223633,42.7599983215332,34.24998092651367
2010-06-24,127600,42.97999954223633,42.7400016784668,42.97999954223633,42.7400016784668,34.201961517333984
2010-06-23,37200,42.900001525878906,42.900001525878906,43.040000915527344,42.84000015258789,34.32999801635742
2010-06-22,30700,42.91999816894531,43.0,43.0,42.86000061035156,34.41001510620117
2010-06-21,20900,42.959999084472656,42.79999923706055,42.959999084472656,42.779998779296875,34.24998092651367
2010-06-18,16200,42.959999084472656,42.959999084472656,42.959999084472656,42.880001068115234,34.378028869628906
2010-06-17,21200,42.91999816894531,42.880001068115234,42.97999954223633,42.779998779296875,34.31401062011719
2010-06-16,10400,42.84000015258789,42.959999084472656,43.0,42.84000015258789,34.378028869628906
2010-06-15,30400,43.099998474121094,42.900001525878906,43.099998474121094,42.779998779296875,34.32999801635742
2010-06-14,25400,43.060001373291016,42.959999084472656,43.15999984741211,42.900001525878906,34.378028869628906
2010-06-11,11400,43.08000183105469,43.099998474121094,43.099998474121094,43.02000045776367,34.49004364013672
2010-06-10,29900,43.13999938964844,43.08000183105469,43.13999938964844,43.02000045776367,34.47405242919922
2010-06-09,21000,43.18000030517578,43.13999938964844,43.18000030517578,43.040000915527344,34.52206039428711
2010-06-08,43700,43.279998779296875,43.220001220703125,43.31999969482422,43.15999984741211,34.58606719970703
2010-06-07,8800,43.2400016784668,43.20000076293945,43.29999923706055,43.20000076293945,34.57008361816406
2010-06-04,19600,43.2599983215332,43.2599983215332,43.31999969482422,43.20000076293945,34.618072509765625
2010-06-03,11500,43.31999969482422,43.2400016784668,43.31999969482422,43.220001220703125,34.60208511352539
2010-06-02,16600,43.2599983215332,43.29999923706055,43.29999923706055,43.20000076293945,34.65009689331055
2010-06-01,11900,43.2599983215332,43.279998779296875,43.279998779296875,43.15999984741211,34.63410186767578
2010-05-28,23400,43.400001525878906,43.29999923706055,43.400001525878906,43.29999923706055,34.550865173339844
2010-05-27,29700,43.29999923706055,43.29999923706055,43.5,43.29999923706055,34.550865173339844
2010-05-26,14300,43.5,43.5,43.540000915527344,43.400001525878906,34.710445404052734
2010-05-25,60700,43.31999969482422,43.599998474121094,44.08000183105469,43.31999969482422,34.79023361206055
2010-05-24,16900,43.2400016784668,43.29999923706055,43.400001525878906,43.20000076293945,34.550865173339844
2010-05-21,48000,43.439998626708984,43.400001525878906,43.439998626708984,43.29999923706055,34.630672454833984
2010-05-20,21300,43.34000015258789,43.29999923706055,43.34000015258789,43.15999984741211,34.550865173339844
2010-05-19,14000,43.2400016784668,43.15999984741211,43.2400016784668,43.15999984741211,34.43915939331055
2010-05-18,21400,43.18000030517578,43.18000030517578,43.20000076293945,43.13999938964844,34.45512008666992
2010-05-17,23000,43.0,43.119998931884766,43.220001220703125,42.97999954223633,34.40724563598633
2010-05-14,11300,42.97999954223633,43.15999984741211,43.15999984741211,42.97999954223633,34.43915939331055
2010-05-13,30200,42.939998626708984,43.099998474121094,43.400001525878906,42.939998626708984,34.391265869140625
2010-05-12,36100,43.02000045776367,43.060001373291016,43.08000183105469,42.900001525878906,34.359371185302734
2010-05-11,76900,43.099998474121094,43.02000045776367,43.13999938964844,42.86000061035156,34.32746124267578
2010-05-10,20600,43.02000045776367,42.959999084472656,43.119998931884766,42.900001525878906,34.279571533203125
2010-05-07,57600,42.900001525878906,43.02000045776367,43.08000183105469,42.79999923706055,34.32746124267578
2010-05-06,22000,44.279998779296875,43.040000915527344,44.279998779296875,42.91999816894531,34.34340286254883
2010-05-05,10100,43.060001373291016,43.060001373291016,43.13999938964844,42.939998626708984,34.359371185302734
2010-05-04,12700,43.040000915527344,43.060001373291016,43.060001373291016,42.959999084472656,34.359371185302734
2010-05-03,15700,43.040000915527344,43.040000915527344,43.119998931884766,42.959999084472656,34.34340286254883
2010-04-30,10800,43.02000045776367,43.08000183105469,43.220001220703125,43.02000045776367,34.27958297729492
2010-04-29,30600,43.15999984741211,43.119998931884766,43.15999984741211,43.02000045776367,34.31139373779297
2010-04-28,28200,43.20000076293945,43.099998474121094,43.2400016784668,43.040000915527344,34.29547882080078
2010-04-27,123000,42.86000061035156,43.20000076293945,43.380001068115234,42.86000061035156,34.375064849853516
2010-04-26,139000,42.939998626708984,43.08000183105469,43.099998474121094,42.939998626708984,34.27958297729492
2010-04-23,7900,43.040000915527344,42.97999954223633,43.040000915527344,42.91999816894531,34.19999313354492
2010-04-22,24300,43.0,43.02000045776367,43.02000045776367,42.900001525878906,34.23182678222656
2010-04-21,16600,42.91999816894531,42.91999816894531,42.97999954223633,42.86000061035156,34.15223693847656
2010-04-20,38700,42.880001068115234,42.900001525878906,42.900001525878906,42.779998779296875,34.1363525390625
2010-04-19,21700,42.86000061035156,42.86000061035156,42.880001068115234,42.79999923706055,34.10450744628906
2010-04-16,8700,42.720001220703125,42.79999923706055,42.79999923706055,42.70000076293945,34.05678176879883
2010-04-15,19000,42.65999984741211,42.65999984741211,42.779998779296875,42.599998474121094,33.94538116455078
2010-04-14,21900,42.599998474121094,42.7599983215332,42.779998779296875,42.560001373291016,34.024932861328125
2010-04-13,15500,42.63999938964844,42.58000183105469,42.68000030517578,42.560001373291016,33.88169860839844
2010-04-12,34500,42.439998626708984,42.63999938964844,42.68000030517578,42.439998626708984,33.92945861816406
2010-04-09,18900,42.439998626708984,42.47999954223633,42.560001373291016,42.439998626708984,33.802146911621094
2010-04-08,13500,42.459999084472656,42.560001373291016,42.560001373291016,42.459999084472656,33.86579895019531
2010-04-07,26600,42.540000915527344,42.459999084472656,42.63999938964844,42.41999816894531,33.78622817993164
2010-04-06,129000,42.41999816894531,42.52000045776367,42.560001373291016,42.279998779296875,33.83395767211914
2010-04-05,110900,42.560001373291016,42.34000015258789,42.560001373291016,42.34000015258789,33.690731048583984
2010-04-01,17400,42.599998474121094,42.560001373291016,42.599998474121094,42.439998626708984,33.86579895019531
2010-03-31,38600,42.7599983215332,42.70000076293945,42.7599983215332,42.58000183105469,33.88169860839844
2010-03-30,16100,42.70000076293945,42.70000076293945,42.79999923706055,42.70000076293945,33.88169860839844
2010-03-29,13800,42.779998779296875,42.779998779296875,42.779998779296875,42.63999938964844,33.9452018737793
2010-03-26,24700,42.84000015258789,42.779998779296875,42.84000015258789,42.70000076293945,33.9452018737793
2010-03-25,26700,43.040000915527344,42.7400016784668,43.040000915527344,42.63999938964844,33.913448333740234
2010-03-24,58600,43.15999984741211,43.02000045776367,43.2400016784668,42.97999954223633,34.1356315612793
2010-03-23,22900,43.279998779296875,43.20000076293945,43.279998779296875,43.20000076293945,34.2784538269043
2010-03-22,15100,43.29999923706055,43.31999969482422,43.34000015258789,43.20000076293945,34.37366485595703
2010-03-19,14700,43.29999923706055,43.29999923706055,43.31999969482422,43.220001220703125,34.35779571533203
2010-03-18,14800,43.279998779296875,43.2599983215332,43.31999969482422,43.2400016784668,34.326045989990234
2010-03-17,63400,43.459999084472656,43.29999923706055,43.459999084472656,43.279998779296875,34.35779571533203
2010-03-16,184800,43.15999984741211,43.400001525878906,49.79999923706055,43.15999984741211,34.4371452331543
2010-03-15,21100,43.31999969482422,43.220001220703125,43.31999969482422,43.18000030517578,34.29433822631836
2010-03-12,32700,43.29999923706055,43.31999969482422,43.34000015258789,43.13999938964844,34.37366485595703
2010-03-11,24500,43.279998779296875,43.15999984741211,43.29999923706055,43.15999984741211,34.246707916259766
2010-03-10,24100,43.279998779296875,43.29999923706055,43.29999923706055,43.2400016784668,34.35779571533203
2010-03-09,23800,43.2400016784668,43.279998779296875,43.279998779296875,43.20000076293945,34.34193801879883
2010-03-08,17600,43.2400016784668,43.20000076293945,43.2400016784668,43.08000183105469,34.2784538269043
2010-03-05,22000,43.2400016784668,43.18000030517578,43.279998779296875,43.15999984741211,34.26259231567383
2010-03-04,20400,43.08000183105469,43.2400016784668,43.2400016784668,43.060001373291016,34.3101806640625
2010-03-03,22300,43.15999984741211,43.18000030517578,43.2400016784668,43.040000915527344,34.26259231567383
2010-03-02,48800,43.040000915527344,43.18000030517578,43.279998779296875,43.0,34.26259231567383
2010-03-01,9400,43.13999938964844,43.119998931884766,43.13999938964844,43.040000915527344,34.214962005615234
2010-02-26,23600,43.2400016784668,43.20000076293945,43.279998779296875,43.099998474121094,34.18799591064453
2010-02-25,28300,43.08000183105469,43.2400016784668,43.2400016784668,43.08000183105469,34.219642639160156
2010-02-24,27300,43.13999938964844,43.15999984741211,43.18000030517578,43.040000915527344,34.156341552734375
2010-02-23,28400,43.060001373291016,43.119998931884766,43.13999938964844,43.02000045776367,34.124671936035156
2010-02-22,12300,42.959999084472656,42.97999954223633,43.060001373291016,42.939998626708984,34.013877868652344
2010-02-19,13000,43.0,42.97999954223633,43.040000915527344,42.880001068115234,34.013877868652344
2010-02-18,39700,43.13999938964844,43.0,43.13999938964844,42.939998626708984,34.02970504760742
2010-02-17,13400,43.119998931884766,43.099998474121094,43.119998931884766,43.040000915527344,34.108829498291016
2010-02-16,11000,42.97999954223633,43.099998474121094,43.099998474121094,42.97999954223633,34.108829498291016
2010-02-12,9600,43.08000183105469,43.099998474121094,43.099998474121094,42.939998626708984,34.108829498291016
2010-02-11,22900,43.08000183105469,43.060001373291016,43.119998931884766,42.97999954223633,34.07719421386719
2010-02-10,29600,43.040000915527344,43.060001373291016,43.119998931884766,42.959999084472656,34.07719421386719
2010-02-09,21200,42.900001525878906,42.959999084472656,43.08000183105469,42.900001525878906,33.998069763183594
2010-02-08,32200,42.900001525878906,43.040000915527344,43.220001220703125,42.86000061035156,34.06138229370117
2010-02-05,122800,42.959999084472656,43.060001373291016,43.08000183105469,42.900001525878906,34.07719421386719
2010-02-04,34700,42.880001068115234,42.939998626708984,42.959999084472656,42.7599983215332,33.982234954833984
2010-02-03,14800,42.84000015258789,42.880001068115234,42.880001068115234,42.70000076293945,33.93476486206055
2010-02-02,41300,42.70000076293945,42.84000015258789,42.86000061035156,42.70000076293945,33.90309524536133
2010-02-01,14900,42.70000076293945,42.720001220703125,42.7599983215332,42.65999984741211,33.808128356933594
2010-01-29,18000,42.79999923706055,42.81999969482422,42.900001525878906,42.70000076293945,33.789146423339844
2010-01-28,24400,42.79999923706055,42.779998779296875,42.880001068115234,42.68000030517578,33.75757598876953
2010-01-27,16200,42.7599983215332,42.79999923706055,42.84000015258789,42.720001220703125,33.77336502075195
2010-01-26,13700,42.7599983215332,42.779998779296875,42.79999923706055,42.599998474121094,33.75757598876953
2010-01-25,16100,42.7400016784668,42.779998779296875,42.779998779296875,42.68000030517578,33.75757598876953
2010-01-22,23900,42.599998474121094,42.779998779296875,42.779998779296875,42.58000183105469,33.75757598876953
2010-01-21,36000,42.599998474121094,42.79999923706055,42.79999923706055,42.599998474121094,33.77336502075195
2010-01-20,26400,42.70000076293945,42.7400016784668,42.84000015258789,42.619998931884766,33.726016998291016
2010-01-19,15100,42.720001220703125,42.7400016784668,42.7599983215332,42.63999938964844,33.726016998291016
2010-01-15,11800,42.70000076293945,42.720001220703125,42.79999923706055,42.599998474121094,33.710227966308594
2010-01-14,25400,42.68000030517578,42.7400016784668,42.779998779296875,42.619998931884766,33.726016998291016
2010-01-13,13300,42.70000076293945,42.63999938964844,42.7400016784668,42.560001373291016,33.64710998535156
2010-01-12,39000,42.63999938964844,42.68000030517578,42.70000076293945,42.459999084472656,33.67864227294922
2010-01-11,33800,42.5,42.63999938964844,42.7400016784668,42.5,33.64710998535156
2010-01-08,17300,42.68000030517578,42.68000030517578,42.70000076293945,42.599998474121094,33.67864227294922
2010-01-07,25200,42.599998474121094,42.70000076293945,42.70000076293945,42.540000915527344,33.69443893432617
2010-01-06,14100,42.540000915527344,42.599998474121094,42.63999938964844,42.52000045776367,33.615516662597656
2010-01-05,16600,42.540000915527344,42.58000183105469,42.63999938964844,42.439998626708984,33.59975051879883
2010-01-04,20100,42.540000915527344,42.41999816894531,42.599998474121094,42.41999816894531,33.4734992980957
2009-12-31,31000,42.41999816894531,42.58000183105469,42.63999938964844,42.41999816894531,33.59975051879883
2009-12-30,10800,42.400001525878906,42.41999816894531,42.65999984741211,42.400001525878906,33.4734992980957
2009-12-29,30800,42.599998474121094,42.599998474121094,42.70000076293945,42.58000183105469,33.615516662597656
2009-12-28,18800,42.7400016784668,42.7400016784668,42.779998779296875,42.63999938964844,33.618690490722656
2009-12-24,3800,42.779998779296875,42.63999938964844,42.79999923706055,42.599998474121094,33.54001998901367
2009-12-23,16300,42.68000030517578,42.720001220703125,42.81999969482422,42.560001373291016,33.602928161621094
2009-12-22,30800,42.959999084472656,42.599998474121094,42.959999084472656,42.599998474121094,33.50856399536133
2009-12-21,10300,42.900001525878906,42.91999816894531,42.939998626708984,42.70000076293945,33.760276794433594
2009-12-18,10400,42.7599983215332,42.939998626708984,42.959999084472656,42.7400016784668,33.775997161865234
2009-12-17,10200,42.880001068115234,42.939998626708984,42.959999084472656,42.84000015258789,33.775997161865234
2009-12-16,11900,42.939998626708984,42.79999923706055,42.97999954223633,42.7599983215332,33.66587829589844
2009-12-15,19900,42.939998626708984,42.81999969482422,43.02000045776367,42.81999969482422,33.681617736816406
2009-12-14,8900,42.939998626708984,42.939998626708984,43.02000045776367,42.84000015258789,33.775997161865234
2009-12-11,16500,42.97999954223633,42.939998626708984,43.0,42.900001525878906,33.775997161865234
2009-12-10,10800,43.02000045776367,43.0,43.099998474121094,42.900001525878906,33.823211669921875
2009-12-09,18000,43.08000183105469,42.959999084472656,43.15999984741211,42.939998626708984,33.79172134399414
2009-12-08,10800,42.900001525878906,42.97999954223633,43.099998474121094,42.900001525878906,33.807464599609375
2009-12-07,16400,43.0,43.060001373291016,43.099998474121094,42.939998626708984,33.870399475097656
2009-12-04,20700,43.02000045776367,43.060001373291016,43.08000183105469,42.900001525878906,33.870399475097656
2009-12-03,22700,43.0,43.060001373291016,43.08000183105469,42.900001525878906,33.870399475097656
2009-12-02,22700,42.900001525878906,42.900001525878906,43.099998474121094,42.86000061035156,33.74452590942383
2009-12-01,6500,42.79999923706055,42.86000061035156,42.91999816894531,42.720001220703125,33.71308517456055
2009-11-30,9800,42.720001220703125,42.91999816894531,42.959999084472656,42.720001220703125,33.66431427001953
2009-11-27,2600,42.68000030517578,42.7599983215332,42.880001068115234,42.68000030517578,33.53881072998047
2009-11-25,16300,42.81999969482422,42.84000015258789,42.880001068115234,42.68000030517578,33.601558685302734
2009-11-24,14500,42.720001220703125,42.79999923706055,42.84000015258789,42.380001068115234,33.570186614990234
2009-11-23,27300,42.79999923706055,42.7400016784668,42.84000015258789,42.70000076293945,33.52313232421875
2009-11-20,14700,42.619998931884766,42.79999923706055,42.84000015258789,42.619998931884766,33.570186614990234
2009-11-19,16200,42.68000030517578,42.7400016784668,42.779998779296875,42.29999923706055,33.52313232421875
2009-11-18,21800,42.540000915527344,42.70000076293945,42.70000076293945,42.540000915527344,33.49174880981445
2009-11-17,16900,42.52000045776367,42.599998474121094,42.599998474121094,42.5,33.41331100463867
2009-11-16,8100,42.279998779296875,42.31999969482422,42.47999954223633,42.279998779296875,33.19371032714844
2009-11-13,29300,42.41999816894531,42.380001068115234,42.52000045776367,42.2400016784668,33.240760803222656
2009-11-12,5200,42.279998779296875,42.41999816894531,42.47999954223633,42.2400016784668,33.272125244140625
2009-11-11,8100,42.36000061035156,42.31999969482422,42.439998626708984,42.220001220703125,33.19371032714844
2009-11-10,14400,42.279998779296875,42.2599983215332,42.400001525878906,42.040000915527344,33.14665603637695
2009-11-09,12200,42.31999969482422,42.29999923706055,42.36000061035156,42.060001373291016,33.178016662597656
2009-11-06,21900,42.29999923706055,42.400001525878906,42.400001525878906,41.84000015258789,33.256446838378906
2009-11-05,16800,42.220001220703125,42.380001068115234,42.380001068115234,42.099998474121094,33.240760803222656
2009-11-04,17300,42.29999923706055,42.31999969482422,42.41999816894531,42.099998474121094,33.19371032714844
2009-11-03,13800,42.29999923706055,42.29999923706055,42.36000061035156,42.2400016784668,33.178016662597656
2009-11-02,3700,42.29999923706055,42.31999969482422,42.34000015258789,42.099998474121094,33.19371032714844
2009-10-30,26600,42.36000061035156,42.31999969482422,42.41999816894531,41.91999816894531,33.094886779785156
2009-10-29,23700,42.439998626708984,42.439998626708984,42.459999084472656,42.29999923706055,33.18870544433594
2009-10-28,6200,42.2599983215332,42.439998626708984,42.47999954223633,42.2599983215332,33.18870544433594
2009-10-27,6600,42.400001525878906,42.41999816894531,42.41999816894531,42.29999923706055,33.17308044433594
2009-10-26,51500,42.400001525878906,42.380001068115234,42.459999084472656,42.119998931884766,33.14179992675781
2009-10-23,22000,42.41999816894531,42.31999969482422,42.540000915527344,42.220001220703125,33.094886779785156
2009-10-22,29600,42.400001525878906,42.41999816894531,42.439998626708984,42.040000915527344,33.17308044433594
2009-10-21,18400,42.31999969482422,42.439998626708984,42.459999084472656,42.220001220703125,33.18870544433594
2009-10-20,22100,42.279998779296875,42.400001525878906,42.400001525878906,42.279998779296875,33.15743637084961
2009-10-19,14900,42.29999923706055,42.41999816894531,42.5,42.220001220703125,33.17308044433594
2009-10-16,24900,42.400001525878906,42.5,42.540000915527344,42.34000015258789,33.235626220703125
2009-10-15,20500,42.220001220703125,42.279998779296875,42.5,42.040000915527344,33.063560485839844
2009-10-14,57200,42.58000183105469,42.29999923706055,42.58000183105469,42.060001373291016,33.07924270629883
2009-10-13,5900,42.5,42.47999954223633,42.720001220703125,42.47999954223633,33.21998977661133
2009-10-12,10700,42.81999969482422,42.560001373291016,42.959999084472656,42.400001525878906,33.28255081176758
2009-10-09,27400,42.7599983215332,42.79999923706055,43.099998474121094,42.599998474121094,33.47023391723633
2009-10-08,25800,43.02000045776367,42.7400016784668,43.31999969482422,42.7400016784668,33.423309326171875
2009-10-07,24100,43.52000045776367,43.400001525878906,43.52000045776367,43.2599983215332,33.939453125
2009-10-06,17500,43.720001220703125,43.52000045776367,43.720001220703125,43.52000045776367,34.03328323364258
2009-10-05,12800,43.63999938964844,43.7400016784668,43.7400016784668,43.540000915527344,34.20534896850586
2009-10-02,21300,43.52000045776367,43.779998779296875,43.779998779296875,43.380001068115234,34.236610412597656
2009-10-01,11100,43.70000076293945,43.7400016784668,43.7400016784668,43.560001373291016,34.20534896850586
2009-09-30,36200,43.79999923706055,43.7599983215332,43.81999969482422,43.599998474121094,34.125553131103516
2009-09-29,21200,43.7599983215332,43.7599983215332,43.79999923706055,43.63999938964844,34.125553131103516
2009-09-28,14900,43.70000076293945,43.70000076293945,43.7400016784668,43.52000045776367,34.078792572021484
2009-09-25,45400,43.68000030517578,43.7400016784668,43.7400016784668,43.29999923706055,34.10996627807617
2009-09-24,14800,43.65999984741211,43.65999984741211,43.70000076293945,43.52000045776367,34.047576904296875
2009-09-23,15800,43.540000915527344,43.47999954223633,43.58000183105469,43.400001525878906,33.9072151184082
2009-09-22,13600,43.400001525878906,43.540000915527344,43.560001373291016,43.380001068115234,33.95398712158203
2009-09-21,7200,43.18000030517578,43.36000061035156,43.36000061035156,43.13999938964844,33.813629150390625
2009-09-18,13900,43.2599983215332,43.34000015258789,43.36000061035156,43.15999984741211,33.79804229736328
2009-09-17,23200,43.08000183105469,43.220001220703125,43.34000015258789,42.86000061035156,33.704463958740234
2009-09-16,17900,42.97999954223633,43.02000045776367,43.060001373291016,42.97999954223633,33.548500061035156
2009-09-15,17200,43.0,42.959999084472656,43.0,42.7599983215332,33.50168991088867
2009-09-14,12700,42.939998626708984,42.91999816894531,42.939998626708984,42.7400016784668,33.47050094604492
2009-09-11,20700,42.70000076293945,42.900001525878906,42.959999084472656,42.619998931884766,33.454917907714844
2009-09-10,18900,42.619998931884766,42.79999923706055,42.79999923706055,42.540000915527344,33.37693786621094
2009-09-09,14500,42.58000183105469,42.58000183105469,42.599998474121094,42.459999084472656,33.20536422729492
2009-09-08,12500,42.58000183105469,42.58000183105469,42.58000183105469,42.29999923706055,33.20536422729492
2009-09-04,21900,42.58000183105469,42.58000183105469,42.58000183105469,42.29999923706055,33.20536422729492
2009-09-03,8000,42.439998626708984,42.52000045776367,42.540000915527344,42.2400016784668,33.15858459472656
2009-09-02,16000,42.099998474121094,42.2400016784668,42.41999816894531,42.0,32.94021987915039
2009-09-01,26300,41.97999954223633,42.36000061035156,42.36000061035156,41.880001068115234,33.0338249206543
2009-08-31,7500,42.13999938964844,42.220001220703125,42.34000015258789,42.13999938964844,32.82638168334961
2009-08-28,9300,42.02000045776367,42.18000030517578,42.29999923706055,42.02000045776367,32.79527282714844
2009-08-27,15100,42.13999938964844,42.02000045776367,42.29999923706055,41.86000061035156,32.67085266113281
2009-08-26,18500,42.15999984741211,42.20000076293945,42.31999969482422,41.959999084472656,32.81079864501953
2009-08-25,13900,42.20000076293945,42.18000030517578,42.20000076293945,42.13999938964844,32.79527282714844
2009-08-24,18900,42.13999938964844,42.040000915527344,42.15999984741211,42.02000045776367,32.6864013671875
2009-08-21,22800,42.119998931884766,42.119998931884766,42.18000030517578,42.08000183105469,32.748626708984375
2009-08-20,19300,42.13999938964844,42.119998931884766,42.15999984741211,41.959999084472656,32.748626708984375
2009-08-19,39200,41.86000061035156,42.060001373291016,42.5,41.81999969482422,32.701961517333984
2009-08-18,16900,41.97999954223633,42.08000183105469,42.220001220703125,41.86000061035156,32.717506408691406
2009-08-17,26400,41.900001525878906,41.900001525878906,41.91999816894531,41.70000076293945,32.57757568359375
2009-08-14,11100,41.900001525878906,41.779998779296875,41.900001525878906,41.7400016784668,32.48423767089844
2009-08-13,7800,41.86000061035156,41.84000015258789,41.91999816894531,41.779998779296875,32.530914306640625
2009-08-12,15000,41.91999816894531,41.81999969482422,41.91999816894531,41.70000076293945,32.515377044677734
2009-08-11,36900,41.7599983215332,41.7599983215332,41.91999816894531,41.70000076293945,32.46873092651367
2009-08-10,7500,41.84000015258789,41.86000061035156,41.86000061035156,41.65999984741211,32.54646682739258
2009-08-07,12700,41.81999969482422,41.81999969482422,41.86000061035156,41.52000045776367,32.515377044677734
2009-08-06,12500,41.84000015258789,41.84000015258789,41.959999084472656,41.70000076293945,32.530914306640625
2009-08-05,16500,41.70000076293945,41.86000061035156,41.959999084472656,41.63999938964844,32.54646682739258
2009-08-04,24900,41.7400016784668,41.720001220703125,41.939998626708984,41.41999816894531,32.4376220703125
2009-08-03,27300,41.7400016784668,41.68000030517578,41.7400016784668,41.2599983215332,32.40650939941406
2009-07-31,19400,41.65999984741211,41.81999969482422,41.959999084472656,41.560001373291016,32.40961456298828
2009-07-30,18900,41.70000076293945,41.79999923706055,41.79999923706055,41.560001373291016,32.39411544799805
2009-07-29,15200,41.68000030517578,41.7400016784668,41.900001525878906,41.68000030517578,32.34761047363281
2009-07-28,11400,41.619998931884766,41.70000076293945,41.720001220703125,41.560001373291016,32.31663513183594
2009-07-27,17900,41.79999923706055,41.720001220703125,41.81999969482422,41.599998474121094,32.33213806152344
2009-07-24,38000,41.7599983215332,41.84000015258789,41.97999954223633,41.2599983215332,32.42512512207031
2009-07-23,22400,41.599998474121094,41.7599983215332,41.7599983215332,41.20000076293945,32.36313247680664
2009-07-22,14400,41.619998931884766,41.68000030517578,41.68000030517578,41.2400016784668,32.30111312866211
2009-07-21,14500,41.5,41.63999938964844,41.779998779296875,41.5,32.27012634277344
2009-07-20,5000,41.41999816894531,41.599998474121094,41.599998474121094,41.41999816894531,32.23912048339844
2009-07-17,20500,41.52000045776367,41.29999923706055,41.52000045776367,41.040000915527344,32.00663375854492
2009-07-16,6300,41.52000045776367,41.15999984741211,41.540000915527344,41.119998931884766,31.89814567565918
2009-07-15,9800,41.599998474121094,41.41999816894531,41.63999938964844,41.20000076293945,32.09959030151367
2009-07-14,14400,41.58000183105469,41.41999816894531,41.7400016784668,41.15999984741211,32.09959030151367
2009-07-13,15200,41.5,41.5,41.65999984741211,41.41999816894531,32.1616325378418
2009-07-10,18800,41.41999816894531,41.400001525878906,41.63999938964844,41.119998931884766,32.084144592285156
2009-07-09,18100,41.02000045776367,41.34000015258789,41.599998474121094,40.959999084472656,32.03764343261719
2009-07-08,7600,40.68000030517578,41.13999938964844,41.2400016784668,40.68000030517578,31.882638931274414
2009-07-07,7200,40.36000061035156,40.81999969482422,40.81999969482422,40.279998779296875,31.634653091430664
2009-07-06,8200,40.47999954223633,40.459999084472656,40.720001220703125,40.220001220703125,31.35564422607422
2009-07-02,26300,40.900001525878906,40.560001373291016,40.900001525878906,40.20000076293945,31.43315315246582
2009-07-01,57600,41.08000183105469,40.619998931884766,41.099998474121094,40.5,31.479652404785156
2009-06-30,4700,40.79999923706055,41.119998931884766,41.119998931884766,40.720001220703125,31.76326560974121
2009-06-29,7800,41.15999984741211,41.20000076293945,41.20000076293945,40.939998626708984,31.8250789642334
2009-06-26,12100,41.15999984741211,41.099998474121094,41.380001068115234,40.68000030517578,31.74783706665039
2009-06-25,3300,40.7599983215332,41.220001220703125,41.220001220703125,40.7400016784668,31.840539932250977
2009-06-24,5800,41.18000030517578,40.91999816894531,41.220001220703125,40.91999816894531,31.608806610107422
2009-06-23,16300,40.91999816894531,41.18000030517578,41.18000030517578,40.720001220703125,31.809633255004883
2009-06-22,12500,41.060001373291016,41.0,41.20000076293945,40.63999938964844,31.670595169067383
2009-06-19,6000,41.099998474121094,41.08000183105469,41.099998474121094,40.7400016784668,31.732364654541016
2009-06-18,9900,41.099998474121094,41.13999938964844,41.13999938964844,40.68000030517578,31.778724670410156
2009-06-17,2500,40.97999954223633,41.08000183105469,41.099998474121094,40.779998779296875,31.732364654541016
2009-06-16,8400,40.97999954223633,40.599998474121094,41.02000045776367,40.52000045776367,31.36161994934082
2009-06-15,8000,40.939998626708984,41.02000045776367,41.099998474121094,40.779998779296875,31.686058044433594
2009-06-12,17400,40.939998626708984,40.959999084472656,40.959999084472656,40.459999084472656,31.639692306518555
2009-06-11,9800,41.08000183105469,40.900001525878906,41.13999938964844,40.779998779296875,31.59334373474121
2009-06-10,13200,41.2599983215332,41.08000183105469,41.29999923706055,40.939998626708984,31.732364654541016
2009-06-09,20100,41.400001525878906,41.400001525878906,41.63999938964844,41.29999923706055,31.979595184326172
2009-06-08,7800,41.599998474121094,41.400001525878906,41.599998474121094,41.29999923706055,31.979595184326172
2009-06-05,20300,41.2400016784668,41.619998931884766,41.84000015258789,41.2400016784668,32.149513244628906
2009-06-04,6800,41.5,41.099998474121094,41.70000076293945,41.060001373291016,31.74783706665039
2009-06-03,10200,41.63999938964844,41.68000030517578,41.70000076293945,41.560001373291016,32.19586181640625
2009-06-02,11000,40.91999816894531,41.5,41.70000076293945,40.91999816894531,32.056827545166016
2009-06-01,13000,41.400001525878906,41.20000076293945,41.779998779296875,41.08000183105469,31.8250789642334
2009-05-29,14900,41.91999816894531,41.900001525878906,42.099998474121094,41.540000915527344,32.26384353637695
2009-05-28,7800,42.0,41.939998626708984,42.099998474121094,41.91999816894531,32.294639587402344
2009-05-27,10500,42.15999984741211,41.68000030517578,42.18000030517578,41.68000030517578,32.09443664550781
2009-05-26,8400,42.459999084472656,42.15999984741211,42.459999084472656,42.15999984741211,32.46403884887695
2009-05-22,5400,42.380001068115234,42.36000061035156,42.7599983215332,42.279998779296875,32.61806869506836
2009-05-21,25500,42.36000061035156,42.380001068115234,42.5,42.20000076293945,32.6334342956543
2009-05-20,10500,42.2599983215332,42.34000015258789,42.36000061035156,42.15999984741211,32.602657318115234
2009-05-19,8600,42.099998474121094,42.18000030517578,42.20000076293945,42.08000183105469,32.479461669921875
2009-05-18,34400,42.13999938964844,42.0,44.20000076293945,41.2400016784668,32.340843200683594
2009-05-15,14600,42.119998931884766,42.08000183105469,42.15999984741211,41.7400016784668,32.40243911743164
2009-05-14,9600,41.540000915527344,41.84000015258789,42.02000045776367,41.400001525878906,32.21762466430664
2009-05-13,11500,41.959999084472656,41.720001220703125,42.0,41.70000076293945,32.1252326965332
2009-05-12,14700,41.959999084472656,41.86000061035156,41.97999954223633,41.7400016784668,32.233036041259766
2009-05-11,11600,41.779998779296875,41.70000076293945,41.86000061035156,41.52000045776367,32.10984420776367
2009-05-08,10800,41.7400016784668,41.65999984741211,41.81999969482422,41.36000061035156,32.079036712646484
2009-05-07,17900,41.720001220703125,41.70000076293945,41.7400016784668,41.36000061035156,32.10984420776367
2009-05-06,11900,41.58000183105469,41.619998931884766,41.65999984741211,41.36000061035156,32.04825973510742
2009-05-05,9200,41.58000183105469,41.540000915527344,41.619998931884766,41.400001525878906,31.986623764038086
2009-05-04,3500,41.58000183105469,41.560001373291016,41.599998474121094,41.36000061035156,32.002037048339844
2009-05-01,15900,41.63999938964844,41.599998474121094,41.63999938964844,41.540000915527344,32.032840728759766
2009-04-30,4400,41.7599983215332,41.70000076293945,41.7599983215332,41.599998474121094,32.008209228515625
2009-04-29,10500,41.84000015258789,41.619998931884766,41.86000061035156,41.599998474121094,31.946792602539062
2009-04-28,6000,41.81999969482422,41.84000015258789,41.900001525878906,41.619998931884766,32.115657806396484
2009-04-27,11400,41.900001525878906,41.900001525878906,42.060001373291016,41.84000015258789,32.161720275878906
2009-04-24,10800,41.959999084472656,41.939998626708984,41.97999954223633,41.86000061035156,32.192420959472656
2009-04-23,12300,42.099998474121094,42.040000915527344,42.15999984741211,41.939998626708984,32.2691650390625
2009-04-22,23800,42.0,42.060001373291016,42.08000183105469,41.70000076293945,32.28451919555664
2009-04-21,7300,41.91999816894531,42.060001373291016,42.060001373291016,41.91999816894531,32.28451919555664
2009-04-20,5800,41.86000061035156,41.79999923706055,41.86000061035156,41.7400016784668,32.08494567871094
2009-04-17,5100,41.70000076293945,41.540000915527344,41.7400016784668,41.540000915527344,31.885377883911133
2009-04-16,10800,41.36000061035156,41.65999984741211,41.65999984741211,41.36000061035156,31.97747802734375
2009-04-15,15600,41.279998779296875,41.380001068115234,41.52000045776367,41.20000076293945,31.7625732421875
2009-04-14,6400,41.18000030517578,41.29999923706055,41.29999923706055,41.040000915527344,31.701160430908203
2009-04-13,8300,40.91999816894531,41.20000076293945,41.20000076293945,40.91999816894531,31.624391555786133
2009-04-09,8900,41.099998474121094,40.939998626708984,41.20000076293945,40.91999816894531,31.424837112426758
2009-04-08,25700,41.060001373291016,41.0,41.220001220703125,40.70000076293945,31.470897674560547
2009-04-07,6400,41.15999984741211,41.15999984741211,41.20000076293945,40.97999954223633,31.59368896484375
2009-04-06,9600,41.15999984741211,41.20000076293945,41.279998779296875,41.0,31.624391555786133
2009-04-03,18100,41.13999938964844,41.20000076293945,41.29999923706055,41.13999938964844,31.624391555786133
2009-04-02,81400,41.13999938964844,41.02000045776367,41.2400016784668,40.29999923706055,31.486238479614258
2009-04-01,21900,41.119998931884766,41.119998931884766,41.15999984741211,40.81999969482422,31.5629940032959
2009-03-31,22700,41.15999984741211,40.84000015258789,41.279998779296875,40.84000015258789,31.249820709228516
2009-03-30,55200,41.15999984741211,40.91999816894531,41.15999984741211,40.560001373291016,31.311044692993164
2009-03-27,15100,41.15999984741211,41.099998474121094,41.15999984741211,40.65999984741211,31.448747634887695
2009-03-26,11300,41.18000030517578,41.0,41.18000030517578,40.900001525878906,31.37226104736328
2009-03-25,46000,41.13999938964844,40.91999816894531,41.2599983215332,40.58000183105469,31.311044692993164
2009-03-24,5600,41.380001068115234,41.29999923706055,41.400001525878906,41.20000076293945,31.601802825927734
2009-03-23,13700,41.279998779296875,41.279998779296875,41.52000045776367,41.08000183105469,31.586515426635742
2009-03-20,6900,41.400001525878906,41.31999969482422,41.400001525878906,41.18000030517578,31.617115020751953
2009-03-19,129600,41.060001373291016,41.41999816894531,45.0,40.68000030517578,31.693618774414062
2009-03-18,17500,40.459999084472656,40.599998474121094,40.7599983215332,40.08000183105469,31.066165924072266
2009-03-17,9200,40.779998779296875,40.65999984741211,40.880001068115234,40.400001525878906,31.11207389831543
2009-03-16,13500,40.31999969482422,40.20000076293945,40.84000015258789,40.040000915527344,30.760108947753906
2009-03-13,12200,40.84000015258789,40.900001525878906,40.900001525878906,40.779998779296875,31.295730590820312
2009-03-12,9200,40.86000061035156,40.84000015258789,40.880001068115234,40.540000915527344,31.249820709228516
2009-03-11,6400,40.779998779296875,40.779998779296875,40.939998626708984,40.459999084472656,31.203903198242188
2009-03-10,6300,40.900001525878906,40.7400016784668,40.939998626708984,40.47999954223633,31.17329978942871
2009-03-09,13900,41.02000045776367,41.0,41.099998474121094,40.459999084472656,31.37226104736328
2009-03-06,98900,41.02000045776367,41.2599983215332,41.2599983215332,40.70000076293945,31.571197509765625
2009-03-05,14500,40.41999816894531,41.08000183105469,41.119998931884766,40.41999816894531,31.433475494384766
2009-03-04,12600,41.02000045776367,41.0,41.119998931884766,40.439998626708984,31.37226104736328
2009-03-03,13400,41.220001220703125,41.34000015258789,41.459999084472656,40.279998779296875,31.632434844970703
2009-03-02,12200,41.31999969482422,41.380001068115234,41.560001373291016,41.02000045776367,31.663021087646484
2009-02-27,4800,41.47999954223633,41.619998931884766,41.619998931884766,40.939998626708984,31.750255584716797
2009-02-26,41700,41.599998474121094,41.29999923706055,41.619998931884766,41.119998931884766,31.506141662597656
2009-02-25,3100,41.7400016784668,41.7400016784668,41.7400016784668,41.5,31.84177589416504
2009-02-24,40300,41.70000076293945,41.5,47.7599983215332,41.5,31.658702850341797
2009-02-23,13800,41.29999923706055,41.81999969482422,41.81999969482422,41.29999923706055,31.902816772460938
2009-02-20,5200,41.779998779296875,41.31999969482422,41.880001068115234,41.29999923706055,31.521404266357422
2009-02-19,13200,41.2400016784668,41.29999923706055,41.939998626708984,41.119998931884766,31.506141662597656
2009-02-18,9100,41.939998626708984,41.52000045776367,42.02000045776367,41.52000045776367,31.673961639404297
2009-02-17,9700,41.97999954223633,42.0,42.060001373291016,41.0,32.04012680053711
2009-02-13,4600,41.900001525878906,42.0,42.099998474121094,41.900001525878906,32.04012680053711
2009-02-12,4600,42.060001373291016,41.70000076293945,42.20000076293945,41.70000076293945,31.81128692626953
2009-02-11,2300,41.79999923706055,42.08000183105469,42.15999984741211,41.7599983215332,32.101173400878906
2009-02-10,10400,42.15999984741211,42.119998931884766,42.20000076293945,42.0,32.13166046142578
2009-02-09,2600,41.959999084472656,42.099998474121094,42.31999969482422,41.880001068115234,32.11641311645508
2009-02-06,5900,43.20000076293945,42.400001525878906,43.20000076293945,41.91999816894531,32.34528732299805
2009-02-05,9600,42.220001220703125,42.380001068115234,42.41999816894531,42.0,32.330013275146484
2009-02-04,7800,42.220001220703125,42.29999923706055,42.29999923706055,41.459999084472656,32.26898193359375
2009-02-03,7900,41.91999816894531,41.720001220703125,42.08000183105469,41.70000076293945,31.8265380859375
2009-02-02,5800,42.18000030517578,41.880001068115234,42.18000030517578,41.880001068115234,31.948583602905273
2009-01-30,4200,42.0,41.52000045776367,42.0,41.52000045776367,31.588523864746094
2009-01-29,7600,41.63999938964844,41.939998626708984,41.939998626708984,41.5,31.908077239990234
2009-01-28,11600,41.619998931884766,41.880001068115234,41.880001068115234,41.619998931884766,31.862422943115234
2009-01-27,2500,41.720001220703125,41.720001220703125,41.720001220703125,41.560001373291016,31.74068260192871
2009-01-26,14100,41.439998626708984,41.2599983215332,41.7400016784668,40.58000183105469,31.390727996826172
2009-01-23,13700,41.599998474121094,40.279998779296875,41.81999969482422,40.279998779296875,30.645130157470703
2009-01-22,9300,41.599998474121094,40.20000076293945,41.599998474121094,40.20000076293945,30.584270477294922
2009-01-21,22800,41.47999954223633,41.619998931884766,41.84000015258789,40.7400016784668,31.66461944580078
2009-01-20,13400,41.79999923706055,41.619998931884766,43.0,41.619998931884766,31.66461944580078
2009-01-16,7100,42.119998931884766,42.400001525878906,42.41999816894531,41.959999084472656,32.25803756713867
2009-01-15,4600,41.619998931884766,42.29999923706055,42.34000015258789,41.619998931884766,32.18194580078125
2009-01-14,6400,42.2400016784668,42.2599983215332,42.279998779296875,41.7599983215332,32.151519775390625
2009-01-13,3400,41.63999938964844,41.619998931884766,41.68000030517578,41.220001220703125,31.66461944580078
2009-01-12,14200,41.619998931884766,41.58000183105469,41.619998931884766,41.099998474121094,31.634183883666992
2009-01-09,13700,41.18000030517578,41.2400016784668,41.459999084472656,40.41999816894531,31.37550163269043
2009-01-08,2400,41.060001373291016,41.040000915527344,41.060001373291016,40.400001525878906,31.223318099975586
2009-01-07,14400,40.65999984741211,40.900001525878906,40.900001525878906,39.79999923706055,31.116846084594727
2009-01-06,7300,40.15999984741211,40.540000915527344,41.040000915527344,39.900001525878906,30.84293556213379
2009-01-05,4000,39.599998474121094,40.18000030517578,40.779998779296875,39.380001068115234,30.569034576416016
2009-01-02,1000,40.2400016784668,40.0,40.2400016784668,40.0,30.432098388671875
2008-12-31,12500,40.119998931884766,39.900001525878906,40.18000030517578,39.08000183105469,30.35601806640625
2008-12-30,13900,39.560001373291016,40.20000076293945,40.20000076293945,38.65999984741211,30.584270477294922
2008-12-29,11200,39.439998626708984,38.900001525878906,39.81999969482422,38.900001525878906,29.595247268676758
2008-12-26,1100,39.619998931884766,39.560001373291016,39.619998931884766,39.5,30.097335815429688
2008-12-24,9000,39.47999954223633,39.58000183105469,39.68000030517578,39.060001373291016,30.018217086791992
2008-12-23,18500,39.34000015258789,38.2599983215332,39.65999984741211,38.2599983215332,29.0170955657959
2008-12-22,24100,39.2400016784668,38.81999969482422,39.84000015258789,38.720001220703125,29.441831588745117
2008-12-19,21200,38.52000045776367,38.939998626708984,39.0,37.400001525878906,29.53285026550293
2008-12-18,26100,38.400001525878906,36.91999816894531,38.52000045776367,36.81999969482422,28.000823974609375
2008-12-17,18400,37.720001220703125,37.099998474121094,37.880001068115234,36.41999816894531,28.137348175048828
2008-12-16,8600,36.0,36.0,37.900001525878906,35.880001068115234,27.303081512451172
2008-12-15,5300,37.720001220703125,36.18000030517578,37.86000061035156,36.060001373291016,27.439605712890625
2008-12-12,9800,37.91999816894531,36.41999816894531,37.97999954223633,36.41999816894531,27.621610641479492
2008-12-11,11300,37.900001525878906,37.18000030517578,38.13999938964844,36.68000030517578,28.198026657104492
2008-12-10,3100,38.20000076293945,37.97999954223633,38.20000076293945,36.880001068115234,28.804752349853516
2008-12-09,9900,38.20000076293945,37.060001373291016,38.70000076293945,37.040000915527344,28.107004165649414
2008-12-08,5000,38.84000015258789,38.779998779296875,38.86000061035156,38.599998474121094,29.41149139404297
2008-12-05,8600,38.540000915527344,38.84000015258789,38.84000015258789,37.459999084472656,29.456998825073242
2008-12-04,3500,38.15999984741211,38.599998474121094,38.599998474121094,37.79999923706055,29.274972915649414
2008-12-03,4000,38.880001068115234,38.720001220703125,38.880001068115234,38.2400016784668,29.36595344543457
2008-12-02,21000,39.41999816894531,38.47999954223633,39.47999954223633,38.47999954223633,29.18397331237793
2008-12-01,20200,38.65999984741211,39.459999084472656,39.58000183105469,38.65999984741211,29.92721939086914
2008-11-28,1600,39.439998626708984,39.599998474121094,39.599998474121094,39.439998626708984,29.922643661499023
2008-11-26,6800,40.380001068115234,39.599998474121094,40.380001068115234,39.400001525878906,29.922643661499023
2008-11-25,3700,39.68000030517578,39.7599983215332,39.91999816894531,39.68000030517578,30.043554306030273
2008-11-24,6700,40.0,39.900001525878906,40.0,39.02000045776367,30.149351119995117
2008-11-21,9700,40.20000076293945,39.86000061035156,40.20000076293945,39.0,30.11913299560547
2008-11-20,22600,40.13999938964844,40.380001068115234,40.70000076293945,38.63999938964844,30.512039184570312
2008-11-19,21900,40.400001525878906,40.31999969482422,40.400001525878906,39.400001525878906,30.466720581054688
2008-11-18,12100,38.79999923706055,39.91999816894531,39.91999816894531,38.79999923706055,30.164457321166992
2008-11-17,12600,40.29999923706055,39.20000076293945,40.29999923706055,38.29999923706055,29.620412826538086
2008-11-14,8200,40.0,39.84000015258789,40.0,39.599998474121094,30.10402488708496
2008-11-13,2900,39.720001220703125,39.7599983215332,39.7599983215332,39.380001068115234,30.043554306030273
2008-11-12,3700,39.779998779296875,39.31999969482422,40.15999984741211,39.31999969482422,29.71109390258789
2008-11-11,7400,38.880001068115234,39.79999923706055,40.099998474121094,38.880001068115234,30.07378387451172
2008-11-10,11400,39.599998474121094,38.68000030517578,39.7400016784668,38.68000030517578,29.22749900817871
2008-11-07,6700,38.13999938964844,39.099998474121094,39.7599983215332,37.97999954223633,29.544849395751953
2008-11-06,2100,39.7400016784668,39.63999938964844,39.7400016784668,39.02000045776367,29.952899932861328
2008-11-05,20500,39.619998931884766,39.599998474121094,39.900001525878906,39.279998779296875,29.922643661499023
2008-11-04,5900,38.70000076293945,39.5,39.63999938964844,38.70000076293945,29.84710121154785
2008-11-03,8900,39.15999984741211,39.20000076293945,39.70000076293945,38.959999084472656,29.620412826538086
2008-10-31,1100,39.36000061035156,38.7599983215332,39.36000061035156,38.68000030517578,29.198768615722656
2008-10-30,11900,38.79999923706055,39.279998779296875,39.70000076293945,38.79999923706055,29.590518951416016
2008-10-29,5200,38.540000915527344,39.0,39.5,38.2400016784668,29.379568099975586
2008-10-28,6500,39.900001525878906,38.0,39.900001525878906,38.0,28.626251220703125
2008-10-27,4300,38.0,38.0,38.0,38.0,28.626251220703125
2008-10-24,1500,39.599998474121094,38.20000076293945,39.79999923706055,38.20000076293945,28.77692985534668
2008-10-23,3300,38.07600021362305,37.97999954223633,38.07600021362305,37.79999923706055,28.611181259155273
2008-10-22,16300,37.01599884033203,37.36000061035156,37.36000061035156,37.01599884033203,28.144123077392578
2008-10-21,17000,36.86000061035156,36.7400016784668,36.87200164794922,36.70000076293945,27.67706298828125
2008-10-20,3300,36.720001220703125,36.560001373291016,36.720001220703125,36.560001373291016,27.54146957397461
2008-10-17,0,35.900001525878906,35.900001525878906,35.900001525878906,35.900001525878906,27.044269561767578
2008-10-16,10000,36.79999923706055,35.900001525878906,37.040000915527344,35.900001525878906,27.044269561767578
2008-10-15,5000,37.36000061035156,37.400001525878906,37.400001525878906,37.36000061035156,28.174264907836914
2008-10-14,1300,37.439998626708984,37.47999954223633,37.47999954223633,37.439998626708984,28.234529495239258
2008-10-13,0,37.20000076293945,37.20000076293945,37.20000076293945,37.20000076293945,28.023595809936523
2008-10-10,3000,37.599998474121094,37.20000076293945,37.599998474121094,37.20000076293945,28.023595809936523
2008-10-09,4800,38.53200149536133,38.220001220703125,38.5359992980957,38.220001220703125,28.79197883605957
2008-10-08,1300,39.0,39.0,40.0,39.0,29.379568099975586
2008-10-07,1000,39.599998474121094,39.20000076293945,39.599998474121094,39.20000076293945,29.530235290527344
2008-10-06,8500,38.599998474121094,38.50400161743164,38.720001220703125,38.47999954223633,29.005918502807617
2008-10-03,4500,38.92399978637695,38.81999969482422,39.0,38.81999969482422,29.243974685668945
2008-10-02,1500,39.20000076293945,39.06399917602539,39.20000076293945,39.040000915527344,29.42778968811035
2008-10-01,1800,38.400001525878906,39.555999755859375,39.555999755859375,38.400001525878906,29.798418045043945
2008-09-30,5300,39.599998474121094,39.560001373291016,39.70800018310547,39.560001373291016,29.717653274536133
2008-09-29,4800,39.599998474121094,39.09600067138672,39.599998474121094,39.0,29.36911392211914
2008-09-26,87500,40.624000549316406,39.279998779296875,40.68000030517578,39.279998779296875,29.507326126098633
2008-09-25,33000,39.720001220703125,40.45600128173828,40.45600128173828,39.720001220703125,30.39072608947754
2008-09-24,15300,40.0,39.97999954223633,40.0,39.880001068115234,30.03316879272461
2008-09-23,7500,40.099998474121094,40.279998779296875,40.279998779296875,40.099998474121094,30.258543014526367
2008-09-22,4300,39.90399932861328,40.36000061035156,40.36000061035156,39.90399932861328,30.318618774414062
2008-09-19,34500,40.8120002746582,41.060001373291016,42.86000061035156,39.90800094604492,30.844482421875
2008-09-18,5500,41.279998779296875,41.119998931884766,41.279998779296875,41.119998931884766,30.889545440673828
2008-09-17,23000,41.36000061035156,41.2760009765625,41.380001068115234,41.25600051879883,31.00674057006836
2008-09-16,10500,41.56800079345703,41.540000915527344,41.731998443603516,41.41999816894531,31.20503807067871
2008-09-15,2300,41.52000045776367,41.52000045776367,41.52000045776367,41.52000045776367,31.19003677368164
2008-09-12,5800,41.36000061035156,41.47999954223633,41.56800079345703,41.36000061035156,31.159990310668945
2008-09-11,11500,41.560001373291016,41.65999984741211,41.65999984741211,41.448001861572266,31.29519271850586
2008-09-10,2000,41.52000045776367,41.52000045776367,41.52000045776367,41.52000045776367,31.19003677368164
2008-09-09,6500,41.41600036621094,41.41999816894531,41.43199920654297,41.40399932861328,31.114912033081055
2008-09-08,22300,41.428001403808594,41.507999420166016,41.507999420166016,41.20000076293945,31.181007385253906
2008-09-05,7000,41.43600082397461,41.40800094604492,41.43600082397461,41.40800094604492,31.105905532836914
2008-09-04,1800,41.30400085449219,41.31999969482422,41.31999969482422,41.30400085449219,31.039785385131836
2008-09-03,500,41.18000030517578,41.18000030517578,41.18000030517578,41.18000030517578,30.934612274169922
2008-09-02,17000,41.124000549316406,41.08399963378906,41.13199996948242,40.959999084472656,30.86250877380371
2008-08-29,6000,41.279998779296875,41.279998779296875,41.279998779296875,41.279998779296875,30.91147804260254
2008-08-28,8800,41.236000061035156,41.2239990234375,41.236000061035156,41.13999938964844,30.869550704956055
2008-08-27,300,41.284000396728516,41.284000396728516,41.284000396728516,41.284000396728516,30.914480209350586
2008-08-26,500,41.327999114990234,41.34400177001953,41.34400177001953,41.327999114990234,30.959409713745117
2008-08-25,4800,41.332000732421875,41.284000396728516,41.332000732421875,41.268001556396484,30.914480209350586
2008-08-22,0,41.29600143432617,41.29600143432617,41.29600143432617,41.29600143432617,30.923431396484375
2008-08-21,10000,41.36000061035156,41.29600143432617,41.36000061035156,41.27199935913086,30.923431396484375
2008-08-20,7500,41.332000732421875,41.30799865722656,41.332000732421875,41.104000091552734,30.932445526123047
2008-08-19,2500,41.108001708984375,41.380001068115234,41.380001068115234,41.108001708984375,30.98634910583496
2008-08-18,2500,41.220001220703125,41.220001220703125,41.220001220703125,41.220001220703125,30.866548538208008
2008-08-15,4300,41.040000915527344,41.040000915527344,41.040000915527344,41.040000915527344,30.731761932373047
2008-08-14,3500,41.0359992980957,41.0359992980957,41.0359992980957,41.0359992980957,30.728759765625
2008-08-13,15000,41.03200149536133,40.97999954223633,41.040000915527344,40.97999954223633,30.68683624267578
2008-08-12,500,40.895999908447266,40.895999908447266,40.895999908447266,40.895999908447266,30.62393569946289
2008-08-11,8000,40.84000015258789,40.832000732421875,40.84000015258789,40.832000732421875,30.576026916503906
2008-08-08,2500,40.560001373291016,40.72800064086914,40.7400016784668,40.560001373291016,30.49813461303711
2008-08-07,8300,40.720001220703125,40.720001220703125,40.720001220703125,40.720001220703125,30.492149353027344
2008-08-06,12800,40.67599868774414,40.672000885009766,40.67599868774414,40.672000885009766,30.456195831298828
2008-08-05,7000,40.7239990234375,40.672000885009766,40.79999923706055,40.672000885009766,30.456195831298828
2008-08-04,1300,40.672000885009766,40.672000885009766,40.672000885009766,40.672000885009766,30.456195831298828
2008-08-01,4300,40.68000030517578,40.667999267578125,40.68000030517578,40.667999267578125,30.453208923339844
2008-07-31,5000,40.83599853515625,40.816001892089844,40.83599853515625,40.816001892089844,30.465805053710938
2008-07-30,9300,40.624000549316406,40.624000549316406,40.63999938964844,40.619998931884766,30.322481155395508
2008-07-29,2000,40.667999267578125,40.72800064086914,40.72800064086914,40.667999267578125,30.400114059448242
2008-07-28,6300,40.85200119018555,40.85200119018555,40.85200119018555,40.83599853515625,30.49266815185547
2008-07-25,2000,40.715999603271484,40.715999603271484,40.715999603271484,40.715999603271484,30.391122817993164
2008-07-24,11000,40.47600173950195,40.736000061035156,40.7400016784668,40.47600173950195,30.406068801879883
2008-07-23,3000,40.64400100708008,40.75600051879883,40.75600051879883,40.63600158691406,30.421001434326172
2008-07-22,11800,40.75199890136719,41.02000045776367,41.02000045776367,40.75199890136719,30.618066787719727
2008-07-21,800,41.04800033569336,41.0,41.04800033569336,40.987998962402344,30.60312843322754
2008-07-18,500,41.060001373291016,41.060001373291016,41.060001373291016,41.060001373291016,30.647912979125977
2008-07-17,5800,41.215999603271484,41.007999420166016,41.220001220703125,41.007999420166016,30.609092712402344
2008-07-16,4500,41.13999938964844,41.327999114990234,41.34000015258789,41.11199951171875,30.84795379638672
2008-07-15,800,41.380001068115234,41.36000061035156,41.380001068115234,41.36000061035156,30.87184715270996
2008-07-14,2000,41.19200134277344,41.2239990234375,41.2239990234375,41.19200134277344,30.77031898498535
2008-07-11,0,41.27199935913086,41.27199935913086,41.27199935913086,41.27199935913086,30.80613899230957
2008-07-10,2500,41.119998931884766,41.27199935913086,41.27199935913086,41.119998931884766,30.80613899230957
2008-07-09,1000,41.13199996948242,41.13199996948242,41.13199996948242,41.13199996948242,30.701648712158203
2008-07-08,5800,41.02000045776367,40.88800048828125,41.02000045776367,40.88800048828125,30.519514083862305
2008-07-07,1500,41.02000045776367,40.93600082397461,41.02000045776367,40.93600082397461,30.555360794067383
2008-07-03,500,40.86000061035156,40.86000061035156,40.86000061035156,40.86000061035156,30.49863052368164
2008-07-02,0,40.78799819946289,40.78799819946289,40.78799819946289,40.78799819946289,30.444889068603516
2008-07-01,1000,40.683998107910156,40.78799819946289,40.78799819946289,40.683998107910156,30.444889068603516
2008-06-30,1000,40.784000396728516,40.66400146484375,40.784000396728516,40.66400146484375,30.26273536682129
2008-06-27,300,40.619998931884766,40.619998931884766,40.619998931884766,40.619998931884766,30.230009078979492
2008-06-26,300,40.551998138427734,40.551998138427734,40.551998138427734,40.551998138427734,30.17940902709961
2008-06-25,3500,40.551998138427734,40.551998138427734,40.551998138427734,40.551998138427734,30.17940902709961
2008-06-24,2000,40.512001037597656,40.507999420166016,40.512001037597656,40.507999420166016,30.146669387817383
2008-06-23,6800,40.63600158691406,40.65999984741211,40.65999984741211,40.59199905395508,30.259788513183594
2008-06-20,3300,40.459999084472656,40.52799987792969,40.52799987792969,40.38399887084961,30.161537170410156
2008-06-19,4800,40.8120002746582,40.8120002746582,40.8120002746582,40.7239990234375,30.372896194458008
2008-06-18,11500,40.63999938964844,40.81999969482422,40.827999114990234,40.63999938964844,30.378868103027344
2008-06-17,9800,40.92399978637695,40.91999816894531,40.92399978637695,40.91600036621094,30.453271865844727
2008-06-16,1000,40.90399932861328,40.88800048828125,40.90399932861328,40.88800048828125,30.429454803466797
2008-06-13,500,40.880001068115234,40.880001068115234,40.880001068115234,40.880001068115234,30.423513412475586
2008-06-12,2800,41.13600158691406,41.12799835205078,41.13600158691406,41.02399826049805,30.608055114746094
2008-06-11,2500,41.11600112915039,41.18000030517578,41.18000030517578,41.11600112915039,30.646764755249023
2008-06-10,1300,41.30400085449219,41.29199981689453,41.30400085449219,41.29199981689453,30.730113983154297
2008-06-09,1300,41.327999114990234,41.327999114990234,41.327999114990234,41.327999114990234,30.75691795349121
2008-06-06,2300,41.41999816894531,41.41999816894531,41.41999816894531,41.41999816894531,30.825387954711914
2008-06-05,9800,41.45600128173828,41.45199966430664,41.459999084472656,41.448001861572266,30.84920883178711
2008-06-04,6500,41.53200149536133,41.512001037597656,41.53200149536133,41.48400115966797,30.89385986328125
2008-06-03,2800,41.27199935913086,41.428001403808594,41.45600128173828,41.27199935913086,30.83132553100586
2008-06-02,8500,41.487998962402344,41.4640007019043,41.487998962402344,41.215999603271484,30.858129501342773
2008-05-30,6800,41.50400161743164,41.35599899291992,41.540000915527344,41.35599899291992,30.691417694091797
2008-05-29,3000,41.47999954223633,41.2599983215332,41.47999954223633,41.2599983215332,30.620201110839844
2008-05-28,2800,41.400001525878906,41.608001708984375,41.608001708984375,41.400001525878906,30.87843894958496
2008-05-27,1000,41.65999984741211,41.56399917602539,41.65999984741211,41.56399917602539,30.845779418945312
2008-05-23,500,41.63999938964844,41.63999938964844,41.63999938964844,41.63999938964844,30.90218734741211
2008-05-22,500,41.736000061035156,41.736000061035156,41.736000061035156,41.736000061035156,30.97344207763672
2008-05-21,5800,41.7400016784668,41.75600051879883,41.75600051879883,41.7400016784668,30.988279342651367
2008-05-20,1800,41.64799880981445,41.64400100708008,41.64799880981445,41.64400100708008,30.90516471862793
2008-05-19,4000,41.62799835205078,41.63999938964844,41.66400146484375,41.624000549316406,30.90218734741211
2008-05-16,1300,41.58000183105469,41.560001373291016,41.58000183105469,41.551998138427734,30.842805862426758
2008-05-15,4500,41.507999420166016,41.47999954223633,41.507999420166016,41.40399932861328,30.7834529876709
2008-05-14,2800,41.50400161743164,41.4640007019043,41.512001037597656,41.4640007019043,30.7716007232666
2008-05-13,6000,41.5359992980957,41.400001525878906,41.5359992980957,41.400001525878906,30.72406578063965
2008-05-12,27300,41.52000045776367,41.492000579833984,41.52799987792969,41.492000579833984,30.792329788208008
2008-05-09,1300,41.45600128173828,41.45600128173828,41.45600128173828,41.45600128173828,30.765634536743164
2008-05-08,9000,41.7400016784668,41.40399932861328,41.7400016784668,41.40399932861328,30.72705078125
2008-05-07,22800,41.36800003051758,41.316001892089844,41.36800003051758,40.959999084472656,30.66173553466797
2008-05-06,25000,41.380001068115234,41.332000732421875,41.380001068115234,41.332000732421875,30.67361068725586
2008-05-05,2300,41.29600143432617,41.2599983215332,41.4119987487793,41.2599983215332,30.620201110839844
2008-05-02,3800,41.41999816894531,41.428001403808594,41.428001403808594,41.41999816894531,30.744863510131836
2008-05-01,2300,41.347999572753906,41.35599899291992,41.36399841308594,41.327999114990234,30.691417694091797
2008-04-30,800,41.5,41.380001068115234,41.5,41.380001068115234,30.653413772583008
2008-04-29,3300,41.599998474121094,41.48400115966797,41.599998474121094,41.48400115966797,30.730449676513672
2008-04-28,5800,41.50400161743164,41.45600128173828,41.50400161743164,41.34000015258789,30.709720611572266
2008-04-25,9300,41.51599884033203,41.47600173950195,41.51599884033203,41.47600173950195,30.724567413330078
2008-04-24,12000,41.599998474121094,41.599998474121094,41.619998931884766,41.58000183105469,30.816381454467773
2008-04-23,4500,41.58000183105469,41.61199951171875,41.624000549316406,41.56399917602539,30.825271606445312
2008-04-22,9500,43.0,41.61600112915039,44.400001525878906,41.61600112915039,30.82826042175293
2008-04-21,7000,41.715999603271484,41.78799819946289,41.78799819946289,41.715999603271484,30.955669403076172
2008-04-18,500,41.64400100708008,41.64400100708008,41.64400100708008,41.64400100708008,30.848995208740234
2008-04-17,45000,41.70800018310547,41.667999267578125,41.70800018310547,41.667999267578125,30.86678123474121
2008-04-16,12000,41.608001708984375,41.69200134277344,41.70000076293945,41.608001708984375,30.884563446044922
2008-04-15,6800,41.599998474121094,41.52000045776367,41.68000030517578,41.52000045776367,30.757144927978516
2008-04-14,12000,41.20800018310547,41.599998474121094,41.599998474121094,41.20800018310547,30.816381454467773
2008-04-11,4800,41.380001068115234,41.38399887084961,41.38800048828125,41.380001068115234,30.656389236450195
2008-04-10,6500,41.38399887084961,41.375999450683594,41.4119987487793,41.36000061035156,30.650480270385742
2008-04-09,3000,41.27199935913086,41.29999923706055,41.29999923706055,41.27199935913086,30.594175338745117
2008-04-08,800,41.28799819946289,41.25600051879883,41.28799819946289,41.25600051879883,30.561573028564453
2008-04-07,8300,41.279998779296875,41.24800109863281,41.28799819946289,41.24800109863281,30.555633544921875
2008-04-04,12000,40.9640007019043,41.17599868774414,41.19599914550781,40.900001525878906,30.502309799194336
2008-04-03,3300,41.14400100708008,41.040000915527344,41.14400100708008,41.040000915527344,30.401554107666016
2008-04-02,9000,41.263999938964844,41.08000183105469,41.263999938964844,40.900001525878906,30.431190490722656
2008-04-01,10300,41.279998779296875,41.27199935913086,41.29199981689453,41.27199935913086,30.573408126831055
2008-03-31,5000,41.22800064086914,41.36000061035156,41.36000061035156,41.15999984741211,30.529573440551758
2008-03-28,3500,41.20000076293945,41.21200180053711,41.231998443603516,41.20000076293945,30.42032241821289
2008-03-27,5500,41.38800048828125,41.20000076293945,41.38800048828125,41.20000076293945,30.41145896911621
2008-03-26,5500,41.36000061035156,41.38800048828125,41.38800048828125,41.36000061035156,30.550251007080078
2008-03-25,1300,41.34000015258789,41.34000015258789,41.34000015258789,41.332000732421875,30.514801025390625
2008-03-24,2800,41.17599868774414,41.30400085449219,41.30400085449219,41.17599868774414,30.488250732421875
2008-03-20,2300,41.20000076293945,41.119998931884766,41.236000061035156,41.119998931884766,30.352413177490234
2008-03-19,2800,41.236000061035156,41.1879997253418,41.236000061035156,41.18000030517578,30.4025936126709
2008-03-18,3800,41.20800018310547,41.24800109863281,41.268001556396484,41.007999420166016,30.446887969970703
2008-03-17,21500,41.763999938964844,40.93199920654297,41.763999938964844,40.79999923706055,30.213638305664062
2008-03-14,22800,41.347999572753906,41.2760009765625,41.347999572753906,40.90399932861328,30.467557907104492
2008-03-13,1800,41.400001525878906,41.18000030517578,41.400001525878906,41.18000030517578,30.396717071533203
2008-03-12,24300,41.51599884033203,41.220001220703125,42.551998138427734,41.220001220703125,30.426250457763672
2008-03-11,6000,41.37200164794922,41.35200119018555,41.37200164794922,41.35200119018555,30.52364730834961
2008-03-10,18500,41.52000045776367,41.17599868774414,41.52000045776367,41.15599822998047,30.393754959106445
2008-03-07,48500,41.59600067138672,41.5,41.599998474121094,41.5,30.63290023803711
2008-03-06,1800,41.29999923706055,41.38800048828125,41.395999908447266,41.29999923706055,30.550251007080078
2008-03-05,10300,41.30400085449219,41.040000915527344,41.30400085449219,41.040000915527344,30.293350219726562
2008-03-04,19000,41.08000183105469,41.38800048828125,41.51599884033203,41.0,30.550251007080078
2008-03-03,8000,42.448001861572266,41.59600067138672,42.448001861572266,41.36000061035156,30.703784942626953
2008-02-29,2800,41.599998474121094,41.540000915527344,41.7400016784668,41.20000076293945,30.55704116821289
2008-02-28,2300,41.784000396728516,41.599998474121094,41.79999923706055,41.58399963378906,30.601173400878906
2008-02-27,6500,41.58399963378906,41.599998474121094,41.900001525878906,41.58399963378906,30.601173400878906
2008-02-26,3000,42.060001373291016,41.599998474121094,42.06800079345703,41.459999084472656,30.601173400878906
2008-02-25,7000,41.959999084472656,41.832000732421875,42.15599822998047,41.832000732421875,30.771800994873047
2008-02-22,1300,42.13600158691406,42.13600158691406,42.13600158691406,42.13600158691406,30.995464324951172
2008-02-21,1000,42.1879997253418,42.14799880981445,42.1879997253418,42.14799880981445,31.00428009033203
2008-02-20,2500,42.099998474121094,42.167999267578125,42.1879997253418,42.0,31.01897430419922
2008-02-19,1300,42.172000885009766,42.183998107910156,42.19200134277344,42.172000885009766,31.030771255493164
2008-02-15,800,41.30799865722656,42.172000885009766,42.18000030517578,41.30799865722656,31.02194595336914
2008-02-14,2500,42.7239990234375,42.19200134277344,42.7239990234375,42.16400146484375,31.03664207458496
2008-02-13,1000,42.18000030517578,42.18000030517578,42.18000030517578,42.18000030517578,31.027812957763672
2008-02-12,800,42.167999267578125,42.167999267578125,42.167999267578125,42.167999267578125,31.01897430419922
2008-02-11,4800,42.24399948120117,42.20399856567383,42.24399948120117,42.20399856567383,31.045459747314453
2008-02-08,0,42.09199905395508,42.09199905395508,42.09199905395508,42.09199905395508,30.963090896606445
2008-02-07,6500,42.19599914550781,42.09199905395508,42.400001525878906,42.09199905395508,30.963090896606445
2008-02-06,300,42.19599914550781,42.19599914550781,42.19599914550781,42.19599914550781,31.039575576782227
2008-02-05,2300,42.104000091552734,42.14799880981445,42.15999984741211,42.104000091552734,31.00428009033203
2008-02-04,4300,42.0359992980957,42.0359992980957,42.0359992980957,42.0359992980957,30.921878814697266
2008-02-01,300,42.43600082397461,42.43600082397461,42.43600082397461,42.43600082397461,31.216135025024414
2008-01-31,3800,42.08000183105469,42.4119987487793,42.4119987487793,42.08000183105469,31.099328994750977
2008-01-30,1800,42.15599822998047,42.172000885009766,42.18000030517578,42.15599822998047,30.923330307006836
2008-01-29,10000,42.25199890136719,42.27199935913086,42.27199935913086,42.25199890136719,30.996665954589844
2008-01-28,0,42.36399841308594,42.36399841308594,42.36399841308594,42.36399841308594,31.06412124633789
2008-01-25,1000,42.20000076293945,42.36399841308594,42.36399841308594,42.20000076293945,31.06412124633789
2008-01-24,0,42.63999938964844,42.63999938964844,42.63999938964844,42.63999938964844,31.266494750976562
2008-01-23,12500,42.63999938964844,42.63999938964844,42.63999938964844,42.63999938964844,31.266494750976562
2008-01-22,0,42.2599983215332,42.2599983215332,42.2599983215332,42.2599983215332,30.98785400390625
2008-01-18,21300,42.29999923706055,42.2599983215332,42.35599899291992,42.2599983215332,30.98785400390625
2008-01-17,0,42.2599983215332,42.2599983215332,42.2599983215332,42.2599983215332,30.98785400390625
2008-01-16,6500,42.391998291015625,42.2599983215332,42.395999908447266,42.2599983215332,30.98785400390625
2008-01-15,5000,42.38800048828125,42.38800048828125,42.38800048828125,42.38800048828125,31.08172035217285
2008-01-14,0,42.16400146484375,42.16400146484375,42.16400146484375,42.16400146484375,30.91745948791504
2008-01-11,2000,42.14400100708008,42.16400146484375,42.16400146484375,42.14400100708008,30.91745948791504
2008-01-10,0,42.06800079345703,42.06800079345703,42.06800079345703,42.06800079345703,30.847091674804688
2008-01-09,4500,42.040000915527344,42.06800079345703,42.06800079345703,42.040000915527344,30.847091674804688
2008-01-08,12500,41.99599838256836,42.060001373291016,42.060001373291016,41.65999984741211,30.841209411621094
2008-01-07,7500,41.99599838256836,41.96799850463867,42.007999420166016,41.96799850463867,30.77374267578125
2008-01-04,15800,41.900001525878906,41.900001525878906,41.900001525878906,41.891998291015625,30.72389030456543
2008-01-03,5000,41.880001068115234,41.880001068115234,41.880001068115234,41.880001068115234,30.709230422973633
2008-01-02,0,41.880001068115234,41.880001068115234,41.880001068115234,41.880001068115234,30.709230422973633
2007-12-31,3000,41.88399887084961,41.880001068115234,41.88399887084961,41.880001068115234,30.709230422973633
2007-12-28,0,41.900001525878906,41.900001525878906,41.900001525878906,41.900001525878906,30.72389030456543
2007-12-27,300,41.900001525878906,41.900001525878906,41.900001525878906,41.900001525878906,30.65701675415039
2007-12-26,300,41.86399841308594,41.86399841308594,41.86399841308594,41.86399841308594,30.63065528869629
2007-12-24,1800,41.88800048828125,41.880001068115234,41.88800048828125,41.880001068115234,30.642393112182617
2007-12-21,300,41.900001525878906,41.900001525878906,41.900001525878906,41.900001525878906,30.65701675415039
2007-12-20,300,41.944000244140625,41.944000244140625,41.944000244140625,41.944000244140625,30.689205169677734
2007-12-19,300,41.90399932861328,41.90399932861328,41.90399932861328,41.90399932861328,30.659942626953125
2007-12-18,300,41.87200164794922,41.87200164794922,41.87200164794922,41.87200164794922,30.636520385742188
2007-12-17,0,41.70800018310547,41.70800018310547,41.70800018310547,41.70800018310547,30.51651954650879
2007-12-14,800,41.70800018310547,41.70800018310547,41.70800018310547,41.70800018310547,30.51651954650879
2007-12-13,2300,41.7239990234375,41.70399856567383,41.72800064086914,41.70399856567383,30.513591766357422
2007-12-12,1300,41.63999938964844,41.7400016784668,41.7400016784668,41.63199996948242,30.53994369506836
2007-12-11,1500,41.62799835205078,41.672000885009766,41.672000885009766,41.62799835205078,30.49019432067871
2007-12-10,300,41.62799835205078,41.62799835205078,41.62799835205078,41.62799835205078,30.457996368408203
2007-12-07,3500,41.624000549316406,41.624000549316406,41.624000549316406,41.61199951171875,30.455060958862305
2007-12-06,500,41.61600112915039,41.619998931884766,41.619998931884766,41.61600112915039,30.45213508605957
