date,volume,open,close,high,low,adjclose
2019-02-15,6158900,33.380001068115234,33.2400016784668,33.47999954223633,32.959999084472656,33.2400016784668
2019-02-14,7110100,33.099998474121094,33.11000061035156,33.310001373291016,32.75,33.11000061035156
2019-02-13,5427600,33.279998779296875,33.22999954223633,33.65999984741211,33.119998931884766,33.22999954223633
2019-02-12,5833400,33.810001373291016,33.38999938964844,33.810001373291016,33.279998779296875,33.38999938964844
2019-02-11,3945800,33.52000045776367,33.650001525878906,33.880001068115234,33.40999984741211,33.650001525878906
2019-02-08,4209200,33.86000061035156,33.84000015258789,33.97999954223633,33.5099983215332,33.84000015258789
2019-02-07,4099300,33.869998931884766,33.72999954223633,34.290000915527344,33.58000183105469,33.72999954223633
2019-02-06,4864300,33.81999969482422,33.97999954223633,34.310001373291016,33.81999969482422,33.97999954223633
2019-02-05,4709300,34.099998474121094,34.119998931884766,34.150001525878906,33.70000076293945,34.119998931884766
2019-02-04,5382900,33.43000030517578,34.15999984741211,34.209999084472656,33.310001373291016,34.15999984741211
2019-02-01,6208800,34.130001068115234,33.84000015258789,34.15999984741211,33.36000061035156,33.84000015258789
2019-01-31,8441500,33.869998931884766,34.11000061035156,34.25,33.529998779296875,34.11000061035156
2019-01-30,6900700,33.58000183105469,33.709999084472656,34.189998626708984,33.060001373291016,33.709999084472656
2019-01-29,8387900,33.310001373291016,33.540000915527344,33.59000015258789,32.790000915527344,33.540000915527344
2019-01-28,10985700,33.34000015258789,32.90999984741211,33.5,32.66999816894531,32.90999984741211
2019-01-25,10288800,32.65999984741211,33.15999984741211,33.20000076293945,32.56999969482422,33.15999984741211
2019-01-24,6683400,32.0,32.18000030517578,32.2400016784668,31.84000015258789,32.18000030517578
2019-01-23,8544500,31.90999984741211,32.20000076293945,32.47999954223633,31.729999542236328,32.20000076293945
2019-01-22,8188700,31.760000228881836,32.099998474121094,32.189998626708984,31.450000762939453,32.099998474121094
2019-01-18,8021500,31.5,31.770000457763672,32.13999938964844,31.31999969482422,31.770000457763672
2019-01-17,5386400,31.549999237060547,31.6200008392334,31.639999389648438,31.209999084472656,31.6200008392334
2019-01-16,8730200,31.079999923706055,31.559999465942383,31.959999084472656,31.0,31.559999465942383
2019-01-15,15514100,31.770000457763672,31.020000457763672,31.969999313354492,30.670000076293945,31.020000457763672
2019-01-14,28513700,32.849998474121094,31.780000686645508,33.4900016784668,31.649999618530273,31.780000686645508
2019-01-11,3821500,34.90999984741211,34.880001068115234,35.18000030517578,34.7400016784668,34.880001068115234
2019-01-10,5008400,34.29999923706055,34.81999969482422,34.93000030517578,34.189998626708984,34.81999969482422
2019-01-09,5259700,34.02000045776367,34.369998931884766,34.540000915527344,33.970001220703125,34.369998931884766
2019-01-08,6457200,33.630001068115234,34.06999969482422,34.08000183105469,33.38999938964844,34.06999969482422
2019-01-07,4868600,34.66999816894531,33.970001220703125,34.93000030517578,33.79999923706055,33.970001220703125
2019-01-04,8622600,33.90999984741211,34.380001068115234,34.4900016784668,33.279998779296875,34.380001068115234
2019-01-03,5763200,34.7400016784668,34.380001068115234,34.869998931884766,34.04999923706055,34.380001068115234
2019-01-02,4094800,34.45000076293945,34.47999954223633,34.779998779296875,33.939998626708984,34.47999954223633
2018-12-31,4149100,34.470001220703125,34.650001525878906,34.709999084472656,34.119998931884766,34.650001525878906
2018-12-28,5419500,34.83000183105469,34.470001220703125,35.08000183105469,34.279998779296875,34.470001220703125
2018-12-27,5537300,34.65999984741211,34.9900016784668,34.9900016784668,34.34000015258789,34.9900016784668
2018-12-26,5665200,34.869998931884766,34.529998779296875,35.040000915527344,34.09000015258789,34.529998779296875
2018-12-24,4266700,33.97999954223633,34.58000183105469,34.689998626708984,33.90999984741211,34.58000183105469
2018-12-21,16320500,34.220001220703125,33.529998779296875,34.66999816894531,33.45000076293945,33.529998779296875
2018-12-20,10694100,33.0,34.09000015258789,34.380001068115234,32.93000030517578,34.09000015258789
2018-12-19,10052400,34.22999954223633,32.09000015258789,34.66999816894531,32.0,32.09000015258789
2018-12-18,7394100,33.45000076293945,34.15999984741211,34.599998474121094,33.45000076293945,34.15999984741211
2018-12-17,6937100,33.540000915527344,33.61000061035156,33.93000030517578,33.40999984741211,33.61000061035156
2018-12-14,5086300,33.56999969482422,33.310001373291016,33.7400016784668,33.209999084472656,33.310001373291016
2018-12-13,5358900,34.13999938964844,34.040000915527344,34.2400016784668,33.66999816894531,34.040000915527344
2018-12-12,4670500,33.5,34.08000183105469,34.2400016784668,33.45000076293945,34.08000183105469
2018-12-11,5322100,33.77000045776367,33.34000015258789,33.939998626708984,33.209999084472656,33.34000015258789
2018-12-10,8010700,33.40999984741211,33.529998779296875,34.4900016784668,33.33000183105469,33.529998779296875
2018-12-07,6958000,32.939998626708984,33.38999938964844,33.720001220703125,32.56999969482422,33.38999938964844
2018-12-06,9165900,33.560001373291016,32.65999984741211,33.810001373291016,32.41999816894531,32.65999984741211
2018-12-04,6370900,33.439998626708984,33.790000915527344,34.130001068115234,33.31999969482422,33.510581970214844
2018-12-03,4446500,32.79999923706055,33.220001220703125,33.33000183105469,32.59000015258789,32.94529342651367
2018-11-30,7679800,32.189998626708984,32.34000015258789,32.380001068115234,31.760000228881836,32.07257080078125
2018-11-29,3673600,32.90999984741211,32.34000015258789,32.95000076293945,32.34000015258789,32.07257080078125
2018-11-28,4735200,32.0099983215332,32.689998626708984,32.720001220703125,31.600000381469727,32.419677734375
2018-11-27,5086800,32.43000030517578,31.959999084472656,32.599998474121094,31.649999618530273,31.69571304321289
2018-11-26,4285100,32.58000183105469,32.470001220703125,33.130001068115234,32.310001373291016,32.201499938964844
2018-11-23,2598300,33.34000015258789,32.459999084472656,33.34000015258789,32.349998474121094,32.19157409667969
2018-11-21,4663300,32.959999084472656,33.59000015258789,33.70000076293945,32.959999084472656,33.312232971191406
2018-11-20,4627100,33.150001525878906,32.900001525878906,33.150001525878906,32.369998931884766,32.6279411315918
2018-11-19,5785500,33.290000915527344,32.790000915527344,33.70000076293945,32.63999938964844,32.51885223388672
2018-11-16,6020500,33.34000015258789,33.31999969482422,33.650001525878906,33.13999938964844,33.044464111328125
2018-11-15,5725000,32.5099983215332,32.86000061035156,32.939998626708984,32.310001373291016,32.58827209472656
2018-11-14,6549200,31.520000457763672,32.400001525878906,32.75,31.34000015258789,32.132076263427734
2018-11-13,5414300,31.549999237060547,31.40999984741211,31.739999771118164,30.93000030517578,31.15026092529297
2018-11-12,5148500,31.950000762939453,31.530000686645508,31.959999084472656,31.40999984741211,31.269269943237305
2018-11-09,4082800,31.969999313354492,32.02000045776367,32.27000045776367,31.510000228881836,31.755218505859375
2018-11-08,3802100,32.41999816894531,32.41999816894531,32.66999816894531,32.130001068115234,32.15190887451172
2018-11-07,5072200,32.5099983215332,32.5,32.790000915527344,32.119998931884766,32.23124694824219
2018-11-06,3806800,32.5,32.310001373291016,32.52000045776367,32.040000915527344,32.04281997680664
2018-11-05,4309400,32.459999084472656,32.38999938964844,32.66999816894531,31.8799991607666,32.122154235839844
2018-11-02,5260800,31.920000076293945,32.41999816894531,32.4900016784668,31.719999313354492,32.15190887451172
2018-11-01,5395100,31.510000228881836,32.060001373291016,32.18000030517578,31.260000228881836,31.79488754272461
2018-10-31,8680500,30.68000030517578,30.920000076293945,30.93000030517578,30.059999465942383,30.6643123626709
2018-10-30,6532300,30.68000030517578,31.0,31.280000686645508,30.469999313354492,30.743650436401367
2018-10-29,6416300,30.110000610351562,30.760000228881836,31.399999618530273,29.700000762939453,30.50563621520996
2018-10-26,9291100,29.850000381469727,30.0,30.989999771118164,29.709999084472656,29.751920700073242
2018-10-25,13657700,31.209999084472656,29.600000381469727,31.729999542236328,29.059999465942383,29.355228424072266
2018-10-24,6791000,32.2599983215332,31.760000228881836,32.52000045776367,31.600000381469727,31.497365951538086
2018-10-23,9212500,32.720001220703125,32.40999984741211,32.790000915527344,31.770000457763672,32.14199447631836
2018-10-22,6233800,32.09000015258789,31.969999313354492,32.349998474121094,31.43000030517578,31.705629348754883
2018-10-19,5932400,32.459999084472656,32.189998626708984,32.70000076293945,32.060001373291016,31.923810958862305
2018-10-18,6171900,31.959999084472656,32.369998931884766,32.86000061035156,31.739999771118164,32.10232162475586
2018-10-17,5330800,32.209999084472656,32.11000061035156,32.720001220703125,31.0,31.844472885131836
2018-10-16,4732600,32.84000015258789,32.290000915527344,32.939998626708984,31.969999313354492,32.02298355102539
2018-10-15,6878000,32.560001373291016,32.65999984741211,33.25,32.4900016784668,32.389923095703125
2018-10-12,9036300,32.38999938964844,32.040000915527344,32.540000915527344,31.3700008392334,31.77505111694336
2018-10-11,12410800,31.170000076293945,32.720001220703125,32.900001525878906,30.899999618530273,32.44942855834961
2018-10-10,6746100,30.56999969482422,30.559999465942383,30.84000015258789,30.020000457763672,30.307289123535156
2018-10-09,4048800,30.450000762939453,30.110000610351562,30.540000915527344,29.940000534057617,29.861013412475586
2018-10-08,5122300,30.010000228881836,30.520000457763672,30.559999465942383,29.760000228881836,30.267621994018555
2018-10-05,5168000,30.5,30.579999923706055,30.75,30.450000762939453,30.327125549316406
2018-10-04,4330300,30.549999237060547,30.3700008392334,30.690000534057617,30.110000610351562,30.11886215209961
2018-10-03,5430300,31.309999465942383,30.479999542236328,31.59000015258789,30.469999313354492,30.227951049804688
2018-10-02,7426700,30.6200008392334,31.170000076293945,31.31999969482422,30.520000457763672,30.912246704101562
2018-10-01,3437300,30.200000762939453,30.350000381469727,30.489999771118164,30.020000457763672,30.09902572631836
2018-09-28,4704400,30.229999542236328,30.200000762939453,30.559999465942383,30.09000015258789,29.950267791748047
2018-09-27,7219900,29.59000015258789,29.979999542236328,30.309999465942383,29.299999237060547,29.732086181640625
2018-09-26,8672800,31.110000610351562,29.8700008392334,31.110000610351562,29.829999923706055,29.622997283935547
2018-09-25,6117900,31.239999771118164,31.25,31.729999542236328,31.020000457763672,30.9915828704834
2018-09-24,8393900,31.690000534057617,31.09000015258789,32.09000015258789,31.059999465942383,30.832908630371094
2018-09-21,11595500,31.209999084472656,31.559999465942383,31.770000457763672,31.09000015258789,31.299020767211914
2018-09-20,5490800,31.850000381469727,31.5,31.940000534057617,31.239999771118164,31.239517211914062
2018-09-19,5752500,31.209999084472656,31.520000457763672,31.75,31.020000457763672,31.25935173034668
2018-09-18,3992100,30.809999465942383,30.850000381469727,31.09000015258789,30.559999465942383,30.594892501831055
2018-09-17,4716200,30.530000686645508,30.639999389648438,30.790000915527344,30.299999237060547,30.386627197265625
2018-09-14,5619900,30.1200008392334,30.3799991607666,30.780000686645508,30.1200008392334,30.12877655029297
2018-09-13,5274500,30.559999465942383,30.219999313354492,30.899999618530273,29.75,29.970102310180664
2018-09-12,6621300,29.360000610351562,30.15999984741211,30.440000534057617,29.31999969482422,29.91059684753418
2018-09-11,4991000,29.510000228881836,29.6299991607666,29.829999923706055,29.15999984741211,29.246137619018555
2018-09-10,4148600,29.979999542236328,29.739999771118164,30.1299991607666,29.649999618530273,29.354713439941406
2018-09-07,4473100,30.059999465942383,30.1299991607666,30.329999923706055,29.850000381469727,29.739660263061523
2018-09-06,5304100,30.290000915527344,30.239999771118164,30.489999771118164,30.020000457763672,29.848234176635742
2018-09-05,6077500,30.459999084472656,30.1299991607666,30.469999313354492,30.0,29.739660263061523
2018-09-04,7235800,30.59000015258789,30.09000015258789,30.639999389648438,30.030000686645508,29.700178146362305
2018-08-31,5266400,30.75,31.030000686645508,31.43000030517578,30.729999542236328,30.628002166748047
2018-08-30,6160800,31.530000686645508,31.049999237060547,31.549999237060547,30.790000915527344,30.647741317749023
2018-08-29,4871800,31.790000915527344,31.739999771118164,31.899999618530273,31.6299991607666,31.32880401611328
2018-08-28,4710500,32.43000030517578,31.84000015258789,32.4900016784668,31.690000534057617,31.427509307861328
2018-08-27,4579700,32.099998474121094,32.25,32.4900016784668,32.029998779296875,31.832195281982422
2018-08-24,5403900,31.969999313354492,32.029998779296875,32.52000045776367,31.81999969482422,31.61504364013672
2018-08-23,7476200,32.0099983215332,31.65999984741211,32.060001373291016,31.459999084472656,31.249839782714844
2018-08-22,4961800,32.220001220703125,32.31999969482422,32.470001220703125,32.099998474121094,31.901287078857422
2018-08-21,4545800,31.989999771118164,31.950000762939453,32.029998779296875,31.610000610351562,31.53608512878418
2018-08-20,6189700,32.279998779296875,31.889999389648438,32.459999084472656,31.670000076293945,31.47686004638672
2018-08-17,9395900,31.739999771118164,32.060001373291016,32.36000061035156,31.450000762939453,31.6446590423584
2018-08-16,10189800,31.969999313354492,31.600000381469727,32.36000061035156,31.549999237060547,31.190616607666016
2018-08-15,11054700,33.470001220703125,31.799999237060547,33.650001525878906,31.579999923706055,31.388025283813477
2018-08-14,5081000,34.779998779296875,33.939998626708984,34.810001373291016,33.869998931884766,33.500301361083984
2018-08-13,5416900,35.369998931884766,34.650001525878906,35.720001220703125,34.47999954223633,34.201107025146484
2018-08-10,3537700,35.560001373291016,35.599998474121094,35.959999084472656,35.38999938964844,35.1387939453125
2018-08-09,5359600,36.209999084472656,35.709999084472656,36.40999984741211,35.68000030517578,35.247371673583984
2018-08-08,4406700,36.20000076293945,36.15999984741211,36.400001525878906,36.0,35.6915397644043
2018-08-07,5070000,36.5,36.06999969482422,36.61000061035156,35.97999954223633,35.60270309448242
2018-08-06,4999200,36.290000915527344,36.209999084472656,36.75,36.119998931884766,35.74089050292969
2018-08-03,5108400,36.41999816894531,36.459999084472656,36.81999969482422,36.20000076293945,35.98765182495117
2018-08-02,4546000,36.16999816894531,36.22999954223633,36.459999084472656,36.02000045776367,35.76063537597656
2018-08-01,3800600,36.5,36.439998626708984,36.75,36.220001220703125,35.96791458129883
2018-07-31,4952300,36.7400016784668,36.68000030517578,36.869998931884766,36.36000061035156,36.204803466796875
2018-07-30,3860400,36.779998779296875,36.72999954223633,36.9900016784668,36.56999969482422,36.25415802001953
2018-07-27,4662700,37.900001525878906,36.88999938964844,37.91999816894531,36.7599983215332,36.41208267211914
2018-07-26,6702200,37.18000030517578,37.810001373291016,38.630001068115234,36.79999923706055,37.320167541503906
2018-07-25,4076800,37.349998474121094,37.470001220703125,37.4900016784668,36.95000076293945,36.98457336425781
2018-07-24,5220300,36.88999938964844,37.130001068115234,37.29999923706055,36.70000076293945,36.64897537231445
2018-07-23,4837000,36.95000076293945,36.56999969482422,37.369998931884766,36.52000045776367,36.096229553222656
2018-07-20,3575100,37.220001220703125,37.02000045776367,37.369998931884766,36.849998474121094,36.540401458740234
2018-07-19,4391500,36.650001525878906,37.0099983215332,37.5,36.599998474121094,36.5305290222168
2018-07-18,4088500,36.599998474121094,37.18000030517578,37.349998474121094,36.540000915527344,36.698326110839844
2018-07-17,4662500,36.2599983215332,36.939998626708984,37.13999938964844,36.209999084472656,36.4614372253418
2018-07-16,3121300,36.77000045776367,36.5,36.84000015258789,36.369998931884766,36.02713394165039
2018-07-13,2089100,36.90999984741211,36.84000015258789,37.06999969482422,36.7599983215332,36.36273193359375
2018-07-12,2671400,37.27000045776367,37.130001068115234,37.5,37.09000015258789,36.64897537231445
2018-07-11,4640300,37.56999969482422,37.06999969482422,37.63999938964844,36.959999084472656,36.589752197265625
2018-07-10,4242800,37.40999984741211,37.90999984741211,37.959999084472656,37.279998779296875,37.41886901855469
2018-07-09,4166500,38.2599983215332,37.790000915527344,38.400001525878906,37.529998779296875,37.3004264831543
2018-07-06,4052500,38.189998626708984,37.83000183105469,38.25,37.7400016784668,37.339908599853516
2018-07-05,3650300,37.900001525878906,38.43000030517578,38.599998474121094,37.83000183105469,37.932132720947266
2018-07-03,3885700,37.970001220703125,37.63999938964844,38.599998474121094,37.560001373291016,37.152366638183594
2018-07-02,2813100,37.470001220703125,37.54999923706055,37.83000183105469,37.22999954223633,37.063533782958984
2018-06-29,4935900,37.060001373291016,37.709999084472656,38.13999938964844,36.95000076293945,37.22146224975586
2018-06-28,4037100,37.2599983215332,37.0,37.2599983215332,36.880001068115234,36.52065658569336
2018-06-27,2770500,37.0099983215332,36.97999954223633,37.4900016784668,36.95000076293945,36.500919342041016
2018-06-26,3771100,36.650001525878906,37.16999816894531,37.369998931884766,36.599998474121094,36.68845748901367
2018-06-25,4024800,37.15999984741211,36.9900016784668,37.400001525878906,36.75,36.51079177856445
2018-06-22,5713600,37.22999954223633,37.459999084472656,37.61000061035156,37.15999984741211,36.974700927734375
2018-06-21,5091600,37.900001525878906,37.02000045776367,38.0,36.86000061035156,36.540401458740234
2018-06-20,3791300,38.4900016784668,37.95000076293945,38.61000061035156,37.869998931884766,37.45835494995117
2018-06-19,3981800,38.18000030517578,38.349998474121094,38.58000183105469,38.060001373291016,37.85316848754883
2018-06-18,3530500,38.27000045776367,38.43000030517578,38.560001373291016,38.189998626708984,37.932132720947266
2018-06-15,11737300,38.79999923706055,38.400001525878906,38.79999923706055,38.02000045776367,37.902523040771484
2018-06-14,3762800,38.9900016784668,39.15999984741211,39.189998626708984,38.810001373291016,38.65267562866211
2018-06-13,4064700,38.959999084472656,38.70000076293945,39.04999923706055,38.43000030517578,38.19863510131836
2018-06-12,4227900,38.88999938964844,38.790000915527344,39.130001068115234,38.56999969482422,38.28746795654297
2018-06-11,2947000,38.33000183105469,38.56999969482422,38.689998626708984,38.18000030517578,38.07032012939453
2018-06-08,3657100,38.59000015258789,38.380001068115234,38.59000015258789,38.209999084472656,37.882781982421875
2018-06-07,3642300,38.79999923706055,38.58000183105469,38.91999816894531,38.43000030517578,38.0801887512207
2018-06-06,6265900,38.47999954223633,38.65999984741211,38.689998626708984,38.20000076293945,38.15915298461914
2018-06-05,3003800,38.31999969482422,38.54999923706055,38.849998474121094,38.2599983215332,37.912391662597656
2018-06-04,3367100,38.790000915527344,38.25,38.83000183105469,38.150001525878906,37.61735534667969
2018-06-01,4140000,38.88999938964844,38.63999938964844,39.04999923706055,38.439998626708984,38.00090789794922
2018-05-31,6983900,39.33000183105469,38.93000030517578,39.349998474121094,38.72999954223633,38.28610610961914
2018-05-30,2619200,39.02000045776367,39.189998626708984,39.34000015258789,38.77000045776367,38.54180908203125
2018-05-29,5239600,39.0099983215332,38.93000030517578,39.650001525878906,38.869998931884766,38.28610610961914
2018-05-25,3788600,39.83000183105469,39.439998626708984,39.95000076293945,39.2599983215332,38.78767013549805
2018-05-24,3585900,39.619998931884766,39.970001220703125,40.029998779296875,39.58000183105469,39.30890655517578
2018-05-23,4073200,38.77000045776367,39.59000015258789,39.630001068115234,38.77000045776367,38.9351921081543
2018-05-22,3305900,39.33000183105469,38.790000915527344,39.4900016784668,38.77000045776367,38.14842224121094
2018-05-21,2758100,39.18000030517578,39.369998931884766,39.40999984741211,38.77000045776367,38.71883010864258
2018-05-18,3623700,39.209999084472656,39.15999984741211,39.290000915527344,39.0,38.51230239868164
2018-05-17,3091000,39.709999084472656,39.36000061035156,39.709999084472656,39.189998626708984,38.7089958190918
2018-05-16,3167500,39.4900016784668,39.689998626708984,39.7400016784668,39.40999984741211,39.03353500366211
2018-05-15,4709400,39.68000030517578,39.5099983215332,39.7400016784668,38.970001220703125,38.856510162353516
2018-05-14,3820800,40.529998779296875,40.38999938964844,40.84000015258789,40.15999984741211,39.72195816040039
2018-05-11,3015800,40.41999816894531,40.38999938964844,40.63999938964844,40.130001068115234,39.72195816040039
2018-05-10,3093200,40.130001068115234,40.41999816894531,40.540000915527344,40.119998931884766,39.751461029052734
2018-05-09,3096200,39.93000030517578,39.959999084472656,40.290000915527344,39.790000915527344,39.299068450927734
2018-05-08,3732200,39.63999938964844,39.97999954223633,39.97999954223633,39.209999084472656,39.3187370300293
2018-05-07,3164200,39.650001525878906,39.869998931884766,40.2400016784668,39.630001068115234,39.21055603027344
2018-05-04,3746800,39.529998779296875,39.650001525878906,39.75,39.439998626708984,38.99420166015625
2018-05-03,4935500,39.52000045776367,39.810001373291016,39.86000061035156,39.279998779296875,39.151554107666016
2018-05-02,6061900,39.41999816894531,39.189998626708984,39.61000061035156,38.849998474121094,38.54180908203125
2018-05-01,4192400,39.02000045776367,39.220001220703125,39.279998779296875,38.66999816894531,38.571311950683594
2018-04-30,5900800,40.310001373291016,39.290000915527344,40.349998474121094,39.2599983215332,38.64015197753906
2018-04-27,3454400,40.75,40.65999984741211,40.90999984741211,40.34000015258789,39.98749542236328
2018-04-26,2880000,40.54999923706055,40.77000045776367,41.20000076293945,40.150001525878906,40.095672607421875
2018-04-25,5238300,40.54999923706055,40.52000045776367,41.060001373291016,40.349998474121094,39.84980773925781
2018-04-24,4052400,41.22999954223633,41.04999923706055,41.4900016784668,40.86000061035156,40.37104415893555
2018-04-23,3383700,40.86000061035156,41.060001373291016,41.209999084472656,40.54999923706055,40.38087844848633
2018-04-20,3779900,41.720001220703125,41.349998474121094,41.810001373291016,41.18000030517578,40.666080474853516
2018-04-19,5464700,41.33000183105469,41.939998626708984,41.959999084472656,41.2400016784668,41.24631881713867
2018-04-18,7317000,41.75,41.09000015258789,41.900001525878906,40.97999954223633,40.41038131713867
2018-04-17,4155300,41.470001220703125,41.380001068115234,41.790000915527344,41.22999954223633,40.695587158203125
2018-04-16,3876100,41.75,41.41999816894531,41.86000061035156,41.119998931884766,40.73492431640625
2018-04-13,5578000,40.880001068115234,41.599998474121094,41.97999954223633,40.880001068115234,40.91194534301758
2018-04-12,5722200,40.310001373291016,40.400001525878906,40.7400016784668,39.83000183105469,39.73179626464844
2018-04-11,9140100,40.0,40.63999938964844,41.13999938964844,39.849998474121094,39.96782302856445
2018-04-10,4794700,38.790000915527344,39.470001220703125,39.709999084472656,38.75,38.81717300415039
2018-04-09,5983100,39.349998474121094,38.58000183105469,39.349998474121094,38.16999816894531,37.94189453125
2018-04-06,4107000,39.400001525878906,39.290000915527344,39.61000061035156,39.04999923706055,38.64015197753906
2018-04-05,4815300,38.790000915527344,39.27000045776367,39.380001068115234,38.63999938964844,38.6204833984375
2018-04-04,4202800,39.20000076293945,38.9900016784668,39.279998779296875,38.84000015258789,38.345115661621094
2018-04-03,3488800,39.150001525878906,38.83000183105469,39.150001525878906,38.599998474121094,38.18776321411133
2018-04-02,4128400,39.38999938964844,39.27000045776367,39.619998931884766,39.18000030517578,38.6204833984375
2018-03-29,4651000,38.27000045776367,39.06999969482422,39.16999816894531,38.27000045776367,38.423789978027344
2018-03-28,5371500,38.83000183105469,38.38999938964844,38.900001525878906,38.220001220703125,37.75503921508789
2018-03-27,5873700,39.459999084472656,39.029998779296875,39.63999938964844,38.900001525878906,38.38444900512695
2018-03-26,7583300,39.150001525878906,39.88999938964844,40.029998779296875,39.150001525878906,39.230228424072266
2018-03-23,6879800,38.2599983215332,38.7599983215332,39.16999816894531,38.15999984741211,38.118919372558594
2018-03-22,4823100,38.2599983215332,37.61000061035156,38.45000076293945,37.59000015258789,36.987937927246094
2018-03-21,5200500,37.5099983215332,38.220001220703125,38.529998779296875,37.33000183105469,37.587852478027344
2018-03-20,3516500,37.439998626708984,37.29999923706055,37.540000915527344,37.189998626708984,36.683067321777344
2018-03-19,5226600,37.38999938964844,37.470001220703125,37.599998474121094,37.11000061035156,36.85025405883789
2018-03-16,10404900,37.400001525878906,37.38999938964844,37.630001068115234,36.959999084472656,36.771575927734375
2018-03-15,4156900,37.83000183105469,37.310001373291016,38.08000183105469,37.27000045776367,36.692901611328125
2018-03-14,3480000,38.310001373291016,38.189998626708984,38.540000915527344,38.06999969482422,37.558349609375
2018-03-13,3895400,38.08000183105469,38.220001220703125,38.470001220703125,38.0099983215332,37.587852478027344
2018-03-12,3691700,37.310001373291016,37.97999954223633,38.029998779296875,37.279998779296875,37.3518180847168
2018-03-09,5675400,37.650001525878906,37.709999084472656,37.849998474121094,37.2400016784668,37.086280822753906
2018-03-08,4149600,37.720001220703125,37.65999984741211,37.88999938964844,37.31999969482422,37.037113189697266
2018-03-07,5732400,38.59000015258789,37.70000076293945,38.880001068115234,37.61000061035156,37.076454162597656
2018-03-06,6411500,38.630001068115234,38.849998474121094,39.15999984741211,38.41999816894531,38.069740295410156
2018-03-05,4398500,37.790000915527344,38.279998779296875,38.369998931884766,37.47999954223633,37.511192321777344
2018-03-02,5202900,38.279998779296875,37.93000030517578,38.59000015258789,37.93000030517578,37.1682243347168
2018-03-01,6502700,38.040000915527344,38.11000061035156,38.27000045776367,37.13999938964844,37.344608306884766
2018-02-28,6266300,38.47999954223633,38.20000076293945,39.04999923706055,38.16999816894531,37.43280029296875
2018-02-27,5350800,39.099998474121094,38.439998626708984,39.310001373291016,38.15999984741211,37.6679801940918
2018-02-26,4770400,39.02000045776367,39.31999969482422,39.369998931884766,38.650001525878906,38.53030776977539
2018-02-23,4812800,37.79999923706055,38.689998626708984,38.75,37.689998626708984,37.9129524230957
2018-02-22,4903500,37.970001220703125,37.630001068115234,38.72999954223633,37.58000183105469,36.87424850463867
2018-02-21,5736600,38.58000183105469,38.15999984741211,39.130001068115234,38.09000015258789,37.39360427856445
2018-02-20,5718400,38.7400016784668,38.38999938964844,39.09000015258789,38.189998626708984,37.618988037109375
2018-02-16,5395600,39.13999938964844,39.11000061035156,39.38999938964844,38.68000030517578,38.32452392578125
2018-02-15,5359800,39.20000076293945,39.40999984741211,39.43000030517578,38.47999954223633,38.618499755859375
2018-02-14,8195500,36.93000030517578,39.0,39.310001373291016,36.849998474121094,38.216732025146484
2018-02-13,5421600,36.93000030517578,37.02000045776367,37.22999954223633,36.7400016784668,36.27649688720703
2018-02-12,6256700,36.900001525878906,36.90999984741211,37.189998626708984,36.41999816894531,36.1687126159668
2018-02-09,11000500,36.880001068115234,36.7599983215332,36.880001068115234,35.97999954223633,36.0217170715332
2018-02-08,13378900,37.189998626708984,36.61000061035156,37.22999954223633,36.54999923706055,35.874732971191406
2018-02-07,8964000,37.619998931884766,37.029998779296875,37.86000061035156,36.880001068115234,36.28629684448242
2018-02-06,8980000,37.40999984741211,37.630001068115234,37.83000183105469,37.02000045776367,36.87424850463867
2018-02-05,8489700,39.16999816894531,37.79999923706055,39.47999954223633,37.7599983215332,37.04083251953125
2018-02-02,5936200,39.880001068115234,38.970001220703125,39.88999938964844,38.900001525878906,38.187339782714844
2018-02-01,4339300,40.22999954223633,40.36000061035156,41.02000045776367,40.16999816894531,39.54942321777344
2018-01-31,5987600,40.38999938964844,40.5099983215332,40.61000061035156,39.83000183105469,39.696407318115234
2018-01-30,4204300,40.119998931884766,40.099998474121094,40.54999923706055,39.650001525878906,39.29464340209961
2018-01-29,4742300,40.779998779296875,40.08000183105469,40.91999816894531,40.040000915527344,39.275047302246094
2018-01-26,3338400,40.849998474121094,41.04999923706055,41.29999923706055,40.83000183105469,40.225563049316406
2018-01-25,5814400,41.75,40.77000045776367,41.93000030517578,40.66999816894531,39.95117950439453
2018-01-24,8014400,41.16999816894531,41.56999969482422,42.040000915527344,41.16999816894531,40.7351188659668
2018-01-23,3284000,39.529998779296875,40.31999969482422,40.439998626708984,39.099998474121094,39.51021957397461
2018-01-22,2860900,39.54999923706055,39.65999984741211,39.689998626708984,39.2400016784668,38.86347961425781
2018-01-19,3960100,39.63999938964844,39.470001220703125,39.63999938964844,39.22999954223633,38.67729187011719
2018-01-18,4669400,39.47999954223633,39.2400016784668,40.0,39.16999816894531,38.45191955566406
2018-01-17,5191000,39.689998626708984,39.45000076293945,40.25,39.40999984741211,38.65769577026367
2018-01-16,6917800,39.790000915527344,40.0,40.220001220703125,39.130001068115234,39.196651458740234
2018-01-12,5068400,39.040000915527344,39.790000915527344,39.84000015258789,38.86000061035156,38.990867614746094
2018-01-11,4093300,38.40999984741211,38.84000015258789,38.900001525878906,38.400001525878906,38.05995178222656
2018-01-10,3542100,38.470001220703125,38.34000015258789,38.5,38.08000183105469,37.56999206542969
2018-01-09,3902600,38.150001525878906,38.11000061035156,38.31999969482422,37.95000076293945,37.344608306884766
2018-01-08,4719800,38.349998474121094,38.36000061035156,38.52000045776367,37.959999084472656,37.5895881652832
2018-01-05,2877300,38.18000030517578,38.400001525878906,38.43000030517578,38.02000045776367,37.6287841796875
2018-01-04,3876000,37.75,38.2599983215332,38.2599983215332,37.369998931884766,37.49159240722656
2018-01-03,5143600,38.209999084472656,37.84000015258789,38.2599983215332,37.4900016784668,37.08003234863281
2018-01-02,5325800,37.869998931884766,38.15999984741211,38.29999923706055,37.81999969482422,37.39360427856445
2017-12-29,2725900,37.70000076293945,37.52000045776367,37.77000045776367,37.369998931884766,36.766456604003906
2017-12-28,2244900,37.810001373291016,37.5099983215332,37.810001373291016,37.33000183105469,36.75666046142578
2017-12-27,4042000,37.619998931884766,37.599998474121094,37.84000015258789,37.45000076293945,36.8448486328125
2017-12-26,4347700,37.0,37.56999969482422,38.040000915527344,36.91999816894531,36.815452575683594
2017-12-22,2217800,36.86000061035156,36.91999816894531,36.9900016784668,36.709999084472656,36.178504943847656
2017-12-21,3669000,36.58000183105469,36.72999954223633,36.93000030517578,36.54999923706055,35.99232482910156
2017-12-20,2814100,36.47999954223633,36.61000061035156,36.720001220703125,36.11000061035156,35.874732971191406
2017-12-19,3151700,36.54999923706055,36.349998474121094,36.779998779296875,36.16999816894531,35.61995315551758
2017-12-18,4531100,36.04999923706055,36.650001525878906,36.959999084472656,36.0,35.91393280029297
2017-12-15,11602000,36.209999084472656,35.869998931884766,36.290000915527344,35.84000015258789,35.149593353271484
2017-12-14,4414400,35.75,35.900001525878906,36.08000183105469,35.380001068115234,35.17899703979492
2017-12-13,7527300,34.650001525878906,35.75,36.02000045776367,34.56999969482422,35.03200912475586
2017-12-12,6460400,34.619998931884766,34.59000015258789,34.68000030517578,34.20000076293945,33.89529800415039
2017-12-11,7943900,35.18000030517578,34.66999816894531,35.75,34.52000045776367,33.973697662353516
2017-12-08,5314100,35.83000183105469,35.400001525878906,36.20000076293945,35.16999816894531,34.68903732299805
2017-12-07,4047700,35.529998779296875,35.91999816894531,36.130001068115234,35.45000076293945,35.19858932495117
2017-12-06,5797400,36.25,35.83000183105469,36.400001525878906,35.779998779296875,35.03690719604492
2017-12-05,5984100,36.599998474121094,36.20000076293945,36.79999923706055,36.06999969482422,35.39871597290039
2017-12-04,3777300,37.2400016784668,36.84000015258789,37.2400016784668,36.65999984741211,36.02455139160156
2017-12-01,5074400,37.06999969482422,37.189998626708984,37.61000061035156,36.779998779296875,36.36680221557617
2017-11-30,9372400,36.349998474121094,36.9900016784668,37.20000076293945,36.349998474121094,36.17123031616211
2017-11-29,4232800,36.70000076293945,36.599998474121094,36.90999984741211,36.31999969482422,35.78986358642578
2017-11-28,4724100,37.130001068115234,37.13999938964844,37.59000015258789,37.09000015258789,36.31791305541992
2017-11-27,4760500,36.970001220703125,37.099998474121094,37.11000061035156,36.66999816894531,36.27879333496094
2017-11-24,1705600,36.72999954223633,36.68000030517578,37.060001373291016,36.65999984741211,35.86809539794922
2017-11-22,4144300,36.540000915527344,36.709999084472656,36.91999816894531,36.470001220703125,35.89742660522461
2017-11-21,4109700,36.4900016784668,36.369998931884766,36.7400016784668,36.29999923706055,35.5649528503418
2017-11-20,2971900,36.150001525878906,36.33000183105469,36.4900016784668,36.060001373291016,35.525840759277344
2017-11-17,3139100,36.130001068115234,36.209999084472656,36.31999969482422,35.93000030517578,35.40849304199219
2017-11-16,2738800,36.06999969482422,36.09000015258789,36.20000076293945,35.849998474121094,35.2911491394043
2017-11-15,5011800,36.470001220703125,36.08000183105469,36.47999954223633,35.939998626708984,35.28137969970703
2017-11-14,4108400,35.560001373291016,36.279998779296875,36.349998474121094,35.4900016784668,35.47694396972656
2017-11-13,4428500,35.59000015258789,35.709999084472656,36.02000045776367,35.5,34.91956329345703
2017-11-10,4663200,35.84000015258789,35.52000045776367,36.08000183105469,35.4900016784668,34.7337646484375
2017-11-09,4218400,36.220001220703125,35.880001068115234,36.41999816894531,35.7400016784668,35.08580017089844
2017-11-08,3161200,36.2400016784668,36.310001373291016,36.4900016784668,36.13999938964844,35.50628662109375
2017-11-07,4340000,36.380001068115234,36.040000915527344,36.54999923706055,35.9900016784668,35.24226379394531
2017-11-06,4346800,36.130001068115234,36.369998931884766,36.79999923706055,36.119998931884766,35.5649528503418
2017-11-03,3430000,36.369998931884766,36.040000915527344,36.4900016784668,35.7599983215332,35.24226379394531
2017-11-02,5469600,35.81999969482422,36.47999954223633,36.5,35.77000045776367,35.67251968383789
2017-11-01,4001700,36.36000061035156,35.689998626708984,36.459999084472656,35.59000015258789,34.90000534057617
2017-10-31,4114400,36.189998626708984,36.15999984741211,36.29999923706055,35.880001068115234,35.35960006713867
2017-10-30,4744300,35.79999923706055,36.22999954223633,36.38999938964844,35.619998931884766,35.42805480957031
2017-10-27,4602400,35.7400016784668,35.79999923706055,36.349998474121094,35.66999816894531,35.007568359375
2017-10-26,8556300,37.0099983215332,35.810001373291016,37.189998626708984,35.06999969482422,35.01734924316406
2017-10-25,8935900,37.08000183105469,36.75,37.18000030517578,36.189998626708984,35.936546325683594
2017-10-24,4038100,37.31999969482422,37.130001068115234,37.56999969482422,37.099998474121094,36.30813217163086
2017-10-23,4231400,37.4900016784668,37.369998931884766,37.68000030517578,37.16999816894531,36.542816162109375
2017-10-20,3477600,37.869998931884766,37.790000915527344,37.970001220703125,37.54999923706055,36.953521728515625
2017-10-19,4402200,38.08000183105469,37.84000015258789,38.2599983215332,37.7400016784668,37.00241470336914
2017-10-18,3320100,38.11000061035156,37.86000061035156,38.36000061035156,37.86000061035156,37.021976470947266
2017-10-17,3923800,37.66999816894531,38.349998474121094,38.459999084472656,37.54999923706055,37.50112533569336
2017-10-16,3928600,38.75,37.9900016784668,38.75,37.849998474121094,37.14910125732422
2017-10-13,2230600,38.68000030517578,38.59000015258789,38.849998474121094,38.31999969482422,37.73581314086914
2017-10-12,2754700,38.099998474121094,38.38999938964844,38.529998779296875,37.97999954223633,37.540245056152344
2017-10-11,3375600,38.09000015258789,38.08000183105469,38.33000183105469,38.08000183105469,37.237098693847656
2017-10-10,2735300,38.52000045776367,37.900001525878906,38.56999969482422,37.84000015258789,37.061092376708984
2017-10-09,2014100,38.2599983215332,38.279998779296875,38.439998626708984,38.16999816894531,37.432674407958984
2017-10-06,5167500,37.90999984741211,38.060001373291016,38.16999816894531,37.380001068115234,37.21754837036133
2017-10-05,2441000,38.119998931884766,37.95000076293945,38.29999923706055,37.900001525878906,37.10997772216797
2017-10-04,2984900,38.29999923706055,38.08000183105469,38.47999954223633,37.7599983215332,37.237098693847656
2017-10-03,2658000,38.029998779296875,38.22999954223633,38.27000045776367,37.880001068115234,37.383785247802734
2017-10-02,3461600,37.33000183105469,37.880001068115234,37.97999954223633,37.33000183105469,37.04153060913086
2017-09-29,2775000,37.689998626708984,37.5099983215332,37.689998626708984,37.2599983215332,36.67972183227539
2017-09-28,5976900,37.220001220703125,37.619998931884766,37.81999969482422,37.119998931884766,36.78728485107422
2017-09-27,6567700,37.209999084472656,37.209999084472656,37.5,36.880001068115234,36.386356353759766
2017-09-26,5120100,38.27000045776367,37.970001220703125,38.56999969482422,37.880001068115234,37.129539489746094
2017-09-25,4058500,37.849998474121094,38.630001068115234,38.65999984741211,37.65999984741211,37.774932861328125
2017-09-22,2859900,37.540000915527344,37.88999938964844,37.970001220703125,37.540000915527344,37.051307678222656
2017-09-21,4408500,37.13999938964844,37.43000030517578,37.91999816894531,37.06999969482422,36.60149002075195
2017-09-20,6197300,38.27000045776367,37.630001068115234,38.709999084472656,37.150001525878906,36.797061920166016
2017-09-19,3408400,37.810001373291016,38.09000015258789,38.150001525878906,37.75,37.24687957763672
2017-09-18,4079200,37.630001068115234,37.779998779296875,37.95000076293945,37.61000061035156,36.94374465942383
2017-09-15,4936400,38.11000061035156,37.849998474121094,38.13999938964844,37.54999923706055,37.01219177246094
2017-09-14,7749900,37.68000030517578,38.060001373291016,38.2400016784668,37.40999984741211,37.21754837036133
2017-09-13,3822500,38.150001525878906,37.880001068115234,38.2599983215332,37.7400016784668,37.04153060913086
2017-09-12,2828800,38.13999938964844,38.349998474121094,38.43000030517578,37.959999084472656,37.42778778076172
2017-09-11,5813700,38.810001373291016,38.220001220703125,39.279998779296875,38.0099983215332,37.30091094970703
2017-09-08,5478700,39.47999954223633,39.310001373291016,39.54999923706055,39.029998779296875,38.36470031738281
2017-09-07,5894400,38.709999084472656,39.599998474121094,39.630001068115234,38.599998474121094,38.64773178100586
2017-09-06,6326900,38.720001220703125,38.380001068115234,38.95000076293945,37.9900016784668,37.457069396972656
2017-09-05,6590900,38.97999954223633,38.75,39.11000061035156,38.40999984741211,37.81816864013672
2017-09-01,3958500,38.59000015258789,38.65999984741211,38.81999969482422,38.220001220703125,37.73033142089844
2017-08-31,6009400,38.13999938964844,38.34000015258789,38.43000030517578,38.060001373291016,37.41802978515625
2017-08-30,3991500,37.97999954223633,38.060001373291016,38.099998474121094,37.79999923706055,37.14475631713867
2017-08-29,7078800,38.88999938964844,38.040000915527344,38.88999938964844,37.77000045776367,37.12523651123047
2017-08-28,9008700,37.27000045776367,38.29999923706055,38.90999984741211,37.2400016784668,37.37898635864258
2017-08-25,4172200,37.0,36.9900016784668,37.34000015258789,36.97999954223633,36.10049057006836
2017-08-24,4823200,36.939998626708984,36.81999969482422,37.099998474121094,36.63999938964844,35.93457794189453
2017-08-23,3033800,36.560001373291016,36.97999954223633,37.0,36.560001373291016,36.09073257446289
2017-08-22,3412200,36.5099983215332,36.5,37.130001068115234,36.400001525878906,35.62227249145508
2017-08-21,4879000,35.9900016784668,36.61000061035156,36.790000915527344,35.91999816894531,35.7296257019043
2017-08-18,7433100,36.439998626708984,35.83000183105469,37.29999923706055,35.779998779296875,34.968387603759766
2017-08-17,5008500,36.209999084472656,36.04999923706055,36.209999084472656,35.880001068115234,35.1830940246582
2017-08-16,4766700,35.75,36.130001068115234,36.22999954223633,35.61000061035156,35.26117706298828
2017-08-15,3870400,35.45000076293945,35.77000045776367,35.939998626708984,35.220001220703125,34.909828186035156
2017-08-14,5172900,36.29999923706055,36.02000045776367,36.349998474121094,35.86000061035156,35.153812408447266
2017-08-11,4370100,36.4900016784668,36.529998779296875,36.7400016784668,36.279998779296875,35.65155029296875
2017-08-10,4600100,36.5,36.439998626708984,36.65999984741211,36.279998779296875,35.563716888427734
2017-08-09,4514500,36.27000045776367,36.099998474121094,36.33000183105469,35.720001220703125,35.23189163208008
2017-08-08,4745500,36.290000915527344,35.7400016784668,36.380001068115234,35.5,34.880550384521484
2017-08-07,3291800,36.150001525878906,36.16999816894531,36.439998626708984,35.970001220703125,35.30020523071289
2017-08-04,4072500,36.290000915527344,36.150001525878906,36.54999923706055,35.900001525878906,35.28069305419922
2017-08-03,4405600,36.790000915527344,36.59000015258789,37.06999969482422,36.560001373291016,35.71010971069336
2017-08-02,3854000,36.709999084472656,36.869998931884766,37.13999938964844,36.4900016784668,35.98337936401367
2017-08-01,5270600,37.099998474121094,36.97999954223633,37.25,36.779998779296875,36.09073257446289
2017-07-31,5294800,37.06999969482422,37.16999816894531,37.33000183105469,36.810001373291016,36.27616500854492
2017-07-28,4348100,36.63999938964844,37.060001373291016,37.130001068115234,36.36000061035156,36.16880798339844
2017-07-27,7528300,37.27000045776367,36.439998626708984,37.349998474121094,36.349998474121094,35.563716888427734
2017-07-26,7671400,35.93000030517578,36.959999084472656,37.29999923706055,35.81999969482422,36.07121658325195
2017-07-25,8897500,34.58000183105469,36.2400016784668,36.63999938964844,34.5,35.368534088134766
2017-07-24,4849100,34.38999938964844,33.900001525878906,34.470001220703125,33.88999938964844,33.084800720214844
2017-07-21,4465800,34.150001525878906,34.38999938964844,34.459999084472656,34.029998779296875,33.563011169433594
2017-07-20,5921200,33.81999969482422,33.91999816894531,34.31999969482422,33.709999084472656,33.104312896728516
2017-07-19,4668400,33.65999984741211,33.880001068115234,34.060001373291016,33.619998931884766,33.065277099609375
2017-07-18,5626200,33.880001068115234,33.709999084472656,33.959999084472656,33.4900016784668,32.89936828613281
2017-07-17,3600000,33.470001220703125,33.72999954223633,33.9900016784668,33.41999816894531,32.918888092041016
2017-07-14,4396800,33.41999816894531,33.29999923706055,33.63999938964844,33.2400016784668,32.499229431152344
2017-07-13,3917300,33.150001525878906,32.939998626708984,33.45000076293945,32.900001525878906,32.147884368896484
2017-07-12,3979500,33.349998474121094,33.16999816894531,33.47999954223633,33.06999969482422,32.372344970703125
2017-07-11,3962300,32.529998779296875,32.95000076293945,33.0099983215332,32.189998626708984,32.15763854980469
2017-07-10,4399600,31.940000534057617,32.529998779296875,32.66999816894531,31.700000762939453,31.747739791870117
2017-07-07,4185500,32.150001525878906,32.029998779296875,32.349998474121094,31.860000610351562,31.259761810302734
2017-07-06,3853400,32.560001373291016,32.279998779296875,32.720001220703125,32.209999084472656,31.50374984741211
2017-07-05,8030800,32.130001068115234,32.68000030517578,32.9900016784668,32.0,31.894136428833008
2017-07-03,4024600,31.780000686645508,31.889999389648438,31.969999313354492,31.420000076293945,31.12313461303711
2017-06-30,4588500,32.22999954223633,32.38999938964844,32.529998779296875,32.119998931884766,31.611106872558594
2017-06-29,5850800,32.81999969482422,32.22999954223633,32.81999969482422,32.20000076293945,31.454957962036133
2017-06-28,3801700,33.18000030517578,33.040000915527344,33.43000030517578,32.66999816894531,32.24547576904297
2017-06-27,5678500,34.02000045776367,33.06999969482422,34.02000045776367,32.9900016784668,32.274757385253906
2017-06-26,3288600,33.4900016784668,33.77000045776367,34.09000015258789,33.43000030517578,32.95792007446289
2017-06-23,4271400,33.84000015258789,33.810001373291016,33.939998626708984,33.63999938964844,32.99696350097656
2017-06-22,3545800,33.380001068115234,33.5,33.66999816894531,33.150001525878906,32.69441223144531
2017-06-21,2643700,32.880001068115234,33.150001525878906,33.22999954223633,32.68000030517578,32.35283660888672
2017-06-20,3273600,32.83000183105469,32.84000015258789,33.0,32.54999923706055,32.050289154052734
2017-06-19,4365400,32.77000045776367,32.880001068115234,33.119998931884766,32.560001373291016,32.08932876586914
2017-06-16,7180900,33.150001525878906,32.84000015258789,33.25,32.709999084472656,32.050289154052734
2017-06-15,6799900,33.45000076293945,33.040000915527344,33.79999923706055,32.91999816894531,32.24547576904297
2017-06-14,6680900,35.06999969482422,33.720001220703125,35.11000061035156,33.5,32.909122467041016
2017-06-13,3930500,34.29999923706055,34.47999954223633,34.83000183105469,34.2400016784668,33.650848388671875
2017-06-12,4358300,34.0,34.380001068115234,34.630001068115234,33.959999084472656,33.55325698852539
2017-06-09,4610800,34.529998779296875,34.29999923706055,34.83000183105469,34.18000030517578,33.47517395019531
2017-06-08,5657200,35.5099983215332,35.02000045776367,35.5099983215332,34.84000015258789,34.17786407470703
2017-06-07,4634100,35.27000045776367,35.5099983215332,35.560001373291016,34.79999923706055,34.65608215332031
2017-06-06,8028700,34.290000915527344,35.400001525878906,35.41999816894531,34.060001373291016,34.54873275756836
2017-06-05,3103000,34.04999923706055,33.84000015258789,34.130001068115234,33.54999923706055,32.977447509765625
2017-06-02,4532900,34.29999923706055,34.029998779296875,34.65999984741211,33.689998626708984,33.162601470947266
2017-06-01,3676300,33.58000183105469,34.02000045776367,34.220001220703125,33.58000183105469,33.152854919433594
2017-05-31,7332500,33.95000076293945,34.150001525878906,34.38999938964844,33.900001525878906,33.279541015625
2017-05-30,3911400,33.77000045776367,33.970001220703125,34.099998474121094,33.75,33.1041259765625
2017-05-26,4565400,33.720001220703125,34.11000061035156,34.279998779296875,33.599998474121094,33.240562438964844
2017-05-25,3689200,33.5099983215332,33.43000030517578,33.689998626708984,33.130001068115234,32.5778923034668
2017-05-24,5903300,32.959999084472656,33.65999984741211,33.70000076293945,32.720001220703125,32.802032470703125
2017-05-23,4713300,33.7599983215332,33.04999923706055,33.970001220703125,32.959999084472656,32.20758056640625
2017-05-22,3866500,33.869998931884766,33.68000030517578,34.029998779296875,33.63999938964844,32.82151794433594
2017-05-19,5041900,33.459999084472656,33.630001068115234,33.68000030517578,33.31999969482422,32.77279281616211
2017-05-18,5725400,34.02000045776367,33.310001373291016,34.119998931884766,33.25,32.4609489440918
2017-05-17,6451500,33.75,34.2599983215332,34.810001373291016,33.75,33.38673400878906
2017-05-16,3944400,33.880001068115234,33.75,33.959999084472656,33.63999938964844,32.889739990234375
2017-05-15,3962300,34.15999984741211,33.869998931884766,34.15999984741211,33.599998474121094,33.00667190551758
2017-05-12,4576700,33.779998779296875,33.75,34.029998779296875,33.560001373291016,32.889739990234375
2017-05-11,5236100,33.060001373291016,33.47999954223633,33.63999938964844,32.79999923706055,32.626617431640625
2017-05-10,4374500,33.099998474121094,32.95000076293945,33.15999984741211,32.599998474121094,32.110130310058594
2017-05-09,3121900,32.40999984741211,32.7599983215332,32.83000183105469,32.31999969482422,31.92496681213379
2017-05-08,3308500,32.880001068115234,32.68000030517578,32.880001068115234,32.290000915527344,31.84701156616211
2017-05-05,4002400,32.41999816894531,32.72999954223633,33.06999969482422,32.349998474121094,31.895734786987305
2017-05-04,6790300,32.279998779296875,32.279998779296875,32.5099983215332,32.119998931884766,31.457202911376953
2017-05-03,5597800,32.91999816894531,32.689998626708984,33.36000061035156,32.650001525878906,31.85675048828125
2017-05-02,5627800,32.70000076293945,33.0099983215332,33.09000015258789,32.5,32.16859817504883
2017-05-01,6654100,33.650001525878906,32.68000030517578,33.86000061035156,32.61000061035156,31.84701156616211
2017-04-28,9427700,32.970001220703125,33.810001373291016,33.959999084472656,32.88999938964844,32.94820785522461
2017-04-27,11899000,32.79999923706055,32.90999984741211,33.130001068115234,32.41999816894531,32.071144104003906
2017-04-26,8771500,32.849998474121094,32.97999954223633,33.02000045776367,32.279998779296875,32.13936233520508
2017-04-25,16650400,33.75,32.88999938964844,33.75,32.029998779296875,32.051658630371094
2017-04-24,8432500,33.56999969482422,33.709999084472656,34.18000030517578,33.5,32.85074996948242
2017-04-21,7208200,33.59000015258789,34.130001068115234,34.439998626708984,33.5,33.26005172729492
2017-04-20,6496200,33.58000183105469,33.66999816894531,34.130001068115234,33.36000061035156,32.81177520751953
2017-04-19,7183700,34.209999084472656,33.52000045776367,34.290000915527344,33.349998474121094,32.66559982299805
2017-04-18,5122600,34.54999923706055,34.31999969482422,34.58000183105469,34.0,33.44520568847656
2017-04-17,4235000,34.45000076293945,34.59000015258789,34.88999938964844,34.380001068115234,33.70832443237305
2017-04-13,4889400,35.20000076293945,34.5,35.209999084472656,34.25,33.6206169128418
2017-04-12,4701200,35.150001525878906,35.08000183105469,35.41999816894531,34.47999954223633,34.18583297729492
2017-04-11,6272200,35.0,35.130001068115234,35.529998779296875,34.540000915527344,34.23455810546875
2017-04-10,3640200,34.04999923706055,34.61000061035156,34.689998626708984,33.84000015258789,33.727813720703125
2017-04-07,5300200,34.970001220703125,34.310001373291016,34.970001220703125,34.08000183105469,33.43546676635742
2017-04-06,3456200,34.279998779296875,34.16999816894531,34.290000915527344,33.84000015258789,33.29902648925781
2017-04-05,4764800,33.7400016784668,34.310001373291016,34.58000183105469,33.689998626708984,33.43546676635742
2017-04-04,4431600,34.029998779296875,34.189998626708984,34.189998626708984,33.84000015258789,33.318519592285156
2017-04-03,4680100,33.04999923706055,33.88999938964844,33.91999816894531,32.95000076293945,33.02617263793945
2017-03-31,4907400,32.869998931884766,32.959999084472656,33.400001525878906,32.61000061035156,32.119869232177734
2017-03-30,3198500,32.91999816894531,32.93000030517578,33.15999984741211,32.790000915527344,32.09063720703125
2017-03-29,3646700,32.900001525878906,33.189998626708984,33.31999969482422,32.79999923706055,32.34400939941406
2017-03-28,7314400,34.0,33.0,34.209999084472656,32.63999938964844,32.15885543823242
2017-03-27,8041100,34.04999923706055,33.90999984741211,34.27000045776367,33.7400016784668,33.045654296875
2017-03-24,3729000,33.4900016784668,33.47999954223633,33.779998779296875,33.279998779296875,32.626617431640625
2017-03-23,6515700,33.939998626708984,33.619998931884766,34.16999816894531,33.02000045776367,32.7630500793457
2017-03-22,5400300,34.22999954223633,33.84000015258789,34.560001373291016,33.630001068115234,32.977447509765625
2017-03-21,7806800,33.52000045776367,34.029998779296875,34.349998474121094,33.52000045776367,33.162601470947266
2017-03-20,4462400,32.90999984741211,33.560001373291016,33.560001373291016,32.72999954223633,32.70458221435547
2017-03-17,12154000,32.97999954223633,32.84000015258789,33.5,32.779998779296875,32.002933502197266
2017-03-16,9823200,34.2400016784668,32.810001373291016,34.4900016784668,32.689998626708984,31.97369956970215
2017-03-15,7677200,32.619998931884766,34.099998474121094,34.220001220703125,32.25,33.230812072753906
2017-03-14,5639500,32.95000076293945,32.400001525878906,33.27000045776367,32.150001525878906,31.574146270751953
2017-03-13,5140200,33.20000076293945,33.02000045776367,33.22999954223633,32.689998626708984,32.178340911865234
2017-03-10,5165400,32.83000183105469,32.939998626708984,33.16999816894531,32.56999969482422,32.100379943847656
2017-03-09,6002600,32.810001373291016,32.599998474121094,33.130001068115234,32.540000915527344,31.7690486907959
2017-03-08,6442000,32.529998779296875,32.88999938964844,33.529998779296875,32.47999954223633,32.051658630371094
2017-03-07,6985500,32.689998626708984,32.97999954223633,33.349998474121094,32.560001373291016,32.13936233520508
2017-03-06,6954500,33.72999954223633,33.0099983215332,33.81999969482422,32.75,32.119873046875
2017-03-03,7779200,33.5,34.06999969482422,34.310001373291016,33.33000183105469,33.15129089355469
2017-03-02,7459000,33.900001525878906,33.599998474121094,34.150001525878906,33.45000076293945,32.693965911865234
2017-03-01,7990400,33.7400016784668,34.41999816894531,34.709999084472656,33.349998474121094,33.491851806640625
2017-02-28,9201400,34.45000076293945,34.2400016784668,35.0099983215332,34.0099983215332,33.316707611083984
2017-02-27,9436200,35.880001068115234,33.970001220703125,36.2400016784668,33.779998779296875,33.053985595703125
2017-02-24,6940500,36.310001373291016,36.08000183105469,36.900001525878906,35.95000076293945,35.107093811035156
2017-02-23,6376000,36.5,35.86000061035156,36.9900016784668,35.83000183105469,34.89302062988281
2017-02-22,10081900,36.5,36.0,37.09000015258789,35.150001525878906,35.029239654541016
2017-02-21,5838600,36.5099983215332,37.439998626708984,37.4900016784668,36.18000030517578,36.430416107177734
2017-02-17,5687900,37.63999938964844,37.0099983215332,37.650001525878906,36.810001373291016,36.01200866699219
2017-02-16,5791300,37.369998931884766,37.56999969482422,37.689998626708984,37.2599983215332,36.55690383911133
2017-02-15,4339800,36.72999954223633,37.029998779296875,37.15999984741211,36.40999984741211,36.03146743774414
2017-02-14,5607100,37.599998474121094,37.09000015258789,37.68000030517578,36.77000045776367,36.08985900878906
2017-02-13,5312400,37.41999816894531,37.380001068115234,37.56999969482422,37.13999938964844,36.37203598022461
2017-02-10,5166400,36.959999084472656,37.650001525878906,37.720001220703125,36.75,36.634761810302734
2017-02-09,5051100,37.9900016784668,37.20000076293945,38.0099983215332,37.06999969482422,36.1968879699707
2017-02-08,6187700,37.59000015258789,37.849998474121094,37.869998931884766,37.209999084472656,36.82936096191406
2017-02-07,5431000,37.72999954223633,37.31999969482422,37.790000915527344,37.119998931884766,36.31365203857422
2017-02-06,7002000,37.27000045776367,37.939998626708984,37.939998626708984,36.880001068115234,36.916927337646484
2017-02-03,4651700,36.47999954223633,36.7599983215332,37.20000076293945,36.310001373291016,35.76874923706055
2017-02-02,6435400,36.77000045776367,36.68000030517578,36.880001068115234,36.15999984741211,35.69091033935547
2017-02-01,5211200,35.7400016784668,35.869998931884766,36.029998779296875,35.16999816894531,34.90275573730469
2017-01-31,7725600,35.83000183105469,36.279998779296875,36.349998474121094,35.810001373291016,35.30169677734375
2017-01-30,5457000,34.709999084472656,34.970001220703125,35.4900016784668,34.59000015258789,34.02701950073242
2017-01-27,4465300,34.2599983215332,34.380001068115234,34.66999816894531,34.2599983215332,33.45292663574219
2017-01-26,7629300,34.20000076293945,34.189998626708984,34.27000045776367,33.630001068115234,33.26805114746094
2017-01-25,9617700,35.349998474121094,34.95000076293945,35.58000183105469,34.470001220703125,34.007564544677734
2017-01-24,8576800,35.88999938964844,36.040000915527344,36.91999816894531,35.83000183105469,35.06817626953125
2017-01-23,5879500,35.38999938964844,35.880001068115234,35.9900016784668,35.029998779296875,34.91248321533203
2017-01-20,6387600,34.90999984741211,35.040000915527344,35.38999938964844,34.7400016784668,34.09513473510742
2017-01-19,6274100,34.779998779296875,34.93000030517578,35.439998626708984,34.68000030517578,33.98809814453125
2017-01-18,7530300,35.20000076293945,35.2599983215332,35.95000076293945,34.900001525878906,34.3091926574707
2017-01-17,6750000,35.63999938964844,35.13999938964844,35.84000015258789,34.91999816894531,34.192440032958984
2017-01-13,5209600,34.0,34.529998779296875,34.650001525878906,33.75,33.59888458251953
2017-01-12,7439000,35.220001220703125,34.470001220703125,35.349998474121094,34.13999938964844,33.54050827026367
2017-01-11,10796700,34.779998779296875,34.369998931884766,34.790000915527344,33.52000045776367,33.443199157714844
2017-01-10,7583400,35.650001525878906,35.08000183105469,36.16999816894531,34.849998474121094,34.134056091308594
2017-01-09,8992800,36.08000183105469,35.36000061035156,36.15999984741211,35.209999084472656,34.40650939941406
2017-01-06,7380000,36.0,35.41999816894531,36.4900016784668,34.9900016784668,34.46488571166992
2017-01-05,10485100,35.599998474121094,36.56999969482422,37.25,35.59000015258789,35.5838737487793
2017-01-04,7553000,34.900001525878906,34.959999084472656,34.9900016784668,34.189998626708984,34.01729202270508
2017-01-03,8000900,34.119998931884766,34.630001068115234,35.0,33.95000076293945,33.696189880371094
2016-12-30,11056600,35.40999984741211,34.06999969482422,36.09000015258789,34.06999969482422,33.15129089355469
2016-12-29,12056600,33.27000045776367,35.27000045776367,35.310001373291016,33.150001525878906,34.318931579589844
2016-12-28,6162700,32.61000061035156,32.779998779296875,32.869998931884766,32.279998779296875,31.896074295043945
2016-12-27,5522700,32.810001373291016,32.59000015258789,33.2400016784668,32.16999816894531,31.711198806762695
2016-12-23,4780600,31.469999313354492,32.459999084472656,32.560001373291016,31.450000762939453,31.584699630737305
2016-12-22,4499800,31.399999618530273,31.440000534057617,31.8799991607666,31.270000457763672,30.592208862304688
2016-12-21,5305600,31.8799991607666,31.549999237060547,31.959999084472656,31.239999771118164,30.699241638183594
2016-12-20,5781100,31.170000076293945,31.65999984741211,31.760000228881836,30.850000381469727,30.806276321411133
2016-12-19,6990000,31.709999084472656,31.780000686645508,32.08000183105469,31.299999237060547,30.92304039001465
2016-12-16,15641900,31.270000457763672,31.65999984741211,31.799999237060547,30.93000030517578,30.806276321411133
2016-12-15,11613800,30.81999969482422,30.90999984741211,31.3700008392334,30.399999618530273,30.076499938964844
2016-12-14,12015900,34.08000183105469,31.68000030517578,34.43000030517578,31.649999618530273,30.825740814208984
2016-12-13,8398100,32.56999969482422,33.869998931884766,33.939998626708984,32.470001220703125,32.95668029785156
2016-12-12,7250700,33.06999969482422,32.599998474121094,33.11000061035156,32.470001220703125,31.72092628479004
2016-12-09,9196200,33.61000061035156,32.790000915527344,33.65999984741211,32.59000015258789,31.905807495117188
2016-12-08,6028300,33.72999954223633,33.869998931884766,34.060001373291016,33.470001220703125,32.95668029785156
2016-12-07,8641200,33.45000076293945,33.619998931884766,34.02000045776367,33.25,32.71342086791992
2016-12-06,7289500,33.400001525878906,33.02000045776367,33.86000061035156,32.900001525878906,32.12960433959961
2016-12-05,9297200,32.709999084472656,33.47999954223633,33.970001220703125,32.650001525878906,32.5285530090332
2016-12-02,8708700,32.54999923706055,33.58000183105469,33.66999816894531,32.150001525878906,32.62570571899414
2016-12-01,13594400,32.099998474121094,32.27000045776367,32.849998474121094,31.520000457763672,31.352935791015625
2016-11-30,12803100,33.0,32.439998626708984,33.20000076293945,31.799999237060547,31.51810073852539
2016-11-29,7872900,32.75,33.54999923706055,33.83000183105469,32.54999923706055,32.596553802490234
2016-11-28,8924900,32.25,33.45000076293945,33.5,32.060001373291016,32.49939727783203
2016-11-25,3520300,31.719999313354492,31.920000076293945,32.150001525878906,31.559999465942383,31.012880325317383
2016-11-23,9077900,31.68000030517578,31.5,31.940000534057617,30.81999969482422,30.604816436767578
2016-11-22,7886900,33.369998931884766,33.20000076293945,33.38999938964844,32.119998931884766,32.256507873535156
2016-11-21,5606400,33.11000061035156,33.06999969482422,33.40999984741211,32.75,32.13020324707031
2016-11-18,8559100,32.5099983215332,32.689998626708984,33.34000015258789,32.25,31.76099395751953
2016-11-17,8020400,33.88999938964844,32.70000076293945,34.27000045776367,32.16999816894531,31.770713806152344
2016-11-16,6462000,33.81999969482422,33.7599983215332,33.88999938964844,33.04999923706055,32.80058288574219
2016-11-15,9748500,32.36000061035156,33.90999984741211,34.029998779296875,32.25,32.946327209472656
2016-11-14,13552600,31.239999771118164,32.599998474121094,32.7599983215332,30.190000534057617,31.67354965209961
2016-11-11,15364100,34.380001068115234,31.59000015258789,34.560001373291016,31.360000610351562,30.692258834838867
2016-11-10,11046400,36.880001068115234,34.68000030517578,36.900001525878906,34.38999938964844,33.69443893432617
2016-11-09,11900500,38.25,37.040000915527344,38.400001525878906,36.2400016784668,35.98737716674805
2016-11-08,7003900,36.58000183105469,36.060001373291016,37.04999923706055,35.63999938964844,35.03523254394531
2016-11-07,8040400,36.81999969482422,36.4900016784668,36.81999969482422,35.810001373291016,35.453006744384766
2016-11-04,5716400,37.61000061035156,37.79999923706055,37.95000076293945,37.189998626708984,36.72578430175781
2016-11-03,4604300,37.380001068115234,37.75,37.900001525878906,37.0099983215332,36.67720031738281
2016-11-02,8628600,38.560001373291016,37.18000030517578,38.869998931884766,36.939998626708984,36.1234016418457
2016-11-01,10721000,37.70000076293945,37.95000076293945,38.470001220703125,37.22999954223633,36.871517181396484
2016-10-31,8033200,35.59000015258789,37.040000915527344,37.099998474121094,35.2599983215332,35.98737716674805
2016-10-28,6244900,34.900001525878906,35.380001068115234,35.91999816894531,34.56999969482422,34.374549865722656
2016-10-27,8294700,36.060001373291016,34.790000915527344,36.380001068115234,34.150001525878906,33.80131530761719
2016-10-26,4607100,36.459999084472656,36.18000030517578,36.66999816894531,35.7599983215332,35.15180969238281
2016-10-25,6185700,35.970001220703125,36.59000015258789,36.959999084472656,35.790000915527344,35.550167083740234
2016-10-24,5191900,36.56999969482422,35.84000015258789,36.66999816894531,35.560001373291016,34.82148361206055
2016-10-21,4813900,36.79999923706055,36.349998474121094,37.0,36.0,35.316986083984375
2016-10-20,5315200,36.970001220703125,37.0099983215332,37.150001525878906,36.349998474121094,35.958229064941406
2016-10-19,7041400,36.880001068115234,36.97999954223633,37.15999984741211,35.939998626708984,35.929080963134766
2016-10-18,5663700,35.599998474121094,36.16999816894531,36.290000915527344,35.25,35.14209747314453
2016-10-17,4987500,34.650001525878906,35.029998779296875,35.33000183105469,34.59000015258789,34.03450012207031
2016-10-14,4875300,34.349998474121094,34.22999954223633,35.02000045776367,34.220001220703125,33.25722885131836
2016-10-13,5922400,34.900001525878906,34.810001373291016,35.650001525878906,34.29999923706055,33.82075119018555
2016-10-12,5932200,33.93000030517578,34.52000045776367,34.790000915527344,33.720001220703125,33.53899383544922
2016-10-11,7894700,33.91999816894531,33.849998474121094,34.439998626708984,33.290000915527344,32.88803482055664
2016-10-10,4356100,34.189998626708984,34.060001373291016,34.560001373291016,33.779998779296875,33.092063903808594
2016-10-07,8303000,34.779998779296875,33.970001220703125,34.849998474121094,33.56999969482422,33.00461959838867
2016-10-06,10485800,33.619998931884766,34.04999923706055,34.279998779296875,33.470001220703125,33.082340240478516
2016-10-05,8820100,34.650001525878906,34.59000015258789,35.099998474121094,34.0099983215332,33.60700607299805
2016-10-04,13009200,36.68000030517578,34.25,36.869998931884766,34.0,33.276668548583984
2016-10-03,5285400,39.040000915527344,38.099998474121094,39.33000183105469,37.849998474121094,37.01725769042969
2016-09-30,6140500,39.47999954223633,39.290000915527344,39.869998931884766,39.13999938964844,38.17343521118164
2016-09-29,4168400,38.970001220703125,39.04999923706055,39.36000061035156,38.58000183105469,37.94025421142578
2016-09-28,4896300,38.38999938964844,39.209999084472656,39.369998931884766,37.810001373291016,38.095706939697266
2016-09-27,6278100,38.869998931884766,38.47999954223633,38.869998931884766,37.90999984741211,37.386451721191406
2016-09-26,5351500,39.540000915527344,39.2599983215332,40.04999923706055,39.2400016784668,38.144287109375
2016-09-23,7189000,40.40999984741211,39.560001373291016,40.90999984741211,39.310001373291016,38.435760498046875
2016-09-22,7111600,41.5099983215332,40.77000045776367,41.970001220703125,40.25,39.61137008666992
2016-09-21,11186200,38.84000015258789,41.029998779296875,41.150001525878906,38.68000030517578,39.86398696899414
2016-09-20,5386600,38.380001068115234,38.150001525878906,38.66999816894531,37.779998779296875,37.06583023071289
2016-09-19,5119100,38.790000915527344,38.43000030517578,38.880001068115234,38.220001220703125,37.33787155151367
2016-09-16,12826600,38.83000183105469,38.2599983215332,38.939998626708984,37.86000061035156,37.17270278930664
2016-09-15,7312300,38.380001068115234,39.20000076293945,39.400001525878906,38.22999954223633,38.085994720458984
2016-09-14,7504600,39.18000030517578,38.599998474121094,39.459999084472656,38.08000183105469,37.50304412841797
2016-09-13,6053500,39.880001068115234,39.02000045776367,40.060001373291016,38.560001373291016,37.91111373901367
2016-09-12,7326400,38.75,40.36000061035156,40.58000183105469,38.400001525878906,39.18873596191406
2016-09-09,7819700,41.279998779296875,39.29999923706055,41.29999923706055,39.13999938964844,38.15950012207031
2016-09-08,4770400,41.970001220703125,41.59000015258789,42.689998626708984,41.470001220703125,40.38304901123047
2016-09-07,5033400,41.7599983215332,42.09000015258789,42.119998931884766,41.130001068115234,40.8685302734375
2016-09-06,7722800,41.09000015258789,42.0,42.0,40.2599983215332,40.78114318847656
2016-09-02,8112400,40.290000915527344,40.52000045776367,40.9900016784668,39.869998931884766,39.34410095214844
2016-09-01,7784100,38.029998779296875,39.43000030517578,39.439998626708984,37.619998931884766,38.28572463989258
2016-08-31,8366200,38.02000045776367,38.2400016784668,38.560001373291016,37.7599983215332,37.1302604675293
2016-08-30,8804200,40.90999984741211,38.599998474121094,40.90999984741211,38.27000045776367,37.47980880737305
2016-08-29,5933000,39.56999969482422,40.90999984741211,41.13999938964844,39.52000045776367,39.7227783203125
2016-08-26,7098800,40.779998779296875,39.93000030517578,41.45000076293945,39.47999954223633,38.77121353149414
2016-08-25,8047900,39.90999984741211,40.15999984741211,40.970001220703125,39.59000015258789,38.99454879760742
2016-08-24,11354500,42.5,39.849998474121094,42.5,39.59000015258789,38.69354248046875
2016-08-23,3992300,43.7599983215332,43.150001525878906,43.83000183105469,43.08000183105469,41.89777374267578
2016-08-22,4926400,43.4900016784668,43.31999969482422,43.72999954223633,43.060001373291016,42.062835693359375
2016-08-19,5301800,43.650001525878906,44.16999816894531,44.310001373291016,43.25,42.88816833496094
2016-08-18,4809600,44.33000183105469,44.43000030517578,44.70000076293945,43.84000015258789,43.140621185302734
2016-08-17,8498600,44.04999923706055,44.0,44.349998474121094,42.93000030517578,42.72310256958008
2016-08-16,7402800,45.0099983215332,44.290000915527344,45.099998474121094,43.849998474121094,43.00469207763672
2016-08-15,3575600,45.15999984741211,44.91999816894531,45.45000076293945,44.790000915527344,43.61640548706055
2016-08-12,4100300,45.97999954223633,45.16999816894531,46.06999969482422,44.970001220703125,43.85914611816406
2016-08-11,4889900,45.689998626708984,45.43000030517578,45.90999984741211,45.20000076293945,44.11160659790039
2016-08-10,6344500,45.7599983215332,45.56999969482422,46.02000045776367,44.869998931884766,44.24754333496094
2016-08-09,5432500,44.77000045776367,45.0,45.470001220703125,44.47999954223633,43.6940803527832
2016-08-08,5148700,44.130001068115234,44.650001525878906,45.09000015258789,44.130001068115234,43.354244232177734
2016-08-05,7108700,43.790000915527344,44.43000030517578,44.4900016784668,43.59000015258789,43.140621185302734
2016-08-04,5359100,45.09000015258789,44.90999984741211,45.439998626708984,44.84000015258789,43.60669708251953
2016-08-03,6821300,45.68000030517578,45.02000045776367,45.68000030517578,44.709999084472656,43.713504791259766
2016-08-02,10251900,44.880001068115234,45.86000061035156,45.90999984741211,44.56999969482422,44.52913284301758
2016-08-01,5980300,43.779998779296875,44.15999984741211,44.2400016784668,42.95000076293945,42.878456115722656
2016-07-29,9261000,43.040000915527344,44.0,44.16999816894531,42.65999984741211,42.72310256958008
2016-07-28,6207000,42.45000076293945,42.66999816894531,42.810001373291016,41.77000045776367,41.43170166015625
2016-07-27,9376400,41.369998931884766,42.31999969482422,42.59000015258789,40.650001525878906,41.091854095458984
2016-07-26,5569700,40.38999938964844,41.130001068115234,41.290000915527344,40.16999816894531,39.9363899230957
2016-07-25,5869900,41.04999923706055,40.130001068115234,41.04999923706055,39.65999984741211,38.96541213989258
2016-07-22,6333100,40.36000061035156,41.27000045776367,41.4900016784668,40.22999954223633,40.07232666015625
2016-07-21,9334300,40.290000915527344,40.52000045776367,40.869998931884766,39.7599983215332,39.34410095214844
2016-07-20,9371200,40.68000030517578,39.290000915527344,40.689998626708984,39.04999923706055,38.1497917175293
2016-07-19,5213200,41.41999816894531,41.38999938964844,41.560001373291016,41.0,40.188846588134766
2016-07-18,4372700,41.41999816894531,41.630001068115234,41.630001068115234,40.93000030517578,40.42188262939453
2016-07-15,5246800,41.2400016784668,41.33000183105469,41.56999969482422,41.040000915527344,40.130592346191406
2016-07-14,7146400,40.15999984741211,41.619998931884766,41.68000030517578,39.93000030517578,40.41217041015625
2016-07-13,8628900,40.63999938964844,40.880001068115234,41.27000045776367,40.56999969482422,39.69364929199219
2016-07-12,9419800,40.66999816894531,39.959999084472656,40.95000076293945,39.90999984741211,38.800350189208984
2016-07-11,6751700,40.650001525878906,41.060001373291016,41.09000015258789,40.369998931884766,39.86842346191406
2016-07-08,10810200,40.720001220703125,41.13999938964844,41.38999938964844,40.209999084472656,39.94610595703125
2016-07-07,9375500,40.790000915527344,40.959999084472656,41.27000045776367,40.2400016784668,39.771331787109375
2016-07-06,10745100,41.02000045776367,41.41999816894531,41.459999084472656,40.52000045776367,40.21797180175781
2016-07-05,8247600,40.97999954223633,40.380001068115234,40.9900016784668,39.540000915527344,39.208160400390625
2016-07-01,9937000,39.86000061035156,40.34000015258789,40.4900016784668,39.470001220703125,39.1693229675293
2016-06-30,8520000,38.22999954223633,39.119998931884766,39.2400016784668,37.77000045776367,37.984718322753906
2016-06-29,7937000,37.650001525878906,37.689998626708984,37.959999084472656,37.5,36.596221923828125
2016-06-28,7983900,36.91999816894531,37.16999816894531,37.77000045776367,36.779998779296875,36.091312408447266
2016-06-27,10227300,37.689998626708984,37.689998626708984,38.45000076293945,36.849998474121094,36.596221923828125
2016-06-24,13572700,38.5,37.189998626708984,38.68000030517578,36.63999938964844,36.110721588134766
2016-06-23,5107600,35.40999984741211,35.38999938964844,35.869998931884766,35.09000015258789,34.362972259521484
2016-06-22,6754300,34.7599983215332,35.720001220703125,35.81999969482422,34.4900016784668,34.68339157104492
2016-06-21,6361700,34.58000183105469,34.83000183105469,35.220001220703125,34.290000915527344,33.8192253112793
2016-06-20,8017100,34.689998626708984,35.33000183105469,35.4900016784668,34.540000915527344,34.30471420288086
2016-06-17,16488600,36.11000061035156,35.650001525878906,36.290000915527344,35.13999938964844,34.61542892456055
2016-06-16,9763000,37.33000183105469,35.61000061035156,37.38999938964844,35.349998474121094,34.57658767700195
2016-06-15,8275700,35.209999084472656,36.2400016784668,36.709999084472656,35.09000015258789,35.18831253051758
2016-06-14,7210700,36.029998779296875,35.150001525878906,36.060001373291016,34.77000045776367,34.12993240356445
2016-06-13,7233000,36.83000183105469,35.88999938964844,37.0,35.529998779296875,34.84846115112305
2016-06-10,7896100,35.9900016784668,35.790000915527344,36.81999969482422,35.40999984741211,34.751365661621094
2016-06-09,6228000,35.47999954223633,35.900001525878906,35.970001220703125,35.29999923706055,34.8581657409668
2016-06-08,8405200,36.11000061035156,35.380001068115234,36.40999984741211,35.279998779296875,34.3532600402832
2016-06-07,6454900,35.06999969482422,34.95000076293945,35.369998931884766,34.79999923706055,33.93574523925781
2016-06-06,9727000,35.29999923706055,35.43000030517578,35.68000030517578,34.7599983215332,34.37752914428711
2016-06-03,11521200,33.869998931884766,35.400001525878906,35.459999084472656,33.7400016784668,34.34843063354492
2016-06-02,7439800,32.27000045776367,32.349998474121094,32.689998626708984,31.68000030517578,31.38902473449707
2016-06-01,8143300,32.52000045776367,32.65999984741211,32.970001220703125,32.060001373291016,31.689817428588867
2016-05-31,18533500,31.829999923706055,32.40999984741211,33.060001373291016,31.6200008392334,31.44724464416504
2016-05-27,8676800,32.2400016784668,31.959999084472656,32.95000076293945,31.690000534057617,31.01061248779297
2016-05-26,7017600,32.790000915527344,32.45000076293945,33.08000183105469,32.08000183105469,31.486061096191406
2016-05-25,10562300,31.579999923706055,32.380001068115234,32.65999984741211,30.860000610351562,31.41813850402832
2016-05-24,11535400,33.06999969482422,31.739999771118164,33.22999954223633,31.700000762939453,30.797149658203125
2016-05-23,7532500,33.060001373291016,33.83000183105469,34.29999923706055,32.79999923706055,32.825069427490234
2016-05-20,9890900,34.380001068115234,33.72999954223633,34.58000183105469,32.880001068115234,32.728031158447266
2016-05-19,10224000,32.529998779296875,34.13999938964844,34.349998474121094,32.369998931884766,33.1258544921875
2016-05-18,12197800,34.959999084472656,33.52000045776367,35.65999984741211,33.40999984741211,32.52426528930664
2016-05-17,9322000,35.16999816894531,35.54999923706055,35.75,34.720001220703125,34.49396514892578
2016-05-16,12033200,34.689998626708984,35.41999816894531,35.540000915527344,34.650001525878906,34.36782455444336
2016-05-13,8377600,33.40999984741211,34.06999969482422,34.2400016784668,33.15999984741211,33.05793380737305
2016-05-12,6572200,34.040000915527344,33.209999084472656,34.22999954223633,33.029998779296875,32.22347640991211
2016-05-11,9857700,33.849998474121094,33.880001068115234,34.70000076293945,32.7400016784668,32.87357711791992
2016-05-10,8023700,31.940000534057617,33.029998779296875,33.16999816894531,31.729999542236328,32.048828125
2016-05-09,8816300,32.880001068115234,31.829999923706055,32.88999938964844,31.799999237060547,30.88447380065918
2016-05-06,7153600,33.27000045776367,34.130001068115234,34.619998931884766,33.27000045776367,33.116153717041016
2016-05-05,6033500,32.75,32.86000061035156,33.29999923706055,32.369998931884766,31.88387680053711
2016-05-04,7703400,33.380001068115234,32.349998474121094,33.84000015258789,32.040000915527344,31.38902473449707
2016-05-03,7433000,34.5,33.83000183105469,34.59000015258789,33.38999938964844,32.825069427490234
2016-05-02,8473800,35.060001373291016,34.34000015258789,35.20000076293945,33.93000030517578,33.319915771484375
2016-04-29,11696900,33.31999969482422,34.970001220703125,34.9900016784668,33.310001373291016,33.93120193481445
2016-04-28,8572600,32.18000030517578,32.9900016784668,33.599998474121094,32.16999816894531,32.01001739501953
2016-04-27,8641800,32.119998931884766,32.099998474121094,32.34000015258789,31.25,31.146455764770508
2016-04-26,7012700,31.68000030517578,31.969999313354492,32.099998474121094,31.190000534057617,31.020315170288086
2016-04-25,5659200,31.34000015258789,31.110000610351562,31.59000015258789,30.850000381469727,30.185861587524414
2016-04-22,7738300,31.850000381469727,31.229999542236328,32.349998474121094,30.670000076293945,30.302297592163086
2016-04-21,12801100,30.959999084472656,32.189998626708984,32.58000183105469,30.959999084472656,31.233781814575195
2016-04-20,10381600,30.770000457763672,30.450000762939453,31.75,30.219999313354492,29.545467376708984
2016-04-19,8565400,30.280000686645508,30.90999984741211,31.110000610351562,30.09000015258789,29.991802215576172
2016-04-18,6008400,29.280000686645508,29.459999084472656,29.530000686645508,28.809999465942383,28.584875106811523
2016-04-15,6765200,28.90999984741211,29.3700008392334,29.469999313354492,28.510000228881836,28.497547149658203
2016-04-14,8798600,29.520000457763672,28.68000030517578,29.639999389648438,28.260000228881836,27.828046798706055
2016-04-13,9742500,30.40999984741211,29.479999542236328,30.469999313354492,29.350000381469727,28.60428237915039
2016-04-12,9648600,31.229999542236328,30.6299991607666,31.25,30.0,29.720121383666992
2016-04-11,12289300,29.559999465942383,31.110000610351562,31.149999618530273,29.350000381469727,30.185861587524414
2016-04-08,7872500,28.1200008392334,29.100000381469727,29.360000610351562,28.110000610351562,28.235570907592773
2016-04-07,8750200,28.1200008392334,27.959999084472656,28.549999237060547,27.93000030517578,27.12943458557129
2016-04-06,5360900,27.0,27.739999771118164,27.75,27.0,26.915966033935547
2016-04-05,6211700,26.829999923706055,27.299999237060547,27.329999923706055,26.5,26.48904037475586
2016-04-04,4141800,26.600000381469727,26.299999237060547,26.610000610351562,26.1200008392334,25.51874351501465
2016-04-01,6322200,26.0,26.6200008392334,26.65999984741211,25.6299991607666,25.829242706298828
2016-03-31,5123400,26.969999313354492,26.579999923706055,27.100000381469727,26.420000076293945,25.790430068969727
2016-03-30,8418800,26.729999542236328,26.75,26.899999618530273,26.190000534057617,25.95537757873535
2016-03-29,7714500,25.780000686645508,26.950000762939453,27.030000686645508,25.510000228881836,26.149436950683594
2016-03-28,4736200,25.690000534057617,25.700000762939453,25.770000457763672,25.329999923706055,24.936567306518555
2016-03-24,9240700,25.139999389648438,25.399999618530273,25.489999771118164,24.59000015258789,24.645479202270508
2016-03-23,13198100,26.549999237060547,24.979999542236328,26.559999465942383,24.959999084472656,24.237957000732422
2016-03-22,6046000,28.149999618530273,27.389999389648438,28.290000915527344,27.079999923706055,26.576366424560547
2016-03-21,5992900,27.6299991607666,27.790000915527344,28.09000015258789,27.399999618530273,26.96448516845703
2016-03-18,11861600,27.459999084472656,27.790000915527344,28.280000686645508,27.420000076293945,26.96448516845703
2016-03-17,9872300,27.84000015258789,27.459999084472656,28.389999389648438,27.40999984741211,26.644283294677734
2016-03-16,14623200,26.200000762939453,27.549999237060547,27.649999618530273,25.469999313354492,26.731613159179688
2016-03-15,6668100,25.8700008392334,26.3700008392334,26.479999542236328,25.84000015258789,25.586666107177734
2016-03-14,6631500,26.8799991607666,26.1299991607666,27.1299991607666,26.079999923706055,25.35379409790039
2016-03-11,9668200,27.149999618530273,26.68000030517578,27.489999771118164,26.3799991607666,25.887462615966797
2016-03-10,11884700,26.149999618530273,27.350000381469727,27.6200008392334,25.989999771118164,26.53755760192871
2016-03-09,9860100,25.399999618530273,26.139999389648438,26.270000457763672,24.8799991607666,25.36349868774414
2016-03-08,8090100,26.790000915527344,25.889999389648438,26.940000534057617,25.3700008392334,25.120925903320312
2016-03-07,9216300,26.479999542236328,26.530000686645508,27.09000015258789,26.020000457763672,25.717655181884766
2016-03-04,12895400,27.030000686645508,26.110000610351562,27.979999542236328,26.06999969482422,25.310516357421875
2016-03-03,8795700,26.260000228881836,26.81999969482422,27.1299991607666,26.15999984741211,25.998775482177734
2016-03-02,6976500,25.510000228881836,26.239999771118164,26.40999984741211,25.309999465942383,25.436532974243164
2016-03-01,11243800,26.280000686645508,25.389999389648438,26.459999084472656,25.079999923706055,24.612560272216797
2016-02-29,11024700,25.709999084472656,25.829999923706055,26.389999389648438,25.639999389648438,25.039093017578125
2016-02-26,11636800,25.110000610351562,25.350000381469727,26.25,25.110000610351562,24.573787689208984
2016-02-25,9688200,25.309999465942383,25.850000381469727,25.950000762939453,25.030000686645508,25.0584774017334
2016-02-24,12966900,25.93000030517578,25.579999923706055,26.399999618530273,25.290000915527344,24.7967472076416
2016-02-23,7552400,25.6200008392334,25.389999389648438,25.850000381469727,25.079999923706055,24.612560272216797
2016-02-22,11152000,24.079999923706055,25.1200008392334,25.489999771118164,24.079999923706055,24.350828170776367
2016-02-19,8761100,24.920000076293945,24.84000015258789,25.600000381469727,24.729999542236328,24.079402923583984
2016-02-18,14701000,24.209999084472656,25.06999969482422,25.329999923706055,23.1200008392334,24.3023624420166
2016-02-17,11516200,24.790000915527344,24.84000015258789,25.149999618530273,24.100000381469727,24.079402923583984
2016-02-16,14389500,24.65999984741211,24.559999465942383,25.450000762939453,24.350000381469727,23.80797576904297
2016-02-12,13209100,24.799999237060547,25.780000686645508,25.950000762939453,24.559999465942383,24.99062156677246
2016-02-11,20254400,26.0,25.040000915527344,26.100000381469727,24.81999969482422,24.273283004760742
2016-02-10,16602100,23.809999465942383,24.309999465942383,24.3799991607666,22.700000762939453,23.56563377380371
2016-02-09,24507200,25.559999465942383,24.299999237060547,26.020000457763672,23.959999084472656,23.555936813354492
2016-02-08,20370000,25.020000457763672,25.190000534057617,25.940000534057617,24.889999389648438,24.41868782043457
2016-02-05,16840100,22.610000610351562,24.40999984741211,24.5,22.309999465942383,23.66257095336914
2016-02-04,19545700,22.889999389648438,23.3799991607666,24.149999618530273,22.780000686645508,22.664104461669922
2016-02-03,16127100,20.309999465942383,22.34000015258789,22.399999618530273,20.299999237060547,21.65595245361328
2016-02-02,6832000,20.25,20.06999969482422,20.40999984741211,19.600000381469727,19.455459594726562
2016-02-01,9040100,20.020000457763672,20.549999237060547,20.649999618530273,20.020000457763672,19.920761108398438
2016-01-29,8927100,19.40999984741211,19.959999084472656,20.06999969482422,19.31999969482422,19.34882354736328
2016-01-28,10090700,19.25,19.530000686645508,19.75,18.719999313354492,18.931997299194336
2016-01-27,13948100,18.540000915527344,19.440000534057617,19.479999542236328,18.18000030517578,18.844749450683594
2016-01-26,9001300,17.84000015258789,18.5,18.799999237060547,17.760000228881836,17.93353271484375
2016-01-25,9736900,16.940000534057617,17.670000076293945,17.799999237060547,16.8700008392334,17.12894630432129
2016-01-22,5609500,16.43000030517578,16.68000030517578,16.93000030517578,16.270000457763672,16.169260025024414
2016-01-21,6599600,16.469999313354492,16.690000534057617,16.770000457763672,16.049999237060547,16.178955078125
2016-01-20,10009500,16.610000610351562,16.559999465942383,16.719999313354492,16.079999923706055,16.052934646606445
2016-01-19,11854700,17.809999465942383,16.309999465942383,17.850000381469727,16.059999465942383,15.810588836669922
2016-01-15,10141700,17.649999618530273,17.700000762939453,17.8700008392334,17.450000762939453,17.158029556274414
2016-01-14,7699500,17.170000076293945,17.270000457763672,17.600000381469727,16.93000030517578,16.741193771362305
2016-01-13,8065200,17.06999969482422,17.479999542236328,17.610000610351562,17.040000915527344,16.94476318359375
2016-01-12,13888300,17.1200008392334,17.010000228881836,17.18000030517578,16.3799991607666,16.48915672302246
2016-01-11,8510800,18.1200008392334,17.010000228881836,18.239999771118164,16.65999984741211,16.48915672302246
2016-01-08,8792400,18.510000228881836,18.010000228881836,18.780000686645508,17.899999618530273,17.458534240722656
2016-01-07,12351400,18.799999237060547,18.860000610351562,19.110000610351562,18.219999313354492,18.28251075744629
2016-01-06,6273200,18.709999084472656,18.559999465942383,19.049999237060547,18.530000686645508,17.9916934967041
2016-01-05,5330800,18.56999969482422,18.420000076293945,18.56999969482422,18.1299991607666,17.855981826782227
2016-01-04,6578900,18.440000534057617,18.440000534057617,18.75,18.15999984741211,17.875370025634766
2015-12-31,4189200,17.719999313354492,17.989999771118164,18.049999237060547,17.670000076293945,17.439146041870117
2015-12-30,3502700,17.709999084472656,17.770000457763672,17.809999465942383,17.6200008392334,17.22588539123535
2015-12-29,4034900,18.139999389648438,18.030000686645508,18.170000076293945,17.8700008392334,17.477924346923828
2015-12-28,3941600,18.290000915527344,17.90999984741211,18.40999984741211,17.739999771118164,17.361597061157227
2015-12-24,2068300,18.290000915527344,18.540000915527344,18.610000610351562,18.229999542236328,17.972309112548828
2015-12-23,6848800,17.860000610351562,18.139999389648438,18.25,17.760000228881836,17.584556579589844
2015-12-22,4180300,17.530000686645508,17.799999237060547,17.889999389648438,17.479999542236328,17.254968643188477
2015-12-21,5473300,18.09000015258789,17.649999618530273,18.25,17.5,17.109561920166016
2015-12-18,10314100,17.799999237060547,17.709999084472656,18.149999618530273,17.579999923706055,17.1677188873291
2015-12-17,9910900,18.440000534057617,17.610000610351562,18.440000534057617,17.5,17.070785522460938
2015-12-16,7861300,18.790000915527344,19.079999923706055,19.260000228881836,18.649999618530273,18.495771408081055
2015-12-15,5912700,18.450000762939453,18.399999618530273,18.579999923706055,18.06999969482422,17.83659553527832
2015-12-14,7814700,19.059999465942383,18.350000381469727,19.1299991607666,18.219999313354492,17.788127899169922
2015-12-11,7556900,19.1299991607666,19.1299991607666,19.799999237060547,18.93000030517578,18.544239044189453
2015-12-10,4764700,19.5,19.43000030517578,19.790000915527344,19.420000076293945,18.835054397583008
2015-12-09,7829200,19.760000228881836,19.600000381469727,20.040000915527344,19.290000915527344,18.999849319458008
2015-12-08,6702500,19.610000610351562,19.3799991607666,19.700000762939453,19.149999618530273,18.76235008239746
2015-12-07,10049800,20.030000686645508,19.75,20.170000076293945,19.549999237060547,19.120563507080078
2015-12-04,14378700,18.940000534057617,20.459999084472656,20.489999771118164,18.8700008392334,19.80793571472168
2015-12-03,8868000,18.09000015258789,18.729999542236328,18.940000534057617,18.030000686645508,18.133066177368164
2015-12-02,6892000,18.059999465942383,17.850000381469727,18.389999389648438,17.770000457763672,17.281116485595703
2015-12-01,8016200,18.239999771118164,18.389999389648438,18.450000762939453,17.850000381469727,17.80390739440918
2015-11-30,10308100,17.59000015258789,18.40999984741211,18.520000457763672,17.479999542236328,17.82326889038086
2015-11-27,5513700,17.5,17.389999389648438,17.6299991607666,17.239999771118164,16.835773468017578
2015-11-25,4456700,17.709999084472656,17.90999984741211,18.25,17.670000076293945,17.339202880859375
2015-11-24,6282800,17.81999969482422,18.0,18.149999618530273,17.579999923706055,17.426334381103516
2015-11-23,5308300,17.540000915527344,17.559999465942383,17.670000076293945,17.229999542236328,17.000356674194336
2015-11-20,7405100,18.100000381469727,17.68000030517578,18.18000030517578,17.579999923706055,17.116533279418945
2015-11-19,6775700,17.799999237060547,18.049999237060547,18.110000610351562,17.639999389648438,17.47473907470703
2015-11-18,7371500,17.0,17.6299991607666,17.719999313354492,16.81999969482422,17.068124771118164
2015-11-17,8350600,17.510000228881836,16.8799991607666,17.670000076293945,16.649999618530273,16.34202766418457
2015-11-16,6464000,17.59000015258789,17.6299991607666,17.90999984741211,17.5,17.068124771118164
2015-11-13,4716500,17.329999923706055,17.5,17.510000228881836,17.229999542236328,16.942270278930664
2015-11-12,7344800,17.3700008392334,17.329999923706055,17.8700008392334,17.079999923706055,16.777685165405273
2015-11-11,4114400,17.59000015258789,17.790000915527344,17.829999923706055,17.440000534057617,17.22303009033203
2015-11-10,5361400,17.520000457763672,17.459999084472656,17.799999237060547,17.290000915527344,16.903545379638672
2015-11-09,7296400,17.489999771118164,17.860000610351562,17.940000534057617,17.260000228881836,17.290796279907227
2015-11-06,10575600,16.989999771118164,17.540000915527344,17.700000762939453,16.809999465942383,16.980993270874023
2015-11-05,14930400,18.959999084472656,17.5,18.959999084472656,17.260000228881836,16.942270278930664
2015-11-04,5260900,19.360000610351562,19.010000228881836,19.510000228881836,18.920000076293945,18.40414047241211
2015-11-03,6163700,19.350000381469727,19.219999313354492,19.489999771118164,18.8799991607666,18.607454299926758
2015-11-02,6089400,19.31999969482422,19.6299991607666,19.760000228881836,18.979999542236328,19.004384994506836
2015-10-30,8352700,19.90999984741211,19.459999084472656,20.1299991607666,19.459999084472656,18.839801788330078
2015-10-29,12414300,19.479999542236328,19.889999389648438,20.56999969482422,19.440000534057617,19.2560977935791
2015-10-28,12238000,19.079999923706055,19.149999618530273,20.299999237060547,18.549999237060547,18.53968620300293
2015-10-27,4802600,18.760000228881836,18.770000457763672,19.139999389648438,18.520000457763672,18.171794891357422
2015-10-26,7455100,19.3700008392334,18.799999237060547,19.40999984741211,18.790000915527344,18.200838088989258
2015-10-23,7362100,19.239999771118164,19.549999237060547,19.639999389648438,19.049999237060547,18.926937103271484
2015-10-22,7131800,18.3799991607666,19.030000686645508,19.1299991607666,18.309999465942383,18.423507690429688
2015-10-21,4406700,18.700000762939453,18.420000076293945,18.729999542236328,18.219999313354492,17.832948684692383
2015-10-20,6209400,18.760000228881836,18.84000015258789,19.139999389648438,18.6200008392334,18.239564895629883
2015-10-19,5876600,18.860000610351562,18.549999237060547,19.200000762939453,18.469999313354492,17.95880699157715
2015-10-16,8791100,19.3700008392334,18.989999771118164,19.459999084472656,18.959999084472656,18.384782791137695
2015-10-15,9496300,19.219999313354492,19.299999237060547,19.440000534057617,18.989999771118164,18.684900283813477
2015-10-14,12990900,18.780000686645508,19.469999313354492,19.59000015258789,18.479999542236328,18.849483489990234
2015-10-13,8485200,18.43000030517578,18.3700008392334,18.610000610351562,18.149999618530273,17.784542083740234
2015-10-12,8544800,19.260000228881836,18.450000762939453,19.260000228881836,18.260000228881836,17.86199378967285
2015-10-09,8381300,19.299999237060547,18.93000030517578,19.459999084472656,18.739999771118164,18.326690673828125
2015-10-08,9873600,18.690000534057617,18.65999984741211,19.40999984741211,18.5,18.065298080444336
2015-10-07,12780500,18.489999771118164,18.940000534057617,19.200000762939453,18.399999618530273,18.336376190185547
2015-10-06,12085500,18.1200008392334,18.350000381469727,18.649999618530273,17.8799991607666,17.765182495117188
2015-10-05,11190800,17.18000030517578,17.950000762939453,18.1299991607666,17.18000030517578,17.377931594848633
2015-10-02,9781800,16.440000534057617,17.06999969482422,17.100000381469727,16.290000915527344,16.525970458984375
2015-10-01,6982600,16.229999542236328,15.84000015258789,16.440000534057617,15.75,15.335175514221191
2015-09-30,7588100,15.579999923706055,16.06999969482422,16.170000076293945,15.5600004196167,15.557843208312988
2015-09-29,5447000,16.020000457763672,15.819999694824219,16.25,15.729999542236328,15.315811157226562
2015-09-28,8049000,16.209999084472656,16.020000457763672,16.280000686645508,15.949999809265137,15.509437561035156
2015-09-25,8021700,16.350000381469727,16.59000015258789,16.670000076293945,16.34000015258789,16.061269760131836
2015-09-24,11653500,15.850000381469727,16.780000686645508,16.809999465942383,15.619999885559082,16.245216369628906
2015-09-23,6135500,15.869999885559082,15.550000190734863,15.869999885559082,15.449999809265137,15.054415702819824
2015-09-22,11095000,16.219999313354492,15.59000015258789,16.360000610351562,15.399999618530273,15.093141555786133
2015-09-21,7641200,16.780000686645508,16.6299991607666,16.979999542236328,16.610000610351562,16.099994659423828
2015-09-18,19303900,17.6200008392334,16.979999542236328,17.649999618530273,16.739999771118164,16.438840866088867
2015-09-17,10181900,16.760000228881836,17.239999771118164,17.469999313354492,16.56999969482422,16.69055938720703
2015-09-16,7901300,16.200000762939453,16.940000534057617,17.06999969482422,16.15999984741211,16.400117874145508
2015-09-15,6654000,15.84000015258789,15.970000267028809,16.350000381469727,15.789999961853027,15.461030960083008
2015-09-14,7727900,16.020000457763672,15.890000343322754,16.190000534057617,15.710000038146973,15.383581161499023
2015-09-11,8945500,15.430000305175781,16.239999771118164,16.290000915527344,15.430000305175781,15.722427368164062
2015-09-10,6763400,15.729999542236328,15.5600004196167,15.90999984741211,15.5,15.06410026550293
2015-09-09,6017500,15.6899995803833,15.619999885559082,16.09000015258789,15.550000190734863,15.122185707092285
2015-09-08,7169700,15.819999694824219,15.960000038146973,16.020000457763672,15.59000015258789,15.451351165771484
2015-09-04,8312800,16.020000457763672,15.699999809265137,16.049999237060547,15.460000038146973,15.175433158874512
2015-09-03,7666100,15.979999542236328,16.190000534057617,16.709999084472656,15.920000076293945,15.649060249328613
2015-09-02,8052500,16.739999771118164,16.209999084472656,16.8799991607666,16.020000457763672,15.6683931350708
2015-09-01,6844800,17.06999969482422,16.729999542236328,17.440000534057617,16.6299991607666,16.171018600463867
2015-08-31,7978600,16.979999542236328,17.06999969482422,17.25,16.68000030517578,16.499656677246094
2015-08-28,9334500,16.670000076293945,17.170000076293945,17.3700008392334,16.6299991607666,16.5963191986084
2015-08-27,11333400,15.760000228881836,16.700000762939453,16.81999969482422,15.710000038146973,16.142024993896484
2015-08-26,12512300,16.100000381469727,15.8100004196167,16.110000610351562,15.390000343322754,15.281758308410645
2015-08-25,12012200,17.239999771118164,16.170000076293945,17.25,16.110000610351562,15.629729270935059
2015-08-24,14515600,17.729999542236328,16.889999389648438,18.190000534057617,16.729999542236328,16.32567024230957
2015-08-21,9452100,18.850000381469727,18.139999389648438,18.920000076293945,18.100000381469727,17.533906936645508
2015-08-20,10085100,18.389999389648438,18.549999237060547,18.799999237060547,18.139999389648438,17.93021011352539
2015-08-19,7384700,17.739999771118164,17.93000030517578,18.020000457763672,17.540000915527344,17.330923080444336
2015-08-18,5268800,17.520000457763672,17.540000915527344,17.68000030517578,17.31999969482422,16.953956604003906
2015-08-17,6796400,17.56999969482422,17.850000381469727,17.959999084472656,17.450000762939453,17.25360107421875
2015-08-14,5469900,17.75,17.350000381469727,17.809999465942383,17.239999771118164,16.770305633544922
2015-08-13,7245200,17.969999313354492,17.489999771118164,18.059999465942383,17.459999084472656,16.905628204345703
2015-08-12,14655200,17.34000015258789,18.139999389648438,18.440000534057617,17.34000015258789,17.533906936645508
2015-08-11,8886600,17.0,17.030000686645508,17.100000381469727,16.579999923706055,16.460996627807617
2015-08-10,11125500,16.290000915527344,16.950000762939453,17.06999969482422,16.06999969482422,16.3836727142334
2015-08-07,10186600,16.3700008392334,16.139999389648438,16.719999313354492,16.079999923706055,15.600729942321777
2015-08-06,9789500,16.440000534057617,16.360000610351562,16.8700008392334,16.260000228881836,15.813384056091309
2015-08-05,7475400,16.649999618530273,16.350000381469727,16.940000534057617,16.309999465942383,15.803715705871582
2015-08-04,9922500,16.6200008392334,16.399999618530273,16.84000015258789,16.219999313354492,15.852045059204102
2015-08-03,9042100,17.09000015258789,16.420000076293945,17.200000762939453,16.389999389648438,15.871379852294922
2015-07-31,10194100,17.799999237060547,17.170000076293945,17.799999237060547,17.110000610351562,16.5963191986084
2015-07-30,8479000,17.350000381469727,17.290000915527344,17.709999084472656,17.049999237060547,16.712308883666992
2015-07-29,11012100,17.729999542236328,17.670000076293945,17.8700008392334,17.25,17.07961082458496
2015-07-28,10645600,17.440000534057617,17.639999389648438,17.690000534057617,17.149999618530273,17.05061149597168
2015-07-27,11115000,17.68000030517578,17.219999313354492,18.149999618530273,17.100000381469727,16.6446475982666
2015-07-24,16380000,17.520000457763672,17.799999237060547,17.950000762939453,17.360000610351562,17.20526885986328
2015-07-23,14277000,18.719999313354492,17.600000381469727,18.739999771118164,17.59000015258789,17.011947631835938
2015-07-22,9766700,18.31999969482422,18.520000457763672,18.93000030517578,18.219999313354492,17.901212692260742
2015-07-21,14139600,18.540000915527344,18.739999771118164,19.079999923706055,18.309999465942383,18.113859176635742
2015-07-20,20496200,19.959999084472656,18.15999984741211,20.0,18.1200008392334,17.553239822387695
2015-07-17,7170300,21.15999984741211,20.690000534057617,21.200000762939453,20.649999618530273,19.99871063232422
2015-07-16,6841100,21.700000762939453,21.3799991607666,21.760000228881836,21.329999923706055,20.665651321411133
2015-07-15,4801400,22.079999923706055,21.799999237060547,22.149999618530273,21.770000457763672,21.071619033813477
2015-07-14,6345000,22.5,22.149999618530273,22.610000610351562,22.100000381469727,21.409927368164062
2015-07-13,5319300,22.31999969482422,22.5,22.559999465942383,21.84000015258789,21.74822998046875
2015-07-10,3259900,22.75,22.520000457763672,22.920000076293945,22.43000030517578,21.767559051513672
2015-07-09,3420200,22.809999465942383,22.59000015258789,22.899999618530273,22.360000610351562,21.83522605895996
2015-07-08,5278100,22.549999237060547,22.520000457763672,22.790000915527344,22.399999618530273,21.767559051513672
2015-07-07,10423800,23.329999923706055,22.40999984741211,23.469999313354492,22.399999618530273,21.661237716674805
2015-07-06,4706200,23.469999313354492,23.860000610351562,24.06999969482422,23.440000534057617,23.06279182434082
2015-07-02,4138100,23.299999237060547,23.670000076293945,23.709999084472656,23.200000762939453,22.879138946533203
2015-07-01,5159700,23.25,23.1299991607666,23.399999618530273,22.950000762939453,22.357181549072266
2015-06-30,5751500,23.40999984741211,23.360000610351562,23.610000610351562,23.100000381469727,22.579498291015625
2015-06-29,4722200,23.90999984741211,23.530000686645508,24.020000457763672,23.43000030517578,22.743812561035156
2015-06-26,3003300,23.8799991607666,23.829999923706055,24.049999237060547,23.729999542236328,23.033794403076172
2015-06-25,4113700,24.110000610351562,23.940000534057617,24.170000076293945,23.809999465942383,23.140121459960938
2015-06-24,3705000,24.209999084472656,24.1200008392334,24.389999389648438,23.989999771118164,23.314109802246094
2015-06-23,6100300,23.920000076293945,24.1299991607666,24.40999984741211,23.90999984741211,23.323768615722656
2015-06-22,6546000,24.270000457763672,23.950000762939453,24.290000915527344,23.8700008392334,23.149784088134766
2015-06-19,9280200,24.950000762939453,24.649999618530273,25.06999969482422,24.450000762939453,23.82639503479004
2015-06-18,7229400,24.940000534057617,25.0,25.09000015258789,24.790000915527344,24.164705276489258
2015-06-17,9398900,24.040000915527344,24.530000686645508,24.65999984741211,23.639999389648438,23.710403442382812
2015-06-16,5179800,24.030000686645508,23.940000534057617,24.149999618530273,23.8799991607666,23.140121459960938
2015-06-15,11170000,23.540000915527344,24.030000686645508,24.469999313354492,23.5,23.227115631103516
2015-06-12,8713400,23.559999465942383,23.549999237060547,23.860000610351562,23.459999084472656,22.76314926147461
2015-06-11,11342200,23.65999984741211,23.65999984741211,23.84000015258789,23.489999771118164,22.869476318359375
2015-06-10,38742200,24.030000686645508,23.700000762939453,24.1299991607666,23.649999618530273,22.90813636779785
2015-06-09,13320700,25.420000076293945,24.40999984741211,25.899999618530273,24.3700008392334,23.59441375732422
2015-06-08,3247100,25.959999084472656,25.84000015258789,25.969999313354492,25.600000381469727,24.952468872070312
2015-06-05,6117600,26.420000076293945,25.90999984741211,26.450000762939453,25.479999542236328,25.020065307617188
2015-06-04,5709700,26.1200008392334,26.799999237060547,26.809999465942383,26.010000228881836,25.879497528076172
2015-06-03,7393400,26.860000610351562,26.3799991607666,27.010000228881836,26.139999389648438,25.473922729492188
2015-06-02,4595100,27.299999237060547,26.950000762939453,27.34000015258789,26.93000030517578,26.02434539794922
2015-06-01,3643700,27.350000381469727,27.170000076293945,27.479999542236328,27.010000228881836,26.23678970336914
2015-05-29,5107200,27.399999618530273,27.239999771118164,27.559999465942383,27.18000030517578,26.304386138916016
2015-05-28,7656000,27.079999923706055,27.469999313354492,27.510000228881836,26.770000457763672,26.526485443115234
2015-05-27,4155400,26.639999389648438,27.030000686645508,27.09000015258789,26.40999984741211,26.101598739624023
2015-05-26,5762700,26.6200008392334,26.549999237060547,26.719999313354492,26.100000381469727,25.638084411621094
2015-05-22,3198100,26.920000076293945,27.010000228881836,27.270000457763672,26.84000015258789,26.082286834716797
2015-05-21,4965100,27.6200008392334,27.0,27.639999389648438,26.850000381469727,26.072633743286133
2015-05-20,5589400,27.149999618530273,27.65999984741211,27.899999618530273,27.1200008392334,26.709962844848633
2015-05-19,8448400,27.18000030517578,27.049999237060547,27.450000762939453,26.979999542236328,26.12091064453125
2015-05-18,3452200,27.639999389648438,27.549999237060547,27.719999313354492,27.3799991607666,26.603736877441406
2015-05-15,7154900,27.079999923706055,27.690000534057617,27.790000915527344,26.989999771118164,26.738927841186523
2015-05-14,4711700,27.530000686645508,27.200000762939453,27.770000457763672,27.149999618530273,26.265762329101562
2015-05-13,11211800,27.030000686645508,27.309999465942383,27.639999389648438,26.959999084472656,26.37198257446289
2015-05-12,5909400,26.6200008392334,26.649999618530273,26.65999984741211,26.350000381469727,25.734651565551758
2015-05-11,5556500,26.170000076293945,26.360000610351562,26.3799991607666,25.959999084472656,25.454614639282227
2015-05-08,4376700,25.959999084472656,26.040000915527344,26.31999969482422,25.739999771118164,25.14560317993164
2015-05-07,6652000,25.309999465942383,25.81999969482422,25.84000015258789,25.299999237060547,24.93316078186035
2015-05-06,4704600,26.190000534057617,25.649999618530273,26.229999542236328,25.549999237060547,24.76899528503418
2015-05-05,5919500,26.739999771118164,25.950000762939453,26.739999771118164,25.75,25.05869483947754
2015-05-04,5824900,26.65999984741211,26.049999237060547,26.799999237060547,25.969999313354492,25.155258178710938
2015-05-01,4581100,26.170000076293945,26.489999771118164,26.530000686645508,26.1200008392334,25.58014488220215
2015-04-30,6897200,25.920000076293945,26.489999771118164,26.530000686645508,25.600000381469727,25.58014488220215
2015-04-29,8159100,26.280000686645508,26.479999542236328,26.790000915527344,26.09000015258789,25.570484161376953
2015-04-28,7311400,25.75,26.350000381469727,26.3799991607666,25.670000076293945,25.44495391845703
2015-04-27,11720400,25.469999313354492,25.59000015258789,26.360000610351562,25.270000457763672,24.7110595703125
2015-04-24,12018900,24.329999923706055,24.979999542236328,25.3799991607666,24.25,24.122011184692383
2015-04-23,6328800,23.020000457763672,23.450000762939453,23.549999237060547,22.8799991607666,22.644563674926758
2015-04-22,5681200,23.399999618530273,22.770000457763672,23.489999771118164,22.579999923706055,21.987918853759766
2015-04-21,3883800,23.469999313354492,23.510000228881836,23.600000381469727,23.270000457763672,22.702503204345703
2015-04-20,5029000,23.399999618530273,23.520000457763672,23.610000610351562,23.309999465942383,22.712158203125
2015-04-17,4912100,23.649999618530273,23.56999969482422,23.940000534057617,23.440000534057617,22.76044273376465
2015-04-16,6928600,23.670000076293945,23.6200008392334,24.040000915527344,23.530000686645508,22.8087215423584
2015-04-15,9440800,22.899999618530273,23.549999237060547,23.559999465942383,22.829999923706055,22.741125106811523
2015-04-14,5485700,22.59000015258789,22.81999969482422,22.889999389648438,22.520000457763672,22.036197662353516
2015-04-13,6968200,22.670000076293945,22.56999969482422,22.81999969482422,22.43000030517578,21.794788360595703
2015-04-10,4290700,22.520000457763672,22.329999923706055,22.610000610351562,22.280000686645508,21.563030242919922
2015-04-09,5125000,21.889999389648438,22.229999542236328,22.34000015258789,21.760000228881836,21.46646499633789
2015-04-08,5819000,22.329999923706055,22.079999923706055,22.3799991607666,21.84000015258789,21.321617126464844
2015-04-07,6258400,22.489999771118164,22.170000076293945,22.530000686645508,22.139999389648438,21.408525466918945
2015-04-06,8636900,23.020000457763672,22.579999923706055,23.100000381469727,22.489999771118164,21.804443359375
2015-04-02,6505100,22.68000030517578,22.34000015258789,22.90999984741211,22.149999618530273,21.57268714904785
2015-04-01,6840100,21.829999923706055,22.719999313354492,22.770000457763672,21.790000915527344,21.939634323120117
2015-03-31,5269200,22.1200008392334,21.709999084472656,22.209999084472656,21.68000030517578,20.964324951171875
2015-03-30,3584900,21.940000534057617,22.020000457763672,22.270000457763672,21.75,21.26367950439453
2015-03-27,5500900,22.190000534057617,22.229999542236328,22.510000228881836,22.079999923706055,21.46646499633789
2015-03-26,7907300,22.920000076293945,22.15999984741211,23.079999923706055,21.93000030517578,21.398868560791016
2015-03-25,5973700,23.030000686645508,22.479999542236328,23.200000762939453,22.469999313354492,21.7078800201416
2015-03-24,6394400,23.170000076293945,22.860000610351562,23.200000762939453,22.780000686645508,22.074827194213867
2015-03-23,7510300,23.149999618530273,23.139999389648438,23.290000915527344,22.850000381469727,22.3452091217041
2015-03-20,17041600,22.899999618530273,22.950000762939453,23.329999923706055,22.889999389648438,22.16173553466797
2015-03-19,7612300,23.139999389648438,22.81999969482422,23.299999237060547,22.65999984741211,22.036197662353516
2015-03-18,8950900,21.950000762939453,22.8700008392334,23.06999969482422,21.8799991607666,22.08448600769043
2015-03-17,8382800,22.040000915527344,22.1200008392334,22.450000762939453,21.860000610351562,21.360239028930664
2015-03-16,5585400,22.1299991607666,22.299999237060547,22.3799991607666,21.850000381469727,21.534059524536133
2015-03-13,6590100,22.299999237060547,22.299999237060547,22.3799991607666,21.65999984741211,21.534059524536133
2015-03-12,6081500,22.450000762939453,22.290000915527344,22.6299991607666,22.0,21.5244083404541
2015-03-11,9245800,21.719999313354492,22.239999771118164,22.479999542236328,21.5,21.476119995117188
2015-03-10,13431100,22.299999237060547,21.770000457763672,22.93000030517578,21.639999389648438,21.02226448059082
2015-03-09,9893300,23.280000686645508,22.420000076293945,23.3799991607666,22.229999542236328,21.62579917907715
2015-03-06,11443700,24.299999237060547,23.299999237060547,24.40999984741211,23.139999389648438,22.474628448486328
2015-03-05,3450500,25.309999465942383,25.299999237060547,25.649999618530273,25.200000762939453,24.403776168823242
2015-03-04,6275100,25.510000228881836,25.190000534057617,25.709999084472656,25.09000015258789,24.29767417907715
2015-03-03,7914900,25.93000030517578,25.6200008392334,26.34000015258789,25.520000457763672,24.71243667602539
2015-03-02,7679300,26.399999618530273,25.889999389648438,26.510000228881836,25.600000381469727,24.972871780395508
2015-02-27,5931800,26.399999618530273,26.329999923706055,26.700000762939453,26.260000228881836,25.39729118347168
2015-02-26,6210600,26.34000015258789,26.309999465942383,26.549999237060547,26.1200008392334,25.37799835205078
2015-02-25,7923000,26.0,26.049999237060547,26.1299991607666,25.81999969482422,25.127208709716797
2015-02-24,5844900,25.209999084472656,25.809999465942383,25.90999984741211,25.200000762939453,24.89571189880371
2015-02-23,7609600,25.520000457763672,25.959999084472656,26.1299991607666,25.25,25.040395736694336
2015-02-20,13558300,25.18000030517578,25.579999923706055,26.3799991607666,25.06999969482422,24.673852920532227
2015-02-19,8870900,24.809999465942383,24.459999084472656,25.020000457763672,24.389999389648438,23.593530654907227
2015-02-18,7910600,24.149999618530273,24.739999771118164,24.850000381469727,23.850000381469727,23.86361312866211
2015-02-17,6205200,24.34000015258789,24.190000534057617,24.600000381469727,24.170000076293945,23.333093643188477
2015-02-13,5186800,24.75,24.780000686645508,25.059999465942383,24.65999984741211,23.90219497680664
2015-02-12,4488600,24.40999984741211,24.510000228881836,24.700000762939453,24.110000610351562,23.641759872436523
2015-02-11,5087300,24.43000030517578,24.139999389648438,24.600000381469727,24.09000015258789,23.284868240356445
2015-02-10,6217400,24.290000915527344,24.40999984741211,24.56999969482422,23.959999084472656,23.545303344726562
2015-02-09,5873600,24.229999542236328,24.610000610351562,24.739999771118164,24.170000076293945,23.73822021484375
2015-02-06,8276500,24.0,24.049999237060547,24.299999237060547,23.59000015258789,23.198057174682617
2015-02-05,6029500,24.549999237060547,24.81999969482422,24.860000610351562,24.3700008392334,23.940778732299805
2015-02-04,7071100,24.81999969482422,24.81999969482422,25.030000686645508,24.5,23.940778732299805
2015-02-03,9033600,24.84000015258789,24.6200008392334,25.06999969482422,24.139999389648438,23.747865676879883
2015-02-02,7497000,24.739999771118164,25.110000610351562,25.200000762939453,24.559999465942383,24.220510482788086
2015-01-30,11594400,24.190000534057617,25.149999618530273,25.219999313354492,23.920000076293945,24.259092330932617
2015-01-29,8850000,23.610000610351562,24.170000076293945,24.34000015258789,23.420000076293945,23.313806533813477
2015-01-28,11251300,24.889999389648438,24.260000228881836,25.049999237060547,24.030000686645508,23.400611877441406
2015-01-27,10774500,24.670000076293945,25.139999389648438,25.25,24.530000686645508,24.24944496154785
2015-01-26,11189200,23.81999969482422,24.489999771118164,24.6299991607666,23.350000381469727,23.62247085571289
2015-01-23,12049700,24.139999389648438,24.149999618530273,24.43000030517578,23.670000076293945,23.294513702392578
2015-01-22,13132700,24.309999465942383,24.290000915527344,24.690000534057617,23.979999542236328,23.429555892944336
2015-01-21,16960600,23.770000457763672,24.31999969482422,24.440000534057617,23.43000030517578,23.458492279052734
2015-01-20,17799900,22.850000381469727,23.56999969482422,23.719999313354492,22.719999313354492,22.735057830810547
2015-01-16,17596200,21.719999313354492,22.290000915527344,22.290000915527344,21.489999771118164,21.500402450561523
2015-01-15,16724000,20.75,21.510000228881836,21.899999618530273,20.649999618530273,20.748035430908203
2015-01-14,13542000,20.530000686645508,19.760000228881836,20.739999771118164,19.420000076293945,19.06002426147461
2015-01-13,12074600,21.5,20.360000610351562,21.530000686645508,20.219999313354492,19.638771057128906
2015-01-12,9234100,20.860000610351562,21.190000534057617,21.399999618530273,20.68000030517578,20.43936538696289
2015-01-09,7478500,20.209999084472656,20.719999313354492,20.729999542236328,20.170000076293945,19.98601722717285
2015-01-08,7803400,20.100000381469727,19.979999542236328,20.3799991607666,19.889999389648438,19.272233963012695
2015-01-07,8172100,20.040000915527344,20.09000015258789,20.520000457763672,19.739999771118164,19.37833595275879
2015-01-06,13198100,19.649999618530273,20.270000457763672,20.65999984741211,19.6200008392334,19.551959991455078
2015-01-05,7508100,19.510000228881836,19.459999084472656,19.600000381469727,18.860000610351562,18.770648956298828
2015-01-02,6533500,18.649999618530273,19.34000015258789,19.389999389648438,18.600000381469727,18.654897689819336
2014-12-31,6613300,19.15999984741211,18.899999618530273,19.229999542236328,18.799999237060547,18.230487823486328
2014-12-30,7763900,18.860000610351562,19.260000228881836,19.489999771118164,18.809999465942383,18.577735900878906
2014-12-29,6871700,18.709999084472656,18.59000015258789,18.850000381469727,18.5,17.931468963623047
2014-12-26,5454700,19.049999237060547,18.850000381469727,19.139999389648438,18.729999542236328,18.18225860595703
2014-12-24,3268900,17.969999313354492,18.56999969482422,18.709999084472656,17.969999313354492,17.91217613220215
2014-12-23,6757000,18.110000610351562,18.040000915527344,18.65999984741211,17.950000762939453,17.400955200195312
2014-12-22,12123900,18.799999237060547,18.15999984741211,19.170000076293945,18.010000228881836,17.516704559326172
2014-12-19,28755500,19.290000915527344,19.1200008392334,20.09000015258789,19.1200008392334,18.44269561767578
2014-12-18,10238700,18.770000457763672,19.389999389648438,19.43000030517578,18.649999618530273,18.703134536743164
2014-12-17,10957500,17.829999923706055,18.5,18.579999923706055,17.790000915527344,17.844661712646484
2014-12-16,11303500,18.299999237060547,17.780000686645508,18.3700008392334,17.600000381469727,17.150163650512695
2014-12-15,11147800,18.639999389648438,17.920000076293945,18.989999771118164,17.90999984741211,17.285207748413086
2014-12-12,8691600,19.540000915527344,19.049999237060547,19.540000915527344,19.020000457763672,18.37517547607422
2014-12-11,9182100,19.25,19.56999969482422,20.040000915527344,19.100000381469727,18.876752853393555
2014-12-10,8606200,20.059999465942383,19.450000762939453,20.350000381469727,19.43000030517578,18.76100730895996
2014-12-09,11909300,19.520000457763672,20.010000228881836,20.450000762939453,19.43000030517578,19.301172256469727
2014-12-08,10799700,19.190000534057617,19.079999923706055,19.530000686645508,18.670000076293945,18.404111862182617
2014-12-05,6889700,18.940000534057617,19.030000686645508,19.139999389648438,18.719999313354492,18.355884552001953
2014-12-04,6795700,19.59000015258789,19.270000457763672,19.690000534057617,19.200000762939453,18.587385177612305
2014-12-03,7863800,19.389999389648438,19.6299991607666,19.84000015258789,19.299999237060547,18.93463134765625
2014-12-02,9039900,19.270000457763672,19.18000030517578,19.56999969482422,18.93000030517578,18.476455688476562
2014-12-01,13529100,18.889999389648438,19.65999984741211,19.860000610351562,18.8700008392334,18.9388484954834
2014-11-28,6808300,18.940000534057617,18.399999618530273,19.059999465942383,18.360000610351562,17.725065231323242
2014-11-26,5100200,19.690000534057617,19.530000686645508,19.729999542236328,19.40999984741211,18.813617706298828
2014-11-25,17163800,19.190000534057617,19.709999084472656,19.729999542236328,19.149999618530273,18.987016677856445
2014-11-24,11116600,19.540000915527344,19.170000076293945,19.639999389648438,19.110000610351562,18.466821670532227
2014-11-21,9473000,20.06999969482422,19.690000534057617,20.06999969482422,19.270000457763672,18.967750549316406
2014-11-20,6906400,19.34000015258789,19.579999923706055,19.700000762939453,19.219999313354492,18.86178207397461
2014-11-19,14203700,19.950000762939453,19.110000610351562,19.969999313354492,19.010000228881836,18.409021377563477
2014-11-18,10335100,19.56999969482422,19.899999618530273,19.959999084472656,19.34000015258789,19.170045852661133
2014-11-17,10062100,19.209999084472656,19.239999771118164,19.360000610351562,18.65999984741211,18.534252166748047
2014-11-14,13315600,17.899999618530273,19.149999618530273,19.200000762939453,17.75,18.44755744934082
2014-11-13,7134600,18.700000762939453,18.239999771118164,18.829999923706055,18.149999618530273,17.57093048095703
2014-11-12,8325900,18.950000762939453,18.459999084472656,19.040000915527344,18.18000030517578,17.782861709594727
2014-11-11,9720800,18.149999618530273,18.700000762939453,18.8700008392334,18.149999618530273,18.01405906677246
2014-11-10,9861100,19.020000457763672,18.059999465942383,19.020000457763672,17.989999771118164,17.39753532409668
2014-11-07,11442000,18.5,19.190000534057617,19.209999084472656,18.469999313354492,18.4860897064209
2014-11-06,9735800,17.979999542236328,18.200000762939453,18.559999465942383,17.979999542236328,17.532407760620117
2014-11-05,15489800,18.09000015258789,17.829999923706055,18.610000610351562,17.770000457763672,17.175979614257812
2014-11-04,9629800,18.969999313354492,18.65999984741211,19.149999618530273,18.600000381469727,17.97553253173828
2014-11-03,13148300,18.850000381469727,19.1200008392334,19.190000534057617,18.530000686645508,18.418655395507812
2014-10-31,22967300,19.5,18.760000228881836,19.700000762939453,18.510000228881836,18.071861267089844
2014-10-30,13825200,20.59000015258789,20.329999923706055,20.690000534057617,20.06999969482422,19.584272384643555
2014-10-29,13812200,21.65999984741211,20.809999465942383,21.690000534057617,20.719999313354492,20.04666519165039
2014-10-28,5637600,21.799999237060547,21.850000381469727,21.899999618530273,21.450000762939453,21.048521041870117
2014-10-27,6782000,21.850000381469727,21.6299991607666,21.899999618530273,21.489999771118164,20.83658790588379
2014-10-24,7961500,22.0,21.950000762939453,22.110000610351562,21.729999542236328,21.144847869873047
2014-10-23,9835900,22.43000030517578,22.0,22.510000228881836,21.809999465942383,21.19301414489746
2014-10-22,5775300,22.790000915527344,22.59000015258789,23.06999969482422,22.59000015258789,21.761371612548828
2014-10-21,4777700,23.010000228881836,22.899999618530273,23.18000030517578,22.84000015258789,22.06000328063965
2014-10-20,4655000,22.65999984741211,22.850000381469727,22.90999984741211,22.479999542236328,22.011837005615234
2014-10-17,6338300,22.719999313354492,22.399999618530273,22.790000915527344,22.31999969482422,21.57834243774414
2014-10-16,6736100,22.450000762939453,22.719999313354492,22.989999771118164,22.389999389648438,21.886606216430664
2014-10-15,7638900,22.540000915527344,22.700000762939453,23.100000381469727,22.43000030517578,21.867341995239258
2014-10-14,7153300,22.719999313354492,22.790000915527344,23.209999084472656,22.6299991607666,21.954036712646484
2014-10-13,6861500,22.399999618530273,22.520000457763672,23.15999984741211,22.389999389648438,21.693941116333008
2014-10-10,7234400,22.530000686645508,22.209999084472656,22.90999984741211,22.06999969482422,21.39531135559082
2014-10-09,12919900,23.579999923706055,22.450000762939453,23.579999923706055,22.030000686645508,21.62650489807129
2014-10-08,10617100,22.690000534057617,23.639999389648438,23.709999084472656,22.149999618530273,22.772859573364258
2014-10-07,8234900,23.229999542236328,22.549999237060547,23.229999542236328,22.440000534057617,21.72283935546875
2014-10-06,6769800,22.850000381469727,23.149999618530273,23.219999313354492,22.6299991607666,22.300830841064453
2014-10-03,11052700,23.030000686645508,22.700000762939453,23.059999465942383,22.5,21.867341995239258
2014-10-02,8722900,23.1200008392334,23.280000686645508,23.459999084472656,22.8799991607666,22.426069259643555
2014-10-01,6802400,23.200000762939453,23.010000228881836,23.329999923706055,22.940000534057617,22.165969848632812
2014-09-30,9247000,23.34000015258789,23.049999237060547,23.59000015258789,22.899999618530273,22.204496383666992
2014-09-29,5171800,23.889999389648438,23.479999542236328,23.889999389648438,23.469999313354492,22.61872673034668
2014-09-26,3973000,23.899999618530273,23.809999465942383,23.899999618530273,23.510000228881836,22.936620712280273
2014-09-25,5507900,23.670000076293945,23.90999984741211,24.010000228881836,23.43000030517578,23.032955169677734
2014-09-24,4186700,23.709999084472656,23.84000015258789,24.200000762939453,23.709999084472656,22.965526580810547
2014-09-23,8067700,23.920000076293945,23.989999771118164,24.270000457763672,23.65999984741211,23.11001968383789
2014-09-22,5787300,24.100000381469727,23.65999984741211,24.170000076293945,23.510000228881836,22.792123794555664
2014-09-19,8798300,24.530000686645508,24.209999084472656,24.549999237060547,23.899999618530273,23.32194709777832
2014-09-18,6698700,24.530000686645508,24.489999771118164,24.59000015258789,24.18000030517578,23.5916805267334
2014-09-17,7590900,25.040000915527344,24.670000076293945,25.06999969482422,24.6200008392334,23.76508331298828
2014-09-16,7402600,24.959999084472656,25.040000915527344,25.34000015258789,24.760000228881836,24.121505737304688
2014-09-15,4427000,25.100000381469727,25.020000457763672,25.1200008392334,24.790000915527344,24.102237701416016
2014-09-12,7362700,25.40999984741211,25.170000076293945,25.5,24.920000076293945,24.24673843383789
2014-09-11,6588700,25.3700008392334,25.59000015258789,25.6200008392334,25.100000381469727,24.65133285522461
2014-09-10,6760700,25.389999389648438,25.3700008392334,25.559999465942383,25.18000030517578,24.439403533935547
2014-09-09,5863800,25.459999084472656,25.540000915527344,25.610000610351562,25.209999084472656,24.603166580200195
2014-09-08,6349300,25.860000610351562,25.290000915527344,25.889999389648438,25.030000686645508,24.33824920654297
2014-09-05,6141200,25.6200008392334,25.969999313354492,26.020000457763672,25.510000228881836,24.992660522460938
2014-09-04,7383200,26.350000381469727,25.600000381469727,26.5,25.489999771118164,24.636581420898438
2014-09-03,5301500,26.34000015258789,26.309999465942383,26.520000457763672,26.18000030517578,25.31986427307129
2014-09-02,7019500,26.649999618530273,26.40999984741211,26.850000381469727,26.229999542236328,25.416105270385742
2014-08-29,3845500,26.65999984741211,27.09000015258789,27.200000762939453,26.600000381469727,26.070507049560547
2014-08-28,4512500,26.8700008392334,26.860000610351562,26.989999771118164,26.59000015258789,25.849164962768555
2014-08-27,3286000,26.450000762939453,26.520000457763672,26.75,26.389999389648438,25.52196502685547
2014-08-26,3469700,26.329999923706055,26.5,26.56999969482422,26.280000686645508,25.502716064453125
2014-08-25,4030900,26.360000610351562,25.979999542236328,26.3700008392334,25.790000915527344,25.002281188964844
2014-08-22,3772900,26.649999618530273,26.389999389648438,26.649999618530273,26.25,25.3968563079834
2014-08-21,6841100,26.309999465942383,26.610000610351562,26.690000534057617,26.06999969482422,25.60857582092285
2014-08-20,3957700,26.770000457763672,26.729999542236328,26.950000762939453,26.610000610351562,25.724058151245117
2014-08-19,4134500,26.950000762939453,26.829999923706055,27.020000457763672,26.709999084472656,25.820297241210938
2014-08-18,4734100,26.8700008392334,26.81999969482422,26.93000030517578,26.530000686645508,25.8106689453125
2014-08-15,5380700,26.579999923706055,26.889999389648438,27.0,26.579999923706055,25.878036499023438
2014-08-14,4960400,27.1200008392334,27.049999237060547,27.31999969482422,26.860000610351562,26.032018661499023
2014-08-13,4977500,27.139999389648438,27.06999969482422,27.399999618530273,26.989999771118164,26.051265716552734
2014-08-12,8333600,26.649999618530273,27.059999465942383,27.350000381469727,26.610000610351562,26.041641235351562
2014-08-11,3771200,26.3700008392334,26.530000686645508,26.6299991607666,26.299999237060547,25.531585693359375
2014-08-08,4405000,26.31999969482422,26.389999389648438,26.5,26.110000610351562,25.3968563079834
2014-08-07,5331100,26.280000686645508,26.18000030517578,26.280000686645508,26.0,25.194759368896484
2014-08-06,8999700,26.200000762939453,26.079999923706055,26.540000915527344,25.90999984741211,25.098520278930664
2014-08-05,5626900,25.3799991607666,25.780000686645508,25.93000030517578,25.270000457763672,24.809810638427734
2014-08-04,7706500,25.170000076293945,25.6299991607666,25.739999771118164,25.170000076293945,24.665454864501953
2014-08-01,6341600,25.139999389648438,25.200000762939453,25.360000610351562,24.770000457763672,24.25164031982422
2014-07-31,6438900,25.280000686645508,24.90999984741211,25.40999984741211,24.90999984741211,23.97255516052246
2014-07-30,5270700,25.600000381469727,25.59000015258789,25.729999542236328,25.040000915527344,24.62696075439453
2014-07-29,6562500,25.68000030517578,25.540000915527344,25.760000228881836,25.530000686645508,24.578847885131836
2014-07-28,5554600,25.079999923706055,25.639999389648438,25.709999084472656,25.030000686645508,24.675079345703125
2014-07-25,5551100,24.65999984741211,25.149999618530273,25.229999542236328,24.600000381469727,24.203521728515625
2014-07-24,6670800,25.040000915527344,24.780000686645508,25.09000015258789,24.649999618530273,23.847442626953125
2014-07-23,4503600,25.3799991607666,25.190000534057617,25.459999084472656,25.1299991607666,24.242013931274414
2014-07-22,4117400,25.329999923706055,25.40999984741211,25.549999237060547,25.239999771118164,24.4537353515625
2014-07-21,4550500,25.420000076293945,25.360000610351562,25.600000381469727,25.06999969482422,24.405614852905273
2014-07-18,5662100,25.18000030517578,25.420000076293945,25.530000686645508,24.899999618530273,24.463361740112305
2014-07-17,6083100,25.299999237060547,25.450000762939453,25.639999389648438,25.110000610351562,24.49222755432129
2014-07-16,8407700,24.8799991607666,25.219999313354492,25.610000610351562,24.8799991607666,24.270883560180664
2014-07-15,10524900,25.3700008392334,24.690000534057617,25.520000457763672,24.65999984741211,23.760828018188477
2014-07-14,5713900,25.190000534057617,25.31999969482422,25.639999389648438,25.030000686645508,24.367122650146484
2014-07-11,6778900,25.489999771118164,25.93000030517578,26.170000076293945,25.43000030517578,24.954166412353516
2014-07-10,9974300,25.969999313354492,25.440000534057617,26.040000915527344,25.299999237060547,24.48260498046875
2014-07-09,9526200,24.989999771118164,25.530000686645508,25.690000534057617,24.950000762939453,24.569217681884766
2014-07-08,7248800,24.8700008392334,24.799999237060547,24.959999084472656,24.479999542236328,23.86669158935547
2014-07-07,5365600,24.989999771118164,24.729999542236328,25.139999389648438,24.68000030517578,23.799325942993164
2014-07-03,3839500,25.139999389648438,25.190000534057617,25.209999084472656,24.8700008392334,24.242013931274414
2014-07-02,4465700,25.110000610351562,25.360000610351562,25.5,25.049999237060547,24.405614852905273
2014-07-01,5854500,25.479999542236328,25.079999923706055,25.719999313354492,24.780000686645508,24.136157989501953
2014-06-30,6524100,25.030000686645508,25.440000534057617,25.540000915527344,24.81999969482422,24.48260498046875
2014-06-27,5096300,25.0,25.190000534057617,25.360000610351562,24.8799991607666,24.242013931274414
2014-06-26,6636700,24.790000915527344,25.06999969482422,25.09000015258789,24.459999084472656,24.12653160095215
2014-06-25,5317400,24.700000762939453,24.8799991607666,25.030000686645508,24.540000915527344,23.943681716918945
2014-06-24,5886500,25.280000686645508,24.690000534057617,25.420000076293945,24.670000076293945,23.760828018188477
2014-06-23,5643800,24.809999465942383,25.190000534057617,25.25,24.579999923706055,24.242013931274414
2014-06-20,14264600,24.530000686645508,24.860000610351562,24.920000076293945,24.290000915527344,23.92443084716797
2014-06-19,12448000,24.06999969482422,24.540000915527344,24.59000015258789,23.90999984741211,23.616479873657227
2014-06-18,5886600,23.329999923706055,23.739999771118164,23.739999771118164,23.229999542236328,22.846586227416992
2014-06-17,4414800,22.989999771118164,23.309999465942383,23.43000030517578,22.889999389648438,22.43276596069336
2014-06-16,4283300,23.5,23.15999984741211,23.520000457763672,23.06999969482422,22.288410186767578
2014-06-13,4684200,23.239999771118164,23.399999618530273,23.479999542236328,22.90999984741211,22.519376754760742
2014-06-12,6296500,23.149999618530273,23.299999237060547,23.459999084472656,23.06999969482422,22.42314338684082
2014-06-11,5646100,22.850000381469727,23.09000015258789,23.190000534057617,22.850000381469727,22.221044540405273
2014-06-10,5020200,22.780000686645508,22.780000686645508,23.020000457763672,22.56999969482422,21.922712326049805
2014-06-09,4583400,23.09000015258789,22.670000076293945,23.1200008392334,22.610000610351562,21.792787551879883
2014-06-06,3680600,22.959999084472656,23.110000610351562,23.190000534057617,22.799999237060547,22.215761184692383
2014-06-05,5021100,22.90999984741211,23.020000457763672,23.15999984741211,22.670000076293945,22.129249572753906
2014-06-04,4973900,22.729999542236328,22.889999389648438,23.079999923706055,22.600000381469727,22.0042781829834
2014-06-03,5428700,22.520000457763672,22.81999969482422,22.829999923706055,22.209999084472656,21.93698501586914
2014-06-02,4135700,22.780000686645508,22.579999923706055,22.93000030517578,22.450000762939453,21.706274032592773
2014-05-30,4975300,22.690000534057617,22.889999389648438,22.899999618530273,22.540000915527344,22.0042781829834
2014-05-29,5895600,22.299999237060547,22.760000228881836,23.010000228881836,22.260000228881836,21.879302978515625
2014-05-28,7531000,22.579999923706055,22.479999542236328,22.6200008392334,22.219999313354492,21.610143661499023
2014-05-27,7567000,23.219999313354492,22.68000030517578,23.219999313354492,22.610000610351562,21.802404403686523
2014-05-23,3652600,23.3700008392334,23.399999618530273,23.6200008392334,23.34000015258789,22.49454116821289
2014-05-22,3741000,23.709999084472656,23.360000610351562,23.75,23.309999465942383,22.45609474182129
2014-05-21,4098300,23.510000228881836,23.59000015258789,23.610000610351562,23.420000076293945,22.67719268798828
2014-05-20,4102100,23.31999969482422,23.6200008392334,23.68000030517578,23.280000686645508,22.706031799316406
2014-05-19,8432700,24.1200008392334,23.34000015258789,24.1299991607666,23.270000457763672,22.43686294555664
2014-05-16,4389500,24.239999771118164,23.989999771118164,24.239999771118164,23.770000457763672,23.06171417236328
2014-05-15,4184200,24.3799991607666,24.290000915527344,24.549999237060547,24.139999389648438,23.350109100341797
2014-05-14,3563600,24.90999984741211,24.6299991607666,24.989999771118164,24.59000015258789,23.676944732666016
2014-05-13,3201300,24.489999771118164,24.68000030517578,24.969999313354492,24.489999771118164,23.72501564025879
2014-05-12,4430800,24.31999969482422,24.510000228881836,24.670000076293945,24.31999969482422,23.561594009399414
2014-05-09,3506000,24.030000686645508,24.020000457763672,24.1200008392334,23.709999084472656,23.09055519104004
2014-05-08,4286800,23.989999771118164,24.0,24.190000534057617,23.780000686645508,23.071327209472656
2014-05-07,8356600,24.270000457763672,24.010000228881836,24.290000915527344,23.780000686645508,23.08094024658203
2014-05-06,3488900,24.81999969482422,24.600000381469727,24.81999969482422,24.5,23.64811134338379
2014-05-05,3882000,25.020000457763672,24.850000381469727,25.020000457763672,24.709999084472656,23.888439178466797
2014-05-02,5708400,24.56999969482422,24.719999313354492,24.940000534057617,24.399999618530273,23.763465881347656
2014-05-01,6982900,24.690000534057617,24.530000686645508,24.889999389648438,24.329999923706055,23.58081817626953
2014-04-30,6504900,24.860000610351562,24.829999923706055,25.059999465942383,24.559999465942383,23.86920928955078
2014-04-29,10763100,24.690000534057617,25.020000457763672,25.270000457763672,24.690000534057617,24.05185890197754
2014-04-28,16927700,25.18000030517578,24.670000076293945,25.389999389648438,24.610000610351562,23.715402603149414
2014-04-25,11559300,25.690000534057617,26.450000762939453,26.5,25.610000610351562,25.426523208618164
2014-04-24,11984900,25.6200008392334,25.489999771118164,25.799999237060547,25.270000457763672,24.503665924072266
2014-04-23,12694800,25.0,25.920000076293945,26.260000228881836,24.969999313354492,24.91703224182129
2014-04-22,13739800,24.979999542236328,25.040000915527344,25.200000762939453,24.31999969482422,24.071086883544922
2014-04-21,16057500,25.450000762939453,25.049999237060547,25.459999084472656,24.600000381469727,24.0806941986084
2014-04-17,5468600,23.739999771118164,23.540000915527344,23.899999618530273,23.5,22.62912940979004
2014-04-16,5348200,23.860000610351562,23.75,24.020000457763672,23.510000228881836,22.83099937438965
2014-04-15,9240500,23.799999237060547,23.84000015258789,23.940000534057617,23.280000686645508,22.91752052307129
2014-04-14,6516200,24.559999465942383,24.40999984741211,24.739999771118164,24.290000915527344,23.465463638305664
2014-04-11,6458000,24.739999771118164,24.229999542236328,24.780000686645508,24.100000381469727,23.292423248291016
2014-04-10,6729000,25.190000534057617,24.790000915527344,25.510000228881836,24.670000076293945,23.83075714111328
2014-04-09,6965400,24.829999923706055,24.989999771118164,25.360000610351562,24.56999969482422,24.023021697998047
2014-04-08,6538100,24.81999969482422,24.950000762939453,25.059999465942383,24.670000076293945,23.984567642211914
2014-04-07,6916400,24.270000457763672,24.440000534057617,24.850000381469727,24.209999084472656,23.494304656982422
2014-04-04,6420000,24.420000076293945,24.110000610351562,24.649999618530273,24.049999237060547,23.17706871032715
2014-04-03,5475600,24.059999465942383,24.100000381469727,24.18000030517578,23.829999923706055,23.167455673217773
2014-04-02,7225200,23.809999465942383,24.239999771118164,24.459999084472656,23.729999542236328,23.302038192749023
2014-04-01,7455800,23.520000457763672,23.450000762939453,23.739999771118164,23.399999618530273,22.54261016845703
2014-03-31,7717300,23.899999618530273,23.440000534057617,24.100000381469727,23.309999465942383,22.53299903869629
2014-03-28,11288800,23.010000228881836,23.920000076293945,24.1299991607666,22.920000076293945,22.994422912597656
2014-03-27,12025500,22.969999313354492,22.940000534057617,23.149999618530273,22.65999984741211,22.052345275878906
2014-03-26,8926600,23.889999389648438,23.06999969482422,24.020000457763672,23.0,22.17731285095215
2014-03-25,5266400,24.0,23.920000076293945,24.190000534057617,23.799999237060547,22.994422912597656
2014-03-24,7845800,24.450000762939453,23.889999389648438,24.600000381469727,23.75,22.965585708618164
2014-03-21,12369300,24.899999618530273,24.549999237060547,24.899999618530273,24.360000610351562,23.600046157836914
2014-03-20,10636100,24.260000228881836,24.579999923706055,24.979999542236328,24.190000534057617,23.628881454467773
2014-03-19,8475400,24.979999542236328,24.5,25.34000015258789,24.440000534057617,23.55198097229004
2014-03-18,8310400,25.440000534057617,25.270000457763672,25.6200008392334,25.200000762939453,24.29218864440918
2014-03-17,11182900,25.93000030517578,25.770000457763672,26.3700008392334,25.56999969482422,24.772838592529297
2014-03-14,15073600,25.770000457763672,26.18000030517578,26.200000762939453,25.719999313354492,25.16697120666504
2014-03-13,8367300,25.06999969482422,25.479999542236328,25.530000686645508,24.8799991607666,24.49405860900879
2014-03-12,7971800,24.68000030517578,25.010000228881836,25.1200008392334,24.59000015258789,24.04224395751953
2014-03-11,8690800,24.389999389648438,24.350000381469727,24.549999237060547,24.09000015258789,23.40778350830078
2014-03-10,6126400,24.559999465942383,24.309999465942383,24.649999618530273,23.940000534057617,23.22513198852539
2014-03-07,9691100,24.579999923706055,24.600000381469727,24.639999389648438,23.8799991607666,23.502197265625
2014-03-06,6717000,24.670000076293945,24.93000030517578,25.079999923706055,24.530000686645508,23.817468643188477
2014-03-05,8442200,24.200000762939453,24.579999923706055,24.65999984741211,24.079999923706055,23.483089447021484
2014-03-04,8861600,23.43000030517578,24.139999389648438,24.200000762939453,23.280000686645508,23.062725067138672
2014-03-03,9904400,23.90999984741211,23.6299991607666,24.25,23.440000534057617,22.575481414794922
2014-02-28,11152800,23.559999465942383,23.260000228881836,23.600000381469727,23.020000457763672,22.221996307373047
2014-02-27,8345300,23.610000610351562,23.59000015258789,24.079999923706055,23.3700008392334,22.537267684936523
2014-02-26,9645600,23.65999984741211,23.559999465942383,23.90999984741211,23.399999618530273,22.508602142333984
2014-02-25,10137900,23.600000381469727,23.75,24.079999923706055,23.559999465942383,22.690126419067383
2014-02-24,10767300,23.459999084472656,23.670000076293945,23.81999969482422,23.290000915527344,22.61370086669922
2014-02-21,23007300,24.030000686645508,23.3799991607666,24.09000015258789,22.709999084472656,22.336639404296875
2014-02-20,9989000,23.719999313354492,24.459999084472656,24.549999237060547,23.639999389648438,23.36844253540039
2014-02-19,9775000,24.110000610351562,23.770000457763672,24.31999969482422,23.68000030517578,22.7092342376709
2014-02-18,11650600,24.260000228881836,24.209999084472656,24.329999923706055,23.75,23.129596710205078
2014-02-14,13663900,24.110000610351562,23.829999923706055,24.229999542236328,23.40999984741211,22.766555786132812
2014-02-13,11128800,22.65999984741211,23.530000686645508,23.559999465942383,22.459999084472656,22.47994613647461
2014-02-12,11854300,22.8700008392334,22.510000228881836,22.940000534057617,22.299999237060547,21.50546646118164
2014-02-11,13940600,22.309999465942383,22.899999618530273,23.030000686645508,22.309999465942383,21.878061294555664
2014-02-10,12039500,21.790000915527344,22.200000762939453,22.43000030517578,21.75,21.20929718017578
2014-02-07,10569100,21.100000381469727,21.520000457763672,21.649999618530273,21.020000457763672,20.559646606445312
2014-02-06,9252400,20.899999618530273,21.010000228881836,21.260000228881836,20.790000915527344,20.072406768798828
2014-02-05,10105900,21.399999618530273,20.8700008392334,21.459999084472656,20.860000610351562,19.93865203857422
2014-02-04,13731400,20.920000076293945,21.18000030517578,21.309999465942383,20.899999618530273,20.23481559753418
2014-02-03,18057400,21.700000762939453,21.020000457763672,21.850000381469727,21.0,20.08195686340332
2014-01-31,35120000,23.700000762939453,21.600000381469727,23.739999771118164,21.270000457763672,20.63607406616211
2014-01-30,10652900,23.84000015258789,24.100000381469727,24.389999389648438,23.799999237060547,23.024507522583008
2014-01-29,10610400,25.079999923706055,24.8700008392334,25.219999313354492,24.31999969482422,23.760149002075195
2014-01-28,6615700,24.34000015258789,24.65999984741211,24.760000228881836,24.079999923706055,23.559513092041016
2014-01-27,9801600,24.670000076293945,24.18000030517578,24.709999084472656,24.15999984741211,23.10093879699707
2014-01-24,10538500,25.459999084472656,24.8799991607666,25.649999618530273,24.459999084472656,23.769699096679688
2014-01-23,10906700,24.809999465942383,25.170000076293945,25.5,24.75,24.04676055908203
2014-01-22,8278800,24.68000030517578,24.389999389648438,24.700000762939453,24.09000015258789,23.301565170288086
2014-01-21,10718900,24.350000381469727,24.81999969482422,25.1200008392334,24.290000915527344,23.712379455566406
2014-01-17,12786900,24.18000030517578,24.549999237060547,24.8799991607666,24.170000076293945,23.454425811767578
2014-01-16,6367800,23.850000381469727,23.950000762939453,23.959999084472656,23.549999237060547,22.881200790405273
2014-01-15,6889500,23.270000457763672,23.579999923706055,23.809999465942383,23.219999313354492,22.527713775634766
2014-01-14,9800500,23.760000228881836,23.40999984741211,24.1200008392334,23.25,22.365304946899414
2014-01-13,8471700,23.959999084472656,23.8799991607666,23.959999084472656,23.530000686645508,22.814327239990234
2014-01-10,8471900,23.68000030517578,23.799999237060547,24.040000915527344,23.559999465942383,22.737892150878906
2014-01-09,7136000,23.290000915527344,23.200000762939453,23.40999984741211,23.1200008392334,22.164669036865234
2014-01-08,8027400,23.690000534057617,23.399999618530273,23.729999542236328,23.329999923706055,22.35573959350586
2014-01-07,8783800,23.850000381469727,23.950000762939453,23.979999542236328,23.510000228881836,22.881200790405273
2014-01-06,9276100,24.25,24.079999923706055,24.540000915527344,24.0,23.005399703979492
2014-01-03,10233600,24.170000076293945,23.920000076293945,24.290000915527344,23.8799991607666,22.852540969848633
2014-01-02,12162400,23.469999313354492,23.959999084472656,24.270000457763672,23.40999984741211,22.8907527923584
2013-12-31,12182100,22.75,23.030000686645508,23.200000762939453,22.6299991607666,22.002262115478516
2013-12-30,8049100,23.420000076293945,22.93000030517578,23.420000076293945,22.90999984741211,21.906723022460938
2013-12-27,6062200,23.450000762939453,23.59000015258789,23.639999389648438,23.290000915527344,22.537267684936523
2013-12-26,8403900,23.399999618530273,23.329999923706055,23.59000015258789,23.200000762939453,22.28887176513672
2013-12-24,4842300,22.5,23.149999618530273,23.170000076293945,22.489999771118164,22.11690330505371
2013-12-23,7755900,22.549999237060547,22.489999771118164,22.770000457763672,22.399999618530273,21.486360549926758
2013-12-20,13475100,22.84000015258789,22.639999389648438,22.920000076293945,22.450000762939453,21.62966537475586
2013-12-19,11081500,22.780000686645508,22.760000228881836,22.850000381469727,22.34000015258789,21.744306564331055
2013-12-18,12813700,23.219999313354492,23.139999389648438,23.649999618530273,23.059999465942383,22.107343673706055
2013-12-17,8124700,23.1200008392334,23.110000610351562,23.360000610351562,23.020000457763672,22.078685760498047
2013-12-16,11719500,23.31999969482422,23.15999984741211,23.579999923706055,23.010000228881836,22.12645721435547
2013-12-13,8165300,23.510000228881836,23.280000686645508,23.549999237060547,23.200000762939453,22.241104125976562
2013-12-12,11035700,23.0,23.280000686645508,23.43000030517578,22.68000030517578,22.241104125976562
2013-12-11,8634900,24.139999389648438,23.469999313354492,24.139999389648438,23.3799991607666,22.422624588012695
2013-12-10,10227300,24.270000457763672,24.18000030517578,24.56999969482422,24.149999618530273,23.10093879699707
2013-12-09,8322100,23.170000076293945,23.600000381469727,23.68000030517578,23.1299991607666,22.546823501586914
2013-12-06,11527900,23.3700008392334,23.020000457763672,23.559999465942383,22.969999313354492,21.992704391479492
2013-12-05,11670500,23.25,23.200000762939453,23.690000534057617,23.040000915527344,22.164669036865234
2013-12-04,13170100,23.559999465942383,23.8799991607666,24.209999084472656,23.350000381469727,22.814327239990234
2013-12-03,11841600,23.639999389648438,23.3799991607666,23.770000457763672,23.200000762939453,22.336639404296875
2013-12-02,11139500,24.459999084472656,23.829999923706055,24.600000381469727,23.790000915527344,22.575483322143555
2013-11-29,4849700,24.81999969482422,24.829999923706055,25.200000762939453,24.790000915527344,23.522830963134766
2013-11-27,9522300,24.989999771118164,24.6200008392334,25.219999313354492,24.350000381469727,23.323896408081055
2013-11-26,13528800,25.110000610351562,24.719999313354492,25.270000457763672,24.579999923706055,23.418622970581055
2013-11-25,12263000,25.43000030517578,25.530000686645508,25.75,24.68000030517578,24.185985565185547
2013-11-22,6181100,25.989999771118164,25.739999771118164,26.239999771118164,25.65999984741211,24.38493537902832
2013-11-21,9806100,26.200000762939453,25.860000610351562,26.229999542236328,25.709999084472656,24.498613357543945
2013-11-20,8685300,27.010000228881836,26.389999389648438,27.09000015258789,26.260000228881836,25.000709533691406
2013-11-19,5138400,26.969999313354492,27.350000381469727,27.3700008392334,26.90999984741211,25.910173416137695
2013-11-18,6433000,27.760000228881836,27.040000915527344,27.809999465942383,26.940000534057617,25.616497039794922
2013-11-15,6057200,28.149999618530273,27.790000915527344,28.450000762939453,27.790000915527344,26.327011108398438
2013-11-14,8665100,27.549999237060547,28.06999969482422,28.200000762939453,27.520000457763672,26.592269897460938
2013-11-13,5809900,27.100000381469727,27.299999237060547,27.3799991607666,27.0,25.862802505493164
2013-11-12,7685600,27.420000076293945,26.979999542236328,27.540000915527344,26.780000686645508,25.55965232849121
2013-11-11,6432500,27.34000015258789,27.579999923706055,27.649999618530273,26.739999771118164,26.128063201904297
2013-11-08,8202700,27.06999969482422,27.56999969482422,27.59000015258789,26.5,26.118589401245117
2013-11-07,7975800,27.690000534057617,27.350000381469727,28.079999923706055,27.280000686645508,25.910173416137695
2013-11-06,7479900,27.639999389648438,27.920000076293945,28.079999923706055,27.520000457763672,26.450170516967773
2013-11-05,7843800,27.229999542236328,27.350000381469727,27.579999923706055,26.989999771118164,25.910173416137695
2013-11-04,10078400,26.389999389648438,27.329999923706055,27.420000076293945,26.270000457763672,25.89122200012207
2013-11-01,15062000,26.969999313354492,25.979999542236328,27.059999465942383,25.8799991607666,24.61229705810547
2013-10-31,9309500,27.530000686645508,27.260000228881836,27.65999984741211,26.93000030517578,25.82491111755371
2013-10-30,9020400,28.040000915527344,28.040000915527344,28.469999313354492,27.059999465942383,26.5638484954834
2013-10-29,6604700,28.010000228881836,27.649999618530273,28.219999313354492,27.520000457763672,26.194381713867188
2013-10-28,9074300,27.850000381469727,28.079999923706055,28.5,27.510000228881836,26.601743698120117
2013-10-25,8791900,27.5,27.829999923706055,28.020000457763672,27.3700008392334,26.364904403686523
2013-10-24,14327200,27.719999313354492,27.649999618530273,28.15999984741211,27.59000015258789,26.194381713867188
2013-10-23,9154900,28.399999618530273,27.290000915527344,28.489999771118164,27.280000686645508,25.853328704833984
2013-10-22,9769000,27.75,28.459999084472656,28.709999084472656,27.75,26.961740493774414
2013-10-21,5203900,27.059999465942383,27.5,27.510000228881836,27.010000228881836,26.05227279663086
2013-10-18,5134000,27.1200008392334,26.920000076293945,27.290000915527344,26.809999465942383,25.502809524536133
2013-10-17,9440300,26.8799991607666,27.059999465942383,27.420000076293945,26.649999618530273,25.63543701171875
2013-10-16,7096000,26.010000228881836,25.8799991607666,26.270000457763672,25.709999084472656,24.517560958862305
2013-10-15,11650500,25.559999465942383,26.100000381469727,26.15999984741211,25.329999923706055,24.725982666015625
2013-10-14,6981400,25.920000076293945,25.739999771118164,26.020000457763672,25.56999969482422,24.38493537902832
2013-10-11,11408700,25.8700008392334,25.6200008392334,25.920000076293945,25.5,24.2712459564209
2013-10-10,7409600,26.579999923706055,26.299999237060547,26.639999389648438,26.020000457763672,24.915447235107422
2013-10-09,9555800,26.190000534057617,26.5,26.760000228881836,25.809999465942383,25.104921340942383
2013-10-08,7929900,27.209999084472656,26.350000381469727,27.469999313354492,26.290000915527344,24.962814331054688
2013-10-07,6380400,26.950000762939453,27.170000076293945,27.280000686645508,26.850000381469727,25.73965072631836
2013-10-04,5443100,26.959999084472656,26.799999237060547,27.06999969482422,26.56999969482422,25.389127731323242
2013-10-03,6794300,27.40999984741211,26.959999084472656,27.68000030517578,26.940000534057617,25.54070472717285
2013-10-02,9921000,27.479999542236328,27.530000686645508,27.790000915527344,27.329999923706055,26.080699920654297
2013-10-01,13805800,27.40999984741211,27.209999084472656,27.5,26.729999542236328,25.777542114257812
2013-09-30,8034800,27.739999771118164,28.100000381469727,28.389999389648438,27.700000762939453,26.620691299438477
2013-09-27,8100700,28.389999389648438,27.979999542236328,28.809999465942383,27.829999923706055,26.507003784179688
2013-09-26,6432700,28.360000610351562,28.170000076293945,28.690000534057617,27.780000686645508,26.6870059967041
2013-09-25,8089000,28.15999984741211,28.309999465942383,28.829999923706055,27.950000762939453,26.81963348388672
2013-09-24,8518800,27.700000762939453,28.0,28.290000915527344,27.389999389648438,26.52595329284668
2013-09-23,8632000,28.1299991607666,27.8799991607666,28.75,27.790000915527344,26.412267684936523
2013-09-20,17722800,29.520000457763672,28.06999969482422,29.520000457763672,28.06999969482422,26.592269897460938
2013-09-19,10494600,30.920000076293945,29.780000686645508,30.969999313354492,29.329999923706055,28.212249755859375
2013-09-18,14837700,28.389999389648438,30.8700008392334,31.1200008392334,28.1200008392334,29.244869232177734
2013-09-17,6111900,28.290000915527344,28.520000457763672,28.520000457763672,27.979999542236328,27.018583297729492
2013-09-16,9132100,28.200000762939453,28.1299991607666,28.760000228881836,27.979999542236328,26.649110794067383
2013-09-13,10398900,28.149999618530273,28.200000762939453,28.68000030517578,27.729999542236328,26.715425491333008
2013-09-12,10800600,28.700000762939453,28.229999542236328,28.860000610351562,28.200000762939453,26.74384880065918
2013-09-11,7355300,29.229999542236328,29.459999084472656,29.6299991607666,29.030000686645508,27.909093856811523
2013-09-10,9572700,29.899999618530273,29.200000762939453,29.959999084472656,29.149999618530273,27.662778854370117
2013-09-09,6395900,30.489999771118164,30.3799991607666,30.75,30.06999969482422,28.780656814575195
2013-09-06,7376400,30.790000915527344,30.43000030517578,31.18000030517578,30.34000015258789,28.828031539916992
2013-09-05,10800900,31.459999084472656,30.299999237060547,31.530000686645508,30.200000762939453,28.704870223999023
2013-09-04,7005300,31.170000076293945,31.6200008392334,31.700000762939453,30.850000381469727,29.955381393432617
2013-09-03,7680500,32.0,31.469999313354492,32.18000030517578,31.270000457763672,29.813276290893555
2013-08-30,7643400,31.3799991607666,31.770000457763672,32.13999938964844,31.270000457763672,29.86064910888672
2013-08-29,9469700,31.1299991607666,31.829999923706055,32.119998931884766,30.719999313354492,29.917043685913086
2013-08-28,9748100,32.369998931884766,31.34000015258789,32.959999084472656,31.229999542236328,29.456491470336914
2013-08-27,10083100,34.08000183105469,32.11000061035156,34.27000045776367,32.02000045776367,30.18021583557129
2013-08-26,7491500,33.189998626708984,33.290000915527344,33.84000015258789,32.77000045776367,31.28928565979004
2013-08-23,7098100,32.13999938964844,33.0,33.630001068115234,32.06999969482422,31.016721725463867
2013-08-22,6518400,32.310001373291016,32.16999816894531,32.95000076293945,32.0099983215332,30.23660659790039
2013-08-21,6597900,32.58000183105469,31.84000015258789,32.77000045776367,31.81999969482422,29.926435470581055
2013-08-20,7176100,32.04999923706055,32.810001373291016,33.119998931884766,31.940000534057617,30.838144302368164
2013-08-19,6790300,32.369998931884766,32.08000183105469,32.77000045776367,31.90999984741211,30.152021408081055
2013-08-16,13106500,33.349998474121094,32.380001068115234,33.900001525878906,32.13999938964844,30.43398666381836
2013-08-15,13749600,31.59000015258789,33.220001220703125,33.380001068115234,31.450000762939453,31.223493576049805
2013-08-14,12370000,30.31999969482422,31.940000534057617,32.099998474121094,30.219999313354492,30.020429611206055
2013-08-13,7900400,30.760000228881836,30.079999923706055,30.760000228881836,29.860000610351562,28.2722110748291
2013-08-12,11570000,30.389999389648438,30.899999618530273,31.239999771118164,30.299999237060547,29.042932510375977
2013-08-09,10213500,28.729999542236328,29.510000228881836,29.780000686645508,28.209999084472656,27.73647117614746
2013-08-08,13608600,26.799999237060547,28.780000686645508,29.030000686645508,26.709999084472656,27.050344467163086
2013-08-07,8278700,26.610000610351562,26.479999542236328,27.040000915527344,26.43000030517578,24.888566970825195
2013-08-06,13002500,28.100000381469727,26.6299991607666,28.149999618530273,26.610000610351562,25.029558181762695
2013-08-05,6594900,28.790000915527344,28.479999542236328,29.15999984741211,28.3700008392334,26.768373489379883
2013-08-02,9403600,29.600000381469727,28.790000915527344,30.170000076293945,28.709999084472656,27.059741973876953
2013-08-01,8153400,30.239999771118164,29.59000015258789,30.350000381469727,29.5,27.811662673950195
2013-07-31,9465100,30.030000686645508,30.0,30.579999923706055,29.440000534057617,28.197023391723633
2013-07-30,7056400,29.889999389648438,30.149999618530273,30.34000015258789,29.610000610351562,28.338003158569336
2013-07-29,9565100,30.3799991607666,30.110000610351562,30.5,29.600000381469727,28.300413131713867
2013-07-26,10739900,29.43000030517578,30.3799991607666,30.440000534057617,28.5,28.554180145263672
2013-07-25,8694700,29.3700008392334,29.93000030517578,30.719999313354492,29.260000228881836,28.131229400634766
2013-07-24,9222400,31.040000915527344,29.610000610351562,31.049999237060547,29.09000015258789,27.830463409423828
2013-07-23,8952400,30.34000015258789,31.139999389648438,31.40999984741211,29.950000762939453,29.26850700378418
2013-07-22,9264600,29.850000381469727,30.350000381469727,30.68000030517578,29.75,28.525985717773438
2013-07-19,8712200,28.440000534057617,28.690000534057617,28.950000762939453,28.200000762939453,26.96575164794922
2013-07-18,5414900,28.309999465942383,28.059999465942383,28.450000762939453,27.760000228881836,26.373613357543945
2013-07-17,8000800,28.639999389648438,28.030000686645508,29.0,28.0,26.345420837402344
2013-07-16,9430000,27.780000686645508,28.450000762939453,28.739999771118164,27.729999542236328,26.740169525146484
2013-07-15,5790000,27.549999237060547,27.56999969482422,27.690000534057617,27.15999984741211,25.913061141967773
2013-07-12,7776300,27.940000534057617,27.43000030517578,27.940000534057617,27.1299991607666,25.781476974487305
2013-07-11,12726700,27.670000076293945,28.1200008392334,28.299999237060547,27.399999618530273,26.43000602722168
2013-07-10,11386200,27.09000015258789,26.610000610351562,27.190000534057617,26.469999313354492,25.010761260986328
2013-07-09,12729200,27.219999313354492,27.06999969482422,27.5,26.579999923706055,25.443111419677734
2013-07-08,10252300,28.170000076293945,27.020000457763672,28.260000228881836,27.0,25.396114349365234
2013-07-05,10035900,28.110000610351562,27.780000686645508,28.1200008392334,26.969999313354492,26.110441207885742
2013-07-03,6099300,29.399999618530273,29.020000457763672,29.809999465942383,28.829999923706055,27.275922775268555
2013-07-02,10360500,29.899999618530273,29.170000076293945,30.1200008392334,28.860000610351562,27.41690444946289
2013-07-01,12430700,30.309999465942383,30.18000030517578,30.690000534057617,29.15999984741211,28.366199493408203
2013-06-28,21341900,27.579999923706055,29.950000762939453,30.25,27.440000534057617,28.1500244140625
2013-06-27,12906200,27.610000610351562,27.709999084472656,28.229999542236328,27.31999969482422,26.044647216796875
2013-06-26,14951800,27.950000762939453,27.219999313354492,28.079999923706055,27.06999969482422,25.584096908569336
2013-06-25,9037700,29.18000030517578,28.93000030517578,29.450000762939453,28.40999984741211,27.191326141357422
2013-06-24,10225900,29.450000762939453,29.020000457763672,29.6299991607666,28.290000915527344,27.275922775268555
2013-06-21,14879100,30.0,30.049999237060547,30.3700008392334,28.850000381469727,28.2440185546875
2013-06-20,16749000,30.739999771118164,29.75,30.829999923706055,29.399999618530273,27.962045669555664
2013-06-19,6878300,32.619998931884766,31.899999618530273,33.22999954223633,31.81999969482422,29.982830047607422
2013-06-18,6809100,33.22999954223633,32.59000015258789,33.27000045776367,31.969999313354492,30.63136100769043
2013-06-17,4215100,33.2400016784668,33.439998626708984,33.630001068115234,33.150001525878906,31.430280685424805
2013-06-14,4417400,33.810001373291016,33.189998626708984,33.88999938964844,33.0099983215332,31.19530487060547
2013-06-13,5896800,33.04999923706055,33.65999984741211,33.70000076293945,32.709999084472656,31.63705062866211
2013-06-12,6374800,32.939998626708984,33.33000183105469,33.540000915527344,32.650001525878906,31.326892852783203
2013-06-11,6223000,33.33000183105469,32.810001373291016,33.72999954223633,32.7599983215332,30.838144302368164
2013-06-10,5114900,33.66999816894531,33.900001525878906,34.150001525878906,33.43000030517578,31.862646102905273
2013-06-07,6447800,34.40999984741211,34.11000061035156,34.41999816894531,33.70000076293945,31.731046676635742
2013-06-06,7140200,34.459999084472656,34.95000076293945,35.34000015258789,34.380001068115234,32.512454986572266
2013-06-05,6812300,34.560001373291016,34.599998474121094,35.13999938964844,34.15999984741211,32.18687057495117
2013-06-04,6600500,34.470001220703125,34.45000076293945,34.630001068115234,33.58000183105469,32.047340393066406
2013-06-03,8026900,34.400001525878906,34.880001068115234,35.439998626708984,34.29999923706055,32.44733428955078
2013-05-31,9006700,34.130001068115234,34.279998779296875,34.290000915527344,33.66999816894531,31.889184951782227
2013-05-30,9522000,33.689998626708984,34.34000015258789,34.47999954223633,33.630001068115234,31.94500160217285
2013-05-29,7391200,32.220001220703125,33.099998474121094,33.130001068115234,32.119998931884766,30.791488647460938
2013-05-28,6157100,32.0099983215332,32.04999923706055,32.650001525878906,31.520000457763672,29.814722061157227
2013-05-24,6072700,32.150001525878906,31.969999313354492,32.59000015258789,31.649999618530273,29.740297317504883
2013-05-23,6920900,32.41999816894531,32.220001220703125,32.7400016784668,31.799999237060547,29.972858428955078
2013-05-22,9599200,32.43000030517578,31.959999084472656,33.119998931884766,31.510000228881836,29.730993270874023
2013-05-21,8498600,31.59000015258789,31.940000534057617,32.220001220703125,31.389999389648438,29.71239471435547
2013-05-20,11313000,30.65999984741211,32.279998779296875,32.38999938964844,30.420000076293945,30.02867317199707
2013-05-17,12107700,31.270000457763672,30.6299991607666,31.31999969482422,30.299999237060547,28.49375343322754
2013-05-16,9623800,31.170000076293945,31.43000030517578,31.90999984741211,30.6299991607666,29.237958908081055
2013-05-15,9295900,32.209999084472656,31.56999969482422,32.279998779296875,31.450000762939453,29.368192672729492
2013-05-14,5164800,32.540000915527344,32.5099983215332,33.08000183105469,32.349998474121094,30.24263572692871
2013-05-13,4807800,32.939998626708984,32.619998931884766,32.939998626708984,32.310001373291016,30.34496307373047
2013-05-10,7016700,32.5,33.119998931884766,33.119998931884766,32.099998474121094,30.81009292602539
2013-05-09,7043100,33.43000030517578,33.15999984741211,34.25,32.939998626708984,30.847301483154297
2013-05-08,6976400,32.869998931884766,33.90999984741211,34.06999969482422,32.779998779296875,31.544994354248047
2013-05-07,8649200,32.689998626708984,32.45000076293945,32.7400016784668,32.08000183105469,30.186819076538086
2013-05-06,4865200,33.290000915527344,33.06999969482422,33.47999954223633,33.040000915527344,30.76357650756836
2013-05-03,6972900,32.779998779296875,33.0,33.43000030517578,32.70000076293945,30.698461532592773
2013-05-02,6347700,32.790000915527344,32.65999984741211,32.9900016784668,32.189998626708984,30.382173538208008
2013-05-01,10649200,32.150001525878906,32.59000015258789,32.970001220703125,31.760000228881836,30.317052841186523
2013-04-30,17564300,33.13999938964844,32.400001525878906,33.31999969482422,31.329999923706055,30.140316009521484
2013-04-29,5832700,33.84000015258789,33.970001220703125,34.27000045776367,33.63999938964844,31.600812911987305
2013-04-26,9658200,34.5,33.470001220703125,34.540000915527344,33.22999954223633,31.135684967041016
2013-04-25,11158100,34.880001068115234,34.33000183105469,35.130001068115234,34.22999954223633,31.93570899963379
2013-04-24,10937500,33.27000045776367,34.33000183105469,34.5,33.04999923706055,31.93570899963379
2013-04-23,10156600,33.119998931884766,32.43000030517578,33.15999984741211,31.770000457763672,30.168216705322266
2013-04-22,9701500,33.43000030517578,33.400001525878906,33.91999816894531,32.79999923706055,31.070568084716797
2013-04-19,9134700,33.400001525878906,32.97999954223633,33.56999969482422,32.29999923706055,30.67986488342285
2013-04-18,11663400,32.61000061035156,32.77000045776367,33.11000061035156,32.20000076293945,30.484506607055664
2013-04-17,15992800,33.65999984741211,32.36000061035156,33.81999969482422,32.130001068115234,30.103099822998047
2013-04-16,13910200,34.689998626708984,33.779998779296875,34.84000015258789,33.529998779296875,31.424060821533203
2013-04-15,22564900,34.36000061035156,33.91999816894531,34.7400016784668,33.5099983215332,31.554302215576172
2013-04-12,14376900,38.11000061035156,36.369998931884766,38.209999084472656,36.349998474121094,33.83342361450195
2013-04-11,6476300,39.06999969482422,38.650001525878906,39.31999969482422,38.59000015258789,35.95441818237305
2013-04-10,7059800,39.66999816894531,38.9900016784668,39.849998474121094,38.86000061035156,36.27069091796875
2013-04-09,8586900,39.130001068115234,40.029998779296875,40.63999938964844,39.02000045776367,37.238155364990234
2013-04-08,6577400,39.36000061035156,39.0099983215332,39.52000045776367,38.7400016784668,36.2892951965332
2013-04-05,8500500,39.7599983215332,39.369998931884766,40.31999969482422,39.150001525878906,36.62419891357422
2013-04-04,7520600,38.40999984741211,39.119998931884766,39.279998779296875,38.06999969482422,36.391624450683594
2013-04-03,11822400,39.689998626708984,38.470001220703125,40.0099983215332,38.31999969482422,35.786964416503906
2013-04-02,7999100,41.0,39.83000183105469,41.099998474121094,39.75,37.0521240234375
2013-04-01,4399700,42.0,41.38999938964844,42.0,41.220001220703125,38.5033073425293
2013-03-28,6398800,41.5099983215332,41.88999938964844,41.939998626708984,41.34000015258789,38.96843719482422
2013-03-27,5638800,41.130001068115234,41.7400016784668,41.86000061035156,40.93000030517578,38.82890701293945
2013-03-26,5625900,40.970001220703125,41.08000183105469,41.130001068115234,40.529998779296875,38.21493148803711
2013-03-25,5565100,41.560001373291016,41.09000015258789,41.619998931884766,41.060001373291016,38.224239349365234
2013-03-22,4541000,41.220001220703125,41.61000061035156,41.650001525878906,41.13999938964844,38.70797348022461
2013-03-21,8801600,40.630001068115234,41.45000076293945,41.84000015258789,40.599998474121094,38.55912780761719
2013-03-20,4253300,40.34000015258789,40.380001068115234,40.63999938964844,40.11000061035156,37.563751220703125
2013-03-19,6912800,39.849998474121094,40.369998931884766,40.720001220703125,39.79999923706055,37.5544548034668
2013-03-18,5614200,40.130001068115234,40.029998779296875,40.70000076293945,39.9900016784668,37.238155364990234
2013-03-15,9668800,39.540000915527344,39.68000030517578,39.84000015258789,39.40999984741211,36.912567138671875
2013-03-14,6235500,38.91999816894531,39.59000015258789,39.650001525878906,38.849998474121094,36.82884979248047
2013-03-13,7470500,39.77000045776367,38.9900016784668,39.79999923706055,38.880001068115234,36.27069091796875
2013-03-12,6667400,39.34000015258789,39.65999984741211,40.20000076293945,39.34000015258789,36.89397048950195
2013-03-11,5498600,39.22999954223633,38.88999938964844,39.43000030517578,38.77000045776367,36.17767333984375
2013-03-08,10081300,39.7599983215332,39.25,40.08000183105469,39.20000076293945,36.117210388183594
2013-03-07,7757700,40.150001525878906,39.93000030517578,40.880001068115234,39.880001068115234,36.74293518066406
2013-03-06,9569600,38.58000183105469,40.0099983215332,40.040000915527344,38.5,36.81653594970703
2013-03-05,8589700,39.290000915527344,38.599998474121094,39.349998474121094,38.54999923706055,35.51907730102539
2013-03-04,9782800,39.63999938964844,39.0,39.7400016784668,38.599998474121094,35.887149810791016
2013-03-01,9494800,40.369998931884766,39.619998931884766,40.59000015258789,39.560001373291016,36.45767593383789
2013-02-28,10834000,40.63999938964844,40.290000915527344,40.84000015258789,40.130001068115234,37.07419967651367
2013-02-27,8863800,41.220001220703125,40.619998931884766,41.25,40.58000183105469,37.37786102294922
2013-02-26,9945400,41.150001525878906,41.439998626708984,41.720001220703125,40.83000183105469,38.132408142089844
2013-02-25,8504300,41.189998626708984,40.959999084472656,41.599998474121094,40.79999923706055,37.69072341918945
2013-02-22,10384700,41.560001373291016,40.81999969482422,41.7599983215332,40.72999954223633,37.5619010925293
2013-02-21,10184000,40.689998626708984,40.54999923706055,41.47999954223633,40.5099983215332,37.31344223022461
2013-02-20,14308300,42.540000915527344,40.560001373291016,42.540000915527344,40.439998626708984,37.322654724121094
2013-02-19,8078800,43.08000183105469,42.900001525878906,43.38999938964844,42.790000915527344,39.47588348388672
2013-02-15,13871700,43.68000030517578,43.27000045776367,43.79999923706055,42.790000915527344,39.816349029541016
2013-02-14,7641300,44.939998626708984,44.54999923706055,45.09000015258789,44.380001068115234,40.99418640136719
2013-02-13,5481500,45.2599983215332,44.849998474121094,45.47999954223633,44.81999969482422,41.27023696899414
2013-02-12,6451100,44.400001525878906,45.279998779296875,45.29999923706055,44.380001068115234,41.66591262817383
2013-02-11,4172000,44.56999969482422,44.4900016784668,44.66999816894531,44.150001525878906,40.93896484375
2013-02-08,4763200,45.18000030517578,44.93000030517578,45.27000045776367,44.77000045776367,41.34384536743164
2013-02-07,5097500,44.790000915527344,45.25,45.81999969482422,44.5099983215332,41.638309478759766
2013-02-06,4981000,44.220001220703125,45.040000915527344,45.16999816894531,44.20000076293945,41.445072174072266
2013-02-05,4107800,44.34000015258789,44.33000183105469,44.470001220703125,44.0099983215332,40.79174041748047
2013-02-04,5975500,43.59000015258789,44.099998474121094,44.560001373291016,43.43000030517578,40.580101013183594
2013-02-01,6312700,43.61000061035156,43.709999084472656,43.720001220703125,43.0099983215332,40.221221923828125
2013-01-31,9403300,42.970001220703125,42.959999084472656,43.310001373291016,42.849998474121094,39.53108596801758
2013-01-30,8940800,43.86000061035156,43.119998931884766,44.33000183105469,43.099998474121094,39.67831039428711
2013-01-29,7142200,43.0099983215332,43.38999938964844,43.650001525878906,42.9900016784668,39.92676544189453
2013-01-28,6510500,43.4900016784668,42.81999969482422,43.5099983215332,42.54999923706055,39.402259826660156
2013-01-25,7200500,43.959999084472656,43.36000061035156,44.189998626708984,42.959999084472656,39.89915084838867
2013-01-24,5554200,44.66999816894531,44.0099983215332,44.84000015258789,43.88999938964844,40.49727249145508
2013-01-23,5962300,45.619998931884766,44.7599983215332,45.790000915527344,44.70000076293945,41.18742370605469
2013-01-22,7030700,44.959999084472656,45.58000183105469,45.709999084472656,44.560001373291016,41.94196701049805
2013-01-18,6738100,44.560001373291016,44.88999938964844,45.220001220703125,44.459999084472656,41.30704116821289
2013-01-17,6514500,45.0,44.439998626708984,45.0,44.0,40.892967224121094
2013-01-16,5166100,45.02000045776367,44.75,45.18000030517578,44.58000183105469,41.17823028564453
2013-01-15,4137000,45.45000076293945,45.189998626708984,45.7400016784668,44.88999938964844,41.583099365234375
2013-01-14,3366500,45.86000061035156,45.29999923706055,45.88999938964844,45.13999938964844,41.68431854248047
2013-01-11,3836700,46.0,45.7599983215332,46.029998779296875,45.33000183105469,42.10759735107422
2013-01-10,5371300,45.349998474121094,45.95000076293945,46.130001068115234,45.349998474121094,42.28244400024414
2013-01-09,5568600,45.38999938964844,44.900001525878906,45.4900016784668,44.61000061035156,41.316246032714844
2013-01-08,6373500,45.0,45.560001373291016,45.93000030517578,44.65999984741211,41.9235725402832
2013-01-07,4853400,45.599998474121094,45.0099983215332,45.7599983215332,44.95000076293945,41.4174690246582
2013-01-04,5834100,45.29999923706055,45.939998626708984,46.04999923706055,45.09000015258789,42.27323913574219
2013-01-03,6017100,46.7599983215332,45.619998931884766,47.25,45.5,41.97877502441406
2013-01-02,7254500,47.34000015258789,46.900001525878906,47.59000015258789,46.75,43.156620025634766
2012-12-31,6560100,44.91999816894531,46.439998626708984,46.83000183105469,44.84000015258789,42.73331832885742
2012-12-28,5169400,45.349998474121094,45.029998779296875,45.79999923706055,45.0,41.43586349487305
2012-12-27,6080200,44.970001220703125,45.470001220703125,45.869998931884766,44.7599983215332,41.84074401855469
2012-12-26,4841900,44.400001525878906,45.08000183105469,45.29999923706055,44.380001068115234,41.48188781738281
2012-12-24,2595400,44.58000183105469,44.22999954223633,44.58000183105469,43.849998474121094,40.6997184753418
2012-12-21,10630000,44.0,44.58000183105469,45.04999923706055,43.90999984741211,41.02178192138672
2012-12-20,8941100,43.310001373291016,44.099998474121094,44.13999938964844,42.959999084472656,40.580101013183594
2012-12-19,5181600,44.20000076293945,43.75,44.41999816894531,43.689998626708984,40.258033752441406
2012-12-18,6495800,44.650001525878906,44.36000061035156,44.869998931884766,43.7599983215332,40.8193473815918
2012-12-17,3888900,44.2400016784668,44.65999984741211,44.7599983215332,44.06999969482422,41.09540939331055
2012-12-14,4717200,44.0099983215332,44.290000915527344,44.52000045776367,43.7400016784668,40.75492858886719
2012-12-13,7910300,44.58000183105469,44.16999816894531,44.86000061035156,43.5099983215332,40.644508361816406
2012-12-12,6702400,45.22999954223633,45.5,45.810001373291016,45.04999923706055,41.86836624145508
2012-12-11,5880600,45.08000183105469,45.22999954223633,45.56999969482422,45.0,41.61990737915039
2012-12-10,5489800,44.79999923706055,45.11000061035156,45.36000061035156,44.79999923706055,41.50947952270508
2012-12-07,4693400,44.54999923706055,44.41999816894531,44.7400016784668,44.06999969482422,40.87455368041992
2012-12-06,4351100,44.0,44.290000915527344,44.619998931884766,43.880001068115234,40.75492858886719
2012-12-05,9197100,45.13999938964844,43.959999084472656,45.13999938964844,43.849998474121094,40.45127487182617
2012-12-04,7355500,44.869998931884766,45.09000015258789,45.439998626708984,44.68000030517578,41.49107360839844
2012-12-03,7060200,47.130001068115234,45.68000030517578,47.130001068115234,45.63999938964844,41.71193313598633
2012-11-30,6173800,47.02000045776367,47.09000015258789,47.540000915527344,46.439998626708984,42.99944305419922
2012-11-29,3979800,47.470001220703125,47.04999923706055,47.7400016784668,46.75,42.96291732788086
2012-11-28,5994800,46.099998474121094,47.310001373291016,47.34000015258789,45.900001525878906,43.20032501220703
2012-11-27,5556500,47.290000915527344,47.0,47.33000183105469,46.810001373291016,42.91726303100586
2012-11-26,4957300,47.25,47.369998931884766,47.369998931884766,46.709999084472656,43.25511169433594
2012-11-23,2431100,47.34000015258789,47.689998626708984,47.79999923706055,46.869998931884766,43.54732131958008
2012-11-21,3884700,46.5,47.08000183105469,47.31999969482422,46.22999954223633,42.99030685424805
2012-11-20,5066300,46.61000061035156,46.619998931884766,46.75,46.20000076293945,42.570274353027344
2012-11-19,5804800,46.880001068115234,46.790000915527344,47.08000183105469,46.4900016784668,42.72550964355469
2012-11-16,7602500,45.47999954223633,46.119998931884766,46.22999954223633,45.0,42.11369705200195
2012-11-15,8333000,45.810001373291016,45.529998779296875,45.9900016784668,44.5,41.574951171875
2012-11-14,7164400,47.380001068115234,45.790000915527344,47.5099983215332,45.689998626708984,41.81237030029297
2012-11-13,4236900,47.33000183105469,47.189998626708984,47.880001068115234,47.060001373291016,43.09075164794922
2012-11-12,3057600,48.150001525878906,47.709999084472656,48.31999969482422,47.61000061035156,43.565582275390625
2012-11-09,5069500,49.029998779296875,48.06999969482422,49.029998779296875,47.900001525878906,43.894309997558594
2012-11-08,5731200,48.560001373291016,48.810001373291016,49.58000183105469,48.22999954223633,44.570030212402344
2012-11-07,6314500,48.7599983215332,48.7400016784668,49.06999969482422,47.83000183105469,44.506107330322266
2012-11-06,7029900,48.61000061035156,48.5,48.91999816894531,48.220001220703125,44.286964416503906
2012-11-05,7063600,49.119998931884766,48.38999938964844,49.560001373291016,48.2400016784668,44.18651580810547
2012-11-02,12215700,52.040000915527344,48.7400016784668,52.130001068115234,48.720001220703125,44.506107330322266
2012-11-01,7396200,54.220001220703125,53.220001220703125,54.29999923706055,52.70000076293945,48.596946716308594
2012-10-31,4999900,53.72999954223633,54.58000183105469,54.959999084472656,53.29999923706055,49.838809967041016
2012-10-26,4328900,53.63999938964844,53.310001373291016,53.880001068115234,52.95000076293945,48.67912292480469
2012-10-25,5038000,53.08000183105469,53.560001373291016,53.790000915527344,53.08000183105469,48.907413482666016
2012-10-24,6108600,54.130001068115234,52.58000183105469,54.349998474121094,52.54999923706055,48.01254653930664
2012-10-23,3977600,54.619998931884766,53.83000183105469,54.81999969482422,53.79999923706055,49.153953552246094
2012-10-22,3356500,54.72999954223633,55.4900016784668,55.7599983215332,54.61000061035156,50.66976547241211
2012-10-19,5358900,54.86000061035156,54.900001525878906,55.310001373291016,53.959999084472656,50.131011962890625
2012-10-18,4050400,55.650001525878906,54.970001220703125,55.880001068115234,54.90999984741211,50.19493865966797
2012-10-17,3666500,55.779998779296875,56.060001373291016,56.380001068115234,55.060001373291016,51.19025421142578
2012-10-16,3618200,55.310001373291016,55.880001068115234,55.970001220703125,54.9900016784668,51.02587890625
2012-10-15,4065100,54.619998931884766,54.599998474121094,55.029998779296875,53.939998626708984,49.8570671081543
2012-10-12,4263600,55.41999816894531,54.939998626708984,55.75,54.900001525878906,50.16753005981445
2012-10-11,3504500,55.099998474121094,55.349998474121094,55.83000183105469,54.83000183105469,50.54191970825195
2012-10-10,3933300,54.400001525878906,54.849998474121094,55.060001373291016,54.16999816894531,50.08534622192383
2012-10-09,4271000,55.810001373291016,54.5,56.279998779296875,54.4900016784668,49.7657585144043
2012-10-08,2130900,55.45000076293945,55.7599983215332,56.0099983215332,55.119998931884766,50.916297912597656
2012-10-05,2983600,56.2400016784668,55.849998474121094,56.630001068115234,55.4900016784668,50.99848556518555
2012-10-04,4922300,55.779998779296875,56.2400016784668,56.63999938964844,55.779998779296875,51.354610443115234
2012-10-03,2763500,55.810001373291016,55.470001220703125,55.95000076293945,55.209999084472656,50.65149688720703
2012-10-02,3482400,55.88999938964844,55.66999816894531,56.09000015258789,55.16999816894531,50.83412170410156
2012-10-01,5560400,56.70000076293945,55.70000076293945,56.849998474121094,55.599998474121094,50.86151123046875
2012-09-28,4925100,56.25,56.02000045776367,56.52000045776367,55.56999969482422,51.15371322631836
2012-09-27,5804300,55.7400016784668,56.540000915527344,56.66999816894531,55.20000076293945,51.6285400390625
2012-09-26,6099000,54.470001220703125,55.2599983215332,55.849998474121094,53.79999923706055,50.45974349975586
2012-09-25,6491900,55.95000076293945,55.060001373291016,56.560001373291016,55.040000915527344,50.27711868286133
2012-09-24,6804200,55.599998474121094,55.2599983215332,55.810001373291016,55.029998779296875,50.45974349975586
2012-09-21,14268700,57.93000030517578,56.310001373291016,57.93000030517578,56.220001220703125,51.41853332519531
2012-09-20,7821100,56.400001525878906,56.619998931884766,56.790000915527344,56.0099983215332,51.701595306396484
2012-09-19,5921900,57.099998474121094,56.849998474121094,57.349998474121094,56.529998779296875,51.91162109375
2012-09-18,7249100,56.61000061035156,56.77000045776367,57.150001525878906,56.130001068115234,51.83856201171875
2012-09-17,7270500,57.04999923706055,56.959999084472656,57.66999816894531,56.2400016784668,52.012062072753906
2012-09-14,12656400,56.369998931884766,57.20000076293945,57.650001525878906,56.31999969482422,52.2312126159668
2012-09-13,12625900,52.41999816894531,55.45000076293945,55.849998474121094,51.95000076293945,50.63322830200195
2012-09-12,5975300,52.349998474121094,52.560001373291016,52.7599983215332,51.04999923706055,47.99428939819336
2012-09-11,5498900,51.65999984741211,52.0,52.58000183105469,51.65999984741211,47.48292922973633
2012-09-10,4493000,51.470001220703125,51.36000061035156,52.0,51.099998474121094,46.89852523803711
2012-09-07,6099400,52.06999969482422,51.689998626708984,52.5,51.52000045776367,47.199851989746094
2012-09-06,6194200,50.18000030517578,50.900001525878906,50.900001525878906,49.68000030517578,46.47848129272461
2012-09-05,3781400,49.61000061035156,49.619998931884766,49.86000061035156,49.08000183105469,45.309661865234375
2012-09-04,5474400,50.560001373291016,49.470001220703125,50.59000015258789,49.36000061035156,45.172698974609375
2012-08-31,7457500,48.79999923706055,50.68000030517578,50.75,48.720001220703125,45.95798873901367
2012-08-30,3358400,48.540000915527344,48.54999923706055,48.83000183105469,48.31999969482422,44.026451110839844
2012-08-29,4726100,48.84000015258789,48.470001220703125,49.06999969482422,48.33000183105469,43.95390319824219
2012-08-28,3110000,49.08000183105469,48.84000015258789,49.34000015258789,48.72999954223633,44.289432525634766
2012-08-27,4199800,49.459999084472656,49.040000915527344,49.68000030517578,49.0099983215332,44.47079086303711
2012-08-24,2922200,48.939998626708984,49.22999954223633,49.45000076293945,48.650001525878906,44.643096923828125
2012-08-23,6176800,49.75,49.040000915527344,49.97999954223633,48.869998931884766,44.47079086303711
2012-08-22,4673700,48.2400016784668,49.29999923706055,49.36000061035156,47.79999923706055,44.706565856933594
2012-08-21,4765600,48.61000061035156,48.25,49.290000915527344,47.939998626708984,43.75439453125
2012-08-20,3929900,47.25,47.93000030517578,48.029998779296875,47.0099983215332,43.4642219543457
2012-08-17,4131900,47.66999816894531,47.15999984741211,47.9900016784668,47.09000015258789,42.76596450805664
2012-08-16,3539000,46.779998779296875,47.59000015258789,47.810001373291016,46.54999923706055,43.1558952331543
2012-08-15,3545000,46.22999954223633,46.630001068115234,46.65999984741211,45.81999969482422,42.285335540771484
2012-08-14,3018000,46.689998626708984,46.34000015258789,47.130001068115234,46.220001220703125,42.022369384765625
2012-08-13,3324400,47.56999969482422,46.91999816894531,47.70000076293945,46.70000076293945,42.54830551147461
2012-08-10,6272100,47.2599983215332,47.47999954223633,47.779998779296875,47.0,43.056148529052734
2012-08-09,3018800,46.97999954223633,47.20000076293945,47.630001068115234,46.61000061035156,42.802242279052734
2012-08-08,5831100,46.540000915527344,46.91999816894531,47.310001373291016,46.4900016784668,42.54830551147461
2012-08-07,4158300,46.310001373291016,46.630001068115234,46.779998779296875,46.119998931884766,42.285335540771484
2012-08-06,5192800,44.849998474121094,46.119998931884766,46.91999816894531,44.84000015258789,41.82284927368164
2012-08-03,5556800,44.099998474121094,44.66999816894531,44.91999816894531,43.79999923706055,40.50794982910156
2012-08-02,4869800,44.2400016784668,43.619998931884766,44.650001525878906,43.619998931884766,39.555789947509766
2012-08-01,6832100,44.400001525878906,44.40999984741211,45.43000030517578,43.880001068115234,40.272186279296875
2012-07-31,4638300,45.29999923706055,44.470001220703125,45.70000076293945,44.439998626708984,40.32659149169922
2012-07-30,6119800,44.290000915527344,45.2599983215332,45.7400016784668,44.02000045776367,41.042991638183594
2012-07-27,13160300,44.31999969482422,44.529998779296875,44.560001373291016,42.95000076293945,40.381004333496094
2012-07-26,5557700,45.91999816894531,46.09000015258789,46.25,45.29999923706055,41.795658111572266
2012-07-25,5842100,45.16999816894531,45.79999923706055,46.459999084472656,44.790000915527344,41.532676696777344
2012-07-24,4511300,44.61000061035156,44.33000183105469,44.83000183105469,44.099998474121094,40.19963455200195
2012-07-23,3640000,44.83000183105469,44.5,45.060001373291016,44.310001373291016,40.35380554199219
2012-07-20,4052800,44.97999954223633,45.150001525878906,45.52000045776367,44.79999923706055,40.94324493408203
2012-07-19,4999500,44.88999938964844,45.150001525878906,45.45000076293945,44.52000045776367,40.94324493408203
2012-07-18,4069500,44.810001373291016,44.65999984741211,45.0,44.369998931884766,40.4988899230957
2012-07-17,4185500,45.40999984741211,45.06999969482422,45.5,44.43000030517578,40.87068176269531
2012-07-16,3356300,46.119998931884766,45.5,46.22999954223633,45.369998931884766,41.260623931884766
2012-07-13,3564300,45.66999816894531,46.15999984741211,46.349998474121094,45.54999923706055,41.859134674072266
2012-07-12,5831000,45.45000076293945,45.459999084472656,45.84000015258789,44.75,41.22435760498047
2012-07-11,6325300,46.25,45.97999954223633,46.27000045776367,45.650001525878906,41.69590377807617
2012-07-10,4714000,47.97999954223633,46.41999816894531,48.34000015258789,46.310001373291016,42.094905853271484
2012-07-09,4349300,47.79999923706055,47.720001220703125,48.09000015258789,47.38999938964844,43.27378845214844
2012-07-06,3458400,48.38999938964844,47.90999984741211,48.65999984741211,47.560001373291016,43.44607925415039
2012-07-05,3265000,49.40999984741211,49.040000915527344,49.66999816894531,48.83000183105469,44.47079086303711
2012-07-03,3261100,49.22999954223633,49.72999954223633,49.84000015258789,48.88999938964844,45.09650421142578
2012-07-02,4469300,48.290000915527344,48.4900016784668,48.880001068115234,47.93000030517578,43.9720458984375
2012-06-29,5682500,48.650001525878906,48.5099983215332,48.650001525878906,47.63999938964844,43.99017333984375
2012-06-28,6200300,47.22999954223633,47.119998931884766,47.95000076293945,46.40999984741211,42.72969055175781
2012-06-27,3682600,48.099998474121094,48.150001525878906,48.22999954223633,47.27000045776367,43.663726806640625
2012-06-26,5107400,48.29999923706055,47.939998626708984,48.79999923706055,47.36000061035156,43.47329330444336
2012-06-25,5573400,47.93000030517578,48.790000915527344,49.20000076293945,47.650001525878906,44.24409103393555
2012-06-22,4057900,47.81999969482422,47.959999084472656,48.4900016784668,47.2599983215332,43.491424560546875
2012-06-21,6609500,49.13999938964844,47.79999923706055,49.380001068115234,47.790000915527344,43.34632873535156
2012-06-20,6450400,50.20000076293945,50.36000061035156,51.16999816894531,49.400001525878906,45.66780090332031
2012-06-19,4758800,50.9900016784668,50.70000076293945,51.040000915527344,50.11000061035156,45.97611999511719
2012-06-18,5223500,50.060001373291016,50.849998474121094,50.970001220703125,49.529998779296875,46.112152099609375
2012-06-15,10072800,51.220001220703125,50.279998779296875,51.380001068115234,49.970001220703125,45.59526443481445
2012-06-14,6708700,50.90999984741211,50.689998626708984,51.02000045776367,50.060001373291016,45.967063903808594
2012-06-13,6130500,50.810001373291016,50.720001220703125,51.29999923706055,50.279998779296875,45.994258880615234
2012-06-12,5437400,49.97999954223633,50.52000045776367,50.70000076293945,49.689998626708984,45.81290054321289
2012-06-11,5097600,50.400001525878906,49.47999954223633,50.72999954223633,49.220001220703125,44.86979293823242
2012-06-08,4696500,49.77000045776367,50.279998779296875,50.529998779296875,49.130001068115234,45.59526443481445
2012-06-07,7845500,51.880001068115234,50.689998626708984,52.209999084472656,49.83000183105469,45.649681091308594
2012-06-06,8462300,52.279998779296875,51.70000076293945,52.33000183105469,50.7599983215332,46.55923080444336
2012-06-05,7253800,51.72999954223633,51.349998474121094,51.93000030517578,51.25,46.24403762817383
2012-06-04,8056900,50.650001525878906,51.54999923706055,51.59000015258789,49.54999923706055,46.42416000366211
2012-06-01,13108600,49.2400016784668,50.29999923706055,51.150001525878906,48.22999954223633,45.29844284057617
2012-05-31,7268700,47.939998626708984,47.15999984741211,48.369998931884766,46.599998474121094,42.470672607421875
2012-05-30,7980400,47.439998626708984,47.84000015258789,48.7400016784668,47.09000015258789,43.08306121826172
2012-05-29,7537600,49.52000045776367,48.18000030517578,49.650001525878906,47.599998474121094,43.389251708984375
2012-05-25,5337600,48.77000045776367,48.81999969482422,49.34000015258789,48.220001220703125,43.965606689453125
2012-05-24,9170900,48.81999969482422,48.630001068115234,49.84000015258789,47.70000076293945,43.79450225830078
2012-05-23,8840400,46.880001068115234,48.56999969482422,48.70000076293945,45.959999084472656,43.7404670715332
2012-05-22,7250500,47.5,47.189998626708984,48.65999984741211,46.86000061035156,42.4976921081543
2012-05-21,7566600,45.959999084472656,47.369998931884766,47.5,45.75,42.659793853759766
2012-05-18,8050700,45.970001220703125,45.58000183105469,47.0,45.459999084472656,41.04778289794922
2012-05-17,8353000,44.189998626708984,45.2599983215332,46.189998626708984,43.900001525878906,40.75959396362305
2012-05-16,8006800,43.369998931884766,43.5099983215332,44.83000183105469,43.22999954223633,39.18361282348633
2012-05-15,6589700,44.619998931884766,43.38999938964844,45.189998626708984,43.34000015258789,39.07554626464844
2012-05-14,6209300,44.65999984741211,44.66999816894531,45.72999954223633,44.060001373291016,40.22825622558594
2012-05-11,4868800,45.790000915527344,45.36000061035156,46.29999923706055,45.27000045776367,40.84966278076172
2012-05-10,5594100,47.04999923706055,46.20000076293945,47.220001220703125,46.06999969482422,41.60613250732422
2012-05-09,11233700,44.130001068115234,46.540000915527344,47.22999954223633,43.95000076293945,41.912315368652344
2012-05-08,9233700,45.38999938964844,44.7599983215332,45.720001220703125,44.220001220703125,40.309303283691406
2012-05-07,5340200,46.09000015258789,46.13999938964844,46.459999084472656,45.25,41.55209732055664
2012-05-04,7774300,45.68000030517578,46.15999984741211,46.66999816894531,45.45000076293945,41.57010269165039
2012-05-03,7101000,46.630001068115234,45.59000015258789,46.849998474121094,45.34000015258789,41.056785583496094
2012-05-02,4669100,47.720001220703125,47.099998474121094,47.83000183105469,46.599998474121094,42.41663360595703
2012-05-01,4476400,47.70000076293945,48.04999923706055,48.369998931884766,47.560001373291016,43.27217102050781
2012-04-30,5859800,47.66999816894531,47.650001525878906,47.88999938964844,47.0099983215332,42.911949157714844
2012-04-27,8647400,48.849998474121094,47.86000061035156,48.970001220703125,47.61000061035156,43.10107421875
2012-04-26,6615200,47.529998779296875,47.72999954223633,48.099998474121094,46.900001525878906,42.98400115966797
2012-04-25,7026100,46.810001373291016,47.470001220703125,47.63999938964844,46.31999969482422,42.74985885620117
2012-04-24,4152700,46.5,46.369998931884766,46.779998779296875,46.09000015258789,41.75923156738281
2012-04-23,12620700,46.779998779296875,46.29999923706055,46.779998779296875,45.220001220703125,41.69618225097656
2012-04-20,5669300,47.849998474121094,47.25,48.349998474121094,47.220001220703125,42.551727294921875
2012-04-19,5223700,48.15999984741211,47.810001373291016,48.56999969482422,47.650001525878906,43.05604553222656
2012-04-18,5609200,48.06999969482422,47.88999938964844,48.400001525878906,47.5099983215332,43.128089904785156
2012-04-17,6295000,48.27000045776367,48.33000183105469,48.83000183105469,48.08000183105469,43.52433395385742
2012-04-16,6489500,48.65999984741211,48.16999816894531,48.93000030517578,48.0099983215332,43.380245208740234
2012-04-13,6706400,49.47999954223633,48.68000030517578,49.900001525878906,48.68000030517578,43.83953857421875
2012-04-12,7726600,48.02000045776367,49.54999923706055,49.599998474121094,47.88999938964844,44.623023986816406
2012-04-11,7874900,49.099998474121094,48.0,49.16999816894531,47.79999923706055,43.227142333984375
2012-04-10,10937500,47.90999984741211,48.970001220703125,49.54999923706055,47.869998931884766,44.1006965637207
2012-04-09,6859200,48.0,48.0,48.58000183105469,47.79999923706055,43.227142333984375
2012-04-05,8900000,48.619998931884766,47.72999954223633,48.97999954223633,47.470001220703125,42.98400115966797
2012-04-04,13609100,49.5099983215332,48.529998779296875,49.5099983215332,47.59000015258789,43.70445251464844
2012-04-03,9491700,51.939998626708984,50.34000015258789,52.150001525878906,49.84000015258789,45.334476470947266
2012-04-02,5477900,51.560001373291016,52.11000061035156,52.40999984741211,51.209999084472656,46.928470611572266
2012-03-30,6089300,51.61000061035156,51.27000045776367,51.70000076293945,50.68000030517578,46.17200469970703
2012-03-29,9081700,51.29999923706055,51.34000015258789,51.34000015258789,50.470001220703125,46.23503875732422
2012-03-28,7489600,52.29999923706055,51.5,52.599998474121094,51.310001373291016,46.37913131713867
2012-03-27,9123700,53.599998474121094,52.4900016784668,53.599998474121094,52.45000076293945,47.27069091796875
2012-03-26,8496100,54.06999969482422,53.45000076293945,54.150001525878906,53.099998474121094,48.13522720336914
2012-03-23,7213600,52.63999938964844,53.31999969482422,53.90999984741211,52.33000183105469,48.01815414428711
2012-03-22,7193600,52.66999816894531,52.40999984741211,52.849998474121094,52.060001373291016,47.198646545410156
2012-03-21,7848500,53.79999923706055,53.16999816894531,54.119998931884766,53.150001525878906,47.8830680847168
2012-03-20,8193300,53.08000183105469,53.68000030517578,54.0,52.5,48.34235763549805
2012-03-19,4868800,53.779998779296875,53.529998779296875,54.349998474121094,53.5,48.207275390625
2012-03-16,12198000,53.47999954223633,53.75,54.09000015258789,53.189998626708984,48.4054069519043
2012-03-15,9902600,54.400001525878906,53.84000015258789,54.97999954223633,53.689998626708984,48.486454010009766
2012-03-14,14100200,54.099998474121094,54.29999923706055,54.47999954223633,53.31999969482422,48.90070724487305
2012-03-13,9769400,55.400001525878906,54.86000061035156,55.75,54.689998626708984,49.40503692626953
2012-03-12,7370500,56.70000076293945,55.75,56.900001525878906,55.619998931884766,49.891334533691406
2012-03-09,5463700,56.70000076293945,56.880001068115234,57.84000015258789,56.11000061035156,50.902591705322266
2012-03-08,4915200,57.150001525878906,56.95000076293945,57.2400016784668,56.16999816894531,50.96523666381836
2012-03-07,6565600,57.11000061035156,56.68000030517578,57.279998779296875,56.150001525878906,50.723594665527344
2012-03-06,8367900,56.97999954223633,57.16999816894531,57.27000045776367,55.810001373291016,51.162105560302734
2012-03-05,6068000,58.939998626708984,57.900001525878906,59.029998779296875,57.709999084472656,51.815399169921875
2012-03-02,4505500,59.310001373291016,58.959999084472656,59.470001220703125,58.5,52.76400375366211
2012-03-01,6618900,59.59000015258789,59.66999816894531,60.650001525878906,59.400001525878906,53.399375915527344
2012-02-29,10832100,62.18000030517578,59.43000030517578,62.43000030517578,59.02000045776367,53.18460464477539
2012-02-28,4832300,61.33000183105469,62.0,62.150001525878906,61.11000061035156,55.484535217285156
2012-02-27,5767200,61.790000915527344,61.52000045776367,62.599998474121094,61.45000076293945,55.05496597290039
2012-02-24,7321400,63.349998474121094,62.5099983215332,64.19999694824219,61.56999969482422,55.9409294128418
2012-02-23,7670100,62.939998626708984,63.79999923706055,64.43000030517578,62.709999084472656,57.095367431640625
2012-02-22,7221800,61.58000183105469,62.779998779296875,63.290000915527344,61.0099983215332,56.182559967041016
2012-02-21,6941600,60.43000030517578,61.540000915527344,61.720001220703125,59.7599983215332,55.072872161865234
2012-02-17,4004500,60.779998779296875,59.45000076293945,60.939998626708984,59.20000076293945,53.2025146484375
2012-02-16,4517100,59.66999816894531,60.43000030517578,60.65999984741211,58.77000045776367,54.07952117919922
2012-02-15,5421500,59.13999938964844,59.599998474121094,60.38999938964844,58.970001220703125,53.33674621582031
2012-02-14,5591900,59.540000915527344,58.77000045776367,59.54999923706055,58.060001373291016,52.593963623046875
2012-02-13,3307700,59.959999084472656,59.40999984741211,59.9900016784668,58.880001068115234,53.166709899902344
2012-02-10,4467900,59.81999969482422,59.619998931884766,59.90999984741211,59.0,53.35464859008789
2012-02-09,3848700,61.06999969482422,60.63999938964844,61.38999938964844,60.470001220703125,54.267452239990234
2012-02-08,3452700,60.9900016784668,60.70000076293945,61.45000076293945,60.470001220703125,54.32115173339844
2012-02-07,4805400,60.849998474121094,60.86000061035156,61.560001373291016,60.0099983215332,54.46433639526367
2012-02-06,4550200,60.709999084472656,60.88999938964844,61.13999938964844,60.349998474121094,54.491172790527344
2012-02-03,7863800,61.90999984741211,61.0099983215332,62.0,60.66999816894531,54.59856414794922
2012-02-02,6110700,61.439998626708984,62.290000915527344,62.5,61.349998474121094,55.74406051635742
2012-02-01,6307100,61.68000030517578,61.119998931884766,61.9900016784668,60.709999084472656,54.69701385498047
2012-01-31,6601600,62.0099983215332,61.47999954223633,62.29999923706055,61.02000045776367,55.01918029785156
2012-01-30,5747600,61.02000045776367,61.220001220703125,61.790000915527344,60.380001068115234,54.78650665283203
2012-01-27,5832100,60.349998474121094,61.5099983215332,61.790000915527344,59.959999084472656,55.0460319519043
2012-01-26,7635300,61.279998779296875,60.45000076293945,61.59000015258789,60.119998931884766,54.097415924072266
2012-01-25,12330400,57.40999984741211,60.25,60.63999938964844,57.2400016784668,53.91844177246094
2012-01-24,8289400,58.650001525878906,57.47999954223633,58.81999969482422,57.25,51.43952560424805
2012-01-23,6801200,59.4900016784668,59.2599983215332,59.97999954223633,58.95000076293945,53.032474517822266
2012-01-20,8319500,59.720001220703125,59.27000045776367,60.150001525878906,58.93000030517578,53.04142761230469
2012-01-19,9386200,59.970001220703125,59.599998474121094,60.290000915527344,58.65999984741211,53.33674621582031
2012-01-18,8127400,60.2400016784668,60.349998474121094,60.77000045776367,59.880001068115234,54.00792694091797
2012-01-17,9163100,63.54999923706055,60.939998626708984,63.54999923706055,60.33000183105469,54.535926818847656
2012-01-13,4206900,63.68000030517578,63.38999938964844,63.91999816894531,62.560001373291016,56.72846221923828
2012-01-12,5897100,63.560001373291016,64.04000091552734,64.62000274658203,63.560001373291016,57.31014633178711
2012-01-11,5040400,62.77000045776367,63.34000015258789,63.400001525878906,62.150001525878906,56.683719635009766
2012-01-10,6354100,62.22999954223633,62.650001525878906,63.099998474121094,62.15999984741211,56.06623077392578
2012-01-09,3825700,62.29999923706055,61.47999954223633,62.34000015258789,61.02000045776367,55.01918029785156
2012-01-06,4218400,62.459999084472656,61.970001220703125,62.630001068115234,61.38999938964844,55.457679748535156
2012-01-05,5545100,61.47999954223633,62.099998474121094,62.45000076293945,61.20000076293945,55.57401657104492
2012-01-04,4248400,61.779998779296875,61.88999938964844,62.61000061035156,61.400001525878906,55.38608932495117
2012-01-03,7418700,61.40999984741211,62.08000183105469,62.31999969482422,61.220001220703125,55.556121826171875
2011-12-30,3315600,60.72999954223633,60.0099983215332,61.09000015258789,59.689998626708984,53.70366287231445
2011-12-29,5366000,58.36000061035156,60.36000061035156,60.5099983215332,58.25,54.016883850097656
2011-12-28,5789000,61.119998931884766,59.41999816894531,61.40999984741211,59.09000015258789,53.175655364990234
2011-12-27,1999500,61.619998931884766,61.369998931884766,62.09000015258789,61.209999084472656,54.92073440551758
2011-12-23,2985200,61.33000183105469,61.880001068115234,61.900001525878906,60.849998474121094,55.37713623046875
2011-12-22,6230600,62.459999084472656,61.0099983215332,62.599998474121094,60.7599983215332,54.59856414794922
2011-12-21,4734600,62.40999984741211,62.880001068115234,63.0,62.04999923706055,56.27205276489258
2011-12-20,5239700,62.209999084472656,62.61000061035156,62.959999084472656,61.779998779296875,56.030418395996094
2011-12-19,6390000,62.130001068115234,61.04999923706055,62.66999816894531,60.880001068115234,54.63437271118164
2011-12-16,8353800,62.439998626708984,62.18000030517578,63.20000076293945,61.849998474121094,55.64562225341797
2011-12-15,6743200,62.18000030517578,61.7599983215332,62.400001525878906,61.040000915527344,55.269752502441406
2011-12-14,9997200,61.4900016784668,61.619998931884766,62.849998474121094,60.84000015258789,55.14446258544922
2011-12-13,6313800,64.94000244140625,63.150001525878906,65.94999694824219,62.869998931884766,56.51368713378906
2011-12-12,6738000,65.23999786376953,65.2699966430664,65.5199966430664,64.47000122070312,58.410884857177734
2011-12-09,3682200,66.11000061035156,66.94000244140625,67.20999908447266,66.02999877929688,59.905399322509766
2011-12-08,5731000,66.91000366210938,66.05999755859375,67.41999816894531,65.66000366210938,59.117889404296875
2011-12-07,4873200,67.04000091552734,67.70999908447266,67.97000122070312,66.81999969482422,60.594482421875
2011-12-06,6040200,65.54000091552734,67.1500015258789,67.77999877929688,65.04000091552734,60.09333419799805
2011-12-05,6388400,66.5999984741211,66.33999633789062,67.94999694824219,65.8499984741211,59.05522155761719
2011-12-02,5812700,69.16000366210938,67.02999877929688,69.16000366210938,66.91999816894531,59.66947555541992
2011-12-01,5524700,68.81999969482422,68.80999755859375,69.4000015258789,67.98999786376953,61.25400161743164
2011-11-30,7430200,67.2300033569336,68.87999725341797,69.0,66.77999877929688,61.31630325317383
2011-11-29,4483400,65.51000213623047,65.29000091552734,66.44999694824219,65.06999969482422,58.12053680419922
2011-11-28,4604900,65.16000366210938,65.23999786376953,65.86000061035156,64.73999786376953,58.07601547241211
2011-11-25,2484700,64.27999877929688,63.77000045776367,64.9000015258789,63.630001068115234,56.76744079589844
2011-11-23,3986900,65.19999694824219,64.20999908447266,65.4000015258789,63.900001525878906,57.159122467041016
2011-11-22,4695900,65.97000122070312,65.79000091552734,66.80999755859375,65.37000274658203,58.56562423706055
2011-11-21,5980800,64.70999908447266,65.29000091552734,65.63999938964844,64.12000274658203,58.12053680419922
2011-11-18,3974700,66.52999877929688,65.45999908447266,66.62999725341797,64.95999908447266,58.2718620300293
2011-11-17,5742500,67.18000030517578,66.23999786376953,67.72000122070312,65.83000183105469,58.96620559692383
2011-11-16,4592200,69.0999984741211,67.98999786376953,69.11000061035156,67.80000305175781,60.52404022216797
2011-11-15,3366600,69.2699966430664,69.63999938964844,70.23999786376953,68.68000030517578,61.992862701416016
2011-11-14,3419700,70.36000061035156,69.4800033569336,70.95999908447266,68.87999725341797,61.85042953491211
2011-11-11,4320600,69.48999786376953,70.48999786376953,71.08999633789062,69.47000122070312,62.74950408935547
2011-11-10,5117300,69.79000091552734,68.83000183105469,69.81999969482422,67.93000030517578,61.27180862426758
2011-11-09,8700800,71.02999877929688,69.27999877929688,72.41999816894531,69.23999786376953,61.67238235473633
2011-11-08,7450300,71.9000015258789,71.61000061035156,72.3499984741211,70.91000366210938,63.74654006958008
2011-11-07,9089500,69.86000061035156,72.12999725341797,72.29000091552734,69.69000244140625,64.20944213867188
2011-11-04,5985700,68.70999908447266,69.37999725341797,69.44999694824219,68.25,61.76140213012695
2011-11-03,11412500,67.55999755859375,69.33000183105469,69.54000091552734,67.0999984741211,61.71689987182617
2011-11-02,8788000,66.51000213623047,66.62000274658203,68.0199966430664,65.62999725341797,59.30448532104492
2011-11-01,8750400,64.80999755859375,65.62999725341797,67.04000091552734,63.09000015258789,58.423179626464844
2011-10-31,8035700,66.97000122070312,66.83000183105469,67.87000274658203,66.29000091552734,59.49143600463867
2011-10-28,9500300,63.97999954223633,68.48999786376953,68.73999786376953,63.72999954223633,60.96912384033203
2011-10-27,8629600,66.31999969482422,66.05999755859375,66.94999694824219,64.68000030517578,58.805992126464844
2011-10-26,8982500,65.66999816894531,65.79000091552734,66.5999984741211,64.7699966430664,58.56562423706055
2011-10-25,8665200,63.47999954223633,64.83999633789062,65.73999786376953,62.560001373291016,57.71993637084961
2011-10-24,5471600,63.27000045776367,63.81999969482422,64.06999969482422,62.86000061035156,56.81195831298828
2011-10-21,6308300,62.7400016784668,62.630001068115234,63.369998931884766,62.08000183105469,55.75263977050781
2011-10-20,7924900,61.349998474121094,61.63999938964844,62.689998626708984,60.779998779296875,54.871341705322266
2011-10-19,7377300,65.33000183105469,62.31999969482422,65.48999786376953,61.849998474121094,55.476654052734375
2011-10-18,7289000,65.48999786376953,65.5,65.87999725341797,63.599998474121094,58.30746078491211
2011-10-17,5442300,66.75,66.19999694824219,67.38999938964844,65.94999694824219,58.93061065673828
2011-10-14,6443000,64.19999694824219,66.86000061035156,66.87999725341797,64.02999877929688,59.51813507080078
2011-10-13,4834400,63.72999954223633,63.75,64.27999877929688,62.68000030517578,56.74964904785156
2011-10-12,5503400,64.8499984741211,64.06999969482422,65.06999969482422,63.22999954223633,57.03449249267578
2011-10-11,4109800,64.8499984741211,64.44000244140625,65.26000213623047,63.88999938964844,57.363868713378906
2011-10-10,3755100,64.0999984741211,65.2699966430664,65.33999633789062,63.65999984741211,58.10271453857422
2011-10-07,4935000,64.51000213623047,63.09000015258789,64.62000274658203,62.060001373291016,56.162105560302734
2011-10-06,5780600,63.08000183105469,64.05999755859375,64.12000274658203,62.150001525878906,57.02560043334961
2011-10-05,7450700,61.04999923706055,63.0099983215332,63.22999954223633,60.470001220703125,56.09089279174805
2011-10-04,10505700,62.279998779296875,61.279998779296875,62.709999084472656,58.95000076293945,54.550865173339844
2011-10-03,7313700,64.38999938964844,63.27000045776367,65.58999633789062,63.2400016784668,56.322349548339844
2011-09-30,8535500,61.560001373291016,62.95000076293945,65.55000305175781,61.5,56.037479400634766
2011-09-29,5997000,62.27000045776367,62.52000045776367,62.95000076293945,61.11000061035156,55.654701232910156
2011-09-28,6453100,63.47999954223633,61.529998779296875,64.62000274658203,61.45000076293945,54.773414611816406
2011-09-27,8549600,66.44999694824219,63.45000076293945,66.54000091552734,63.0099983215332,56.48259353637695
2011-09-26,7917800,61.970001220703125,64.38999938964844,64.58999633789062,61.529998779296875,57.319366455078125
2011-09-23,11923700,63.11000061035156,62.86000061035156,63.4900016784668,61.099998474121094,55.957366943359375
2011-09-22,10166300,64.36000061035156,65.23999786376953,65.80000305175781,63.63999938964844,58.07601547241211
2011-09-21,8669300,68.9000015258789,67.68000030517578,70.2300033569336,67.58999633789062,60.24808883666992
2011-09-20,15162700,66.2300033569336,69.9000015258789,71.25,66.0999984741211,62.224327087402344
2011-09-19,7749200,66.16000366210938,66.2699966430664,67.37000274658203,66.0,58.99290466308594
2011-09-16,7531500,64.45999908447266,65.72000122070312,65.77999877929688,64.25,58.503326416015625
2011-09-15,6348800,63.220001220703125,64.29000091552734,64.30999755859375,62.31999969482422,57.23033905029297
2011-09-14,7624500,64.13999938964844,64.16999816894531,64.48999786376953,63.25,57.12351989746094
2011-09-13,8357100,63.83000183105469,64.2699966430664,64.81999969482422,62.36000061035156,57.21254348754883
2011-09-12,8063100,64.55000305175781,64.06999969482422,64.73999786376953,62.22999954223633,57.03449249267578
2011-09-09,8227300,65.27999877929688,65.26000213623047,66.61000061035156,64.66999816894531,58.09383010864258
2011-09-08,9297800,65.72000122070312,65.66000366210938,66.38999938964844,65.12000274658203,58.44990158081055
2011-09-07,10033300,63.36000061035156,63.810001373291016,63.83000183105469,61.709999084472656,56.80305099487305
2011-09-06,10378400,64.5999984741211,64.51000213623047,65.7699966430664,63.810001373291016,57.42617416381836
2011-09-02,10163500,63.630001068115234,64.47000122070312,64.63999938964844,63.220001220703125,57.12352752685547
2011-09-01,6029700,62.45000076293945,62.470001220703125,63.16999816894531,61.7599983215332,55.35142517089844
2011-08-31,9886600,63.189998626708984,62.619998931884766,63.650001525878906,61.959999084472656,55.48433303833008
2011-08-30,7469000,62.58000183105469,63.130001068115234,63.459999084472656,62.02000045776367,55.93621826171875
2011-08-29,4952200,62.56999969482422,62.150001525878906,62.599998474121094,61.02000045776367,55.06788635253906
2011-08-26,5934600,60.70000076293945,62.16999816894531,62.16999816894531,59.459999084472656,55.08560562133789
2011-08-25,7779000,58.91999816894531,60.83000183105469,61.099998474121094,57.900001525878906,53.89829635620117
2011-08-24,11700700,61.2599983215332,60.2599983215332,61.470001220703125,58.810001373291016,53.39324951171875
2011-08-23,10680400,61.61000061035156,61.25,62.36000061035156,60.29999923706055,54.27044677734375
2011-08-22,10455300,61.0,62.86000061035156,63.54999923706055,60.869998931884766,55.696983337402344
2011-08-19,9001600,59.43000030517578,60.08000183105469,60.810001373291016,59.43000030517578,53.2337646484375
2011-08-18,8280400,59.5099983215332,58.41999816894531,59.95000076293945,58.04999923706055,51.7629280090332
2011-08-17,4389500,58.97999954223633,59.060001373291016,59.869998931884766,58.720001220703125,52.329994201660156
2011-08-16,6993100,58.86000061035156,58.720001220703125,59.95000076293945,58.31999969482422,52.02874755859375
2011-08-15,7209300,57.58000183105469,59.02000045776367,59.130001068115234,56.5,52.29456329345703
2011-08-12,8706000,57.15999984741211,57.439998626708984,57.7599983215332,56.61000061035156,50.89459991455078
2011-08-11,12421800,55.79999923706055,58.29999923706055,58.529998779296875,55.34000015258789,51.65660095214844
2011-08-10,15745400,56.27000045776367,55.810001373291016,57.0,54.880001068115234,49.45033645629883
2011-08-09,15342700,55.0,55.400001525878906,55.439998626708984,52.91999816894531,49.08706283569336
2011-08-08,16853200,55.9900016784668,54.130001068115234,57.36000061035156,54.060001373291016,47.9617805480957
2011-08-05,12902000,54.77000045776367,54.40999984741211,56.52000045776367,53.380001068115234,48.20987319946289
2011-08-04,13339800,57.18000030517578,54.439998626708984,57.689998626708984,54.20000076293945,48.236446380615234
2011-08-03,9131600,56.349998474121094,57.119998931884766,58.04999923706055,56.349998474121094,50.61106491088867
2011-08-02,7399300,55.61000061035156,56.130001068115234,56.849998474121094,55.20000076293945,49.73387908935547
2011-08-01,6529400,55.619998931884766,55.33000183105469,56.13999938964844,55.0,49.02504348754883
2011-07-29,10222000,56.369998931884766,55.61000061035156,57.43000030517578,55.369998931884766,49.27312088012695
2011-07-28,6053900,58.369998931884766,57.72999954223633,59.02000045776367,57.119998931884766,51.15155029296875
2011-07-27,7817900,58.779998779296875,57.31999969482422,59.09000015258789,57.13999938964844,50.78828048706055
2011-07-26,4511100,58.4900016784668,58.380001068115234,59.09000015258789,58.04999923706055,51.72748565673828
2011-07-25,5580100,59.130001068115234,58.40999984741211,59.56999969482422,58.22999954223633,51.75406265258789
2011-07-22,4155200,58.72999954223633,58.65999984741211,58.93000030517578,58.16999816894531,51.9755859375
2011-07-21,5244000,58.310001373291016,58.5099983215332,58.650001525878906,57.75,51.84267044067383
2011-07-20,4749300,57.38999938964844,58.02000045776367,58.22999954223633,56.7599983215332,51.40850830078125
2011-07-19,5554900,58.2599983215332,57.75,58.34000015258789,57.2400016784668,51.16927719116211
2011-07-18,7503900,58.08000183105469,58.09000015258789,59.0,57.68000030517578,51.470523834228516
2011-07-15,5183300,56.91999816894531,57.380001068115234,57.630001068115234,56.77000045776367,50.8414421081543
2011-07-14,5473700,57.31999969482422,56.75,57.31999969482422,56.41999816894531,50.283233642578125
2011-07-13,8484600,55.93000030517578,56.77000045776367,57.4900016784668,55.65999984741211,50.30095672607422
2011-07-12,7191300,54.220001220703125,55.31999969482422,55.91999816894531,54.150001525878906,49.01617431640625
2011-07-11,4344800,54.2400016784668,54.25,55.15999984741211,54.060001373291016,48.06809997558594
2011-07-08,4143600,55.11000061035156,54.7599983215332,55.599998474121094,54.400001525878906,48.519981384277344
2011-07-07,6651600,54.56999969482422,54.970001220703125,55.59000015258789,54.56999969482422,48.706050872802734
2011-07-06,6132800,54.779998779296875,54.54999923706055,55.0,53.68000030517578,48.333919525146484
2011-07-05,5187000,54.310001373291016,54.369998931884766,54.86000061035156,54.02000045776367,48.17443084716797
2011-07-01,4597400,53.72999954223633,53.7400016784668,53.779998779296875,52.75,47.61622619628906
2011-06-30,4097800,53.630001068115234,53.970001220703125,54.11000061035156,53.349998474121094,47.82001495361328
2011-06-29,6258900,53.0,53.52000045776367,54.099998474121094,52.959999084472656,47.42129898071289
2011-06-28,4177600,52.470001220703125,52.7599983215332,52.88999938964844,52.029998779296875,46.747894287109375
2011-06-27,3888300,51.900001525878906,52.31999969482422,52.79999923706055,51.70000076293945,46.358036041259766
2011-06-24,8958000,54.150001525878906,52.27000045776367,54.189998626708984,52.22999954223633,46.31373596191406
2011-06-23,5654800,53.04999923706055,53.97999954223633,54.040000915527344,52.72999954223633,47.82887268066406
2011-06-22,7211700,53.310001373291016,54.09000015258789,54.63999938964844,53.220001220703125,47.926326751708984
2011-06-21,5319500,52.060001373291016,53.29999923706055,53.45000076293945,52.04999923706055,47.22636413574219
2011-06-20,4053400,51.41999816894531,51.81999969482422,52.25,51.40999984741211,45.915000915527344
2011-06-17,7434200,51.810001373291016,51.59000015258789,52.119998931884766,51.099998474121094,45.711204528808594
2011-06-16,6325400,52.45000076293945,51.689998626708984,52.779998779296875,51.18000030517578,45.79982376098633
2011-06-15,7162600,51.810001373291016,52.310001373291016,53.47999954223633,51.65999984741211,46.34917068481445
2011-06-14,5547000,52.22999954223633,52.310001373291016,52.70000076293945,51.95000076293945,46.34917068481445
2011-06-13,4455900,52.34000015258789,51.900001525878906,52.61000061035156,51.52000045776367,45.80868148803711
2011-06-10,5474000,52.5,52.099998474121094,52.689998626708984,51.72999954223633,45.9852180480957
2011-06-09,4888400,52.52000045776367,52.91999816894531,53.2400016784668,52.099998474121094,46.708961486816406
2011-06-08,6779100,52.540000915527344,52.34000015258789,52.779998779296875,51.689998626708984,46.19704055786133
2011-06-07,6178400,53.630001068115234,52.939998626708984,53.91999816894531,52.869998931884766,46.72663116455078
2011-06-06,10883500,54.689998626708984,53.439998626708984,54.86000061035156,53.02000045776367,47.167938232421875
2011-06-03,5436500,55.0,54.75,55.47999954223633,54.61000061035156,48.324195861816406
2011-06-02,5844400,55.599998474121094,55.13999938964844,56.029998779296875,54.0,48.66842269897461
2011-06-01,7174400,56.0,55.66999816894531,56.70000076293945,55.59000015258789,49.13621520996094
2011-05-31,7166400,56.61000061035156,56.56999969482422,56.86000061035156,55.560001373291016,49.93058776855469
2011-05-27,4288500,56.119998931884766,56.38999938964844,56.880001068115234,56.119998931884766,49.771705627441406
2011-05-26,4294600,55.59000015258789,55.83000183105469,56.08000183105469,55.040000915527344,49.277435302734375
2011-05-25,5317300,55.41999816894531,55.61000061035156,56.25,55.15999984741211,49.083248138427734
2011-05-24,5827800,54.5,55.209999084472656,55.650001525878906,54.400001525878906,48.730201721191406
2011-05-23,6862800,54.31999969482422,54.27000045776367,55.43000030517578,54.04999923706055,47.9005126953125
2011-05-20,5753800,54.09000015258789,54.08000183105469,54.810001373291016,52.880001068115234,47.732826232910156
2011-05-19,3447400,53.59000015258789,54.060001373291016,54.369998931884766,53.529998779296875,47.715187072753906
2011-05-18,4312900,53.88999938964844,53.79999923706055,54.2599983215332,53.41999816894531,47.48569107055664
2011-05-17,5563900,52.70000076293945,53.529998779296875,53.849998474121094,52.54999923706055,47.24737548828125
2011-05-16,7110800,52.52000045776367,52.939998626708984,54.27000045776367,52.310001373291016,46.72663116455078
2011-05-13,5802200,53.34000015258789,52.779998779296875,54.15999984741211,52.15999984741211,46.58539962768555
2011-05-12,6349700,53.27000045776367,53.2599983215332,53.93000030517578,52.63999938964844,47.00907897949219
2011-05-11,6848800,54.439998626708984,53.40999984741211,54.650001525878906,52.900001525878906,47.1414680480957
2011-05-10,4114400,54.88999938964844,54.650001525878906,54.88999938964844,54.130001068115234,48.235931396484375
2011-05-09,4755700,54.15999984741211,54.68000030517578,54.91999816894531,54.13999938964844,48.262393951416016
2011-05-06,8570700,55.369998931884766,53.720001220703125,55.81999969482422,53.720001220703125,47.415077209472656
2011-05-05,8628900,56.0,54.689998626708984,56.849998474121094,54.150001525878906,48.27123260498047
2011-05-04,7915000,56.13999938964844,56.43000030517578,56.869998931884766,55.220001220703125,49.80702209472656
2011-05-03,8232900,57.40999984741211,56.220001220703125,57.93000030517578,55.72999954223633,49.62166213989258
2011-05-02,7426300,57.540000915527344,57.56999969482422,58.47999954223633,57.09000015258789,50.81321716308594
2011-04-29,9238800,58.709999084472656,58.61000061035156,59.400001525878906,58.09000015258789,51.73115921020508
2011-04-28,5829000,58.970001220703125,58.790000915527344,59.61000061035156,58.36000061035156,51.89004135131836
2011-04-27,6611700,58.040000915527344,58.95000076293945,59.16999816894531,57.16999816894531,52.03125
2011-04-26,5700000,57.72999954223633,57.849998474121094,57.88999938964844,56.95000076293945,51.06035232543945
2011-04-25,5008300,59.47999954223633,57.790000915527344,59.61000061035156,57.7599983215332,51.00740432739258
2011-04-21,6264500,59.43000030517578,59.22999954223633,60.45000076293945,58.93000030517578,52.27838897705078
2011-04-20,7333900,59.33000183105469,58.849998474121094,59.869998931884766,58.31999969482422,51.94298553466797
2011-04-19,6914200,57.869998931884766,58.630001068115234,58.689998626708984,57.72999954223633,51.748802185058594
2011-04-18,7819200,58.0099983215332,57.869998931884766,58.38999938964844,57.209999084472656,51.07799530029297
2011-04-15,7179400,57.790000915527344,57.75,58.29999923706055,57.310001373291016,50.97209167480469
2011-04-14,6912000,56.45000076293945,57.529998779296875,57.849998474121094,56.34000015258789,50.777896881103516
2011-04-13,5913500,57.650001525878906,56.31999969482422,57.72999954223633,56.15999984741211,49.70991516113281
2011-04-12,6910700,56.43000030517578,57.2400016784668,57.72999954223633,56.349998474121094,50.52193832397461
2011-04-11,7780400,57.63999938964844,56.95000076293945,58.650001525878906,56.540000915527344,50.2659797668457
2011-04-08,8050300,58.81999969482422,57.9900016784668,59.279998779296875,57.560001373291016,51.183929443359375
2011-04-07,13159200,57.06999969482422,58.290000915527344,58.72999954223633,56.58000183105469,51.44871139526367
2011-04-06,8357500,57.099998474121094,56.45000076293945,57.310001373291016,55.9900016784668,49.82466125488281
2011-04-05,10468300,54.47999954223633,56.97999954223633,57.08000183105469,54.20000076293945,50.292457580566406
2011-04-04,5396400,54.4900016784668,54.59000015258789,55.91999816894531,54.40999984741211,48.182960510253906
2011-04-01,5227700,54.43000030517578,54.369998931884766,54.779998779296875,53.720001220703125,47.98878860473633
2011-03-31,5300900,54.459999084472656,54.58000183105469,55.08000183105469,54.130001068115234,48.174137115478516
2011-03-30,5848600,53.869998931884766,54.119998931884766,54.38999938964844,53.33000183105469,47.768123626708984
2011-03-29,7712500,53.36000061035156,53.4900016784668,53.540000915527344,52.650001525878906,47.21207046508789
2011-03-28,5254700,53.58000183105469,53.27000045776367,54.09000015258789,52.97999954223633,47.01789093017578
2011-03-25,6121300,54.790000915527344,53.959999084472656,54.9900016784668,53.65999984741211,47.62691116333008
2011-03-24,9189200,54.849998474121094,54.52000045776367,55.599998474121094,54.09000015258789,48.121192932128906
2011-03-23,9614900,53.290000915527344,54.83000183105469,55.02000045776367,53.119998931884766,48.39480209350586
2011-03-22,9104900,51.58000183105469,53.16999816894531,53.56999969482422,51.369998931884766,46.929630279541016
2011-03-21,6883100,51.52000045776367,51.70000076293945,51.939998626708984,51.02000045776367,45.63216781616211
2011-03-18,9396400,51.27000045776367,50.88999938964844,51.90999984741211,50.7599983215332,44.91722106933594
2011-03-17,7010300,50.88999938964844,50.81999969482422,51.040000915527344,50.15999984741211,44.85544204711914
2011-03-16,10137400,52.279998779296875,50.38999938964844,52.29999923706055,50.04999923706055,44.47591018676758
2011-03-15,8898800,50.630001068115234,52.099998474121094,52.25,50.56999969482422,45.9852180480957
2011-03-14,5916200,52.41999816894531,52.33000183105469,52.790000915527344,51.66999816894531,46.18821716308594
2011-03-11,6282200,51.33000183105469,52.119998931884766,52.709999084472656,51.18000030517578,46.00286865234375
2011-03-10,8470200,51.83000183105469,51.4900016784668,52.34000015258789,51.290000915527344,45.31441116333008
2011-03-09,10258300,53.02000045776367,52.58000183105469,53.119998931884766,51.65999984741211,46.273677825927734
2011-03-08,10470400,53.18000030517578,53.0,53.400001525878906,52.11000061035156,46.64330291748047
2011-03-07,7476900,55.150001525878906,53.68000030517578,55.220001220703125,53.68000030517578,47.241737365722656
2011-03-04,8284000,53.709999084472656,54.27000045776367,55.04999923706055,53.709999084472656,47.7609748840332
2011-03-03,13254600,54.20000076293945,53.599998474121094,54.20000076293945,52.689998626708984,47.17134094238281
2011-03-02,9317100,55.97999954223633,54.72999954223633,56.34000015258789,54.33000183105469,48.16581344604492
2011-03-01,8567300,55.83000183105469,56.09000015258789,56.470001220703125,55.650001525878906,49.362693786621094
2011-02-28,6338800,54.52000045776367,55.27000045776367,55.290000915527344,54.13999938964844,48.641048431396484
2011-02-25,9803600,54.959999084472656,54.459999084472656,55.84000015258789,54.06999969482422,47.928192138671875
2011-02-24,19107400,59.08000183105469,54.7599983215332,59.150001525878906,54.470001220703125,48.19220733642578
2011-02-23,8096500,58.75,59.11000061035156,60.189998626708984,58.5099983215332,52.02048873901367
2011-02-22,6974500,59.31999969482422,58.15999984741211,59.79999923706055,58.119998931884766,51.18442916870117
2011-02-18,7723400,59.06999969482422,58.5,59.709999084472656,58.47999954223633,51.483646392822266
2011-02-17,4240600,58.31999969482422,58.959999084472656,59.099998474121094,57.95000076293945,51.88848114013672
2011-02-16,4575500,58.279998779296875,57.970001220703125,58.41999816894531,57.5,51.017208099365234
2011-02-15,4948100,57.84000015258789,58.040000915527344,58.439998626708984,57.7599983215332,51.078819274902344
2011-02-14,3797000,57.11000061035156,57.189998626708984,57.619998931884766,56.95000076293945,50.330772399902344
2011-02-11,4953300,57.09000015258789,56.880001068115234,57.7599983215332,56.470001220703125,50.05794143676758
2011-02-10,6036400,57.4900016784668,56.97999954223633,57.54999923706055,56.5,50.145957946777344
2011-02-09,5448000,58.18000030517578,57.880001068115234,58.56999969482422,57.439998626708984,50.938011169433594
2011-02-08,5796100,57.939998626708984,58.27000045776367,58.459999084472656,57.849998474121094,51.28123092651367
2011-02-07,4310400,57.400001525878906,57.150001525878906,57.70000076293945,56.849998474121094,50.295570373535156
2011-02-04,7498500,58.08000183105469,56.970001220703125,58.099998474121094,56.619998931884766,50.13714599609375
2011-02-03,8866000,56.31999969482422,57.33000183105469,57.5,55.650001525878906,50.453983306884766
2011-02-02,5066100,56.880001068115234,55.650001525878906,56.880001068115234,55.43000030517578,48.97547149658203
2011-02-01,6310600,55.45000076293945,56.5099983215332,56.560001373291016,55.06999969482422,49.73231887817383
2011-01-31,8082800,54.900001525878906,55.06999969482422,55.47999954223633,54.52000045776367,48.46503448486328
2011-01-28,10467600,55.04999923706055,55.0,56.290000915527344,54.29999923706055,48.40342330932617
2011-01-27,8245400,56.83000183105469,55.369998931884766,56.95000076293945,55.04999923706055,48.72904968261719
2011-01-26,9059300,55.7599983215332,57.04999923706055,57.09000015258789,55.599998474121094,50.207557678222656
2011-01-25,8547800,54.95000076293945,55.880001068115234,56.220001220703125,54.880001068115234,49.17789840698242
2011-01-24,6873000,55.16999816894531,55.16999816894531,56.20000076293945,54.86000061035156,48.553035736083984
2011-01-21,8440700,55.380001068115234,55.84000015258789,56.150001525878906,55.08000183105469,49.14268493652344
2011-01-20,10674200,54.650001525878906,55.709999084472656,55.939998626708984,54.40999984741211,49.02827072143555
2011-01-19,8052200,56.900001525878906,55.459999084472656,57.0099983215332,55.22999954223633,48.808258056640625
2011-01-18,7646500,56.470001220703125,56.560001373291016,56.790000915527344,56.040000915527344,49.77632141113281
2011-01-14,10879000,56.4900016784668,55.720001220703125,56.61000061035156,55.189998626708984,49.03707504272461
2011-01-13,6962300,57.88999938964844,56.810001373291016,57.939998626708984,56.38999938964844,49.99634552001953
2011-01-12,9290500,58.130001068115234,57.790000915527344,58.16999816894531,56.900001525878906,50.858802795410156
2011-01-11,5643300,58.279998779296875,58.209999084472656,58.38999938964844,57.68000030517578,51.228424072265625
2011-01-10,6700200,57.5099983215332,57.75,57.939998626708984,56.709999084472656,50.8235969543457
2011-01-07,9066900,56.95000076293945,56.88999938964844,58.25,56.880001068115234,50.06673812866211
2011-01-06,12005600,58.09000015258789,56.939998626708984,58.470001220703125,56.380001068115234,50.110748291015625
2011-01-05,8811900,58.279998779296875,58.15999984741211,58.56999969482422,57.59000015258789,51.18442916870117
2011-01-04,11589600,59.88999938964844,59.08000183105469,60.2599983215332,58.25,51.99407958984375
2011-01-03,6080400,61.849998474121094,61.09000015258789,62.209999084472656,60.95000076293945,53.76300811767578
2010-12-31,2669100,61.220001220703125,61.43000030517578,61.720001220703125,61.119998931884766,54.062232971191406
2010-12-30,2843400,61.0099983215332,61.08000183105469,61.43000030517578,60.900001525878906,53.75420379638672
2010-12-29,3186200,61.54999923706055,61.189998626708984,61.77000045776367,61.0,53.85101318359375
2010-12-28,4429200,61.2599983215332,61.54999923706055,61.83000183105469,60.7400016784668,54.167842864990234
2010-12-27,2648200,60.099998474121094,60.09000015258789,60.310001373291016,59.560001373291016,52.88295364379883
2010-12-23,3272600,59.11000061035156,60.08000183105469,60.630001068115234,59.02000045776367,52.8741455078125
2010-12-22,3049900,59.880001068115234,59.310001373291016,60.119998931884766,59.25,52.19649887084961
2010-12-21,3110800,60.25,60.040000915527344,60.290000915527344,59.58000183105469,52.83893966674805
2010-12-20,5085200,59.97999954223633,60.189998626708984,60.31999969482422,59.06999969482422,52.970943450927734
2010-12-17,8012400,59.79999923706055,59.400001525878906,60.08000183105469,59.02000045776367,52.27570343017578
2010-12-16,6947300,60.33000183105469,59.900001525878906,60.560001373291016,59.2599983215332,52.71573257446289
2010-12-15,4690200,60.79999923706055,60.56999969482422,61.68000030517578,60.5,53.30538558959961
2010-12-14,6490400,61.72999954223633,61.7400016784668,62.58000183105469,61.0099983215332,54.335052490234375
2010-12-13,6063700,62.0099983215332,61.869998931884766,62.619998931884766,61.65999984741211,54.44945526123047
2010-12-10,5711100,59.880001068115234,61.41999816894531,61.54999923706055,59.709999084472656,54.053436279296875
2010-12-09,6954600,61.2599983215332,60.2599983215332,61.36000061035156,59.849998474121094,53.03255081176758
2010-12-08,7328800,61.91999816894531,60.83000183105469,62.81999969482422,60.630001068115234,53.53419494628906
2010-12-07,9307600,63.959999084472656,62.52000045776367,64.05000305175781,62.33000183105469,55.021507263183594
2010-12-06,5602100,62.529998779296875,63.45000076293945,63.47999954223633,62.45000076293945,55.83995819091797
2010-12-03,5974500,61.18000030517578,62.36000061035156,62.650001525878906,61.16999816894531,54.74867630004883
2010-12-02,5690600,59.81999969482422,60.5099983215332,61.34000015258789,59.79999923706055,53.124481201171875
2010-12-01,8669600,58.93000030517578,59.650001525878906,59.779998779296875,58.18000030517578,52.36945724487305
2010-11-30,8222100,58.61000061035156,58.83000183105469,59.56999969482422,58.33000183105469,51.64952850341797
2010-11-29,9757400,58.16999816894531,58.09000015258789,58.29999923706055,57.310001373291016,50.99985122680664
2010-11-26,3722300,59.0,58.540000915527344,59.290000915527344,58.33000183105469,51.39491653442383
2010-11-24,5007600,60.90999984741211,59.939998626708984,61.11000061035156,59.75,52.62405014038086
2010-11-23,6441500,60.95000076293945,60.59000015258789,61.83000183105469,60.529998779296875,53.1947135925293
2010-11-22,5580500,60.33000183105469,60.939998626708984,61.099998474121094,59.650001525878906,53.50200653076172
2010-11-19,5766000,60.20000076293945,60.34000015258789,61.15999984741211,60.060001373291016,52.97522735595703
2010-11-18,5990300,60.470001220703125,60.349998474121094,61.0,60.189998626708984,52.98401641845703
2010-11-17,5865600,59.5099983215332,59.59000015258789,60.66999816894531,59.33000183105469,52.3167724609375
2010-11-16,10433000,60.349998474121094,59.38999938964844,60.900001525878906,58.7599983215332,52.141178131103516
2010-11-15,4904800,61.40999984741211,60.65999984741211,61.97999954223633,60.58000183105469,53.256168365478516
2010-11-12,6020700,62.029998779296875,61.54999923706055,62.79999923706055,60.709999084472656,54.037540435791016
2010-11-11,5451400,62.630001068115234,63.02000045776367,63.29999923706055,61.709999084472656,55.328125
2010-11-10,9321700,60.900001525878906,62.310001373291016,62.459999084472656,60.25,54.70478439331055
2010-11-09,12398100,63.36000061035156,60.5099983215332,63.779998779296875,59.90999984741211,53.124481201171875
2010-11-08,6699200,61.349998474121094,62.630001068115234,62.83000183105469,61.150001525878906,54.985713958740234
2010-11-05,7572600,61.040000915527344,61.619998931884766,61.65999984741211,60.66999816894531,54.099002838134766
2010-11-04,8650200,60.72999954223633,61.52000045776367,61.56999969482422,60.15999984741211,54.011199951171875
2010-11-03,9250300,59.59000015258789,59.11000061035156,59.7400016784668,57.900001525878906,51.895362854003906
2010-11-02,9117100,61.869998931884766,59.88999938964844,61.95000076293945,59.25,52.58014678955078
2010-11-01,5188500,61.41999816894531,61.22999954223633,61.43000030517578,60.56999969482422,53.756591796875
2010-10-29,5248800,60.369998931884766,60.86000061035156,61.130001068115234,59.77000045776367,53.431758880615234
2010-10-28,6303000,58.88999938964844,59.810001373291016,60.060001373291016,58.709999084472656,52.50992202758789
2010-10-27,8498000,59.060001373291016,58.400001525878906,59.060001373291016,57.52000045776367,51.27200698852539
2010-10-26,5398700,58.970001220703125,59.459999084472656,60.06999969482422,58.5099983215332,52.202632904052734
2010-10-25,6353400,60.47999954223633,59.369998931884766,60.869998931884766,59.06999969482422,52.12361526489258
2010-10-22,5845300,59.36000061035156,59.369998931884766,59.5,58.75,52.12361526489258
2010-10-21,8737700,60.380001068115234,59.220001220703125,60.97999954223633,58.40999984741211,51.99193572998047
2010-10-20,5107800,60.040000915527344,60.47999954223633,61.529998779296875,59.90999984741211,53.098140716552734
2010-10-19,9397000,60.5,59.93000030517578,60.959999084472656,59.63999938964844,52.61528396606445
2010-10-18,5375300,61.66999816894531,62.4900016784668,62.81999969482422,61.20000076293945,54.86280822753906
2010-10-15,7883200,62.08000183105469,61.880001068115234,62.189998626708984,61.099998474121094,54.32726287841797
2010-10-14,7102000,63.209999084472656,62.540000915527344,63.29999923706055,62.119998931884766,54.90671920776367
2010-10-13,10258700,62.63999938964844,63.18000030517578,63.619998931884766,62.540000915527344,55.46859359741211
2010-10-12,5984600,61.939998626708984,62.0,62.130001068115234,61.11000061035156,54.4326171875
2010-10-11,6223000,62.43000030517578,62.540000915527344,63.0,61.349998474121094,54.90671920776367
2010-10-08,6188000,63.15999984741211,62.88999938964844,63.31999969482422,62.619998931884766,55.21399688720703
2010-10-07,10353700,65.16999816894531,63.029998779296875,65.16999816894531,62.13999938964844,55.33689498901367
2010-10-06,5567300,63.939998626708984,64.72000122070312,64.95999908447266,63.459999084472656,56.82063674926758
2010-10-05,9484800,64.12000274658203,63.66999816894531,64.9800033569336,63.56999969482422,55.89877700805664
2010-10-04,4473800,63.439998626708984,62.7400016784668,63.4900016784668,62.0,55.08229446411133
2010-10-01,4762800,63.72999954223633,63.68000030517578,64.23999786376953,63.34000015258789,55.907562255859375
2010-09-30,7981500,63.900001525878906,62.810001373291016,64.05000305175781,61.810001373291016,55.14376449584961
2010-09-29,6368900,64.37999725341797,63.900001525878906,64.45999908447266,63.5,56.10071563720703
2010-09-28,8573200,61.810001373291016,64.2300033569336,64.44999694824219,61.29999923706055,56.39043426513672
2010-09-27,4877300,63.81999969482422,62.650001525878906,63.880001068115234,62.470001220703125,55.003273010253906
2010-09-24,5446900,64.5199966430664,63.400001525878906,64.87000274658203,63.15999984741211,55.661746978759766
2010-09-23,5909000,64.9800033569336,63.849998474121094,65.25,63.779998779296875,56.056819915771484
2010-09-22,7509700,64.5,64.94000244140625,65.5,64.3499984741211,57.01377868652344
2010-09-21,9340600,63.099998474121094,64.12999725341797,64.4000015258789,61.959999084472656,56.30263900756836
2010-09-20,4615700,63.09000015258789,63.27000045776367,63.5,62.709999084472656,55.54761505126953
2010-09-17,6148800,63.54999923706055,63.0099983215332,63.630001068115234,62.709999084472656,55.31932067871094
2010-09-16,6283900,63.619998931884766,63.18000030517578,63.849998474121094,62.54999923706055,55.46859359741211
2010-09-15,6725900,62.900001525878906,62.900001525878906,63.29999923706055,62.18000030517578,55.2227783203125
2010-09-14,12097700,61.38999938964844,62.849998474121094,64.02999877929688,61.38999938964844,55.17887878417969
2010-09-13,4157700,60.689998626708984,60.41999816894531,61.099998474121094,60.099998474121094,53.04547119140625
2010-09-10,3276500,59.97999954223633,60.68000030517578,61.130001068115234,59.97999954223633,53.27373123168945
2010-09-09,4849600,61.720001220703125,60.220001220703125,61.86000061035156,59.86000061035156,52.86988067626953
2010-09-08,4655400,62.0099983215332,61.56999969482422,62.70000076293945,61.4900016784668,54.055091857910156
2010-09-07,5205000,61.45000076293945,62.06999969482422,62.54999923706055,61.369998931884766,54.49406814575195
2010-09-03,4527800,60.15999984741211,60.869998931884766,61.0,59.9900016784668,53.44053649902344
2010-09-02,5216400,61.09000015258789,61.529998779296875,61.54999923706055,60.18000030517578,53.8882942199707
2010-09-01,8179100,61.81999969482422,60.31999969482422,61.91999816894531,60.130001068115234,52.82856369018555
2010-08-31,7704400,60.400001525878906,61.31999969482422,61.91999816894531,60.369998931884766,53.704376220703125
2010-08-30,3880600,59.599998474121094,59.91999816894531,60.540000915527344,59.400001525878906,52.47824478149414
2010-08-27,6290300,59.83000183105469,59.95000076293945,60.0,58.36000061035156,52.504520416259766
2010-08-26,5587700,58.91999816894531,59.439998626708984,59.650001525878906,58.7400016784668,52.05785369873047
2010-08-25,7057900,57.599998474121094,58.7400016784668,58.97999954223633,57.060001373291016,51.444793701171875
2010-08-24,7954200,56.540000915527344,57.119998931884766,58.380001068115234,55.810001373291016,50.02598190307617
2010-08-23,3697500,57.900001525878906,57.58000183105469,58.04999923706055,57.060001373291016,50.42885971069336
2010-08-20,4290800,57.95000076293945,58.02000045776367,58.2400016784668,57.220001220703125,50.81421661376953
2010-08-19,5396600,59.790000915527344,58.439998626708984,60.22999954223633,58.150001525878906,51.18206024169922
2010-08-18,6197200,57.84000015258789,59.4900016784668,59.86000061035156,57.68000030517578,52.101654052734375
2010-08-17,4984000,58.099998474121094,58.380001068115234,58.599998474121094,57.29999923706055,51.12950134277344
2010-08-16,3540900,57.36000061035156,57.709999084472656,57.83000183105469,57.02000045776367,50.542720794677734
2010-08-13,4437500,57.65999984741211,56.720001220703125,57.900001525878906,56.560001373291016,49.675662994384766
2010-08-12,6823500,56.83000183105469,57.75,58.15999984741211,56.7599983215332,50.5777473449707
2010-08-11,5593200,57.36000061035156,56.040000915527344,57.720001220703125,55.95000076293945,49.08012008666992
2010-08-10,5021000,56.619998931884766,57.400001525878906,57.83000183105469,56.150001525878906,50.271217346191406
2010-08-09,3673600,56.97999954223633,57.2400016784668,57.38999938964844,56.220001220703125,50.13108444213867
2010-08-06,5925000,57.310001373291016,57.040000915527344,58.0,56.939998626708984,49.95594024658203
2010-08-05,5252300,56.29999923706055,56.709999084472656,56.7400016784668,55.79999923706055,49.66691207885742
2010-08-04,7184700,56.310001373291016,56.25,56.47999954223633,55.91999816894531,49.26404571533203
2010-08-03,5999300,55.72999954223633,55.470001220703125,56.16999816894531,55.36000061035156,48.580909729003906
2010-08-02,6434700,56.86000061035156,55.599998474121094,56.880001068115234,54.97999954223633,48.694759368896484
2010-07-30,5176800,55.790000915527344,55.900001525878906,56.25,55.22999954223633,48.95750045776367
2010-07-29,6113700,55.68000030517578,55.720001220703125,56.06999969482422,55.209999084472656,48.79986572265625
2010-07-28,10937200,54.619998931884766,55.400001525878906,55.79999923706055,54.29999923706055,48.51961135864258
2010-07-27,14340800,57.27000045776367,55.779998779296875,57.36000061035156,54.77000045776367,48.8524055480957
2010-07-26,6309600,59.40999984741211,58.099998474121094,59.5,57.619998931884766,50.884273529052734
2010-07-23,5926900,59.0,59.04999923706055,59.59000015258789,58.75,51.71629333496094
2010-07-22,6279300,58.20000076293945,59.0099983215332,59.52000045776367,58.189998626708984,51.68125915527344
2010-07-21,6348900,59.290000915527344,58.16999816894531,59.619998931884766,57.81999969482422,50.94557571411133
2010-07-20,7606000,57.150001525878906,58.9900016784668,59.2599983215332,57.130001068115234,51.66373825073242
2010-07-19,10812100,58.58000183105469,58.02000045776367,58.599998474121094,56.27000045776367,50.81421661376953
2010-07-16,7822000,59.72999954223633,58.900001525878906,59.95000076293945,58.7599983215332,51.58493423461914
2010-07-15,7640700,61.810001373291016,60.70000076293945,62.20000076293945,60.11000061035156,53.161376953125
2010-07-14,5525100,61.61000061035156,61.720001220703125,62.65999984741211,61.20000076293945,54.0546989440918
2010-07-13,6789200,62.72999954223633,61.68000030517578,62.9900016784668,61.599998474121094,54.01966857910156
2010-07-12,6303100,62.18000030517578,61.58000183105469,62.5,60.959999084472656,53.93208694458008
2010-07-09,8343600,61.529998779296875,61.93000030517578,63.380001068115234,61.38999938964844,54.238609313964844
2010-07-08,8286700,60.20000076293945,60.34000015258789,60.47999954223633,58.470001220703125,52.84608840942383
2010-07-07,8445400,58.619998931884766,59.9900016784668,59.9900016784668,57.88999938964844,52.539554595947266
2010-07-06,9416700,59.04999923706055,58.619998931884766,59.650001525878906,57.900001525878906,51.33968734741211
2010-07-02,6293400,59.31999969482422,58.7599983215332,59.7599983215332,58.63999938964844,51.462318420410156
2010-07-01,14453400,61.04999923706055,58.9900016784668,61.650001525878906,58.029998779296875,51.66373825073242
2010-06-30,11125700,61.189998626708984,61.7400016784668,62.369998931884766,60.77000045776367,54.07221603393555
2010-06-29,11602100,60.84000015258789,61.150001525878906,62.0099983215332,60.279998779296875,53.55549240112305
2010-06-28,12335600,61.70000076293945,61.459999084472656,62.619998931884766,60.61000061035156,53.82698059082031
2010-06-25,12202500,59.54999923706055,61.66999816894531,62.11000061035156,59.290000915527344,54.010887145996094
2010-06-24,9650100,58.84000015258789,58.95000076293945,60.20000076293945,58.83000183105469,51.62871551513672
2010-06-23,8806700,59.0099983215332,59.08000183105469,59.43000030517578,58.43000030517578,51.74256896972656
2010-06-22,6333600,59.599998474121094,59.52000045776367,60.38999938964844,59.40999984741211,52.1279182434082
2010-06-21,9978500,61.20000076293945,59.47999954223633,61.5,58.849998474121094,52.092891693115234
2010-06-18,11941200,60.7400016784668,61.25,61.779998779296875,60.029998779296875,53.643062591552734
2010-06-17,10187900,59.380001068115234,59.68000030517578,59.97999954223633,59.09000015258789,52.26804733276367
2010-06-16,11104600,55.9900016784668,58.33000183105469,58.54999923706055,55.959999084472656,51.085716247558594
2010-06-15,7307200,55.349998474121094,56.33000183105469,56.540000915527344,55.130001068115234,49.334110260009766
2010-06-14,7452200,55.43000030517578,54.939998626708984,56.0099983215332,54.77000045776367,48.11673355102539
2010-06-11,4793800,56.369998931884766,56.25,56.65999984741211,55.7400016784668,49.26404571533203
2010-06-10,7368200,55.95000076293945,56.11000061035156,56.56999969482422,55.41999816894531,49.05384063720703
2010-06-09,9132800,55.779998779296875,55.70000076293945,56.47999954223633,55.18000030517578,48.695411682128906
2010-06-08,11666200,55.689998626708984,56.45000076293945,57.61000061035156,55.56999969482422,49.3510856628418
2010-06-07,8728200,53.70000076293945,55.15999984741211,56.060001373291016,53.29999923706055,48.22332000732422
2010-06-04,8098500,53.779998779296875,53.720001220703125,55.040000915527344,53.43000030517578,46.96440505981445
2010-06-03,6484700,55.68000030517578,54.31999969482422,55.779998779296875,53.84000015258789,47.48894119262695
2010-06-02,7098200,54.83000183105469,55.709999084472656,55.7400016784668,54.29999923706055,48.70414733886719
2010-06-01,11191100,54.4900016784668,54.63999938964844,55.880001068115234,54.459999084472656,47.768707275390625
2010-05-28,6981000,53.97999954223633,53.81999969482422,54.779998779296875,53.63999938964844,47.05181884765625
2010-05-27,7712200,53.59000015258789,54.93000030517578,55.18000030517578,53.34000015258789,48.02222442626953
2010-05-26,8086000,54.099998474121094,53.15999984741211,54.790000915527344,53.150001525878906,46.47482681274414
2010-05-25,12299900,51.52000045776367,53.540000915527344,53.650001525878906,51.400001525878906,46.807037353515625
2010-05-24,7565600,53.130001068115234,52.34000015258789,53.79999923706055,52.34000015258789,45.7579460144043
2010-05-21,10800100,50.869998931884766,52.34000015258789,52.650001525878906,50.86000061035156,45.7579460144043
2010-05-20,16627100,53.47999954223633,52.06999969482422,54.5,52.06999969482422,45.52190399169922
2010-05-19,13683400,55.349998474121094,54.5099983215332,55.959999084472656,53.59000015258789,47.65504455566406
2010-05-18,11699200,56.63999938964844,56.060001373291016,57.13999938964844,55.529998779296875,49.0101203918457
2010-05-17,9074100,57.68000030517578,57.040000915527344,58.09000015258789,56.119998931884766,49.866905212402344
2010-05-14,13355900,58.38999938964844,57.68000030517578,58.529998779296875,56.5,50.4264030456543
2010-05-13,10198700,58.68000030517578,57.130001068115234,58.810001373291016,56.939998626708984,49.94557571411133
2010-05-12,13758200,58.849998474121094,58.709999084472656,59.58000183105469,58.2599983215332,51.326881408691406
2010-05-11,17782700,56.65999984741211,58.20000076293945,59.060001373291016,56.369998931884766,50.88100814819336
2010-05-10,10687000,53.439998626708984,55.4900016784668,55.70000076293945,53.290000915527344,48.511817932128906
2010-05-07,16292200,54.290000915527344,53.38999938964844,55.189998626708984,53.0,46.6759033203125
2010-05-06,16843100,53.77000045776367,54.63999938964844,55.689998626708984,52.279998779296875,47.768707275390625
2010-05-05,10603200,53.279998779296875,53.52000045776367,54.400001525878906,52.720001220703125,46.789554595947266
2010-05-04,8713700,54.81999969482422,54.279998779296875,55.349998474121094,53.279998779296875,47.45397186279297
2010-05-03,7583800,56.130001068115234,54.93000030517578,56.2599983215332,53.91999816894531,48.02222442626953
2010-04-30,7932800,56.560001373291016,56.08000183105469,57.04999923706055,55.88999938964844,49.027626037597656
2010-04-29,9360800,55.099998474121094,55.79999923706055,56.52000045776367,54.83000183105469,48.782833099365234
2010-04-28,11713700,53.47999954223633,54.77000045776367,55.540000915527344,53.29999923706055,47.88235855102539
2010-04-27,10748600,53.220001220703125,53.2599983215332,53.88999938964844,52.130001068115234,46.562252044677734
2010-04-26,4315200,52.959999084472656,53.189998626708984,53.56999969482422,52.86000061035156,46.50105285644531
2010-04-23,4940400,52.13999938964844,53.099998474121094,53.20000076293945,51.619998931884766,46.422359466552734
2010-04-22,5450100,51.279998779296875,52.439998626708984,52.619998931884766,51.0099983215332,45.845367431640625
2010-04-21,5226700,51.7599983215332,51.90999984741211,52.369998931884766,51.220001220703125,45.382015228271484
2010-04-20,5645700,52.470001220703125,51.529998779296875,52.75,51.349998474121094,45.04981231689453
2010-04-19,6581400,51.75,52.220001220703125,52.279998779296875,51.400001525878906,45.653038024902344
2010-04-16,10958600,52.40999984741211,52.150001525878906,52.689998626708984,51.189998626708984,45.59183120727539
2010-04-15,4097100,53.15999984741211,53.029998779296875,53.61000061035156,52.81999969482422,46.361167907714844
2010-04-14,4762700,53.88999938964844,53.54999923706055,54.119998931884766,53.22999954223633,46.8157844543457
2010-04-13,5534900,53.40999984741211,53.779998779296875,53.86000061035156,52.36000061035156,47.0168571472168
2010-04-12,5685200,54.18000030517578,53.54999923706055,54.349998474121094,53.34000015258789,46.8157844543457
2010-04-09,7144700,54.2400016784668,54.209999084472656,54.47999954223633,53.54999923706055,47.392784118652344
2010-04-08,6428700,53.75,53.900001525878906,54.29999923706055,53.25,47.12176513671875
2010-04-07,9056700,53.77000045776367,54.09000015258789,54.81999969482422,53.470001220703125,47.28788375854492
2010-04-06,6919200,53.619998931884766,53.27000045776367,54.06999969482422,53.099998474121094,46.57099914550781
2010-04-05,5516600,53.369998931884766,53.810001373291016,53.97999954223633,52.86000061035156,47.0430793762207
2010-04-01,7787200,51.5,52.90999984741211,53.15999984741211,51.189998626708984,46.256263732910156
2010-03-31,5625600,51.63999938964844,50.93000030517578,51.84000015258789,50.81999969482422,44.52525329589844
2010-03-30,6862500,50.4900016784668,50.7400016784668,50.95000076293945,50.290000915527344,44.35915756225586
2010-03-29,6441200,49.689998626708984,50.369998931884766,50.470001220703125,49.45000076293945,44.035682678222656
2010-03-26,6884300,48.66999816894531,49.380001068115234,49.59000015258789,48.20000076293945,43.17018127441406
2010-03-25,9640200,50.040000915527344,48.349998474121094,50.279998779296875,48.279998779296875,42.26971435546875
2010-03-24,8770300,50.5099983215332,49.720001220703125,50.720001220703125,49.630001068115234,43.46742248535156
2010-03-23,6236300,51.18000030517578,51.45000076293945,52.060001373291016,50.599998474121094,44.97987365722656
2010-03-22,6020300,50.06999969482422,51.400001525878906,51.439998626708984,49.869998931884766,44.9361572265625
2010-03-19,7829700,50.7599983215332,50.7599983215332,51.779998779296875,50.439998626708984,44.37663269042969
2010-03-18,6426500,51.41999816894531,51.27000045776367,52.189998626708984,50.939998626708984,44.82250213623047
2010-03-17,6066100,51.18000030517578,51.22999954223633,51.83000183105469,51.029998779296875,44.787532806396484
2010-03-16,8537300,50.70000076293945,51.34000015258789,51.5,50.40999984741211,44.88369369506836
2010-03-15,6028800,50.04999923706055,49.72999954223633,50.2400016784668,49.34000015258789,43.47616195678711
2010-03-12,5657200,50.560001373291016,50.040000915527344,50.689998626708984,49.529998779296875,43.747196197509766
2010-03-11,6454000,49.900001525878906,50.41999816894531,50.5099983215332,49.40999984741211,44.07938766479492
2010-03-10,9014400,51.119998931884766,50.27000045776367,51.59000015258789,49.939998626708984,43.94824981689453
2010-03-09,6957900,50.52000045776367,51.16999816894531,51.720001220703125,50.52000045776367,44.64764404296875
2010-03-08,5581200,51.65999984741211,51.060001373291016,52.0,50.88999938964844,44.55168151855469
2010-03-05,7407700,51.150001525878906,51.54999923706055,51.77000045776367,50.86000061035156,44.979217529296875
2010-03-04,10462900,51.61000061035156,50.86000061035156,51.84000015258789,50.310001373291016,44.377166748046875
2010-03-03,7710600,52.029998779296875,51.939998626708984,52.56999969482422,51.709999084472656,45.31950759887695
2010-03-02,11242500,50.560001373291016,51.70000076293945,52.400001525878906,50.52000045776367,45.110103607177734
2010-03-01,8046300,49.459999084472656,50.279998779296875,50.43000030517578,48.849998474121094,43.8711051940918
2010-02-26,7766600,49.189998626708984,49.279998779296875,49.5,48.29999923706055,42.998565673828125
2010-02-25,16562300,46.790000915527344,49.02000045776367,49.59000015258789,45.58000183105469,42.771705627441406
2010-02-24,8617800,46.34000015258789,46.47999954223633,47.0099983215332,46.06999969482422,40.555458068847656
2010-02-23,8061600,47.560001373291016,46.58000183105469,47.959999084472656,46.09000015258789,40.64271545410156
2010-02-22,6265300,48.56999969482422,47.72999954223633,48.689998626708984,47.459999084472656,41.646141052246094
2010-02-19,8567900,47.7599983215332,48.540000915527344,49.0,47.470001220703125,42.35289001464844
2010-02-18,10410600,47.29999923706055,48.40999984741211,48.95000076293945,47.29999923706055,42.239463806152344
2010-02-17,12083800,47.31999969482422,47.2400016784668,47.86000061035156,46.91999816894531,41.21858215332031
2010-02-16,11204300,47.7400016784668,47.41999816894531,47.970001220703125,46.88999938964844,41.37563705444336
2010-02-12,8136000,45.970001220703125,46.529998779296875,46.68000030517578,45.4900016784668,40.59908676147461
2010-02-11,11208700,45.540000915527344,46.7599983215332,46.93000030517578,45.189998626708984,40.799781799316406
2010-02-10,8631200,45.31999969482422,45.33000183105469,45.83000183105469,44.33000183105469,39.55205154418945
2010-02-09,12685300,45.16999816894531,45.81999969482422,46.06999969482422,44.849998474121094,39.97959518432617
2010-02-08,10289000,45.81999969482422,44.40999984741211,45.970001220703125,44.380001068115234,38.74931716918945
2010-02-05,17170600,43.38999938964844,46.22999954223633,46.290000915527344,43.11000061035156,40.33732604980469
2010-02-04,12661700,44.810001373291016,43.540000915527344,45.040000915527344,43.38999938964844,37.990203857421875
2010-02-03,10948900,45.2599983215332,45.869998931884766,46.279998779296875,45.25,40.02320861816406
2010-02-02,8713400,45.900001525878906,45.27000045776367,46.04999923706055,45.0,39.49970626831055
2010-02-01,11549200,43.47999954223633,45.540000915527344,45.540000915527344,43.400001525878906,39.735286712646484
2010-01-29,8932100,43.869998931884766,42.86000061035156,44.439998626708984,42.79999923706055,37.396881103515625
2010-01-28,10195200,44.689998626708984,43.9900016784668,44.869998931884766,43.0099983215332,38.382850646972656
2010-01-27,8942000,44.25,44.189998626708984,44.54999923706055,43.40999984741211,38.557350158691406
2010-01-26,8376100,43.709999084472656,44.2400016784668,45.040000915527344,43.619998931884766,38.60097885131836
2010-01-25,8405600,45.060001373291016,44.130001068115234,45.060001373291016,44.02000045776367,38.505001068115234
2010-01-22,13058700,44.060001373291016,44.43000030517578,45.689998626708984,43.86000061035156,38.76676940917969
2010-01-21,15469500,46.040000915527344,44.439998626708984,46.20000076293945,44.349998474121094,38.775489807128906
2010-01-20,12139900,47.13999938964844,46.40999984741211,47.33000183105469,45.220001220703125,40.494388580322266
2010-01-19,6408300,47.540000915527344,48.439998626708984,48.4900016784668,47.47999954223633,42.26563262939453
2010-01-15,9045000,47.939998626708984,47.61000061035156,48.06999969482422,47.13999938964844,41.541419982910156
2010-01-14,5055000,48.79999923706055,48.41999816894531,48.939998626708984,47.86000061035156,42.24817657470703
2010-01-13,5554900,48.790000915527344,48.75,48.9900016784668,47.720001220703125,42.536128997802734
2010-01-12,8458000,49.650001525878906,48.52000045776367,49.81999969482422,47.93000030517578,42.335426330566406
2010-01-11,6421400,50.9900016784668,50.18000030517578,51.25,49.91999816894531,43.783851623535156
2010-01-08,5953700,49.5099983215332,49.619998931884766,49.790000915527344,48.560001373291016,43.29521560668945
2010-01-07,7620300,49.5099983215332,49.290000915527344,49.5099983215332,48.689998626708984,43.00729751586914
2010-01-06,8018700,49.16999816894531,49.61000061035156,50.09000015258789,49.119998931884766,43.28650665283203
2010-01-05,7190500,48.47999954223633,48.58000183105469,49.130001068115234,47.77000045776367,42.38779830932617
2010-01-04,5625400,48.900001525878906,48.45000076293945,49.18000030517578,48.189998626708984,42.27436065673828
2009-12-31,3026500,47.91999816894531,47.310001373291016,48.189998626708984,47.2599983215332,41.27967071533203
2009-12-30,3405100,47.369998931884766,47.59000015258789,47.83000183105469,47.060001373291016,41.52397918701172
2009-12-29,4149000,47.939998626708984,47.7599983215332,48.15999984741211,47.31999969482422,41.67229461669922
2009-12-28,4610300,48.220001220703125,47.810001373291016,48.43000030517578,47.02000045776367,41.715938568115234
2009-12-24,2099400,48.40999984741211,47.97999954223633,48.709999084472656,47.869998931884766,41.86428451538086
2009-12-23,6834000,47.099998474121094,48.040000915527344,48.5,46.83000183105469,41.91661071777344
2009-12-22,9596600,47.0,46.75,47.45000076293945,46.34000015258789,40.79104995727539
2009-12-21,10587700,48.65999984741211,46.97999954223633,48.65999984741211,46.599998474121094,40.99172592163086
2009-12-18,14602700,47.77000045776367,48.2599983215332,48.65999984741211,47.529998779296875,42.10857391357422
2009-12-17,15988600,49.84000015258789,47.630001068115234,50.16999816894531,47.5,41.558868408203125
2009-12-16,5985400,50.95000076293945,50.709999084472656,51.619998931884766,50.369998931884766,44.24627685546875
2009-12-15,5902200,51.130001068115234,50.59000015258789,51.97999954223633,50.38999938964844,44.14159393310547
2009-12-14,5767400,51.54999923706055,51.56999969482422,52.119998931884766,51.25,44.996673583984375
2009-12-11,7973100,51.599998474121094,51.18000030517578,52.22999954223633,50.790000915527344,44.656375885009766
2009-12-10,7389400,51.900001525878906,51.689998626708984,52.380001068115234,51.16999816894531,45.10137939453125
2009-12-09,9282600,50.630001068115234,51.7400016784668,51.81999969482422,50.560001373291016,45.14500427246094
2009-12-08,8272400,51.04999923706055,50.33000183105469,51.400001525878906,50.040000915527344,43.91473388671875
2009-12-07,9528600,51.0,51.83000183105469,52.900001525878906,50.61000061035156,45.22352600097656
2009-12-04,16680500,53.18000030517578,52.04999923706055,53.2599983215332,50.650001525878906,45.41548538208008
2009-12-03,8852000,55.20000076293945,54.58000183105469,55.81999969482422,54.27000045776367,47.535743713378906
2009-12-02,10496000,56.02000045776367,55.83000183105469,56.40999984741211,55.34000015258789,48.624412536621094
2009-12-01,10244200,54.900001525878906,55.65999984741211,56.45000076293945,54.84000015258789,48.47635269165039
2009-11-30,6409400,53.0,53.63999938964844,54.060001373291016,52.79999923706055,46.717071533203125
2009-11-27,5970100,52.349998474121094,53.349998474121094,54.150001525878906,52.18000030517578,46.464500427246094
2009-11-25,8111200,53.939998626708984,54.900001525878906,54.939998626708984,53.7400016784668,47.814453125
2009-11-24,7877600,53.540000915527344,53.349998474121094,53.560001373291016,52.65999984741211,46.464500427246094
2009-11-23,9617900,53.81999969482422,53.34000015258789,54.869998931884766,53.16999816894531,46.455787658691406
2009-11-20,6994100,52.0099983215332,52.2599983215332,52.599998474121094,51.54999923706055,45.51517868041992
2009-11-19,7612700,52.0099983215332,52.65999984741211,52.790000915527344,51.09000015258789,45.863548278808594
2009-11-18,9697000,53.29999923706055,52.70000076293945,53.810001373291016,52.2599983215332,45.89838409423828
2009-11-17,6679200,51.689998626708984,52.81999969482422,52.81999969482422,51.43000030517578,46.002899169921875
2009-11-16,8988200,51.9900016784668,52.38999938964844,53.0,51.63999938964844,45.62841033935547
2009-11-13,8744600,49.7599983215332,50.9900016784668,51.58000183105469,49.70000076293945,44.40909194946289
2009-11-12,9969500,50.810001373291016,49.63999938964844,51.150001525878906,49.41999816894531,43.23331832885742
2009-11-11,10316200,51.61000061035156,51.2400016784668,51.970001220703125,51.0,44.62681198120117
2009-11-10,8253900,50.349998474121094,50.459999084472656,50.9900016784668,49.560001373291016,43.94748306274414
2009-11-09,11733700,50.06999969482422,50.560001373291016,51.29999923706055,50.0099983215332,44.03458786010742
2009-11-06,11746700,47.40999984741211,49.040000915527344,49.560001373291016,47.349998474121094,42.71076965332031
2009-11-05,7235100,47.4900016784668,47.25,47.70000076293945,46.790000915527344,41.15177536010742
2009-11-04,14633600,46.66999816894531,47.369998931884766,48.04999923706055,46.650001525878906,41.25628662109375
2009-11-03,14008700,43.119998931884766,46.47999954223633,46.619998931884766,43.09000015258789,40.48115921020508
2009-11-02,11030400,44.150001525878906,43.56999969482422,44.88999938964844,42.5099983215332,37.94673156738281
2009-10-30,11243900,42.61000061035156,43.459999084472656,43.900001525878906,42.029998779296875,37.850929260253906
2009-10-29,13358000,42.97999954223633,43.0,43.599998474121094,41.90999984741211,37.450294494628906
2009-10-28,9629900,43.119998931884766,41.5,43.59000015258789,41.45000076293945,36.143890380859375
2009-10-27,7466100,43.33000183105469,43.279998779296875,43.779998779296875,42.75,37.694156646728516
2009-10-26,9238300,44.810001373291016,43.34000015258789,45.52000045776367,42.970001220703125,37.74641036987305
2009-10-23,5786500,46.220001220703125,44.90999984741211,46.40999984741211,44.77000045776367,39.11378860473633
2009-10-22,6195700,45.47999954223633,45.52000045776367,45.7400016784668,44.650001525878906,39.64504623413086
2009-10-21,7407800,45.41999816894531,45.56999969482422,46.90999984741211,45.310001373291016,39.6886100769043
2009-10-20,6763600,47.04999923706055,45.9900016784668,47.04999923706055,45.13999938964844,40.05439376831055
2009-10-19,8133000,46.66999816894531,46.970001220703125,47.060001373291016,45.959999084472656,40.907920837402344
2009-10-16,7113500,46.560001373291016,46.63999938964844,47.29999923706055,46.220001220703125,40.62050247192383
2009-10-15,7091400,46.52000045776367,46.560001373291016,47.130001068115234,46.2400016784668,40.55082702636719
2009-10-14,7121200,47.91999816894531,47.349998474121094,48.0,47.20000076293945,41.23887252807617
2009-10-13,9646200,46.880001068115234,47.68000030517578,48.20000076293945,46.689998626708984,41.52628707885742
2009-10-12,5223700,47.02000045776367,46.47999954223633,47.400001525878906,46.040000915527344,40.48115921020508
2009-10-09,6658500,46.459999084472656,46.5,47.189998626708984,45.900001525878906,40.49858474731445
2009-10-08,11192900,47.029998779296875,47.0099983215332,47.70000076293945,46.099998474121094,40.942745208740234
2009-10-07,8182400,46.7400016784668,46.58000183105469,46.900001525878906,45.630001068115234,40.56825256347656
2009-10-06,13969600,44.779998779296875,46.209999084472656,46.66999816894531,44.65999984741211,40.24600601196289
2009-10-05,7172200,42.540000915527344,43.20000076293945,43.59000015258789,42.15999984741211,37.624488830566406
2009-10-02,8343600,42.220001220703125,42.119998931884766,43.349998474121094,41.95000076293945,36.683876037597656
2009-10-01,8613200,44.18000030517578,42.400001525878906,44.18000030517578,42.310001373291016,36.927734375
2009-09-30,9607700,44.22999954223633,44.02000045776367,44.63999938964844,43.20000076293945,38.338661193847656
2009-09-29,9394000,42.779998779296875,43.72999954223633,44.459999084472656,42.63999938964844,38.08607864379883
2009-09-28,6381200,42.91999816894531,42.66999816894531,43.810001373291016,42.59000015258789,37.16287612915039
2009-09-25,8591400,42.779998779296875,42.83000183105469,43.45000076293945,42.34000015258789,37.302242279052734
2009-09-24,10454700,44.279998779296875,43.279998779296875,44.45000076293945,42.75,37.694156646728516
2009-09-23,8935200,45.029998779296875,43.59000015258789,45.540000915527344,43.47999954223633,37.96415710449219
2009-09-22,9490200,45.630001068115234,45.220001220703125,46.38999938964844,45.11000061035156,39.38378143310547
2009-09-21,8654400,43.77000045776367,44.40999984741211,44.689998626708984,43.16999816894531,38.67831802368164
2009-09-18,9982000,46.11000061035156,44.959999084472656,46.16999816894531,44.81999969482422,39.15734100341797
2009-09-17,9543400,46.84000015258789,45.83000183105469,47.529998779296875,45.13999938964844,39.91505432128906
2009-09-16,8310900,47.849998474121094,47.119998931884766,47.97999954223633,46.90999984741211,41.03855514526367
2009-09-15,8873900,45.529998779296875,46.72999954223633,47.25,45.529998779296875,40.69888687133789
2009-09-14,6943800,45.689998626708984,45.7599983215332,46.66999816894531,45.27000045776367,39.85408020019531
2009-09-11,9405700,47.29999923706055,46.529998779296875,47.400001525878906,46.25,40.524696350097656
2009-09-10,8219000,44.790000915527344,46.119998931884766,46.58000183105469,44.65999984741211,40.16762161254883
2009-09-09,11607900,45.97999954223633,44.880001068115234,46.369998931884766,44.369998931884766,39.0876579284668
2009-09-08,13139300,47.790000915527344,45.70000076293945,48.0,45.4900016784668,39.801815032958984
2009-09-04,7955800,45.220001220703125,46.22999954223633,46.93000030517578,44.7599983215332,40.263427734375
2009-09-03,14893600,44.369998931884766,45.77000045776367,46.25,43.70000076293945,39.862789154052734
2009-09-02,13715600,40.70000076293945,43.900001525878906,44.09000015258789,40.70000076293945,38.14704513549805
2009-09-01,10278000,40.13999938964844,40.18000030517578,40.900001525878906,39.70000076293945,34.91454315185547
2009-08-31,7517800,40.630001068115234,40.189998626708984,40.63999938964844,39.70000076293945,34.92323303222656
2009-08-28,6983400,41.09000015258789,41.41999816894531,41.439998626708984,40.52000045776367,35.99205017089844
2009-08-27,4781500,39.83000183105469,40.56999969482422,40.72999954223633,39.060001373291016,35.25342559814453
2009-08-26,4136200,40.27000045776367,39.880001068115234,40.27000045776367,39.5099983215332,34.65385437011719
2009-08-25,4716800,40.619998931884766,40.29999923706055,41.13999938964844,40.119998931884766,35.018821716308594
2009-08-24,6511200,40.880001068115234,39.939998626708984,41.4900016784668,39.880001068115234,34.705997467041016
2009-08-21,5964800,41.130001068115234,40.84000015258789,41.150001525878906,40.43000030517578,35.488059997558594
2009-08-20,3969600,39.59000015258789,40.040000915527344,40.27000045776367,39.5,34.792877197265625
2009-08-19,5781400,38.86000061035156,39.68000030517578,40.02000045776367,38.529998779296875,34.480072021484375
2009-08-18,4522000,38.970001220703125,39.22999954223633,39.47999954223633,38.790000915527344,34.08903503417969
2009-08-17,6909900,39.2599983215332,38.77000045776367,39.43000030517578,38.70000076293945,33.68930435180664
2009-08-14,5329800,41.72999954223633,40.630001068115234,41.779998779296875,40.34000015258789,35.305564880371094
2009-08-13,4910900,41.130001068115234,41.470001220703125,42.0,40.84000015258789,36.035484313964844
2009-08-12,4271800,39.9900016784668,40.470001220703125,40.880001068115234,39.95000076293945,35.166542053222656
2009-08-11,4162000,40.58000183105469,40.20000076293945,40.790000915527344,39.88999938964844,34.931915283203125
2009-08-10,4208000,41.08000183105469,40.7400016784668,41.2400016784668,40.560001373291016,35.40115737915039
2009-08-07,5359000,42.34000015258789,41.540000915527344,42.5,41.45000076293945,36.096309661865234
2009-08-06,5788500,42.150001525878906,42.31999969482422,42.36000061035156,41.279998779296875,36.77409744262695
2009-08-05,5303900,42.13999938964844,41.90999984741211,42.290000915527344,40.970001220703125,36.41781234741211
2009-08-04,5648000,41.810001373291016,42.04999923706055,42.83000183105469,41.529998779296875,36.539493560791016
2009-08-03,6621300,42.0,41.84000015258789,42.75,41.5,36.35701370239258
2009-07-31,6329600,39.65999984741211,41.349998474121094,41.790000915527344,39.459999084472656,35.93120574951172
2009-07-30,5745000,40.27000045776367,39.810001373291016,40.54999923706055,39.70000076293945,34.59303283691406
2009-07-29,6263800,39.84000015258789,39.369998931884766,39.97999954223633,38.709999084472656,34.210689544677734
2009-07-28,5731100,40.9900016784668,40.34000015258789,41.04999923706055,39.5,35.053565979003906
2009-07-27,3546700,42.0,41.58000183105469,42.220001220703125,41.380001068115234,36.13106918334961
2009-07-24,3296800,41.689998626708984,41.7599983215332,42.20000076293945,41.369998931884766,36.28748321533203
2009-07-23,6389800,41.290000915527344,41.7599983215332,42.54999923706055,41.15999984741211,36.28748321533203
2009-07-22,6072500,41.880001068115234,41.97999954223633,42.720001220703125,41.34000015258789,36.478660583496094
2009-07-21,5762300,42.400001525878906,42.25,42.709999084472656,41.11000061035156,36.713260650634766
2009-07-20,4628900,42.43000030517578,42.13999938964844,42.61000061035156,41.47999954223633,36.61769104003906
2009-07-17,4570300,40.91999816894531,41.13999938964844,41.34000015258789,40.52000045776367,35.74874496459961
2009-07-16,4387000,40.16999816894531,40.86000061035156,41.029998779296875,39.72999954223633,35.50543212890625
2009-07-15,6239900,39.97999954223633,40.45000076293945,40.68000030517578,39.97999954223633,35.14915466308594
2009-07-14,5044600,38.970001220703125,39.11000061035156,39.310001373291016,38.5099983215332,33.9847526550293
2009-07-13,6504900,37.689998626708984,38.45000076293945,38.5,36.77000045776367,33.411251068115234
2009-07-10,6750700,37.65999984741211,37.88999938964844,38.2599983215332,37.220001220703125,32.92464065551758
2009-07-09,6670300,38.439998626708984,38.040000915527344,39.130001068115234,37.95000076293945,33.05499267578125
2009-07-08,8888900,39.16999816894531,37.95000076293945,39.630001068115234,37.5,32.97676086425781
2009-07-07,5340600,39.7599983215332,39.369998931884766,40.290000915527344,39.20000076293945,34.210689544677734
2009-07-06,6888200,39.63999938964844,39.459999084472656,39.79999923706055,38.70000076293945,34.28888702392578
2009-07-02,6293800,41.16999816894531,40.2599983215332,41.58000183105469,40.209999084472656,34.98405075073242
2009-07-01,6946000,41.779998779296875,42.18000030517578,42.72999954223633,41.439998626708984,36.65244674682617
2009-06-30,6791200,42.2400016784668,40.869998931884766,42.45000076293945,40.650001525878906,35.51410675048828
2009-06-29,5277600,42.540000915527344,42.33000183105469,42.880001068115234,42.08000183105469,36.78278732299805
2009-06-26,4896500,43.349998474121094,42.5,43.36000061035156,42.130001068115234,36.93050765991211
2009-06-25,5766400,42.16999816894531,43.08000183105469,43.099998474121094,42.0,37.434486389160156
2009-06-24,6110900,42.0,42.02000045776367,42.40999984741211,41.41999816894531,36.51340866088867
2009-06-23,6296400,40.029998779296875,41.31999969482422,41.5,39.93000030517578,35.9051399230957
2009-06-22,6549700,40.54999923706055,39.869998931884766,40.97999954223633,39.810001373291016,34.64516067504883
2009-06-19,9234100,41.86000061035156,41.880001068115234,42.22999954223633,41.040000915527344,36.39176940917969
2009-06-18,6659100,42.04999923706055,41.40999984741211,42.810001373291016,41.310001373291016,35.98334503173828
2009-06-17,5722500,41.869998931884766,41.97999954223633,42.2599983215332,41.060001373291016,36.478660583496094
2009-06-16,5992100,42.099998474121094,41.880001068115234,42.630001068115234,41.400001525878906,36.39176940917969
2009-06-15,6558300,42.400001525878906,41.58000183105469,42.43000030517578,41.38999938964844,36.13106918334961
2009-06-12,6272100,43.20000076293945,42.709999084472656,43.36000061035156,42.150001525878906,37.11299133300781
2009-06-11,6733000,43.95000076293945,44.11000061035156,44.880001068115234,43.66999816894531,38.32952880859375
2009-06-10,6794900,45.349998474121094,44.45000076293945,45.61000061035156,43.810001373291016,38.624961853027344
2009-06-09,5337500,45.099998474121094,44.88999938964844,45.5,44.2599983215332,39.00730514526367
2009-06-08,6491300,44.209999084472656,44.65999984741211,44.84000015258789,43.400001525878906,38.807456970214844
2009-06-05,9232400,46.040000915527344,44.84000015258789,46.31999969482422,44.43000030517578,38.9638557434082
2009-06-04,6096300,46.91999816894531,47.439998626708984,47.849998474121094,46.59000015258789,41.22313690185547
2009-06-03,8627500,47.939998626708984,46.41999816894531,48.189998626708984,45.66999816894531,40.33680725097656
2009-06-02,9158400,48.029998779296875,48.52000045776367,48.810001373291016,47.29999923706055,42.07471466064453
2009-06-01,9924700,48.880001068115234,47.9900016784668,49.84000015258789,47.779998779296875,41.6151237487793
2009-05-29,8569700,48.400001525878906,48.869998931884766,49.18000030517578,47.959999084472656,42.37822723388672
2009-05-28,6584900,46.310001373291016,47.349998474121094,48.02000045776367,46.310001373291016,41.060123443603516
2009-05-27,7241100,47.13999938964844,45.869998931884766,47.84000015258789,45.810001373291016,39.77671813964844
2009-05-26,7669400,45.790000915527344,47.189998626708984,47.41999816894531,45.290000915527344,40.921390533447266
2009-05-22,6810900,47.060001373291016,47.040000915527344,47.59000015258789,46.619998931884766,40.79132080078125
2009-05-21,9385200,45.41999816894531,46.619998931884766,46.75,44.209999084472656,40.42710876464844
2009-05-20,7317000,44.060001373291016,45.54999923706055,46.220001220703125,44.060001373291016,39.499237060546875
2009-05-19,5640100,42.59000015258789,43.56999969482422,44.20000076293945,42.13999938964844,37.78226089477539
2009-05-18,6133100,42.9900016784668,42.38999938964844,43.0,41.61000061035156,36.75901412963867
2009-05-15,6595800,43.619998931884766,42.63999938964844,44.060001373291016,42.15999984741211,36.97580337524414
2009-05-14,6416400,42.81999969482422,43.66999816894531,43.93000030517578,41.91999816894531,37.86897659301758
2009-05-13,6897400,43.529998779296875,42.959999084472656,44.75,42.630001068115234,37.25328826904297
2009-05-12,7097400,43.2599983215332,44.31999969482422,44.72999954223633,43.09000015258789,38.43263626098633
2009-05-11,5330400,43.40999984741211,42.709999084472656,43.52000045776367,41.75,37.036495208740234
2009-05-08,5925600,42.779998779296875,43.779998779296875,43.91999816894531,42.279998779296875,37.964359283447266
2009-05-07,7173800,43.13999938964844,42.75,44.15999984741211,42.29999923706055,37.07118225097656
2009-05-06,6100500,41.81999969482422,42.66999816894531,42.810001373291016,41.47999954223633,37.00181579589844
2009-05-05,5221900,41.380001068115234,41.13999938964844,41.75,40.61000061035156,35.6750602722168
2009-05-04,5804400,39.06999969482422,40.95000076293945,40.9900016784668,38.90999984741211,35.510292053222656
2009-05-01,6034800,40.02000045776367,38.72999954223633,40.02000045776367,38.349998474121094,33.58518600463867
2009-04-30,6856700,39.86000061035156,40.2400016784668,40.36000061035156,39.02000045776367,34.89460754394531
2009-04-29,4085500,41.09000015258789,40.709999084472656,41.15999984741211,40.0099983215332,35.302181243896484
2009-04-28,5385200,40.52000045776367,40.02000045776367,41.029998779296875,39.790000915527344,34.703834533691406
2009-04-27,7794300,40.849998474121094,41.68000030517578,42.04999923706055,40.459999084472656,36.14332962036133
2009-04-24,8118700,39.290000915527344,41.290000915527344,41.459999084472656,39.04999923706055,35.80512619018555
2009-04-23,8077100,38.43000030517578,38.72999954223633,39.599998474121094,37.900001525878906,33.58518600463867
2009-04-22,6815300,38.75,38.369998931884766,39.279998779296875,38.16999816894531,33.273014068603516
2009-04-21,5972800,39.90999984741211,38.869998931884766,40.0,38.0,33.70659255981445
2009-04-20,8265100,38.779998779296875,39.060001373291016,40.0,38.5,33.87136459350586
2009-04-17,9811400,39.79999923706055,38.13999938964844,39.9900016784668,37.540000915527344,33.073570251464844
2009-04-16,7242300,41.84000015258789,39.79999923706055,42.150001525878906,39.56999969482422,34.5130500793457
2009-04-15,5393400,41.869998931884766,42.29999923706055,42.720001220703125,41.52000045776367,36.68095779418945
2009-04-14,5720900,42.09000015258789,41.849998474121094,42.83000183105469,41.810001373291016,36.29073715209961
2009-04-13,5241000,42.709999084472656,42.08000183105469,42.90999984741211,41.5,36.49018478393555
2009-04-09,4523400,42.0,41.779998779296875,42.470001220703125,41.5,36.23004150390625
2009-04-08,5561000,43.310001373291016,41.900001525878906,43.310001373291016,41.20000076293945,36.334102630615234
2009-04-07,6430100,43.349998474121094,42.619998931884766,43.689998626708984,42.400001525878906,36.95845413208008
2009-04-06,8946700,42.65999984741211,42.79999923706055,42.95000076293945,41.060001373291016,37.11454391479492
2009-04-03,9755600,46.18000030517578,43.88999938964844,46.720001220703125,43.220001220703125,38.05974578857422
2009-04-02,10071800,46.529998779296875,46.2400016784668,46.529998779296875,45.15999984741211,40.097591400146484
2009-04-01,9106800,45.220001220703125,47.400001525878906,47.45000076293945,44.56999969482422,41.103485107421875
2009-03-31,7216000,45.880001068115234,44.7599983215332,45.880001068115234,44.20000076293945,38.81417465209961
2009-03-30,7145500,44.81999969482422,45.29999923706055,46.52000045776367,44.400001525878906,39.28243637084961
2009-03-27,6442100,46.06999969482422,45.650001525878906,46.22999954223633,45.06999969482422,39.585960388183594
2009-03-26,9241400,46.09000015258789,46.900001525878906,47.310001373291016,45.70000076293945,40.6699104309082
2009-03-25,10589900,43.900001525878906,45.86000061035156,46.20000076293945,43.439998626708984,39.7680549621582
2009-03-24,7890400,43.59000015258789,43.880001068115234,44.54999923706055,42.400001525878906,38.051082611083984
2009-03-23,9924400,43.75,44.66999816894531,45.25,43.290000915527344,38.73614501953125
2009-03-20,14016300,42.5099983215332,44.189998626708984,44.79999923706055,42.349998474121094,38.31990051269531
2009-03-19,14591600,40.91999816894531,42.900001525878906,43.400001525878906,40.599998474121094,37.201271057128906
2009-03-18,18763400,36.0,40.13999938964844,40.29999923706055,35.459999084472656,34.80788803100586
2009-03-17,9066900,36.91999816894531,36.61000061035156,37.869998931884766,36.099998474121094,31.746810913085938
2009-03-16,8265800,38.099998474121094,37.470001220703125,38.5099983215332,37.349998474121094,32.49256896972656
2009-03-13,6228600,38.0099983215332,38.540000915527344,38.83000183105469,37.5,33.42042541503906
2009-03-12,7229600,37.11000061035156,37.560001373291016,37.79999923706055,36.720001220703125,32.57061767578125
2009-03-11,9546000,35.33000183105469,36.65999984741211,37.18000030517578,34.41999816894531,31.790157318115234
2009-03-10,12980300,37.25,35.029998779296875,37.810001373291016,34.400001525878906,30.37669563293457
2009-03-09,8476300,38.630001068115234,37.790000915527344,39.150001525878906,37.13999938964844,32.77006912231445
2009-03-06,12474000,40.779998779296875,38.900001525878906,41.08000183105469,38.029998779296875,33.73261642456055
2009-03-05,10327200,39.08000183105469,40.439998626708984,40.439998626708984,38.7400016784668,35.068031311035156
2009-03-04,9892900,39.130001068115234,38.790000915527344,39.72999954223633,37.959999084472656,33.63722610473633
2009-03-03,11068200,38.349998474121094,38.70000076293945,39.27000045776367,37.15999984741211,33.47246551513672
2009-03-02,14153100,41.41999816894531,37.880001068115234,41.70000076293945,37.619998931884766,32.76323699951172
2009-02-27,15800200,41.439998626708984,41.630001068115234,42.40999984741211,40.63999938964844,36.00669479370117
2009-02-26,9559600,39.40999984741211,40.68000030517578,41.20000076293945,39.029998779296875,35.18500518798828
2009-02-25,15909900,40.08000183105469,40.06999969482422,42.650001525878906,39.869998931884766,34.65740203857422
2009-02-24,13231100,42.279998779296875,40.22999954223633,42.4900016784668,39.65999984741211,34.79579162597656
2009-02-23,8877200,42.77000045776367,42.38999938964844,44.04999923706055,42.33000183105469,36.66402816772461
2009-02-20,14999000,42.18000030517578,43.72999954223633,45.0,41.70000076293945,37.82304000854492
2009-02-19,11526400,42.52000045776367,40.790000915527344,43.25,40.63999938964844,35.28015899658203
2009-02-18,9768100,42.4900016784668,42.7599983215332,43.08000183105469,41.279998779296875,36.98404312133789
2009-02-17,13821600,43.09000015258789,42.65999984741211,43.369998931884766,42.150001525878906,36.897552490234375
2009-02-13,5878700,42.18000030517578,41.58000183105469,42.68000030517578,41.2599983215332,35.96343994140625
2009-02-12,9440700,42.11000061035156,42.75,42.83000183105469,41.529998779296875,36.97539138793945
2009-02-11,13779000,39.900001525878906,42.349998474121094,42.83000183105469,39.650001525878906,36.62942123413086
2009-02-10,9516700,41.099998474121094,39.349998474121094,41.59000015258789,38.91999816894531,34.03464889526367
2009-02-09,7480500,40.45000076293945,40.36000061035156,41.43000030517578,39.869998931884766,34.90823745727539
2009-02-06,7906200,40.130001068115234,41.529998779296875,41.75,40.0,35.92019271850586
2009-02-05,11709000,41.2400016784668,40.90999984741211,41.33000183105469,40.220001220703125,35.383941650390625
2009-02-04,8699900,39.93000030517578,39.9900016784668,40.880001068115234,39.27000045776367,34.588226318359375
2009-02-03,9041100,39.79999923706055,38.869998931884766,39.95000076293945,38.15999984741211,33.61949920654297
2009-02-02,9929600,38.9900016784668,39.369998931884766,40.150001525878906,38.54999923706055,34.051963806152344
2009-01-30,13754400,40.02000045776367,39.779998779296875,40.5,38.79999923706055,34.406585693359375
2009-01-29,42421100,37.45000076293945,39.439998626708984,39.650001525878906,37.02000045776367,34.112518310546875
2009-01-28,17251400,39.970001220703125,38.61000061035156,40.400001525878906,38.33000183105469,33.394615173339844
2009-01-27,8976900,42.970001220703125,41.709999084472656,43.5,41.63999938964844,36.07587432861328
2009-01-26,10331400,45.220001220703125,43.369998931884766,45.45000076293945,43.209999084472656,37.51164627075195
2009-01-23,12488800,41.75,44.439998626708984,44.70000076293945,41.400001525878906,38.437110900878906
2009-01-22,10029600,40.15999984741211,40.900001525878906,41.70000076293945,39.29999923706055,35.37529754638672
2009-01-21,9155500,39.130001068115234,40.43000030517578,40.61000061035156,37.95000076293945,34.968772888183594
2009-01-20,12046700,38.4900016784668,39.33000183105469,41.29999923706055,38.220001220703125,34.017356872558594
2009-01-16,8958700,38.16999816894531,37.83000183105469,38.79999923706055,36.04999923706055,32.719974517822266
2009-01-15,8689000,35.61000061035156,37.119998931884766,37.40999984741211,34.400001525878906,32.105899810791016
2009-01-14,7684600,35.52000045776367,35.5099983215332,36.900001525878906,34.810001373291016,30.713359832763672
2009-01-13,8505000,35.650001525878906,36.0,36.79999923706055,35.060001373291016,31.137168884277344
2009-01-12,9418900,35.880001068115234,35.90999984741211,36.709999084472656,35.52000045776367,31.05933380126953
2009-01-09,8376900,37.13999938964844,37.040000915527344,38.56999969482422,36.61000061035156,32.03670120239258
2009-01-08,8331900,36.290000915527344,37.75,37.79999923706055,35.65999984741211,32.65078353881836
2009-01-07,11585100,39.27000045776367,35.11000061035156,39.27000045776367,34.75,30.367387771606445
2009-01-06,8450800,38.540000915527344,39.54999923706055,40.08000183105469,38.25,34.2076530456543
2009-01-05,8893400,38.68000030517578,38.81999969482422,39.599998474121094,38.130001068115234,33.576263427734375
2009-01-02,6849800,40.130001068115234,40.33000183105469,41.849998474121094,40.11000061035156,34.88228988647461
2008-12-31,5107200,39.11000061035156,40.70000076293945,41.0099983215332,39.099998474121094,35.20231246948242
2008-12-30,5503600,40.04999923706055,40.02000045776367,40.4900016784668,39.5,34.61417007446289
2008-12-29,6997800,39.77000045776367,40.70000076293945,41.130001068115234,39.22999954223633,35.20231246948242
2008-12-26,2745600,37.4900016784668,38.849998474121094,39.20000076293945,36.790000915527344,33.602195739746094
2008-12-24,1653300,36.86000061035156,37.29999923706055,37.79999923706055,36.2400016784668,32.261566162109375
2008-12-23,4969000,36.88999938964844,37.2400016784668,37.959999084472656,36.040000915527344,32.209686279296875
2008-12-22,5472900,38.310001373291016,36.7599983215332,39.25,36.0,31.794506072998047
2008-12-19,8362300,36.650001525878906,38.11000061035156,38.290000915527344,36.349998474121094,32.96216583251953
2008-12-18,9862100,38.70000076293945,37.20000076293945,39.11000061035156,36.77000045776367,32.175079345703125
2008-12-17,11994700,40.380001068115234,39.16999816894531,41.790000915527344,38.9900016784668,33.878971099853516
2008-12-16,12659100,37.619998931884766,40.0099983215332,40.20000076293945,36.779998779296875,34.60551834106445
2008-12-15,11112400,36.2599983215332,37.70000076293945,38.75,35.72999954223633,32.607547760009766
2008-12-12,9351800,33.90999984741211,35.84000015258789,36.25,33.81999969482422,30.9987850189209
2008-12-11,9582200,36.2599983215332,34.66999816894531,37.25,34.34000015258789,29.986831665039062
2008-12-10,11330800,33.52000045776367,35.380001068115234,35.9900016784668,33.40999984741211,30.600919723510742
2008-12-09,8887200,30.899999618530273,32.22999954223633,33.09000015258789,30.59000015258789,27.87642478942871
2008-12-08,10280500,31.18000030517578,31.3799991607666,31.8700008392334,30.149999618530273,27.141231536865234
2008-12-05,8367400,29.0,29.579999923706055,29.670000076293945,26.799999237060547,25.584373474121094
2008-12-04,9711800,29.219999313354492,29.709999084472656,30.729999542236328,29.0,25.696813583374023
2008-12-03,10328800,30.979999542236328,29.34000015258789,31.049999237060547,28.950000762939453,25.376800537109375
2008-12-02,9373600,31.059999465942383,32.2599983215332,32.459999084472656,30.68000030517578,27.815872192382812
2008-12-01,10346000,31.5,30.190000534057617,31.950000762939453,30.010000228881836,26.031038284301758
2008-11-28,2971400,33.4900016784668,33.650001525878906,33.72999954223633,32.25,29.01438331604004
2008-11-26,8567900,31.600000381469727,33.630001068115234,33.720001220703125,30.559999465942383,28.997150421142578
2008-11-25,15252200,32.11000061035156,31.93000030517578,33.060001373291016,30.309999465942383,27.531339645385742
2008-11-24,18678400,29.809999465942383,31.489999771118164,33.43000030517578,29.5,27.151952743530273
2008-11-21,19539600,24.5,28.790000915527344,29.5,23.440000534057617,24.82390594482422
2008-11-20,13894200,22.469999313354492,23.0,24.3700008392334,21.170000076293945,19.831527709960938
2008-11-19,11461100,24.06999969482422,22.399999618530273,25.260000228881836,22.260000228881836,19.314186096191406
2008-11-18,7169800,23.360000610351562,23.649999618530273,24.06999969482422,22.75,20.39198875427246
2008-11-17,7305800,23.93000030517578,23.350000381469727,24.709999084472656,22.850000381469727,20.133316040039062
2008-11-14,8945800,27.0,24.229999542236328,27.149999618530273,24.1200008392334,20.89208221435547
2008-11-13,10061300,24.479999542236328,26.18000030517578,26.399999618530273,22.579999923706055,22.573455810546875
2008-11-12,8394100,25.84000015258789,24.31999969482422,26.3700008392334,24.239999771118164,20.969682693481445
2008-11-11,5818200,26.719999313354492,26.260000228881836,26.969999313354492,25.3700008392334,22.64242935180664
2008-11-10,6097000,27.40999984741211,27.469999313354492,27.8700008392334,26.65999984741211,23.685749053955078
2008-11-07,5973900,25.979999542236328,26.020000457763672,26.399999618530273,24.829999923706055,22.435497283935547
2008-11-06,7794100,28.200000762939453,25.389999389648438,28.479999542236328,25.260000228881836,21.89228630065918
2008-11-05,7206000,28.450000762939453,27.809999465942383,29.399999618530273,27.229999542236328,23.978910446166992
2008-11-04,7675200,27.559999465942383,29.030000686645508,29.31999969482422,27.049999237060547,25.030841827392578
2008-11-03,4910800,26.239999771118164,26.299999237060547,27.56999969482422,26.079999923706055,22.67691993713379
2008-10-31,6624300,27.739999771118164,26.34000015258789,27.81999969482422,26.0,22.71141815185547
2008-10-30,8407700,27.719999313354492,28.040000915527344,28.790000915527344,25.469999313354492,24.177223205566406
2008-10-29,12470500,26.649999618530273,25.899999618530273,27.600000381469727,25.3700008392334,22.332027435302734
2008-10-28,11334400,22.270000457763672,26.469999313354492,26.469999313354492,22.030000686645508,22.823505401611328
2008-10-27,8685400,23.31999969482422,21.540000915527344,24.25,21.399999618530273,18.572660446166992
2008-10-24,12542200,21.469999313354492,23.81999969482422,24.739999771118164,21.469999313354492,20.5385684967041
2008-10-23,14459500,24.709999084472656,23.299999237060547,25.739999771118164,22.350000381469727,20.09020233154297
2008-10-22,14621900,27.850000381469727,24.75,27.920000076293945,24.3799991607666,21.3404541015625
2008-10-21,7914300,29.270000457763672,28.809999465942383,30.559999465942383,28.649999618530273,24.84114646911621
2008-10-20,8480900,28.389999389648438,31.020000457763672,31.190000534057617,27.799999237060547,26.746707916259766
2008-10-17,11396500,28.079999923706055,27.459999084472656,29.18000030517578,26.420000076293945,23.677120208740234
2008-10-16,13070200,30.100000381469727,28.850000381469727,30.479999542236328,27.25,24.87563705444336
2008-10-15,11529700,31.559999465942383,30.040000915527344,33.4900016784668,29.25,25.901702880859375
2008-10-14,11275100,32.06999969482422,31.8700008392334,33.97999954223633,30.670000076293945,27.479602813720703
2008-10-13,10272300,30.219999313354492,31.079999923706055,31.469999313354492,27.959999084472656,26.798433303833008
2008-10-10,17387700,33.650001525878906,29.229999542236328,34.400001525878906,28.5,25.20328712463379
2008-10-09,11016200,36.88999938964844,34.0,37.13999938964844,34.0,29.31616973876953
2008-10-08,16291200,33.7400016784668,37.33000183105469,37.650001525878906,33.0,32.18743896484375
2008-10-07,10667300,34.9900016784668,32.5099983215332,36.130001068115234,32.369998931884766,28.03143310546875
2008-10-06,13103300,36.279998779296875,34.400001525878906,36.880001068115234,32.27000045776367,29.66106414794922
2008-10-03,8177100,34.13999938964844,35.58000183105469,36.2400016784668,33.880001068115234,30.67852020263672
2008-10-02,11848500,37.65999984741211,34.20000076293945,38.06999969482422,34.119998931884766,29.48862075805664
2008-10-01,7826200,38.7400016784668,38.61000061035156,40.0,38.290000915527344,33.291099548339844
2008-09-30,8837000,39.040000915527344,38.7599983215332,39.400001525878906,38.02000045776367,33.420433044433594
2008-09-29,12966000,40.529998779296875,39.36000061035156,41.54999923706055,38.29999923706055,33.937774658203125
2008-09-26,7495600,42.380001068115234,41.0,43.45000076293945,40.779998779296875,35.35185623168945
2008-09-25,9105300,42.08000183105469,41.560001373291016,42.959999084472656,41.31999969482422,35.8347053527832
2008-09-24,7991800,43.43000030517578,42.16999816894531,43.81999969482422,41.849998474121094,36.36067581176758
2008-09-23,9820000,44.43000030517578,42.77000045776367,44.43000030517578,42.54999923706055,36.87803649902344
2008-09-22,13594700,42.529998779296875,44.43000030517578,44.88999938964844,42.349998474121094,38.30935287475586
2008-09-19,15394900,40.86000061035156,41.849998474121094,41.95000076293945,39.27000045776367,36.084754943847656
2008-09-18,19629400,43.7599983215332,39.66999816894531,44.70000076293945,39.20000076293945,34.205078125
2008-09-17,16090000,39.560001373291016,43.25,44.58000183105469,38.560001373291016,37.291900634765625
2008-09-16,8196500,37.720001220703125,39.54999923706055,39.630001068115234,37.29999923706055,34.10161590576172
2008-09-15,10846200,39.279998779296875,38.380001068115234,39.619998931884766,38.04999923706055,33.09278106689453
2008-09-12,9682400,38.20000076293945,39.65999984741211,39.779998779296875,37.720001220703125,34.196449279785156
2008-09-11,12797000,36.959999084472656,37.279998779296875,38.0,35.790000915527344,32.14432907104492
2008-09-10,14625400,37.72999954223633,37.709999084472656,37.88999938964844,36.22999954223633,32.51508712768555
2008-09-09,13312100,38.93000030517578,36.72999954223633,39.150001525878906,36.65999984741211,31.67009735107422
2008-09-08,9684000,40.779998779296875,39.81999969482422,41.63999938964844,39.439998626708984,34.334415435791016
2008-09-05,8943000,40.540000915527344,40.22999954223633,40.540000915527344,39.0,34.68792724609375
2008-09-04,10604700,41.650001525878906,39.540000915527344,42.0,39.439998626708984,34.092987060546875
2008-09-03,9116500,42.529998779296875,41.38999938964844,43.099998474121094,40.599998474121094,35.68812942504883
2008-09-02,7550300,42.83000183105469,42.93000030517578,43.439998626708984,42.060001373291016,36.92975997924805
2008-08-29,2976200,45.20000076293945,45.099998474121094,45.5,44.83000183105469,38.79646301269531
2008-08-28,4258400,45.97999954223633,45.22999954223633,46.08000183105469,44.54999923706055,38.90829086303711
2008-08-27,5073100,44.7400016784668,45.220001220703125,45.369998931884766,44.689998626708984,38.899688720703125
2008-08-26,4358100,43.70000076293945,44.20000076293945,44.65999984741211,43.59000015258789,38.02226257324219
2008-08-25,4102800,43.93000030517578,43.709999084472656,44.86000061035156,43.529998779296875,37.600746154785156
2008-08-22,4482200,44.33000183105469,44.290000915527344,44.9900016784668,43.880001068115234,38.09967041015625
2008-08-21,7549300,44.7599983215332,44.88999938964844,45.130001068115234,43.970001220703125,38.615814208984375
2008-08-20,7469400,43.0,43.25,43.86000061035156,42.439998626708984,37.205039978027344
2008-08-19,6982900,41.290000915527344,42.83000183105469,43.41999816894531,41.290000915527344,36.84373474121094
2008-08-18,5812000,42.0099983215332,42.04999923706055,42.5,41.63999938964844,36.17275619506836
2008-08-15,8826300,42.119998931884766,41.5099983215332,42.400001525878906,41.40999984741211,35.70823287963867
2008-08-14,8120400,43.939998626708984,42.88999938964844,44.5,42.81999969482422,36.895355224609375
2008-08-13,9256800,42.77000045776367,44.150001525878906,44.31999969482422,42.59000015258789,37.979248046875
2008-08-12,12155300,42.060001373291016,42.36000061035156,42.7599983215332,41.34000015258789,36.439430236816406
2008-08-11,15379000,43.2400016784668,41.5,44.0,40.779998779296875,35.69963073730469
2008-08-08,7055800,43.72999954223633,43.59000015258789,44.63999938964844,43.20000076293945,37.49752426147461
2008-08-07,7251900,44.84000015258789,44.709999084472656,45.25,44.45000076293945,38.46097946166992
2008-08-06,8705300,44.220001220703125,44.58000183105469,45.04999923706055,44.04999923706055,38.34914779663086
2008-08-05,11091800,45.5099983215332,43.75,45.790000915527344,43.56999969482422,37.6351432800293
2008-08-04,8317800,47.11000061035156,46.119998931884766,47.52000045776367,45.650001525878906,39.67389678955078
2008-08-01,6696200,47.63999938964844,47.27000045776367,49.189998626708984,47.0099983215332,40.66316604614258
2008-07-31,6758800,49.060001373291016,47.959999084472656,49.599998474121094,47.720001220703125,41.256717681884766
2008-07-30,9491400,47.380001068115234,48.25,48.369998931884766,46.2599983215332,41.50619888305664
2008-07-29,7270100,49.15999984741211,47.97999954223633,49.15999984741211,47.380001068115234,41.27394104003906
2008-07-28,5438900,49.22999954223633,49.11000061035156,50.45000076293945,48.709999084472656,42.24599075317383
2008-07-25,6990100,48.529998779296875,49.20000076293945,50.0099983215332,48.099998474121094,42.32341003417969
2008-07-24,11612000,47.66999816894531,48.77000045776367,50.25,47.459999084472656,41.953521728515625
2008-07-23,10183700,48.95000076293945,46.95000076293945,49.060001373291016,46.599998474121094,40.38789367675781
2008-07-22,9563400,49.83000183105469,49.119998931884766,50.86000061035156,48.599998474121094,42.25458908081055
2008-07-21,5796000,48.75,49.66999816894531,49.70000076293945,48.060001373291016,42.72772216796875
2008-07-18,6620100,47.63999938964844,48.2400016784668,48.650001525878906,47.5099983215332,41.49760437011719
2008-07-17,11016800,49.40999984741211,47.70000076293945,50.31999969482422,47.59000015258789,41.03306198120117
2008-07-16,8735700,50.779998779296875,49.63999938964844,51.06999969482422,48.970001220703125,42.70191955566406
2008-07-15,11059100,52.47999954223633,50.83000183105469,53.25,50.75,43.7255859375
2008-07-14,7072700,51.47999954223633,51.91999816894531,52.29999923706055,50.709999084472656,44.66324996948242
2008-07-11,8582900,50.40999984741211,51.27000045776367,51.650001525878906,50.16999816894531,44.104087829589844
2008-07-10,7129200,47.709999084472656,49.18000030517578,49.33000183105469,47.630001068115234,42.306217193603516
2008-07-09,6836300,48.439998626708984,47.540000915527344,48.959999084472656,47.41999816894531,40.89543533325195
2008-07-08,8487500,48.33000183105469,48.0099983215332,48.790000915527344,47.61000061035156,41.29975509643555
2008-07-07,8720000,49.40999984741211,48.959999084472656,49.689998626708984,48.709999084472656,42.1169548034668
2008-07-03,5309500,50.59000015258789,50.150001525878906,50.97999954223633,49.599998474121094,43.1406364440918
2008-07-02,8839100,53.36000061035156,50.9900016784668,53.38999938964844,50.900001525878906,43.86324691772461
2008-07-01,9160300,52.9900016784668,53.369998931884766,53.77000045776367,52.65999984741211,45.91057586669922
2008-06-30,6936100,52.849998474121094,52.15999984741211,53.150001525878906,50.77000045776367,44.86969757080078
2008-06-27,11229200,52.43000030517578,52.68000030517578,53.2400016784668,51.58000183105469,45.3170280456543
2008-06-26,10505500,51.459999084472656,52.18000030517578,52.41999816894531,51.27000045776367,44.886905670166016
2008-06-25,5934500,50.45000076293945,50.45000076293945,50.90999984741211,49.20000076293945,43.39870834350586
2008-06-24,6881200,49.58000183105469,50.33000183105469,50.650001525878906,49.40999984741211,43.29547119140625
2008-06-23,4138200,48.40999984741211,49.65999984741211,49.79999923706055,48.029998779296875,42.71913528442383
2008-06-20,5818000,49.119998931884766,48.95000076293945,49.33000183105469,48.619998931884766,42.10835647583008
2008-06-19,5319600,49.459999084472656,48.689998626708984,49.97999954223633,48.61000061035156,41.88468551635742
2008-06-18,3240000,48.66999816894531,48.70000076293945,48.84000015258789,48.0099983215332,41.89330291748047
2008-06-17,4538800,48.56999969482422,48.29999923706055,48.72999954223633,48.04999923706055,41.5491943359375
2008-06-16,5369900,47.88999938964844,48.310001373291016,48.779998779296875,47.880001068115234,41.557804107666016
2008-06-13,4645500,46.45000076293945,47.0099983215332,47.22999954223633,46.40999984741211,40.43949890136719
2008-06-12,5450300,46.40999984741211,46.650001525878906,47.0,45.88999938964844,40.12981033325195
2008-06-11,6291400,47.0,47.20000076293945,48.0,46.70000076293945,40.60295867919922
2008-06-10,8066000,48.189998626708984,46.72999954223633,48.29999923706055,46.47999954223633,40.19863510131836
2008-06-09,5442900,48.349998474121094,49.02000045776367,49.369998931884766,47.95000076293945,42.16858673095703
2008-06-06,6929900,48.689998626708984,48.31999969482422,49.25,48.150001525878906,41.56640625
2008-06-05,5823000,46.459999084472656,47.900001525878906,47.9900016784668,46.20000076293945,41.20511245727539
2008-06-04,5978500,46.900001525878906,46.86000061035156,47.72999954223633,46.66999816894531,40.31048583984375
2008-06-03,4643300,47.2400016784668,47.0,48.06999969482422,46.90999984741211,40.344879150390625
2008-06-02,4644700,47.18000030517578,47.77000045776367,48.310001373291016,46.97999954223633,41.00584411621094
2008-05-30,3953000,47.20000076293945,47.529998779296875,47.619998931884766,46.7599983215332,40.799827575683594
2008-05-29,5508000,47.25,46.79999923706055,47.4900016784668,46.63999938964844,40.17320251464844
2008-05-28,4726000,47.0,48.220001220703125,48.310001373291016,46.810001373291016,41.392127990722656
2008-05-27,5566900,48.380001068115234,47.66999816894531,48.380001068115234,47.20000076293945,40.920013427734375
2008-05-23,4328700,49.08000183105469,48.7400016784668,49.849998474121094,48.68000030517578,41.8385009765625
2008-05-22,5718100,49.18000030517578,48.9900016784668,50.08000183105469,48.4900016784668,42.053104400634766
2008-05-21,8212600,49.7599983215332,49.599998474121094,50.88999938964844,49.529998779296875,42.57672882080078
2008-05-20,7948200,49.029998779296875,49.880001068115234,50.04999923706055,49.029998779296875,42.81706237792969
2008-05-19,5832900,49.2400016784668,49.060001373291016,49.689998626708984,48.720001220703125,42.11318588256836
2008-05-16,11267800,47.5099983215332,48.880001068115234,49.029998779296875,47.310001373291016,41.95867156982422
2008-05-15,6559800,46.0,46.72999954223633,47.0,45.779998779296875,40.11311340332031
2008-05-14,4986100,45.22999954223633,45.099998474121094,45.77000045776367,44.83000183105469,38.71391296386719
2008-05-13,5343500,44.20000076293945,45.040000915527344,45.349998474121094,44.189998626708984,38.66241455078125
2008-05-12,4592400,45.52000045776367,45.2599983215332,45.75,44.70000076293945,38.851261138916016
2008-05-09,4730400,46.70000076293945,45.72999954223633,46.720001220703125,45.119998931884766,39.25471878051758
2008-05-08,5416100,45.65999984741211,46.52000045776367,46.75,45.65999984741211,39.93284225463867
2008-05-07,5026400,45.43000030517578,45.220001220703125,45.70000076293945,44.959999084472656,38.816932678222656
2008-05-06,7879300,45.34000015258789,45.970001220703125,46.31999969482422,45.15999984741211,39.46073913574219
2008-05-05,6457400,45.40999984741211,45.349998474121094,45.439998626708984,44.88999938964844,38.92851257324219
2008-05-02,7299000,43.4900016784668,44.5099983215332,45.0,43.0099983215332,38.207462310791016
2008-05-01,9326100,43.22999954223633,43.22999954223633,43.619998931884766,42.36000061035156,37.108707427978516
2008-04-30,8067200,43.209999084472656,44.209999084472656,44.4900016784668,42.75,37.94993591308594
2008-04-29,7352300,42.63999938964844,42.93000030517578,43.439998626708984,42.63999938964844,36.85117721557617
2008-04-28,4654600,45.13999938964844,43.9900016784668,45.13999938964844,43.970001220703125,37.76108932495117
2008-04-25,9855500,43.88999938964844,44.72999954223633,45.08000183105469,43.63999938964844,38.39630889892578
2008-04-24,9897400,44.209999084472656,43.0,44.33000183105469,42.900001525878906,36.91127395629883
2008-04-23,7884300,44.09000015258789,43.849998474121094,44.36000061035156,43.29999923706055,37.64090347290039
2008-04-22,6509900,45.099998474121094,44.650001525878906,45.63999938964844,44.5,38.32763671875
2008-04-21,6886000,46.849998474121094,45.08000183105469,46.849998474121094,44.599998474121094,38.69675827026367
2008-04-18,7575600,46.209999084472656,46.27000045776367,46.97999954223633,45.72999954223633,39.7182502746582
2008-04-17,3912600,47.68000030517578,47.52000045776367,48.060001373291016,47.119998931884766,40.791259765625
2008-04-16,6969100,46.4900016784668,47.90999984741211,47.9900016784668,46.25,41.12601852416992
2008-04-15,5717100,45.459999084472656,45.45000076293945,45.61000061035156,45.08000183105469,39.01435852050781
2008-04-14,4950000,46.02000045776367,45.119998931884766,46.119998931884766,44.970001220703125,38.73108673095703
2008-04-11,3260000,46.70000076293945,45.959999084472656,47.02000045776367,45.869998931884766,39.4521369934082
2008-04-10,4786700,46.68000030517578,46.9900016784668,47.099998474121094,46.0099983215332,40.33628845214844
2008-04-09,4089900,46.4900016784668,46.77000045776367,47.33000183105469,46.4900016784668,40.147457122802734
2008-04-08,4115000,46.130001068115234,46.560001373291016,46.939998626708984,45.619998931884766,39.967185974121094
2008-04-07,4330100,47.2599983215332,46.540000915527344,47.84000015258789,46.40999984741211,39.95001983642578
2008-04-04,4858200,46.2599983215332,46.81999969482422,47.09000015258789,46.2599983215332,40.19037628173828
2008-04-03,5620700,45.900001525878906,46.279998779296875,46.81999969482422,45.58000183105469,39.72682571411133
2008-04-02,8753600,45.0099983215332,46.279998779296875,46.41999816894531,45.0099983215332,39.72682571411133
2008-04-01,9342300,44.4900016784668,44.79999923706055,44.91999816894531,43.63999938964844,38.45639419555664
2008-03-31,7320300,46.709999084472656,45.29999923706055,47.16999816894531,44.7400016784668,38.88559341430664
2008-03-28,4479700,45.849998474121094,46.54999923706055,46.72999954223633,45.5,39.95859909057617
2008-03-27,5390400,47.2599983215332,46.61000061035156,47.5,46.380001068115234,40.010101318359375
2008-03-26,8454200,47.189998626708984,47.439998626708984,47.619998931884766,46.61000061035156,40.72258377075195
2008-03-25,7268100,46.599998474121094,46.81999969482422,47.27000045776367,46.369998931884766,40.19037628173828
2008-03-24,7367900,46.5,45.459999084472656,47.150001525878906,45.29999923706055,39.0229377746582
2008-03-20,16927400,47.209999084472656,45.970001220703125,47.4900016784668,45.75,39.46073913574219
2008-03-19,13109500,50.36000061035156,48.720001220703125,50.79999923706055,48.599998474121094,41.821327209472656
2008-03-18,11650500,53.849998474121094,50.88999938964844,53.849998474121094,50.5,43.68406677246094
2008-03-17,12909600,52.459999084472656,53.380001068115234,55.150001525878906,52.41999816894531,45.82147979736328
2008-03-14,8780900,53.63999938964844,53.630001068115234,54.29999923706055,52.59000015258789,46.03607940673828
2008-03-13,10011600,52.25,53.779998779296875,53.869998931884766,52.060001373291016,46.16484832763672
2008-03-12,7353600,51.90999984741211,51.380001068115234,52.47999954223633,50.79999923706055,44.10468673706055
2008-03-11,8473400,49.790000915527344,52.119998931884766,52.220001220703125,49.4900016784668,44.73990249633789
2008-03-10,8654100,48.38999938964844,49.380001068115234,50.20000076293945,48.38999938964844,42.38788986206055
2008-03-07,7929500,50.41999816894531,49.56999969482422,50.90999984741211,48.95000076293945,42.55097579956055
2008-03-06,6593400,50.97999954223633,50.91999816894531,51.709999084472656,50.25,43.709815979003906
2008-03-05,7261300,50.79999923706055,51.33000183105469,51.95000076293945,50.18000030517578,44.061767578125
2008-03-04,9131700,51.95000076293945,50.20000076293945,52.380001068115234,49.459999084472656,43.00593948364258
2008-03-03,7452100,51.77000045776367,52.380001068115234,53.0,51.40999984741211,44.87351989746094
2008-02-29,6565600,52.36000061035156,51.16999816894531,52.689998626708984,50.970001220703125,43.8369255065918
2008-02-28,8133400,51.5,52.84000015258789,53.060001373291016,51.4900016784668,45.2675895690918
2008-02-27,7645400,51.0,51.38999938964844,51.86000061035156,50.75,44.025390625
2008-02-26,5768300,49.34000015258789,50.45000076293945,50.68000030517578,49.08000183105469,43.22010040283203
2008-02-25,6686400,50.099998474121094,49.68000030517578,50.38999938964844,48.7599983215332,42.560447692871094
2008-02-22,9692800,50.18000030517578,50.04999923706055,50.900001525878906,48.41999816894531,42.87741470336914
2008-02-21,9998300,51.36000061035156,50.63999938964844,52.0,50.189998626708984,43.38286590576172
2008-02-20,7457400,50.20000076293945,51.150001525878906,51.150001525878906,49.65999984741211,43.81978988647461
2008-02-19,7601700,49.209999084472656,50.47999954223633,50.9900016784668,48.869998931884766,43.24581527709961
2008-02-15,6269400,48.810001373291016,47.88999938964844,49.279998779296875,47.599998474121094,41.0269775390625
2008-02-14,6680000,49.349998474121094,48.56999969482422,49.650001525878906,48.40999984741211,41.60951614379883
2008-02-13,6249200,48.93000030517578,49.290000915527344,49.79999923706055,48.04999923706055,42.22633361816406
2008-02-12,10864800,50.84000015258789,48.4900016784668,50.970001220703125,48.08000183105469,41.540992736816406
2008-02-11,5813000,51.380001068115234,50.91999816894531,51.59000015258789,49.91999816894531,43.622745513916016
2008-02-08,8604500,50.08000183105469,51.290000915527344,51.77000045776367,49.4900016784668,43.939720153808594
2008-02-07,9144600,49.5,50.220001220703125,50.70000076293945,49.380001068115234,43.0230598449707
2008-02-06,9892100,50.31999969482422,49.869998931884766,51.130001068115234,49.75,42.72322082519531
2008-02-05,9311900,49.91999816894531,49.47999954223633,50.880001068115234,49.209999084472656,42.38909912109375
2008-02-04,11236600,52.54999923706055,50.90999984741211,52.70000076293945,50.88999938964844,43.614173889160156
2008-02-01,10265100,54.849998474121094,53.22999954223633,55.560001373291016,52.119998931884766,45.60169219970703
2008-01-31,8907900,54.650001525878906,54.25,55.790000915527344,53.47999954223633,46.47553253173828
2008-01-30,8349000,54.2599983215332,55.630001068115234,56.88999938964844,53.90999984741211,47.65776824951172
2008-01-29,7227800,54.93000030517578,54.59000015258789,55.599998474121094,54.060001373291016,46.76681137084961
2008-01-28,10840600,53.5,55.220001220703125,55.27000045776367,52.790000915527344,47.3065071105957
2008-01-25,10477700,54.5,53.2599983215332,55.25,52.939998626708984,45.62739944458008
2008-01-24,14637000,52.380001068115234,52.970001220703125,53.20000076293945,51.04999923706055,45.37895584106445
2008-01-23,21049500,51.650001525878906,50.5,53.189998626708984,48.59000015258789,43.262935638427734
2008-01-22,16072500,50.119998931884766,53.099998474121094,53.9900016784668,50.11000061035156,45.49032974243164
2008-01-18,11619600,53.150001525878906,52.880001068115234,54.189998626708984,51.70000076293945,45.30187225341797
2008-01-17,11727400,54.189998626708984,52.88999938964844,54.9900016784668,52.599998474121094,45.3104248046875
2008-01-16,15728300,55.790000915527344,53.91999816894531,56.5,53.130001068115234,46.19281768798828
2008-01-15,17988000,55.72999954223633,56.119998931884766,57.54999923706055,55.650001525878906,48.077537536621094
2008-01-14,13881200,55.4900016784668,56.220001220703125,57.369998931884766,55.0099983215332,48.16320037841797
2008-01-11,10441200,53.650001525878906,54.720001220703125,55.7400016784668,53.540000915527344,46.878173828125
2008-01-10,10733500,52.220001220703125,53.91999816894531,54.59000015258789,51.90999984741211,46.19281768798828
2008-01-09,8824700,52.52000045776367,52.91999816894531,53.029998779296875,51.72999954223633,45.33612060546875
2008-01-08,11777400,52.95000076293945,52.779998779296875,54.97999954223633,52.59000015258789,45.2161979675293
2008-01-07,9584500,52.63999938964844,51.52000045776367,53.27000045776367,50.93000030517578,44.13676071166992
2008-01-04,7886000,53.36000061035156,52.41999816894531,53.68000030517578,52.08000183105469,44.907772064208984
2008-01-03,14370800,52.459999084472656,53.810001373291016,55.029998779296875,52.459999084472656,46.09858703613281
2008-01-02,12021100,49.7400016784668,52.38999938964844,52.9900016784668,49.529998779296875,44.8820915222168
2007-12-31,3462900,48.93000030517578,48.83000183105469,49.849998474121094,48.38999938964844,41.83225631713867
2007-12-28,4228700,48.79999923706055,48.9900016784668,49.220001220703125,48.2400016784668,41.969337463378906
2007-12-27,4341100,49.2400016784668,47.95000076293945,49.2400016784668,47.84000015258789,41.07837677001953
2007-12-26,4157600,48.5099983215332,49.0099983215332,49.41999816894531,48.5,41.98646545410156
2007-12-24,1650200,48.630001068115234,48.45000076293945,49.099998474121094,48.290000915527344,41.506717681884766
2007-12-21,7856000,48.040000915527344,48.70000076293945,49.0,48.040000915527344,41.720890045166016
2007-12-20,3616800,47.150001525878906,47.38999938964844,48.060001373291016,46.63999938964844,40.5986328125
2007-12-19,4157200,47.790000915527344,47.279998779296875,48.130001068115234,47.119998931884766,40.504390716552734
2007-12-18,6198500,47.119998931884766,47.689998626708984,47.970001220703125,46.25,40.85562515258789
2007-12-17,7956600,47.15999984741211,46.599998474121094,47.95000076293945,46.279998779296875,39.92184066772461
2007-12-14,4638000,48.349998474121094,47.810001373291016,48.869998931884766,47.65999984741211,40.95843505859375
2007-12-13,6542700,48.72999954223633,48.81999969482422,49.369998931884766,48.0099983215332,41.823699951171875
2007-12-12,6185000,50.0,49.290000915527344,50.58000183105469,48.52000045776367,42.22633361816406
2007-12-11,6916100,50.5,49.09000015258789,51.06999969482422,49.02000045776367,42.05500411987305
2007-12-10,4608500,50.720001220703125,50.83000183105469,51.34000015258789,50.4900016784668,43.545631408691406
2007-12-07,5820500,50.099998474121094,50.029998779296875,50.97999954223633,49.720001220703125,42.86030197143555
2007-12-06,4690100,49.349998474121094,50.52000045776367,50.81999969482422,49.06999969482422,43.28006362915039
2007-12-05,6356100,49.720001220703125,49.41999816894531,50.20000076293945,49.13999938964844,42.337703704833984
2007-12-04,6531700,50.47999954223633,49.650001525878906,51.029998779296875,49.56999969482422,42.449073791503906
2007-12-03,6661700,49.88999938964844,50.0,50.5099983215332,49.5,42.74831771850586
2007-11-30,9769000,52.060001373291016,49.689998626708984,52.060001373291016,49.2599983215332,42.483280181884766
2007-11-29,6916200,51.779998779296875,51.38999938964844,52.34000015258789,50.939998626708984,43.93671417236328
2007-11-28,7470600,50.84000015258789,52.0099983215332,52.16999816894531,50.099998474121094,44.466793060302734
2007-11-27,7435700,49.709999084472656,50.58000183105469,50.849998474121094,49.2599983215332,43.24421310424805
2007-11-26,6407500,52.20000076293945,50.439998626708984,52.54999923706055,50.31999969482422,43.124515533447266
2007-11-23,3430100,51.349998474121094,52.09000015258789,52.2599983215332,50.90999984741211,44.53520202636719
2007-11-21,7631800,50.72999954223633,50.560001373291016,50.91999816894531,49.66999816894531,43.22709655761719
2007-11-20,10178700,49.540000915527344,51.04999923706055,51.25,49.47999954223633,43.64602279663086
2007-11-19,8387500,49.5099983215332,48.56999969482422,49.93000030517578,48.25,41.52570724487305
2007-11-16,13031600,49.25,49.689998626708984,50.25,49.25,42.483280181884766
2007-11-15,12433600,50.18000030517578,48.79999923706055,50.41999816894531,48.41999816894531,41.722354888916016
2007-11-14,7223500,52.40999984741211,51.20000076293945,52.79999923706055,51.150001525878906,43.77427291870117
2007-11-13,9211300,50.18000030517578,50.91999816894531,51.099998474121094,49.61000061035156,43.53488540649414
2007-11-12,15254100,52.529998779296875,49.86000061035156,52.529998779296875,49.5099983215332,42.628623962402344
2007-11-09,8684800,53.709999084472656,54.040000915527344,54.95000076293945,53.06999969482422,46.20237731933594
2007-11-08,14106200,54.900001525878906,54.060001373291016,56.349998474121094,53.20000076293945,46.219486236572266
2007-11-07,15622100,55.650001525878906,54.209999084472656,56.16999816894531,54.11000061035156,46.34772491455078
2007-11-06,12412700,53.5,54.5,54.540000915527344,53.20000076293945,46.59566116333008
2007-11-05,12457900,51.220001220703125,52.34000015258789,52.790000915527344,50.810001373291016,44.74894332885742
2007-11-02,12374400,49.77000045776367,51.61000061035156,51.70000076293945,49.470001220703125,44.12480926513672
2007-11-01,13048900,50.02000045776367,49.5099983215332,50.36000061035156,49.209999084472656,42.32936096191406
2007-10-31,22510700,47.400001525878906,50.900001525878906,51.0,47.13999938964844,43.517784118652344
2007-10-30,7083100,47.20000076293945,46.439998626708984,47.27000045776367,46.02000045776367,39.70463562011719
2007-10-29,5924100,47.779998779296875,47.66999816894531,48.25,47.04999923706055,40.756248474121094
2007-10-26,8209000,46.95000076293945,47.56999969482422,47.810001373291016,46.59000015258789,40.67074966430664
2007-10-25,5823800,46.439998626708984,46.16999816894531,46.63999938964844,45.84000015258789,39.47379684448242
2007-10-24,6072900,45.63999938964844,46.15999984741211,46.349998474121094,45.2400016784668,39.465240478515625
2007-10-23,5674000,45.22999954223633,45.779998779296875,45.869998931884766,44.79999923706055,39.140357971191406
2007-10-22,8277300,44.95000076293945,44.970001220703125,45.58000183105469,44.459999084472656,38.44783401489258
2007-10-19,12462100,46.13999938964844,45.65999984741211,46.349998474121094,45.40999984741211,39.03776168823242
2007-10-18,6460300,45.7400016784668,46.13999938964844,46.63999938964844,45.599998474121094,39.448158264160156
2007-10-17,15649700,47.52000045776367,45.33000183105469,47.650001525878906,44.849998474121094,38.75563049316406
2007-10-16,5602200,47.20000076293945,47.20000076293945,47.599998474121094,46.900001525878906,40.35441970825195
2007-10-15,8241300,48.04999923706055,47.630001068115234,48.25,47.220001220703125,40.7220458984375
2007-10-12,5722900,47.060001373291016,47.56999969482422,47.72999954223633,46.810001373291016,40.67074966430664
2007-10-11,11351600,46.599998474121094,47.029998779296875,47.75,46.400001525878906,40.20906066894531
2007-10-10,6694400,46.31999969482422,46.220001220703125,46.93000030517578,46.04999923706055,39.51654815673828
2007-10-09,5501800,44.79999923706055,46.02000045776367,46.02000045776367,44.79999923706055,39.345542907714844
2007-10-08,4833000,45.099998474121094,44.83000183105469,45.29999923706055,44.29999923706055,38.32814025878906
2007-10-05,6873500,44.95000076293945,45.560001373291016,46.189998626708984,44.599998474121094,38.952274322509766
2007-10-04,5762600,44.45000076293945,45.04999923706055,45.2400016784668,44.25,38.5162239074707
2007-10-03,4369000,45.22999954223633,44.75,45.4900016784668,44.540000915527344,38.2597541809082
2007-10-02,9176400,45.45000076293945,45.13999938964844,45.47999954223633,44.599998474121094,38.59317398071289
2007-10-01,8553700,44.95000076293945,46.02000045776367,46.279998779296875,44.93000030517578,39.345542907714844
2007-09-28,9417300,45.02000045776367,44.72999954223633,45.72999954223633,44.54999923706055,38.242645263671875
2007-09-27,11418600,45.06999969482422,44.529998779296875,45.119998931884766,43.790000915527344,38.0716438293457
2007-09-26,23678900,47.86000061035156,44.900001525878906,48.25,44.0,38.38797378540039
2007-09-25,7288300,47.650001525878906,47.689998626708984,47.959999084472656,47.25,40.77333068847656
2007-09-24,10278800,47.52000045776367,48.2599983215332,48.41999816894531,47.2599983215332,41.26066589355469
2007-09-21,11183300,47.75,47.560001373291016,47.9900016784668,47.0,40.662208557128906
2007-09-20,11854400,47.38999938964844,47.689998626708984,48.029998779296875,47.349998474121094,40.77333068847656
2007-09-19,12133700,46.09000015258789,46.689998626708984,47.16999816894531,45.88999938964844,39.918373107910156
2007-09-18,11183500,45.439998626708984,45.9900016784668,46.20000076293945,44.599998474121094,39.31990051269531
2007-09-17,8764700,45.849998474121094,45.209999084472656,46.09000015258789,45.04999923706055,38.65302658081055
2007-09-14,6809300,45.400001525878906,45.349998474121094,45.869998931884766,44.709999084472656,38.77271270751953
2007-09-13,7443800,45.0,45.16999816894531,45.459999084472656,44.36000061035156,38.618831634521484
2007-09-12,7228200,44.88999938964844,45.25,45.630001068115234,44.54999923706055,38.687225341796875
2007-09-11,10305900,44.0,45.15999984741211,45.45000076293945,43.91999816894531,38.61027526855469
2007-09-10,8081600,44.52000045776367,43.83000183105469,44.58000183105469,43.36000061035156,37.473167419433594
2007-09-07,11838000,44.5099983215332,44.209999084472656,44.790000915527344,43.529998779296875,37.798057556152344
2007-09-06,15567000,42.75,44.099998474121094,44.58000183105469,42.75,37.704010009765625
2007-09-05,5725100,42.41999816894531,42.290000915527344,42.66999816894531,41.93000030517578,36.15654373168945
2007-09-04,7221300,42.279998779296875,42.66999816894531,43.04999923706055,42.040000915527344,36.481407165527344
2007-08-31,6519800,42.18000030517578,42.2599983215332,42.630001068115234,42.0,36.045379638671875
2007-08-30,4452000,41.04999923706055,41.52000045776367,41.97999954223633,41.04999923706055,35.4141960144043
2007-08-29,5852100,41.279998779296875,41.68000030517578,41.849998474121094,40.88999938964844,35.55067443847656
2007-08-28,18178800,40.29999923706055,41.06999969482422,42.689998626708984,40.060001373291016,35.030364990234375
2007-08-27,4649900,41.0,40.45000076293945,41.2400016784668,40.29999923706055,34.50155258178711
2007-08-24,5543800,40.68000030517578,41.15999984741211,41.45000076293945,40.400001525878906,35.10713577270508
2007-08-23,8039700,41.04999923706055,40.529998779296875,41.150001525878906,39.91999816894531,34.56977844238281
2007-08-22,8470700,40.650001525878906,40.7599983215332,41.0099983215332,40.380001068115234,34.765968322753906
2007-08-21,6824600,39.54999923706055,40.34000015258789,40.4900016784668,39.5,34.4077262878418
2007-08-20,8472900,40.0,39.880001068115234,40.470001220703125,39.16999816894531,34.01537322998047
2007-08-17,9937600,40.72999954223633,39.88999938964844,40.810001373291016,39.400001525878906,34.02390670776367
2007-08-16,21461500,39.54999923706055,39.439998626708984,39.79999923706055,38.0099983215332,33.64008331298828
2007-08-15,13610300,40.25,40.11000061035156,40.650001525878906,39.79999923706055,34.21155548095703
2007-08-14,9457300,41.0,40.5,41.5099983215332,40.290000915527344,34.54420471191406
2007-08-13,10417400,41.90999984741211,41.130001068115234,42.150001525878906,41.02000045776367,35.08155059814453
2007-08-10,14316800,41.459999084472656,41.90999984741211,42.29999923706055,41.20000076293945,35.7468376159668
2007-08-09,9195000,41.5099983215332,41.41999816894531,42.29999923706055,41.189998626708984,35.32891082763672
2007-08-08,8630700,41.349998474121094,42.34000015258789,42.7400016784668,41.290000915527344,36.11361312866211
2007-08-07,7332000,40.25,40.93000030517578,41.220001220703125,40.15999984741211,34.91096878051758
2007-08-06,8781500,40.900001525878906,40.65999984741211,41.0,39.779998779296875,34.680660247802734
2007-08-03,9572800,41.79999923706055,40.900001525878906,41.900001525878906,40.83000183105469,34.885372161865234
2007-08-02,7403800,41.040000915527344,41.72999954223633,41.95000076293945,40.79999923706055,35.593326568603516
2007-08-01,9427100,41.68000030517578,41.59000015258789,41.9900016784668,40.7599983215332,35.47391128540039
2007-07-31,8191600,41.88999938964844,41.75,42.38999938964844,41.720001220703125,35.610374450683594
2007-07-30,7067500,41.29999923706055,41.70000076293945,42.06999969482422,40.93000030517578,35.56773376464844
2007-07-27,9633700,41.560001373291016,40.83000183105469,41.86000061035156,40.709999084472656,34.82566833496094
2007-07-26,14849600,42.5,41.52000045776367,42.709999084472656,40.91999816894531,35.4141960144043
2007-07-25,11536500,43.0,43.25,43.36000061035156,42.16999816894531,36.88978958129883
2007-07-24,11884700,43.529998779296875,43.380001068115234,44.04999923706055,43.11000061035156,37.00067901611328
2007-07-23,6891300,43.31999969482422,43.27000045776367,43.47999954223633,42.93000030517578,36.906837463378906
2007-07-20,12811200,43.5,43.0,43.529998779296875,42.66999816894531,36.676570892333984
2007-07-19,12270500,42.7400016784668,43.31999969482422,43.34000015258789,42.41999816894531,36.949493408203125
2007-07-18,16396100,40.97999954223633,42.470001220703125,42.709999084472656,40.970001220703125,36.2244987487793
2007-07-17,5462300,41.189998626708984,41.0099983215332,41.380001068115234,40.790000915527344,34.97919464111328
2007-07-16,8366700,41.54999923706055,41.11000061035156,41.59000015258789,40.83000183105469,35.06449890136719
2007-07-13,11088500,41.2400016784668,41.40999984741211,41.75,41.08000183105469,35.32037353515625
2007-07-12,23190900,40.79999923706055,41.11000061035156,41.33000183105469,40.18000030517578,35.06449890136719
2007-07-11,14224000,40.540000915527344,40.18000030517578,40.93000030517578,40.13999938964844,34.27125930786133
2007-07-10,7998300,42.02000045776367,41.189998626708984,42.04999923706055,41.13999938964844,35.132713317871094
2007-07-09,9135500,42.119998931884766,42.0,42.540000915527344,41.7599983215332,35.82361602783203
2007-07-06,17836000,40.29999923706055,41.779998779296875,42.04999923706055,40.25,35.63595962524414
2007-07-05,4568700,39.540000915527344,39.58000183105469,39.79999923706055,39.349998474121094,33.759483337402344
2007-07-03,2958800,39.900001525878906,39.529998779296875,39.9900016784668,39.470001220703125,33.71684265136719
2007-07-02,5689800,39.34000015258789,39.88999938964844,39.939998626708984,39.27000045776367,34.02390670776367
2007-06-29,4699700,38.79999923706055,39.060001373291016,39.290000915527344,38.619998931884766,33.315956115722656
2007-06-28,5499100,38.7599983215332,38.66999816894531,39.31999969482422,38.619998931884766,32.98330307006836
2007-06-27,6359800,38.20000076293945,38.709999084472656,38.709999084472656,38.08000183105469,33.01742172241211
2007-06-26,8360300,39.0099983215332,38.529998779296875,39.02000045776367,38.349998474121094,32.863895416259766
2007-06-25,5620900,39.29999923706055,39.130001068115234,39.470001220703125,38.849998474121094,33.375667572021484
2007-06-22,4506100,40.0099983215332,39.380001068115234,40.0099983215332,39.20000076293945,33.58890914916992
2007-06-21,5598600,39.79999923706055,39.95000076293945,40.0099983215332,39.06999969482422,34.075069427490234
2007-06-20,6164400,40.689998626708984,39.93000030517578,40.790000915527344,39.77000045776367,34.05801773071289
2007-06-19,5895600,39.97999954223633,40.779998779296875,40.959999084472656,39.709999084472656,34.78303146362305
2007-06-18,4031800,40.5,40.0099983215332,40.58000183105469,39.9900016784668,34.12625503540039
2007-06-15,7331700,40.029998779296875,40.43000030517578,40.43000030517578,40.02000045776367,34.48448944091797
2007-06-14,5371100,39.58000183105469,39.849998474121094,40.27000045776367,39.56999969482422,33.98978805541992
2007-06-13,4800100,39.11000061035156,39.720001220703125,39.779998779296875,39.11000061035156,33.878902435302734
2007-06-12,5869900,39.22999954223633,39.08000183105469,39.75,39.04999923706055,33.33302307128906
2007-06-11,5427300,39.95000076293945,39.65999984741211,40.0,39.34000015258789,33.82772445678711
2007-06-08,6365000,39.84000015258789,39.900001525878906,40.220001220703125,39.16999816894531,34.03242492675781
2007-06-07,7673700,40.58000183105469,39.84000015258789,41.099998474121094,39.79999923706055,33.98126220703125
2007-06-06,5933900,41.150001525878906,41.040000915527344,41.279998779296875,40.599998474121094,35.004783630371094
2007-06-05,7468400,41.439998626708984,41.43000030517578,41.79999923706055,41.060001373291016,35.25215530395508
2007-06-04,5349400,41.58000183105469,41.5099983215332,41.7400016784668,41.11000061035156,35.320220947265625
2007-06-01,9284300,41.20000076293945,41.61000061035156,41.650001525878906,40.849998474121094,35.40531921386719
2007-05-31,13094300,39.7599983215332,40.68000030517578,41.0,39.54999923706055,34.613975524902344
2007-05-30,7093700,38.9900016784668,39.400001525878906,39.65999984741211,38.83000183105469,33.524845123291016
2007-05-29,6681100,39.540000915527344,39.16999816894531,39.599998474121094,39.040000915527344,33.32914352416992
2007-05-25,6415100,39.689998626708984,39.20000076293945,39.70000076293945,38.83000183105469,33.35468292236328
2007-05-24,13804300,39.38999938964844,39.45000076293945,39.79999923706055,39.279998779296875,33.567386627197266
2007-05-23,9196200,38.9900016784668,39.380001068115234,39.81999969482422,38.970001220703125,33.50782775878906
2007-05-22,7386800,39.650001525878906,38.77000045776367,39.7400016784668,38.63999938964844,32.98878479003906
2007-05-21,11550900,39.08000183105469,39.45000076293945,39.91999816894531,38.810001373291016,33.567386627197266
2007-05-18,8239200,39.29999923706055,39.189998626708984,39.369998931884766,38.939998626708984,33.34615707397461
2007-05-17,12233300,39.5099983215332,39.06999969482422,39.540000915527344,38.849998474121094,33.24404525756836
2007-05-16,13270400,40.150001525878906,39.63999938964844,40.22999954223633,39.25,33.72905731201172
2007-05-15,7360300,40.52000045776367,40.209999084472656,40.72999954223633,40.099998474121094,34.21406173706055
2007-05-14,6114000,41.18000030517578,40.5,41.29999923706055,40.2400016784668,34.46083450317383
2007-05-11,3826300,40.970001220703125,41.09000015258789,41.279998779296875,40.79999923706055,34.962833404541016
2007-05-10,5404700,41.439998626708984,40.68000030517578,41.5099983215332,40.5,34.613975524902344
2007-05-09,5237800,41.630001068115234,41.599998474121094,42.02000045776367,41.150001525878906,35.396785736083984
2007-05-08,4953300,41.7400016784668,41.779998779296875,41.849998474121094,41.45000076293945,35.54994583129883
2007-05-07,5210800,42.119998931884766,41.970001220703125,42.349998474121094,41.849998474121094,35.71161651611328
2007-05-04,9322400,42.22999954223633,41.95000076293945,42.33000183105469,41.54999923706055,35.69458770751953
2007-05-03,10540500,41.939998626708984,41.900001525878906,42.33000183105469,41.4900016784668,35.652061462402344
2007-05-02,18027600,41.290000915527344,41.77000045776367,41.79999923706055,40.91999816894531,35.541446685791016
2007-05-01,7512500,41.529998779296875,41.31999969482422,41.70000076293945,40.900001525878906,35.15855026245117
2007-04-30,5182300,42.459999084472656,41.70000076293945,42.47999954223633,41.63999938964844,35.481876373291016
2007-04-27,7239300,42.83000183105469,42.54999923706055,43.060001373291016,42.13999938964844,36.205135345458984
2007-04-26,12109900,43.2599983215332,43.18000030517578,43.5,42.400001525878906,36.741180419921875
2007-04-25,4352600,44.0,44.22999954223633,44.43000030517578,43.75,37.634613037109375
2007-04-24,4125400,44.08000183105469,43.720001220703125,44.220001220703125,43.459999084472656,37.20066452026367
2007-04-23,3919000,44.0099983215332,43.900001525878906,44.18000030517578,43.66999816894531,37.35382080078125
2007-04-20,6495100,44.380001068115234,44.279998779296875,44.72999954223633,44.15999984741211,37.677162170410156
2007-04-19,7770300,44.0,43.65999984741211,44.0,43.0099983215332,37.14960861206055
2007-04-18,6391700,44.79999923706055,44.290000915527344,45.209999084472656,44.20000076293945,37.685672760009766
2007-04-17,6802300,45.0,44.90999984741211,45.25,44.709999084472656,38.21321487426758
2007-04-16,8198900,44.7400016784668,45.0,45.11000061035156,44.560001373291016,38.289794921875
2007-04-13,8012100,43.849998474121094,44.61000061035156,44.77000045776367,43.52000045776367,37.95795822143555
2007-04-12,3704800,43.18000030517578,43.34000015258789,43.38999938964844,42.939998626708984,36.87733840942383
2007-04-11,5459900,44.0,43.310001373291016,44.16999816894531,43.0,36.851802825927734
2007-04-10,4204600,44.0,43.70000076293945,44.18000030517578,43.58000183105469,37.183650970458984
2007-04-09,4616700,43.560001373291016,43.56999969482422,43.900001525878906,43.400001525878906,37.07304000854492
2007-04-05,5014000,43.459999084472656,43.630001068115234,43.900001525878906,43.459999084472656,37.12409973144531
2007-04-04,6961300,43.33000183105469,43.45000076293945,43.79999923706055,43.02000045776367,36.97093963623047
2007-04-03,5809500,42.33000183105469,42.88999938964844,43.08000183105469,42.099998474121094,36.49443435668945
2007-04-02,5961400,41.91999816894531,42.33000183105469,42.58000183105469,41.5099983215332,36.017940521240234
2007-03-30,6543000,42.5099983215332,41.9900016784668,42.83000183105469,41.91999816894531,35.728641510009766
2007-03-29,6612600,42.459999084472656,42.4900016784668,42.939998626708984,42.189998626708984,36.154090881347656
2007-03-28,6655700,43.11000061035156,42.77000045776367,43.11000061035156,42.54999923706055,36.39231872558594
2007-03-27,7467600,43.34000015258789,42.75,43.36000061035156,42.5099983215332,36.375301361083984
2007-03-26,7180300,43.79999923706055,43.72999954223633,43.900001525878906,42.91999816894531,37.20916748046875
2007-03-23,6179800,43.79999923706055,43.540000915527344,43.86000061035156,43.150001525878906,37.047508239746094
2007-03-22,7462600,44.15999984741211,43.5099983215332,44.279998779296875,43.31999969482422,37.02198791503906
2007-03-21,8822000,43.68000030517578,44.13999938964844,44.2400016784668,43.02000045776367,37.558040618896484
2007-03-20,5853000,43.75,43.400001525878906,43.939998626708984,43.38999938964844,36.92839431762695
2007-03-19,6397100,42.93000030517578,43.2400016784668,43.459999084472656,42.7599983215332,36.79225158691406
2007-03-16,14116300,43.349998474121094,42.93000030517578,43.58000183105469,42.5099983215332,36.52846145629883
2007-03-15,8625600,41.5099983215332,42.13999938964844,42.5,41.5,35.85627365112305
2007-03-14,10786900,41.400001525878906,41.439998626708984,41.83000183105469,40.529998779296875,35.26063537597656
2007-03-13,8386300,42.540000915527344,41.41999816894531,42.939998626708984,41.31999969482422,35.24363708496094
2007-03-12,6367800,42.279998779296875,42.849998474121094,42.93000030517578,41.900001525878906,36.46039581298828
2007-03-09,6597900,43.0,42.290000915527344,43.13999938964844,42.150001525878906,35.98391342163086
2007-03-08,6807000,43.29999923706055,42.7599983215332,43.369998931884766,42.529998779296875,36.38381576538086
2007-03-07,5832400,42.880001068115234,42.72999954223633,43.529998779296875,42.689998626708984,36.3582878112793
2007-03-06,6040700,43.130001068115234,43.2599983215332,43.52000045776367,42.79999923706055,36.80924987792969
2007-03-05,9019100,42.279998779296875,42.47999954223633,43.22999954223633,42.099998474121094,36.145572662353516
2007-03-02,10651100,44.130001068115234,43.119998931884766,44.439998626708984,42.79999923706055,36.605045318603516
2007-03-01,11712700,44.15999984741211,44.529998779296875,45.09000015258789,44.0,37.802005767822266
2007-02-28,10377800,44.720001220703125,45.099998474121094,45.400001525878906,44.22999954223633,38.285892486572266
2007-02-27,12343900,45.959999084472656,44.29999923706055,46.20000076293945,43.790000915527344,37.60676956176758
2007-02-26,7436100,47.02000045776367,47.060001373291016,47.2599983215332,46.40999984741211,39.94976043701172
2007-02-23,8708100,47.77000045776367,46.849998474121094,48.119998931884766,46.58000183105469,39.771484375
2007-02-22,9992300,47.900001525878906,47.709999084472656,48.33000183105469,47.439998626708984,40.501556396484375
2007-02-21,7585600,45.939998626708984,46.97999954223633,47.470001220703125,45.5,39.8818359375
2007-02-20,4906500,45.869998931884766,45.900001525878906,46.040000915527344,45.5099983215332,38.965023040771484
2007-02-16,4380600,46.41999816894531,46.2599983215332,46.41999816894531,46.0099983215332,39.270633697509766
2007-02-15,4202300,46.41999816894531,46.5099983215332,46.560001373291016,46.04999923706055,39.48286819458008
2007-02-14,7386600,46.20000076293945,46.29999923706055,46.560001373291016,45.779998779296875,39.304588317871094
2007-02-13,4272400,45.560001373291016,45.90999984741211,46.04999923706055,45.529998779296875,38.973514556884766
2007-02-12,4729000,45.779998779296875,45.34000015258789,46.04999923706055,45.09000015258789,38.4896240234375
2007-02-09,6924800,46.0,45.810001373291016,46.630001068115234,45.75,38.88862609863281
2007-02-08,7455700,45.119998931884766,45.810001373291016,45.959999084472656,44.720001220703125,38.88862609863281
2007-02-07,4209300,44.810001373291016,44.959999084472656,45.310001373291016,44.63999938964844,38.16704559326172
2007-02-06,3976100,45.130001068115234,44.880001068115234,45.18000030517578,44.599998474121094,38.09914016723633
2007-02-05,3574500,45.09000015258789,44.709999084472656,45.18000030517578,44.54999923706055,37.954833984375
2007-02-02,5006500,45.150001525878906,44.88999938964844,45.150001525878906,44.470001220703125,38.10761260986328
2007-02-01,7261800,45.849998474121094,45.150001525878906,45.88999938964844,45.08000183105469,38.32835006713867
2007-01-31,5645200,44.5,45.099998474121094,45.5,44.45000076293945,38.285892486572266
2007-01-30,6007200,44.04999923706055,44.75,44.900001525878906,44.04999923706055,37.98877716064453
2007-01-29,5774600,44.25,43.880001068115234,44.75,43.81999969482422,37.25022506713867
2007-01-26,3569600,44.209999084472656,44.2599983215332,44.5,43.86000061035156,37.57280349731445
2007-01-25,7155100,44.84000015258789,44.220001220703125,45.029998779296875,43.900001525878906,37.538848876953125
2007-01-24,6135200,43.900001525878906,44.61000061035156,44.77000045776367,43.61000061035156,37.869937896728516
2007-01-23,7409500,43.650001525878906,44.040000915527344,44.25,43.650001525878906,37.386043548583984
2007-01-22,6585200,43.34000015258789,43.060001373291016,43.81999969482422,42.689998626708984,36.55411911010742
2007-01-19,6598700,42.41999816894531,43.2400016784668,43.29999923706055,42.349998474121094,36.70692443847656
2007-01-18,6488400,43.209999084472656,42.41999816894531,43.34000015258789,42.15999984741211,36.01081466674805
2007-01-17,5324300,42.720001220703125,42.779998779296875,43.349998474121094,42.540000915527344,36.31642150878906
2007-01-16,4929100,43.20000076293945,42.56999969482422,43.209999084472656,42.15999984741211,36.13813781738281
2007-01-12,5000800,42.599998474121094,43.209999084472656,43.400001525878906,42.540000915527344,36.68144607543945
2007-01-11,5681800,42.38999938964844,42.52000045776367,43.15999984741211,42.310001373291016,36.095699310302734
2007-01-10,7960200,42.970001220703125,42.369998931884766,42.97999954223633,41.90999984741211,35.968360900878906
2007-01-09,6947000,42.849998474121094,42.970001220703125,43.27000045776367,42.400001525878906,36.47770690917969
2007-01-08,7591200,43.400001525878906,42.84000015258789,43.45000076293945,42.459999084472656,36.36735153198242
2007-01-05,7844800,43.310001373291016,43.650001525878906,43.689998626708984,42.849998474121094,37.05497360229492
2007-01-04,6392300,43.970001220703125,44.0,44.41999816894531,43.540000915527344,37.352081298828125
2007-01-03,7628200,45.5,44.20000076293945,45.66999816894531,43.72999954223633,37.521881103515625
2006-12-29,2753800,45.470001220703125,45.150001525878906,45.5,44.91999816894531,38.32835006713867
2006-12-28,4012300,45.7599983215332,45.470001220703125,45.900001525878906,45.31999969482422,38.5999755859375
2006-12-27,3174100,45.47999954223633,45.45000076293945,45.689998626708984,45.27000045776367,38.583011627197266
2006-12-26,2660400,45.5,45.16999816894531,45.959999084472656,45.02000045776367,38.34532928466797
2006-12-22,3834500,45.25,45.02000045776367,45.439998626708984,44.7599983215332,38.21797180175781
2006-12-21,5235500,45.90999984741211,45.16999816894531,46.15999984741211,45.04999923706055,38.34532928466797
2006-12-20,6498900,47.22999954223633,45.880001068115234,47.25,45.72999954223633,38.94804382324219
2006-12-19,5075400,46.599998474121094,47.22999954223633,47.2599983215332,46.5,40.09407043457031
2006-12-18,6853500,47.04999923706055,46.56999969482422,47.47999954223633,46.529998779296875,39.53379440307617
2006-12-15,11003000,47.56999969482422,47.4900016784668,47.77000045776367,46.939998626708984,40.31479263305664
2006-12-14,6054800,47.15999984741211,47.56999969482422,47.689998626708984,47.02000045776367,40.38269805908203
2006-12-13,6199500,47.02000045776367,47.470001220703125,47.540000915527344,46.59000015258789,40.297821044921875
2006-12-12,5792800,46.939998626708984,47.31999969482422,47.33000183105469,46.540000915527344,40.17048645019531
2006-12-11,4799000,46.91999816894531,47.310001373291016,47.650001525878906,46.79999923706055,40.1619873046875
2006-12-08,5983000,47.41999816894531,46.90999984741211,47.79999923706055,46.779998779296875,39.822410583496094
2006-12-07,5671300,46.88999938964844,47.25,47.54999923706055,46.43000030517578,40.111045837402344
2006-12-06,6435700,46.5,46.459999084472656,47.560001373291016,46.439998626708984,39.44041061401367
2006-12-05,6828100,47.34000015258789,47.15999984741211,47.599998474121094,46.7599983215332,40.03464126586914
2006-12-04,5305300,47.18000030517578,47.290000915527344,47.459999084472656,46.439998626708984,40.060123443603516
2006-12-01,6355200,46.91999816894531,46.84000015258789,47.34000015258789,46.52000045776367,39.678916931152344
2006-11-30,8489700,46.34000015258789,46.90999984741211,47.25,46.25,39.73820495605469
2006-11-29,5738800,45.75,45.72999954223633,45.95000076293945,45.20000076293945,38.73861312866211
2006-11-28,5829400,45.9900016784668,45.86000061035156,46.029998779296875,45.349998474121094,38.8487434387207
2006-11-27,5733600,46.0,45.63999938964844,46.220001220703125,45.29999923706055,38.66237258911133
2006-11-24,6678100,45.5,45.54999923706055,46.459999084472656,45.5,38.58613204956055
2006-11-22,5189900,45.290000915527344,44.880001068115234,45.58000183105469,44.630001068115234,38.01856994628906
2006-11-21,6152900,44.5,45.11000061035156,45.349998474121094,44.5,38.21339416503906
2006-11-20,6507800,44.630001068115234,44.029998779296875,45.029998779296875,43.880001068115234,37.29852294921875
2006-11-17,9055600,44.11000061035156,44.20000076293945,44.84000015258789,43.79999923706055,37.44253921508789
2006-11-16,6719900,45.5,44.2400016784668,45.849998474121094,44.2400016784668,37.47642135620117
2006-11-15,8409600,44.65999984741211,45.56999969482422,45.93000030517578,44.40999984741211,38.60306930541992
2006-11-14,6547500,45.9900016784668,44.83000183105469,46.04999923706055,44.75,37.976200103759766
2006-11-13,6894100,45.130001068115234,45.52000045776367,45.59000015258789,44.90999984741211,38.560726165771484
2006-11-10,6163500,46.70000076293945,45.77000045776367,46.709999084472656,45.369998931884766,38.77251434326172
2006-11-09,10458600,45.5,46.849998474121094,46.86000061035156,45.22999954223633,39.6873779296875
2006-11-08,6615300,45.25,45.099998474121094,45.720001220703125,44.65999984741211,38.20494079589844
2006-11-07,6736500,46.130001068115234,45.689998626708984,46.2400016784668,45.36000061035156,38.70473098754883
2006-11-06,6042000,46.150001525878906,45.84000015258789,46.54999923706055,45.560001373291016,38.8317985534668
2006-11-03,7656600,45.75,46.150001525878906,46.79999923706055,45.75,39.09440231323242
2006-11-02,7335500,46.29999923706055,45.90999984741211,46.54999923706055,45.5099983215332,38.89109802246094
2006-11-01,9937200,46.25,45.779998779296875,46.88999938964844,45.5,38.780975341796875
2006-10-31,8371400,44.459999084472656,45.27000045776367,45.4900016784668,44.38999938964844,38.34893798828125
2006-10-30,6905500,44.70000076293945,44.5,45.5,44.369998931884766,37.6966667175293
2006-10-27,5513900,44.9900016784668,44.31999969482422,45.38999938964844,44.31999969482422,37.544185638427734
2006-10-26,6207000,44.900001525878906,44.650001525878906,45.20000076293945,44.150001525878906,37.823726654052734
2006-10-25,8345200,43.7599983215332,44.630001068115234,45.0099983215332,43.34000015258789,37.806800842285156
2006-10-24,6617400,42.900001525878906,43.630001068115234,44.2599983215332,42.599998474121094,36.95968246459961
2006-10-23,8483700,42.470001220703125,43.25,43.349998474121094,42.36000061035156,36.63777542114258
2006-10-20,5907100,43.619998931884766,42.459999084472656,43.650001525878906,42.43000030517578,35.968536376953125
2006-10-19,5881000,42.61000061035156,43.33000183105469,43.459999084472656,42.52000045776367,36.705535888671875
2006-10-18,5461900,43.54999923706055,42.209999084472656,43.54999923706055,42.09000015258789,35.75676345825195
2006-10-17,5195500,43.56999969482422,43.2400016784668,43.58000183105469,42.47999954223633,36.62930679321289
2006-10-16,6418500,43.72999954223633,43.56999969482422,43.75,42.66999816894531,36.90885543823242
2006-10-13,7982400,42.400001525878906,43.22999954223633,43.45000076293945,42.400001525878906,36.62083435058594
2006-10-12,5763300,41.11000061035156,41.83000183105469,42.0,41.099998474121094,35.43486404418945
2006-10-11,6585100,41.88999938964844,41.09000015258789,42.0,40.959999084472656,34.8079948425293
2006-10-10,6275800,41.25,41.810001373291016,42.25,40.84000015258789,35.41792678833008
2006-10-09,4958500,41.9900016784668,41.2599983215332,42.15999984741211,41.08000183105469,34.95199966430664
2006-10-06,6244500,41.79999923706055,41.529998779296875,42.13999938964844,41.029998779296875,35.180728912353516
2006-10-05,8823500,41.31999969482422,41.83000183105469,42.099998474121094,41.150001525878906,35.43486404418945
2006-10-04,17522400,40.88999938964844,40.83000183105469,41.209999084472656,39.84000015258789,34.58774948120117
2006-10-03,9423200,42.45000076293945,40.88999938964844,42.70000076293945,40.88999938964844,34.638580322265625
2006-10-02,6532400,42.7599983215332,43.209999084472656,43.689998626708984,42.7599983215332,36.603885650634766
2006-09-29,7779400,43.0,42.75,43.2400016784668,42.31999969482422,36.21421432495117
2006-09-28,10245900,43.150001525878906,43.33000183105469,43.56999969482422,42.970001220703125,36.705535888671875
2006-09-27,19414600,43.5,43.13999938964844,44.150001525878906,41.75,36.544578552246094
2006-09-26,7539500,43.25,44.0099983215332,44.029998779296875,43.08000183105469,37.281585693359375
2006-09-25,10158300,43.529998779296875,43.08000183105469,43.540000915527344,42.20000076293945,36.49375915527344
2006-09-22,5496100,44.31999969482422,43.779998779296875,44.70000076293945,43.52000045776367,37.086734771728516
2006-09-21,5571200,43.70000076293945,43.83000183105469,44.400001525878906,43.310001373291016,37.129093170166016
2006-09-20,7587700,43.95000076293945,43.189998626708984,44.189998626708984,43.119998931884766,36.58694076538086
2006-09-19,7582500,44.599998474121094,43.380001068115234,44.599998474121094,43.16999816894531,36.74789810180664
2006-09-18,8085200,44.54999923706055,44.81999969482422,45.099998474121094,44.20000076293945,37.96775817871094
2006-09-15,11491100,44.130001068115234,44.150001525878906,44.790000915527344,43.58000183105469,37.40017318725586
2006-09-14,10700700,45.7400016784668,44.13999938964844,46.040000915527344,43.79999923706055,37.39169692993164
2006-09-13,6904800,45.720001220703125,45.7400016784668,46.25,45.459999084472656,38.74708557128906
2006-09-12,8618300,45.779998779296875,45.22999954223633,46.31999969482422,44.79999923706055,38.31505584716797
2006-09-11,13374400,47.27000045776367,45.56999969482422,47.380001068115234,45.54999923706055,38.60306930541992
2006-09-08,8496800,48.75,48.189998626708984,49.0,47.7400016784668,40.822540283203125
2006-09-07,7421200,50.099998474121094,49.18000030517578,50.18000030517578,49.09000015258789,41.66117477416992
2006-09-06,5353500,51.939998626708984,50.90999984741211,52.08000183105469,50.61000061035156,43.12667465209961
2006-09-05,5463000,51.709999084472656,51.939998626708984,52.650001525878906,51.709999084472656,43.999202728271484
2006-09-01,4344200,51.0,51.209999084472656,51.4900016784668,50.38999938964844,43.29611587524414
2006-08-31,5690000,51.880001068115234,51.25,51.97999954223633,50.91999816894531,43.32992172241211
2006-08-30,3709700,51.599998474121094,51.529998779296875,51.70000076293945,50.93000030517578,43.566650390625
2006-08-29,6216600,51.0,50.970001220703125,51.29999923706055,50.349998474121094,43.09319305419922
2006-08-28,5060800,52.52000045776367,51.38999938964844,52.54999923706055,51.290000915527344,43.44828414916992
2006-08-25,3397300,51.959999084472656,52.5099983215332,52.959999084472656,51.83000183105469,44.395206451416016
2006-08-24,4870200,53.0,51.709999084472656,53.38999938964844,51.599998474121094,43.718833923339844
2006-08-23,4629400,53.0,52.90999984741211,53.54999923706055,52.75,44.733394622802734
2006-08-22,4341100,52.439998626708984,52.7400016784668,52.79999923706055,51.95000076293945,44.589656829833984
2006-08-21,6759400,51.0,52.54999923706055,52.959999084472656,51.0,44.42902374267578
2006-08-18,5671400,50.7599983215332,50.709999084472656,50.9900016784668,49.7599983215332,42.87337112426758
2006-08-17,6999200,51.09000015258789,50.720001220703125,51.5099983215332,50.369998931884766,42.881832122802734
2006-08-16,4901600,51.380001068115234,51.040000915527344,51.77000045776367,50.900001525878906,43.15237808227539
2006-08-15,5477200,51.099998474121094,50.689998626708984,51.5,50.36000061035156,42.8564567565918
2006-08-14,6365800,51.630001068115234,50.849998474121094,51.79999923706055,50.650001525878906,42.99174118041992
2006-08-11,4960000,52.90999984741211,51.75,53.45000076293945,51.54999923706055,43.75265121459961
2006-08-10,5275400,52.86000061035156,52.869998931884766,53.400001525878906,52.2599983215332,44.69956970214844
2006-08-09,6920200,52.70000076293945,53.41999816894531,53.83000183105469,52.099998474121094,45.16456604003906
2006-08-08,4811900,52.599998474121094,51.91999816894531,53.130001068115234,51.650001525878906,43.89638900756836
2006-08-07,3425000,52.27000045776367,52.599998474121094,53.09000015258789,52.27000045776367,44.47127914428711
2006-08-04,3791700,53.400001525878906,52.27000045776367,53.560001373291016,52.20000076293945,44.19228744506836
2006-08-03,3923900,52.119998931884766,52.38999938964844,52.689998626708984,51.880001068115234,44.29374694824219
2006-08-02,6246700,52.779998779296875,52.790000915527344,53.349998474121094,51.790000915527344,44.631935119628906
2006-08-01,4877300,51.25,52.29999923706055,52.41999816894531,50.529998779296875,44.2176513671875
2006-07-31,4522900,51.52000045776367,51.22999954223633,51.59000015258789,50.65999984741211,43.31300354003906
2006-07-28,5992000,50.619998931884766,51.52000045776367,51.540000915527344,50.150001525878906,43.558189392089844
2006-07-27,8293500,52.75,50.529998779296875,53.16999816894531,50.459999084472656,42.721187591552734
2006-07-26,5828500,51.599998474121094,53.029998779296875,53.119998931884766,51.15999984741211,44.83483123779297
2006-07-25,4733500,51.599998474121094,52.279998779296875,52.56999969482422,50.619998931884766,44.20075225830078
2006-07-24,6438600,50.56999969482422,51.02000045776367,51.22999954223633,49.529998779296875,43.13547134399414
2006-07-21,8057000,52.599998474121094,50.70000076293945,52.7400016784668,50.560001373291016,42.86491394042969
2006-07-20,5458300,53.20000076293945,52.0,54.11000061035156,51.810001373291016,43.96401596069336
2006-07-19,5805500,52.56999969482422,53.81999969482422,54.16999816894531,52.5,45.50274658203125
2006-07-18,6507100,53.029998779296875,52.41999816894531,53.720001220703125,51.70000076293945,44.31911849975586
2006-07-17,5947400,53.689998626708984,52.7599983215332,54.400001525878906,52.52000045776367,44.6065673828125
2006-07-14,5036100,54.70000076293945,54.959999084472656,55.29999923706055,54.310001373291016,46.466575622558594
2006-07-13,6378700,55.290000915527344,54.11000061035156,55.65999984741211,53.88999938964844,45.7479248046875
2006-07-12,6979400,56.0,55.290000915527344,56.5,55.02000045776367,46.74558639526367
2006-07-11,6526100,54.709999084472656,55.5,56.130001068115234,54.58000183105469,46.92313003540039
2006-07-10,3820200,54.060001373291016,54.439998626708984,54.84000015258789,53.65999984741211,46.026947021484375
2006-07-07,5051100,55.0,54.43000030517578,55.349998474121094,54.279998779296875,46.01849365234375
2006-07-06,5339700,55.099998474121094,55.08000183105469,55.47999954223633,54.5,46.568023681640625
2006-07-05,7364900,55.849998474121094,55.09000015258789,55.849998474121094,54.369998931884766,46.57649230957031
2006-07-03,5564300,54.470001220703125,55.52000045776367,55.52000045776367,54.470001220703125,46.940032958984375
2006-06-30,6665600,53.290000915527344,52.93000030517578,53.66999816894531,52.75,44.750301361083984
2006-06-29,9188600,49.650001525878906,52.189998626708984,52.5,49.61000061035156,44.12465286254883
2006-06-28,4507400,49.619998931884766,49.22999954223633,49.869998931884766,48.599998474121094,41.6220817565918
2006-06-27,5771200,50.52000045776367,49.310001373291016,51.150001525878906,49.18000030517578,41.689720153808594
2006-06-26,3523700,50.349998474121094,50.34000015258789,50.45000076293945,49.79999923706055,42.560550689697266
2006-06-23,4615700,49.189998626708984,49.880001068115234,50.20000076293945,49.02000045776367,42.171634674072266
2006-06-22,5881700,50.349998474121094,49.5099983215332,50.36000061035156,49.5,41.858821868896484
2006-06-21,6687600,49.41999816894531,50.52000045776367,50.939998626708984,49.41999816894531,42.71274185180664
2006-06-20,5769800,49.2400016784668,49.5,50.20000076293945,49.060001373291016,41.85034942626953
2006-06-19,7333100,49.63999938964844,49.15999984741211,50.2400016784668,48.79999923706055,41.56290054321289
2006-06-16,6848400,50.2599983215332,50.060001373291016,50.45000076293945,49.709999084472656,42.32381820678711
2006-06-15,7958400,49.65999984741211,50.5099983215332,50.7599983215332,49.560001373291016,42.70426940917969
2006-06-14,10482000,47.959999084472656,48.59000015258789,49.75,47.810001373291016,41.080989837646484
2006-06-13,12440000,47.650001525878906,47.720001220703125,48.77000045776367,47.34000015258789,40.34544372558594
2006-06-12,6239700,49.4900016784668,48.52000045776367,50.2400016784668,48.45000076293945,41.02179718017578
2006-06-09,7028800,50.29999923706055,49.310001373291016,50.810001373291016,49.099998474121094,41.689720153808594
2006-06-08,11007800,49.79999923706055,49.77000045776367,49.9900016784668,47.93000030517578,42.078643798828125
2006-06-07,9238700,50.619998931884766,50.34000015258789,51.91999816894531,50.310001373291016,42.560550689697266
2006-06-06,8364200,51.95000076293945,51.380001068115234,52.16999816894531,51.029998779296875,43.43982696533203
2006-06-05,7744400,54.150001525878906,52.58000183105469,54.79999923706055,52.41999816894531,44.369850158691406
2006-06-02,7543300,52.4900016784668,53.29999923706055,53.540000915527344,51.9900016784668,44.97740936279297
2006-06-01,9208900,51.0099983215332,51.66999816894531,52.02000045776367,50.13999938964844,43.60193634033203
2006-05-31,6744500,52.279998779296875,52.150001525878906,52.88999938964844,51.560001373291016,44.00697326660156
2006-05-30,6651700,52.900001525878906,51.400001525878906,53.369998931884766,51.349998474121094,43.374080657958984
2006-05-26,6138900,52.25,52.29999923706055,52.66999816894531,51.689998626708984,44.133567810058594
2006-05-25,7669000,50.650001525878906,52.08000183105469,52.08000183105469,49.83000183105469,43.94790267944336
2006-05-24,11492200,50.31999969482422,49.529998779296875,50.83000183105469,48.38999938964844,41.79608154296875
2006-05-23,10229200,51.4900016784668,51.16999816894531,52.939998626708984,50.95000076293945,43.18000411987305
2006-05-22,11437000,49.81999969482422,50.84000015258789,51.0,48.849998474121094,42.901519775390625
2006-05-19,11155400,50.959999084472656,51.06999969482422,51.220001220703125,49.34000015258789,43.09562683105469
2006-05-18,7216700,52.2599983215332,50.970001220703125,52.72999954223633,50.849998474121094,43.01123809814453
2006-05-17,11296300,53.79999923706055,52.0099983215332,54.5,51.720001220703125,43.88883972167969
2006-05-16,8982000,54.84000015258789,53.47999954223633,55.09000015258789,52.709999084472656,45.12930679321289
2006-05-15,11108700,54.130001068115234,54.310001373291016,55.130001068115234,53.5,45.82970428466797
2006-05-12,10332200,58.189998626708984,56.310001373291016,58.75,55.869998931884766,47.51741409301758
2006-05-11,11629200,59.189998626708984,58.130001068115234,59.70000076293945,58.0,49.053226470947266
2006-05-10,9248200,57.75,58.29999923706055,58.7599983215332,57.47999954223633,49.196685791015625
2006-05-09,7766500,57.2599983215332,57.93000030517578,58.220001220703125,56.439998626708984,48.88444900512695
2006-05-08,4949400,56.099998474121094,55.72999954223633,56.2400016784668,54.779998779296875,47.02798080444336
2006-05-05,6911600,56.650001525878906,56.43000030517578,56.95000076293945,55.54999923706055,47.618675231933594
2006-05-04,7208100,56.33000183105469,56.63999938964844,56.95000076293945,55.619998931884766,47.7958869934082
2006-05-03,11945800,58.029998779296875,56.08000183105469,58.25,55.0,47.32332992553711
2006-05-02,9690000,58.0099983215332,57.68000030517578,58.470001220703125,55.81999969482422,48.673492431640625
2006-05-01,6004600,59.220001220703125,57.95000076293945,59.33000183105469,57.86000061035156,48.90134048461914
2006-04-28,8334600,57.25,58.36000061035156,58.93000030517578,57.25,49.247314453125
2006-04-27,8702700,57.20000076293945,56.720001220703125,58.4900016784668,56.560001373291016,47.86338424682617
2006-04-26,5766500,57.150001525878906,58.11000061035156,58.369998931884766,57.04999923706055,49.03635787963867
2006-04-25,5541400,57.45000076293945,56.900001525878906,58.20000076293945,56.65999984741211,48.015289306640625
2006-04-24,5969400,57.54999923706055,56.66999816894531,57.54999923706055,56.310001373291016,47.821205139160156
2006-04-21,9271900,56.630001068115234,57.54999923706055,57.720001220703125,55.7599983215332,48.56379318237305
2006-04-20,12278600,58.150001525878906,55.41999816894531,58.15999984741211,55.209999084472656,46.76638412475586
2006-04-19,9218500,57.02000045776367,58.43000030517578,58.720001220703125,56.33000183105469,49.30638122558594
2006-04-18,9141400,56.150001525878906,56.90999984741211,57.349998474121094,55.79999923706055,48.02371597290039
2006-04-17,10204000,54.470001220703125,56.06999969482422,56.08000183105469,54.150001525878906,47.31489562988281
2006-04-13,5589100,52.869998931884766,52.869998931884766,53.349998474121094,51.88999938964844,44.61456298828125
2006-04-12,6207000,51.79999923706055,52.95000076293945,53.22999954223633,51.79999923706055,44.68206024169922
2006-04-11,7528600,53.189998626708984,51.459999084472656,53.79999923706055,51.38999938964844,43.424713134765625
2006-04-10,7201900,54.150001525878906,52.900001525878906,54.349998474121094,52.7599983215332,44.63985824584961
2006-04-07,7673300,53.47999954223633,52.7400016784668,53.70000076293945,52.380001068115234,44.50484848022461
2006-04-06,8289300,53.939998626708984,54.04999923706055,54.47999954223633,53.08000183105469,45.61030197143555
2006-04-05,6805800,52.290000915527344,53.22999954223633,53.540000915527344,51.7400016784668,44.9183464050293
2006-04-04,5324100,51.09000015258789,51.75,51.84000015258789,50.63999938964844,43.669437408447266
2006-04-03,6761100,52.310001373291016,51.130001068115234,52.91999816894531,51.02000045776367,43.14624786376953
2006-03-31,6899800,52.5,51.88999938964844,52.95000076293945,51.61000061035156,43.787574768066406
2006-03-30,10131100,52.720001220703125,52.93000030517578,54.25,52.720001220703125,44.665184020996094
2006-03-29,5357900,50.150001525878906,51.4900016784668,51.4900016784668,50.060001373291016,43.45002746582031
2006-03-28,7249300,51.16999816894531,50.029998779296875,51.25,49.869998931884766,42.2180061340332
2006-03-27,9328100,50.0,50.52000045776367,51.4900016784668,49.88999938964844,42.63150405883789
2006-03-24,8166000,49.5,49.459999084472656,50.81999969482422,49.2599983215332,41.73701477050781
2006-03-23,5687300,48.11000061035156,49.2400016784668,49.29999923706055,47.709999084472656,41.551361083984375
2006-03-22,4220400,48.0,48.099998474121094,49.0,48.0,40.589359283447266
2006-03-21,7587700,48.599998474121094,48.16999816894531,49.150001525878906,47.75,40.64844512939453
2006-03-20,4887300,49.72999954223633,49.220001220703125,50.099998474121094,49.119998931884766,41.53450012207031
2006-03-17,6455600,50.0,49.86000061035156,50.290000915527344,49.52000045776367,42.074554443359375
2006-03-16,5945600,50.150001525878906,50.0,50.650001525878906,49.65999984741211,42.19269943237305
2006-03-15,7032800,50.38999938964844,50.099998474121094,50.38999938964844,49.560001373291016,42.27708053588867
2006-03-14,7168900,48.599998474121094,49.68000030517578,50.029998779296875,48.599998474121094,41.92266082763672
2006-03-13,6653800,49.04999923706055,48.779998779296875,49.150001525878906,47.720001220703125,41.1631965637207
2006-03-10,10798100,47.119998931884766,48.61000061035156,48.66999816894531,46.599998474121094,41.01974105834961
2006-03-09,9143500,50.06999969482422,47.790000915527344,50.5,47.66999816894531,40.32777404785156
2006-03-08,12366400,48.900001525878906,49.56999969482422,49.81999969482422,48.130001068115234,41.82984161376953
2006-03-07,9966500,50.86000061035156,49.81999969482422,51.150001525878906,49.20000076293945,42.04079055786133
2006-03-06,11350900,53.0099983215332,50.83000183105469,53.02000045776367,50.20000076293945,42.89308166503906
2006-03-03,4858100,53.900001525878906,53.27000045776367,54.25,53.060001373291016,44.86771774291992
2006-03-02,9390000,52.970001220703125,54.150001525878906,54.869998931884766,52.630001068115234,45.6088981628418
2006-03-01,6922200,53.279998779296875,52.970001220703125,53.849998474121094,52.619998931884766,44.615028381347656
2006-02-28,12501900,54.779998779296875,52.91999816894531,54.779998779296875,52.349998474121094,44.572906494140625
2006-02-27,9042700,56.900001525878906,54.779998779296875,57.439998626708984,54.41999816894531,46.13954544067383
2006-02-24,4833000,57.220001220703125,58.099998474121094,58.13999938964844,56.88999938964844,48.93586730957031
2006-02-23,6142900,57.52000045776367,56.560001373291016,57.75,56.54999923706055,47.63877487182617
2006-02-22,4857500,56.75,57.47999954223633,57.689998626708984,56.099998474121094,48.41367721557617
2006-02-21,5697200,56.470001220703125,56.83000183105469,57.560001373291016,56.38999938964844,47.8661994934082
2006-02-17,6334800,56.75,56.209999084472656,57.36000061035156,55.849998474121094,47.3439826965332
2006-02-16,6830900,54.41999816894531,56.20000076293945,56.459999084472656,54.40999984741211,47.3355598449707
2006-02-15,7621000,54.91999816894531,54.81999969482422,56.36000061035156,54.13999938964844,46.17322540283203
2006-02-14,6887000,54.45000076293945,55.15999984741211,55.59000015258789,53.880001068115234,46.45960998535156
2006-02-13,7434400,54.5,54.09000015258789,55.2599983215332,53.209999084472656,45.55838394165039
2006-02-10,7644200,56.18000030517578,54.79999923706055,56.18000030517578,54.439998626708984,46.15637969970703
2006-02-09,8028000,57.189998626708984,56.529998779296875,57.619998931884766,56.279998779296875,47.613521575927734
2006-02-08,8648100,56.41999816894531,55.70000076293945,56.900001525878906,55.20000076293945,46.914424896240234
2006-02-07,10835400,59.209999084472656,56.27000045776367,59.400001525878906,56.150001525878906,47.3945198059082
2006-02-06,4705300,59.779998779296875,60.47999954223633,60.97999954223633,59.77000045776367,50.94047546386719
2006-02-03,6093500,60.779998779296875,59.619998931884766,61.59000015258789,59.189998626708984,50.21611404418945
2006-02-02,6547400,62.43000030517578,61.209999084472656,62.54999923706055,60.560001373291016,51.555335998535156
2006-02-01,6186500,61.709999084472656,61.95000076293945,62.2599983215332,60.45000076293945,52.178619384765625
2006-01-31,10325400,61.22999954223633,61.79999923706055,62.720001220703125,61.099998474121094,52.052249908447266
2006-01-30,6836100,59.54999923706055,60.90999984741211,61.08000183105469,59.36000061035156,51.302650451660156
2006-01-27,6782300,58.7400016784668,59.20000076293945,59.70000076293945,58.18000030517578,49.862369537353516
2006-01-26,6939200,57.63999938964844,58.7400016784668,58.81999969482422,57.11000061035156,49.474918365478516
2006-01-25,6951100,58.310001373291016,58.099998474121094,58.540000915527344,57.310001373291016,48.93586730957031
2006-01-24,6682400,56.459999084472656,56.970001220703125,57.18000030517578,55.779998779296875,47.9841194152832
2006-01-23,7710900,56.95000076293945,57.209999084472656,57.209999084472656,55.54999923706055,48.186248779296875
2006-01-20,9515400,58.56999969482422,56.59000015258789,58.790000915527344,56.38999938964844,47.66404342651367
2006-01-19,10667500,58.20000076293945,58.04999923706055,58.4900016784668,56.880001068115234,48.89374923706055
2006-01-18,8118000,58.459999084472656,57.47999954223633,58.79999923706055,57.2400016784668,48.41367721557617
2006-01-17,8460600,59.400001525878906,59.09000015258789,60.34000015258789,58.849998474121094,49.76971435546875
2006-01-13,6446400,58.470001220703125,59.869998931884766,59.869998931884766,58.04999923706055,50.42668151855469
2006-01-12,5404100,58.209999084472656,57.959999084472656,58.97999954223633,57.849998474121094,48.81794738769531
2006-01-11,6083900,58.47999954223633,58.4900016784668,59.220001220703125,58.040000915527344,49.26435852050781
2006-01-10,7289600,57.970001220703125,58.25,58.7599983215332,57.40999984741211,49.06221389770508
2006-01-09,8603900,57.65999984741211,58.5099983215332,58.95000076293945,57.2599983215332,49.28120422363281
2006-01-06,7004000,57.5,57.70000076293945,58.400001525878906,57.36000061035156,48.59895706176758
2006-01-05,8449700,57.25,56.65999984741211,57.2599983215332,56.099998474121094,47.72299575805664
2006-01-04,10219300,56.79999923706055,58.040000915527344,58.11000061035156,56.66999816894531,48.88534164428711
2006-01-03,11426500,54.099998474121094,57.13999938964844,57.16999816894531,54.099998474121094,48.127288818359375
2005-12-30,4372800,53.400001525878906,53.400001525878906,53.93000030517578,53.220001220703125,44.977195739746094
2005-12-29,4685100,53.02000045776367,53.689998626708984,53.75,52.70000076293945,45.22145080566406
2005-12-28,6667300,52.400001525878906,53.400001525878906,53.459999084472656,52.369998931884766,44.977195739746094
2005-12-27,4921300,52.79999923706055,51.59000015258789,53.0,51.540000915527344,43.452693939208984
2005-12-23,4743700,51.70000076293945,51.939998626708984,52.540000915527344,51.70000076293945,43.74749755859375
2005-12-22,10307100,51.25,51.959999084472656,52.09000015258789,50.880001068115234,43.764339447021484
2005-12-21,5901000,49.099998474121094,50.45000076293945,50.45000076293945,48.88999938964844,42.49250411987305
2005-12-20,7364900,50.650001525878906,49.20000076293945,50.72999954223633,48.880001068115234,41.439666748046875
2005-12-19,5806400,51.0099983215332,50.150001525878906,51.45000076293945,49.97999954223633,42.23981857299805
2005-12-16,7580200,50.290000915527344,50.5,50.880001068115234,50.209999084472656,42.53462219238281
2005-12-15,5693800,49.84000015258789,49.9900016784668,50.459999084472656,49.720001220703125,42.105079650878906
2005-12-14,9357600,49.900001525878906,49.5099983215332,50.33000183105469,49.27000045776367,41.70077896118164
2005-12-13,8162700,50.0,50.58000183105469,50.880001068115234,49.5099983215332,42.60200500488281
2005-12-12,20448600,50.88999938964844,50.400001525878906,52.4900016784668,50.099998474121094,42.45039367675781
2005-12-09,12210000,50.7400016784668,49.65999984741211,51.27000045776367,49.47999954223633,41.82711410522461
2005-12-08,7537000,49.58000183105469,50.279998779296875,50.470001220703125,49.52000045776367,42.34931945800781
2005-12-07,12939900,49.5,49.59000015258789,50.54999923706055,49.2599983215332,41.76815414428711
2005-12-06,9419500,46.70000076293945,48.75,48.810001373291016,46.29999923706055,41.06062698364258
2005-12-05,5390200,46.779998779296875,46.84000015258789,47.13999938964844,46.220001220703125,39.45191955566406
2005-12-02,6582400,47.189998626708984,46.47999954223633,47.36000061035156,46.220001220703125,39.14869689941406
2005-12-01,7540700,46.849998474121094,47.27000045776367,47.75,46.70000076293945,39.8140869140625
2005-11-30,5623700,47.0,46.119998931884766,47.0,46.09000015258789,38.84547424316406
2005-11-29,5045500,47.66999816894531,47.31999969482422,47.790000915527344,47.15999984741211,39.856204986572266
2005-11-28,7677800,47.47999954223633,47.68000030517578,48.0,47.06999969482422,40.0751953125
2005-11-25,2543600,47.09000015258789,47.060001373291016,47.20000076293945,46.849998474121094,39.55409240722656
2005-11-23,4590300,46.380001068115234,46.349998474121094,46.810001373291016,46.09000015258789,38.95732116699219
2005-11-22,7141200,47.31999969482422,47.220001220703125,47.7400016784668,46.529998779296875,39.688560485839844
2005-11-21,6821900,46.900001525878906,47.20000076293945,47.439998626708984,46.45000076293945,39.671756744384766
2005-11-18,5027600,47.099998474121094,46.33000183105469,47.130001068115234,45.84000015258789,38.94052505493164
2005-11-17,7956900,46.849998474121094,46.86000061035156,47.119998931884766,46.33000183105469,39.38597869873047
2005-11-16,11175900,44.08000183105469,46.04999923706055,46.099998474121094,44.08000183105469,38.70517349243164
2005-11-15,3600000,43.900001525878906,43.040000915527344,44.18000030517578,42.970001220703125,36.17525100708008
2005-11-14,4011000,44.13999938964844,43.66999816894531,44.31999969482422,43.619998931884766,36.704769134521484
2005-11-11,3593100,43.70000076293945,44.310001373291016,44.349998474121094,43.150001525878906,37.242698669433594
2005-11-10,4452300,44.4900016784668,43.52000045776367,44.599998474121094,43.2400016784668,36.578697204589844
2005-11-09,4930100,43.099998474121094,44.130001068115234,44.18000030517578,42.709999084472656,37.09141159057617
2005-11-08,3418300,43.189998626708984,42.70000076293945,43.47999954223633,42.66999816894531,35.88949203491211
2005-11-07,3941900,42.849998474121094,43.0099983215332,43.33000183105469,42.4900016784668,36.15004348754883
2005-11-04,4343300,43.0,42.58000183105469,43.060001373291016,42.08000183105469,35.78861999511719
2005-11-03,4676100,43.16999816894531,42.5099983215332,43.34000015258789,42.349998474121094,35.729793548583984
2005-11-02,4590900,42.79999923706055,43.16999816894531,43.4900016784668,42.79999923706055,36.28451919555664
2005-11-01,5556800,42.72999954223633,42.529998779296875,43.119998931884766,42.310001373291016,35.74659729003906
2005-10-31,7682700,44.13999938964844,42.599998474121094,44.13999938964844,42.58000183105469,35.80543899536133
2005-10-28,4606800,43.70000076293945,44.130001068115234,44.27000045776367,43.060001373291016,37.09141159057617
2005-10-27,4193900,44.849998474121094,43.95000076293945,45.20000076293945,43.709999084472656,36.94012451171875
2005-10-26,6002900,45.459999084472656,44.09000015258789,46.38999938964844,43.91999816894531,37.057796478271484
2005-10-25,6250800,45.619998931884766,45.65999984741211,46.93000030517578,45.5099983215332,38.37736511230469
2005-10-24,5607400,43.5099983215332,44.9900016784668,45.209999084472656,43.5,37.81425857543945
2005-10-21,7524500,43.400001525878906,43.86000061035156,44.400001525878906,43.099998474121094,36.86446762084961
2005-10-20,7121700,43.56999969482422,43.279998779296875,44.650001525878906,42.75,36.37699508666992
2005-10-19,6257500,44.099998474121094,44.11000061035156,44.13999938964844,43.0,37.0745964050293
2005-10-18,4408400,45.38999938964844,44.84000015258789,45.93000030517578,44.650001525878906,37.688167572021484
2005-10-17,4199400,45.97999954223633,45.81999969482422,46.380001068115234,45.79999923706055,38.511871337890625
2005-10-14,6163900,44.849998474121094,44.97999954223633,45.36000061035156,44.02000045776367,37.80583190917969
2005-10-13,7546500,45.25,45.54999923706055,45.619998931884766,44.349998474121094,38.2849235534668
2005-10-12,5775800,47.15999984741211,46.029998779296875,47.5,45.689998626708984,38.68836212158203
2005-10-11,4858700,47.20000076293945,47.06999969482422,47.63999938964844,46.72999954223633,39.56248474121094
2005-10-10,3796600,47.63999938964844,47.29999923706055,47.900001525878906,46.880001068115234,39.75580596923828
2005-10-07,6735900,46.709999084472656,47.52000045776367,47.630001068115234,46.380001068115234,39.94072341918945
2005-10-06,7526400,45.41999816894531,46.90999984741211,47.02000045776367,45.349998474121094,39.4279899597168
2005-10-05,6269800,46.20000076293945,45.040000915527344,46.209999084472656,44.9900016784668,37.856266021728516
2005-10-04,4847700,47.0,46.20000076293945,47.25,46.099998474121094,38.83124923706055
2005-10-03,4685000,46.52000045776367,47.0099983215332,47.099998474121094,46.02000045776367,39.51205825805664
2005-09-30,5515800,48.04999923706055,47.16999816894531,48.20000076293945,47.02000045776367,39.646522521972656
2005-09-29,8028600,47.54999923706055,48.04999923706055,48.08000183105469,47.18000030517578,40.386173248291016
2005-09-28,6606400,46.58000183105469,47.540000915527344,47.70000076293945,46.0,39.957515716552734
2005-09-27,5682600,46.20000076293945,46.33000183105469,46.5099983215332,45.400001525878906,38.94052505493164
2005-09-26,8227900,45.63999938964844,46.68000030517578,47.22999954223633,44.849998474121094,39.23469161987305
2005-09-23,5711800,45.900001525878906,45.630001068115234,45.90999984741211,45.13999938964844,38.35215759277344
2005-09-22,8128600,46.29999923706055,46.20000076293945,46.29999923706055,45.04999923706055,38.83124923706055
2005-09-21,6282700,45.369998931884766,46.22999954223633,46.31999969482422,45.25,38.856475830078125
2005-09-20,6560100,46.029998779296875,44.810001373291016,46.58000183105469,44.720001220703125,37.662960052490234
2005-09-19,12709900,47.0,46.11000061035156,47.25,45.70000076293945,38.755611419677734
2005-09-16,13085100,45.70000076293945,46.209999084472656,46.209999084472656,45.20000076293945,38.83964538574219
2005-09-15,11704100,44.5,44.9900016784668,45.189998626708984,44.209999084472656,37.81425857543945
2005-09-14,10622100,42.18000030517578,43.939998626708984,44.04999923706055,42.18000030517578,36.93171691894531
2005-09-13,4617500,42.31999969482422,41.7400016784668,42.31999969482422,41.65999984741211,35.082603454589844
2005-09-12,5148300,42.189998626708984,42.31999969482422,42.41999816894531,41.93000030517578,35.57009506225586
2005-09-09,7748400,41.5,42.439998626708984,42.56999969482422,41.369998931884766,35.67095184326172
2005-09-08,5166300,40.83000183105469,41.0,41.650001525878906,40.83000183105469,34.460636138916016
2005-09-07,2455500,40.43000030517578,40.470001220703125,40.68000030517578,40.33000183105469,34.01516342163086
2005-09-06,3065500,41.0,40.40999984741211,41.0,40.209999084472656,33.9647331237793
2005-09-02,3621600,41.150001525878906,40.709999084472656,41.150001525878906,40.52000045776367,34.216896057128906
2005-09-01,5806200,40.25,40.93000030517578,40.97999954223633,40.20000076293945,34.31775665283203
2005-08-31,3294500,38.90999984741211,39.58000183105469,39.58000183105469,38.70000076293945,33.185829162597656
2005-08-30,4496300,38.720001220703125,38.869998931884766,39.31999969482422,38.400001525878906,32.59053039550781
2005-08-29,2679300,39.279998779296875,39.290000915527344,39.66999816894531,39.220001220703125,32.94269943237305
2005-08-26,2186100,39.400001525878906,39.18000030517578,39.54999923706055,39.18000030517578,32.8504524230957
2005-08-25,2762700,39.29999923706055,39.22999954223633,39.7400016784668,39.189998626708984,32.89237976074219
2005-08-24,5306800,40.25,39.04999923706055,40.459999084472656,38.959999084472656,32.74146270751953
2005-08-23,3045100,40.15999984741211,40.0,40.689998626708984,39.97999954223633,33.53797912597656
2005-08-22,3771500,40.54999923706055,40.16999816894531,41.04999923706055,39.970001220703125,33.68053436279297
2005-08-19,2968700,40.18000030517578,40.31999969482422,40.45000076293945,40.0099983215332,33.80629348754883
2005-08-18,3290800,40.22999954223633,40.130001068115234,40.63999938964844,39.90999984741211,33.64698791503906
2005-08-17,5927200,40.75,39.93000030517578,40.75,39.91999816894531,33.47930145263672
2005-08-16,4258300,41.060001373291016,40.849998474121094,41.689998626708984,40.79999923706055,34.25066375732422
2005-08-15,3839300,41.189998626708984,41.060001373291016,41.189998626708984,40.65999984741211,34.426753997802734
2005-08-12,5918800,41.45000076293945,41.470001220703125,41.63999938964844,40.90999984741211,34.77051544189453
2005-08-11,7560500,40.29999923706055,41.349998474121094,41.470001220703125,40.279998779296875,34.669891357421875
2005-08-10,4132600,39.75,39.849998474121094,40.04999923706055,39.54999923706055,33.41222381591797
2005-08-09,3567700,38.939998626708984,39.25,39.529998779296875,38.68000030517578,32.90915298461914
2005-08-08,3461000,39.15999984741211,38.959999084472656,39.900001525878906,38.869998931884766,32.66600799560547
2005-08-05,3638900,39.75,39.189998626708984,39.849998474121094,38.880001068115234,32.85884094238281
2005-08-04,5986000,40.29999923706055,39.58000183105469,40.599998474121094,39.5,33.185829162597656
2005-08-03,8079000,38.650001525878906,40.16999816894531,40.27000045776367,38.650001525878906,33.68053436279297
2005-08-02,4015500,37.650001525878906,38.13999938964844,38.68000030517578,37.650001525878906,31.978479385375977
2005-08-01,3421000,37.90999984741211,37.59000015258789,38.060001373291016,37.43000030517578,31.517324447631836
2005-07-29,4419700,38.04999923706055,37.54999923706055,38.43000030517578,37.52000045776367,31.483783721923828
2005-07-28,3644600,38.08000183105469,37.95000076293945,38.20000076293945,37.86000061035156,31.819171905517578
2005-07-27,4080200,37.810001373291016,37.869998931884766,38.130001068115234,37.650001525878906,31.75209617614746
2005-07-26,3454000,37.84000015258789,37.400001525878906,37.849998474121094,37.22999954223633,31.358016967773438
2005-07-25,3597200,38.540000915527344,37.939998626708984,38.56999969482422,37.810001373291016,31.8107852935791
2005-07-22,2743700,38.38999938964844,38.43000030517578,38.77000045776367,38.189998626708984,32.221622467041016
2005-07-21,5653100,37.86000061035156,38.34000015258789,38.72999954223633,37.86000061035156,32.14616012573242
2005-07-20,5433800,37.529998779296875,37.41999816894531,38.13999938964844,37.34000015258789,31.37477684020996
2005-07-19,2784800,36.88999938964844,37.189998626708984,37.41999816894531,36.54999923706055,31.181949615478516
2005-07-18,3418000,36.86000061035156,36.880001068115234,37.279998779296875,36.77000045776367,30.922027587890625
2005-07-15,5659700,37.29999923706055,36.86000061035156,37.369998931884766,36.86000061035156,30.90523910522461
2005-07-14,4926800,38.189998626708984,37.369998931884766,38.349998474121094,37.310001373291016,31.332866668701172
2005-07-13,3575700,38.349998474121094,38.040000915527344,38.40999984741211,37.9900016784668,31.894615173339844
2005-07-12,3784000,38.97999954223633,38.459999084472656,39.08000183105469,38.369998931884766,32.24677276611328
2005-07-11,3934900,38.25,38.65999984741211,38.91999816894531,38.04999923706055,32.41446304321289
2005-07-08,3551300,38.20000076293945,38.04999923706055,38.68000030517578,37.97999954223633,31.90302848815918
2005-07-07,4462900,38.5099983215332,38.11000061035156,38.75,37.83000183105469,31.953323364257812
2005-07-06,3678500,38.20000076293945,38.25,38.810001373291016,38.18000030517578,32.070709228515625
2005-07-05,4758600,38.5,38.02000045776367,38.58000183105469,37.959999084472656,31.87786102294922
2005-07-01,4032400,38.95000076293945,38.93000030517578,39.25,37.9900016784668,32.640846252441406
2005-06-30,3663200,39.720001220703125,39.029998779296875,39.86000061035156,38.900001525878906,32.724693298339844
2005-06-29,3977300,38.59000015258789,39.72999954223633,39.86000061035156,38.58000183105469,33.31159973144531
2005-06-28,3694500,38.83000183105469,38.619998931884766,38.88999938964844,38.369998931884766,32.38092803955078
2005-06-27,3346400,39.70000076293945,39.08000183105469,39.709999084472656,39.06999969482422,32.766639709472656
2005-06-24,4886700,39.650001525878906,39.709999084472656,40.29999923706055,39.150001525878906,33.294837951660156
2005-06-23,4077300,39.4900016784668,39.5099983215332,40.34000015258789,39.439998626708984,33.12714767456055
2005-06-22,2445000,39.529998779296875,39.4900016784668,39.59000015258789,39.150001525878906,33.11038589477539
2005-06-21,4110100,39.150001525878906,39.52000045776367,39.79999923706055,38.77000045776367,33.13553237915039
2005-06-20,3867200,40.150001525878906,39.34000015258789,40.209999084472656,39.27000045776367,32.984622955322266
2005-06-17,5953500,40.33000183105469,39.9900016784668,40.33000183105469,39.72999954223633,33.52961730957031
2005-06-16,6148900,39.130001068115234,39.720001220703125,39.849998474121094,38.93000030517578,33.30322265625
2005-06-15,3802600,38.099998474121094,38.38999938964844,38.650001525878906,38.099998474121094,32.18809509277344
2005-06-14,4360400,38.540000915527344,38.08000183105469,38.540000915527344,37.68000030517578,31.92817497253418
2005-06-13,7598600,38.25,38.529998779296875,38.79999923706055,38.02000045776367,32.30546951293945
2005-06-10,6204100,36.939998626708984,38.06999969482422,38.2400016784668,36.66999816894531,31.919775009155273
2005-06-09,4448600,36.75,36.869998931884766,36.91999816894531,36.380001068115234,30.913646697998047
2005-06-08,3892500,36.9900016784668,36.75,37.38999938964844,36.619998931884766,30.81302833557129
2005-06-07,4465900,37.619998931884766,36.880001068115234,37.619998931884766,36.880001068115234,30.922027587890625
2005-06-06,4513800,38.54999923706055,37.61000061035156,38.599998474121094,37.58000183105469,31.53408432006836
2005-06-03,5032700,38.040000915527344,38.04999923706055,38.5,37.849998474121094,31.90302848815918
2005-06-02,6947800,38.2400016784668,37.650001525878906,38.849998474121094,37.59000015258789,31.56763458251953
2005-06-01,5473700,37.29999923706055,37.7599983215332,37.97999954223633,37.040000915527344,31.65985107421875
2005-05-31,6043700,36.84000015258789,37.2400016784668,37.4900016784668,36.599998474121094,31.223865509033203
2005-05-27,4320700,36.68000030517578,37.59000015258789,37.70000076293945,36.61000061035156,31.517324447631836
2005-05-26,2549200,36.689998626708984,36.5,36.84000015258789,36.4900016784668,30.519577026367188
2005-05-25,3946600,36.97999954223633,36.689998626708984,37.02000045776367,36.31999969482422,30.67842674255371
2005-05-24,4992500,36.2400016784668,36.77000045776367,36.90999984741211,36.20000076293945,30.745336532592773
2005-05-23,5026200,35.41999816894531,35.90999984741211,36.720001220703125,35.290000915527344,30.026241302490234
2005-05-20,4039100,35.779998779296875,35.43000030517578,35.790000915527344,35.290000915527344,29.624889373779297
2005-05-19,4363800,35.9900016784668,35.9900016784668,36.18000030517578,35.529998779296875,30.09312629699707
2005-05-18,4694100,35.84000015258789,36.099998474121094,36.470001220703125,35.599998474121094,30.185094833374023
2005-05-17,6364200,35.2400016784668,35.5099983215332,35.650001525878906,35.220001220703125,29.6917724609375
2005-05-16,7032700,35.150001525878906,35.099998474121094,35.7599983215332,34.900001525878906,29.348957061767578
2005-05-13,7122000,36.0,35.310001373291016,36.40999984741211,35.04999923706055,29.524538040161133
2005-05-12,5519400,37.0,36.09000015258789,37.0099983215332,35.959999084472656,30.17674446105957
2005-05-11,4376900,37.529998779296875,37.18000030517578,37.709999084472656,36.900001525878906,31.088157653808594
2005-05-10,3375300,38.31999969482422,37.529998779296875,38.5,37.40999984741211,31.38079261779785
2005-05-09,2179400,38.119998931884766,38.290000915527344,38.34000015258789,37.880001068115234,32.01628875732422
2005-05-06,3434800,38.20000076293945,38.119998931884766,38.25,37.65999984741211,31.874135971069336
2005-05-05,3193100,38.86000061035156,38.470001220703125,38.869998931884766,38.27000045776367,32.16679382324219
2005-05-04,4641900,38.540000915527344,38.86000061035156,38.88999938964844,38.290000915527344,32.49289321899414
2005-05-03,4707500,37.58000183105469,38.119998931884766,38.189998626708984,37.45000076293945,31.874135971069336
2005-05-02,3638600,37.849998474121094,37.720001220703125,37.88999938964844,37.36000061035156,31.53965950012207
2005-04-29,8445800,37.04999923706055,37.970001220703125,38.22999954223633,37.04999923706055,31.74873161315918
2005-04-28,9457100,37.349998474121094,36.83000183105469,37.400001525878906,36.27000045776367,30.795513153076172
2005-04-27,14014800,38.5,37.70000076293945,39.0,37.099998474121094,31.522945404052734
2005-04-26,4155400,41.619998931884766,40.25,41.630001068115234,40.22999954223633,33.6551399230957
2005-04-25,3192000,40.70000076293945,40.91999816894531,40.93000030517578,40.189998626708984,34.21537399291992
2005-04-22,4261000,41.02000045776367,40.72999954223633,41.29999923706055,40.34000015258789,34.056495666503906
2005-04-21,4205600,41.2400016784668,40.77000045776367,41.459999084472656,40.599998474121094,34.089942932128906
2005-04-20,4601700,41.70000076293945,41.220001220703125,42.11000061035156,41.0,34.46620178222656
2005-04-19,4566600,40.9900016784668,41.849998474121094,42.0,40.81999969482422,34.992977142333984
2005-04-18,4665300,40.0,40.849998474121094,40.9900016784668,39.79999923706055,34.156829833984375
2005-04-15,4821500,40.18000030517578,39.77000045776367,40.7599983215332,39.599998474121094,33.25379943847656
2005-04-14,6742000,40.900001525878906,40.209999084472656,41.02000045776367,39.79999923706055,33.621700286865234
2005-04-13,3389200,41.84000015258789,41.439998626708984,42.08000183105469,41.25,34.65015411376953
2005-04-12,4234500,41.79999923706055,41.810001373291016,41.939998626708984,41.08000183105469,34.959556579589844
2005-04-11,2661300,42.290000915527344,41.849998474121094,42.36000061035156,41.7400016784668,34.992977142333984
2005-04-08,2448500,42.09000015258789,41.97999954223633,42.45000076293945,41.7599983215332,35.10169982910156
2005-04-07,2113200,42.22999954223633,42.220001220703125,42.54999923706055,41.97999954223633,35.3023681640625
2005-04-06,2486400,42.040000915527344,42.15999984741211,42.41999816894531,41.75,35.252193450927734
2005-04-05,2395000,41.90999984741211,41.77000045776367,42.34000015258789,41.65999984741211,34.926109313964844
2005-04-04,3530500,42.220001220703125,41.81999969482422,42.2599983215332,41.529998779296875,34.967891693115234
2005-04-01,4348000,42.0,42.45000076293945,42.599998474121094,41.61000061035156,35.494686126708984
2005-03-31,4632800,42.849998474121094,42.25,42.9900016784668,42.2400016784668,35.327449798583984
2005-03-30,4390800,41.630001068115234,42.40999984741211,42.529998779296875,41.61000061035156,35.461219787597656
2005-03-29,5190900,41.630001068115234,41.47999954223633,42.11000061035156,41.40999984741211,34.68360900878906
2005-03-28,4968300,41.70000076293945,41.70000076293945,42.29999923706055,41.68000030517578,34.86756134033203
2005-03-24,3502900,42.189998626708984,41.790000915527344,42.38999938964844,41.68000030517578,34.94281768798828
2005-03-23,6460200,42.79999923706055,41.86000061035156,43.099998474121094,41.86000061035156,35.001346588134766
2005-03-22,5009000,43.63999938964844,42.709999084472656,44.130001068115234,42.70000076293945,35.71207046508789
2005-03-21,3920600,43.720001220703125,43.52000045776367,43.86000061035156,43.40999984741211,36.38935852050781
2005-03-18,4037100,44.61000061035156,44.7599983215332,44.79999923706055,44.27000045776367,37.42618942260742
2005-03-17,3805800,44.41999816894531,44.63999938964844,44.88999938964844,44.06999969482422,37.32585144042969
2005-03-16,4115600,45.43000030517578,44.939998626708984,45.779998779296875,44.72999954223633,37.57670593261719
2005-03-15,2816000,45.5,45.119998931884766,45.61000061035156,45.0099983215332,37.727195739746094
2005-03-14,4045200,45.34000015258789,45.290000915527344,45.349998474121094,44.560001373291016,37.869346618652344
2005-03-11,3524600,45.77000045776367,45.68000030517578,46.599998474121094,45.47999954223633,38.19545364379883
2005-03-10,4827100,46.29999923706055,45.7400016784668,46.459999084472656,45.33000183105469,38.245628356933594
2005-03-09,6011900,46.0,46.2400016784668,46.63999938964844,45.900001525878906,38.663692474365234
2005-03-08,6237800,44.93000030517578,45.86000061035156,46.310001373291016,44.90999984741211,38.34595489501953
2005-03-07,2944200,44.75,44.4900016784668,44.97999954223633,44.38999938964844,37.20041275024414
2005-03-04,4388200,43.95000076293945,44.630001068115234,44.869998931884766,43.95000076293945,37.3174934387207
2005-03-03,3593300,44.0,43.47999954223633,44.0,43.400001525878906,36.35593032836914
2005-03-02,5171200,43.900001525878906,44.099998474121094,44.18000030517578,43.38999938964844,36.87431716918945
2005-03-01,4381900,44.52000045776367,44.04999923706055,44.58000183105469,43.880001068115234,36.83251953125
2005-02-28,4455400,45.02000045776367,45.0,45.25,44.7599983215332,37.54325485229492
2005-02-25,3572300,44.79999923706055,44.81999969482422,45.2400016784668,44.529998779296875,37.393096923828125
2005-02-24,4331100,44.81999969482422,44.70000076293945,45.0,44.13999938964844,37.29298400878906
2005-02-23,5968000,44.0,44.72999954223633,44.83000183105469,43.63999938964844,37.3179817199707
2005-02-22,8813700,43.849998474121094,44.5,44.5,43.29999923706055,37.1261100769043
2005-02-18,3025300,42.66999816894531,42.470001220703125,42.779998779296875,42.41999816894531,35.432491302490234
2005-02-17,4568000,42.72999954223633,42.630001068115234,42.79999923706055,42.29999923706055,35.565975189208984
2005-02-16,5082200,42.20000076293945,42.540000915527344,42.790000915527344,41.869998931884766,35.49089050292969
2005-02-15,4148400,42.20000076293945,42.34000015258789,42.599998474121094,41.95000076293945,35.324039459228516
2005-02-14,4589800,42.599998474121094,42.20000076293945,42.70000076293945,42.18000030517578,35.20722579956055
2005-02-11,6090100,41.880001068115234,42.130001068115234,42.22999954223633,41.52000045776367,35.14881896972656
2005-02-10,7466300,40.77000045776367,41.38999938964844,41.52000045776367,40.689998626708984,34.53145217895508
2005-02-09,6628900,40.27000045776367,40.5,40.63999938964844,40.06999969482422,33.78893280029297
2005-02-08,6656800,40.18000030517578,40.400001525878906,40.68000030517578,40.13999938964844,33.70549774169922
2005-02-07,7101300,41.599998474121094,40.540000915527344,41.7400016784668,40.27000045776367,33.822296142578125
2005-02-04,4653700,40.88999938964844,41.380001068115234,41.38999938964844,40.54999923706055,34.523109436035156
2005-02-03,4975800,40.650001525878906,40.880001068115234,41.130001068115234,40.599998474121094,34.10596466064453
2005-02-02,3170600,41.47999954223633,41.560001373291016,41.779998779296875,41.08000183105469,34.673282623291016
2005-02-01,3768500,41.470001220703125,41.439998626708984,41.72999954223633,41.18000030517578,34.573150634765625
2005-01-31,4176500,42.0,41.59000015258789,42.0,41.369998931884766,34.69831466674805
2005-01-28,3263600,42.2599983215332,42.0,42.400001525878906,41.68000030517578,35.04035949707031
2005-01-27,3468500,41.790000915527344,42.099998474121094,42.41999816894531,41.709999084472656,35.12379455566406
2005-01-26,2829500,42.0,42.040000915527344,42.310001373291016,41.939998626708984,35.07372283935547
2005-01-25,4056700,42.209999084472656,41.619998931884766,42.209999084472656,41.61000061035156,34.72334289550781
2005-01-24,4074900,42.75,42.20000076293945,42.93000030517578,42.13999938964844,35.20722579956055
2005-01-21,5635200,41.900001525878906,42.5,42.83000183105469,41.900001525878906,35.457515716552734
2005-01-20,3809400,42.08000183105469,41.7599983215332,42.400001525878906,41.7599983215332,34.84012222290039
2005-01-19,4150100,42.810001373291016,42.31999969482422,42.939998626708984,41.849998474121094,35.30733871459961
2005-01-18,4213900,41.79999923706055,42.459999084472656,42.5099983215332,41.599998474121094,35.42414855957031
2005-01-14,3095200,41.900001525878906,41.869998931884766,42.220001220703125,41.779998779296875,34.931915283203125
2005-01-13,4032900,42.77000045776367,42.290000915527344,42.77000045776367,42.15999984741211,35.282310485839844
2005-01-12,5967800,43.0,42.77000045776367,43.150001525878906,42.54999923706055,35.68278121948242
2005-01-11,5719700,41.939998626708984,42.439998626708984,42.54999923706055,41.849998474121094,35.40746307373047
2005-01-10,5224900,41.83000183105469,41.65999984741211,42.119998931884766,41.369998931884766,34.7567253112793
2005-01-07,5804200,41.959999084472656,41.5,42.439998626708984,41.380001068115234,34.62321853637695
2005-01-06,4993800,41.650001525878906,41.599998474121094,42.290000915527344,41.2599983215332,34.70664978027344
2005-01-05,5133400,42.0,41.66999816894531,42.459999084472656,41.61000061035156,34.765052795410156
2005-01-04,10778000,42.400001525878906,41.56999969482422,42.689998626708984,41.439998626708984,34.681617736816406
2005-01-03,9100300,43.79999923706055,42.36000061035156,43.79999923706055,42.220001220703125,35.34070587158203
2004-12-31,2324500,44.54999923706055,44.40999984741211,44.79999923706055,44.349998474121094,37.05100631713867
2004-12-30,3360800,44.43000030517578,44.540000915527344,44.900001525878906,44.36000061035156,37.159488677978516
2004-12-29,3528800,44.0,44.43000030517578,44.45000076293945,43.77000045776367,37.06769943237305
2004-12-28,2589000,45.0099983215332,44.689998626708984,45.18000030517578,44.31999969482422,37.28462600708008
2004-12-27,2796100,45.099998474121094,45.040000915527344,45.380001068115234,44.88999938964844,37.57662582397461
2004-12-23,2157900,44.900001525878906,44.970001220703125,45.310001373291016,44.810001373291016,37.518226623535156
2004-12-22,4332200,45.47999954223633,44.72999954223633,45.47999954223633,44.38999938964844,37.3179817199707
2004-12-21,4994500,45.54999923706055,45.45000076293945,45.869998931884766,45.20000076293945,37.9186897277832
2004-12-20,3080200,45.150001525878906,44.90999984741211,45.439998626708984,44.79999923706055,37.46816635131836
2004-12-17,5383800,44.599998474121094,44.650001525878906,45.16999816894531,44.599998474121094,37.25124740600586
2004-12-16,7070800,45.5,44.81999969482422,45.689998626708984,44.439998626708984,37.393096923828125
2004-12-15,4789000,46.08000183105469,45.75,46.400001525878906,45.720001220703125,38.168968200683594
2004-12-14,6104300,45.45000076293945,45.66999816894531,45.709999084472656,44.86000061035156,38.10222244262695
2004-12-13,4699500,44.779998779296875,45.54999923706055,45.54999923706055,44.77000045776367,38.002113342285156
2004-12-10,4045600,44.5099983215332,44.58000183105469,45.279998779296875,44.439998626708984,37.192832946777344
2004-12-09,4918400,44.41999816894531,44.95000076293945,45.11000061035156,44.18000030517578,37.50153732299805
2004-12-08,10418800,43.0,44.7599983215332,44.849998474121094,43.0,37.343013763427734
2004-12-07,5103400,45.869998931884766,45.310001373291016,46.18000030517578,45.29999923706055,37.8018798828125
2004-12-06,4811000,45.959999084472656,45.95000076293945,46.34000015258789,45.5,38.33583450317383
2004-12-03,7537600,45.5,46.380001068115234,47.25,45.130001068115234,38.6945686340332
2004-12-02,8203100,47.0,45.869998931884766,47.439998626708984,45.29999923706055,38.26907730102539
2004-12-01,5666900,47.58000183105469,47.16999816894531,47.9900016784668,47.16999816894531,39.35367202758789
2004-11-30,8798200,48.54999923706055,47.349998474121094,48.810001373291016,47.29999923706055,39.50384521484375
2004-11-29,5493300,48.88999938964844,49.209999084472656,49.68000030517578,48.75,41.055633544921875
2004-11-26,3215900,47.880001068115234,48.9900016784668,49.279998779296875,47.70000076293945,40.78865432739258
2004-11-24,5482800,48.54999923706055,47.869998931884766,48.75,47.779998779296875,39.85615539550781
2004-11-23,5369400,49.38999938964844,48.349998474121094,49.38999938964844,48.31999969482422,40.25579071044922
2004-11-22,4409000,49.02000045776367,49.38999938964844,49.4900016784668,48.869998931884766,41.12168502807617
2004-11-19,6537200,48.97999954223633,49.16999816894531,49.4900016784668,48.720001220703125,40.93852233886719
2004-11-18,6307500,49.25,48.630001068115234,49.560001373291016,48.31999969482422,40.48892593383789
2004-11-17,5418700,49.95000076293945,49.54999923706055,49.97999954223633,49.540000915527344,41.25489807128906
2004-11-16,5995400,48.93000030517578,49.20000076293945,49.709999084472656,48.93000030517578,40.963504791259766
2004-11-15,4390100,49.650001525878906,48.880001068115234,49.75,48.709999084472656,40.69708251953125
2004-11-12,5767000,48.849998474121094,49.650001525878906,49.65999984741211,48.290000915527344,41.33817672729492
2004-11-11,3700300,48.45000076293945,48.59000015258789,48.790000915527344,48.150001525878906,40.45561218261719
2004-11-10,6693100,48.97999954223633,48.349998474121094,49.0,47.880001068115234,40.25579071044922
2004-11-09,5581400,48.560001373291016,49.02000045776367,49.59000015258789,48.560001373291016,40.81364440917969
2004-11-08,5065800,49.0,48.97999954223633,49.36000061035156,48.5,40.78034210205078
2004-11-05,5984100,47.400001525878906,49.04999923706055,49.099998474121094,47.36000061035156,40.83860778808594
2004-11-04,5990700,48.45000076293945,47.939998626708984,48.540000915527344,47.529998779296875,39.9144287109375
2004-11-03,4356000,46.70000076293945,47.0,47.08000183105469,46.400001525878906,39.13180923461914
2004-11-02,6938200,46.4900016784668,45.810001373291016,46.4900016784668,45.060001373291016,38.14100646972656
2004-11-01,4959600,47.52000045776367,46.81999969482422,47.79999923706055,46.599998474121094,38.98193359375
2004-10-29,4268400,47.0,47.52000045776367,47.709999084472656,46.43000030517578,39.56474304199219
2004-10-28,4631500,46.61000061035156,46.540000915527344,47.56999969482422,46.20000076293945,38.748802185058594
2004-10-27,6008000,47.900001525878906,46.79999923706055,48.08000183105469,46.5099983215332,38.96528625488281
2004-10-26,5534300,47.560001373291016,47.790000915527344,47.790000915527344,47.029998779296875,39.78953170776367
2004-10-25,6802300,46.68000030517578,47.65999984741211,47.75,46.650001525878906,39.681297302246094
2004-10-22,3907000,46.599998474121094,46.119998931884766,46.7400016784668,45.75,38.39911651611328
2004-10-21,4876500,46.0,46.40999984741211,46.7400016784668,45.849998474121094,38.64057922363281
2004-10-20,6131300,45.7400016784668,46.20000076293945,46.47999954223633,45.7400016784668,38.46573257446289
2004-10-19,3663600,45.099998474121094,44.790000915527344,45.38999938964844,44.790000915527344,37.29177474975586
2004-10-18,5181600,45.29999923706055,44.75,45.31999969482422,44.20000076293945,37.258480072021484
2004-10-15,5279300,44.79999923706055,44.779998779296875,45.27000045776367,44.58000183105469,37.2834358215332
2004-10-14,4082500,44.27000045776367,44.130001068115234,44.41999816894531,43.7400016784668,36.74226760864258
2004-10-13,8480500,43.900001525878906,43.970001220703125,44.16999816894531,43.11000061035156,36.60905456542969
2004-10-12,4753700,44.9900016784668,44.5,45.040000915527344,44.380001068115234,37.050323486328125
2004-10-11,3332000,46.20000076293945,45.84000015258789,46.2599983215332,45.45000076293945,38.16600036621094
2004-10-08,5589000,46.5,46.25,46.939998626708984,46.25,38.507354736328125
2004-10-07,3826800,46.099998474121094,45.599998474121094,46.2599983215332,45.529998779296875,37.9661750793457
2004-10-06,4360000,45.400001525878906,46.099998474121094,46.2599983215332,45.400001525878906,38.38245391845703
2004-10-05,4892300,44.97999954223633,45.790000915527344,46.0,44.75,38.124366760253906
2004-10-04,5426700,44.119998931884766,44.63999938964844,44.95000076293945,43.83000183105469,37.16688919067383
2004-10-01,3803400,45.529998779296875,45.040000915527344,45.529998779296875,44.84000015258789,37.49992752075195
2004-09-30,6014300,44.849998474121094,45.529998779296875,46.11000061035156,44.810001373291016,37.90788269042969
2004-09-29,5393700,44.36000061035156,44.279998779296875,44.79999923706055,44.06999969482422,36.86715316772461
2004-09-28,6622000,43.75,44.290000915527344,44.34000015258789,43.38999938964844,36.875465393066406
2004-09-27,4017500,42.560001373291016,42.599998474121094,43.099998474121094,42.34000015258789,35.468406677246094
2004-09-24,3719800,42.25,42.34000015258789,42.72999954223633,42.0099983215332,35.25193786621094
2004-09-23,4794900,42.75,42.349998474121094,43.04999923706055,42.25,35.26024627685547
2004-09-22,5652200,42.349998474121094,42.220001220703125,42.88999938964844,42.220001220703125,35.15201187133789
2004-09-21,5202500,42.54999923706055,42.88999938964844,42.97999954223633,42.25,35.7098388671875
2004-09-20,4051700,41.630001068115234,41.720001220703125,42.20000076293945,41.58000183105469,34.73571014404297
2004-09-17,7938500,42.599998474121094,41.54999923706055,42.7400016784668,41.349998474121094,34.59416961669922
2004-09-16,3686100,43.099998474121094,42.779998779296875,43.29999923706055,42.75,35.618263244628906
2004-09-15,3340100,43.91999816894531,43.290000915527344,43.95000076293945,43.290000915527344,36.04288864135742
2004-09-14,3964700,43.72999954223633,44.13999938964844,44.2400016784668,43.349998474121094,36.750587463378906
2004-09-13,3308200,43.20000076293945,43.400001525878906,43.720001220703125,42.93000030517578,36.134483337402344
2004-09-10,3230000,43.630001068115234,43.29999923706055,43.849998474121094,43.099998474121094,36.05121612548828
2004-09-09,2699200,42.779998779296875,43.099998474121094,43.2599983215332,42.779998779296875,35.88468551635742
2004-09-08,4605000,42.81999969482422,43.04999923706055,43.47999954223633,42.5,35.84306335449219
2004-09-07,3891600,43.0,43.41999816894531,43.5,42.599998474121094,36.1511116027832
2004-09-03,2836200,44.0,43.65999984741211,44.0,43.349998474121094,36.35093688964844
2004-09-02,2710600,44.75,44.4900016784668,44.75,44.220001220703125,37.0419921875
2004-09-01,3053500,44.31999969482422,44.790000915527344,44.84000015258789,44.02000045776367,37.29177474975586
2004-08-31,3210600,43.9900016784668,44.38999938964844,44.45000076293945,43.790000915527344,36.89629364013672
2004-08-30,4188700,44.18000030517578,43.709999084472656,44.77000045776367,43.689998626708984,36.331092834472656
2004-08-27,2733300,43.900001525878906,43.959999084472656,44.06999969482422,43.40999984741211,36.53888702392578
2004-08-26,2047200,44.150001525878906,43.869998931884766,44.20000076293945,43.5,36.46408462524414
2004-08-25,3589300,43.36000061035156,44.040000915527344,44.09000015258789,43.29999923706055,36.605369567871094
2004-08-24,5896200,43.349998474121094,42.849998474121094,43.7599983215332,42.75,35.61625289916992
2004-08-23,3939800,43.880001068115234,43.77000045776367,43.9900016784668,43.459999084472656,36.38096237182617
2004-08-20,6839400,44.29999923706055,44.380001068115234,44.7400016784668,44.099998474121094,36.88797378540039
2004-08-19,7751500,42.900001525878906,44.029998779296875,44.25,42.689998626708984,36.597076416015625
2004-08-18,3409300,41.70000076293945,42.27000045776367,42.38999938964844,41.54999923706055,35.134178161621094
2004-08-17,3143300,41.0,41.880001068115234,42.2599983215332,41.0,34.81002426147461
2004-08-16,3961600,41.15999984741211,41.9900016784668,41.9900016784668,41.15999984741211,34.901466369628906
2004-08-13,3585500,40.349998474121094,40.91999816894531,40.97999954223633,40.349998474121094,34.0120964050293
2004-08-12,3419300,40.31999969482422,40.189998626708984,40.650001525878906,39.79999923706055,33.40530776977539
2004-08-11,3678800,40.70000076293945,40.279998779296875,40.709999084472656,39.849998474121094,33.48012161254883
2004-08-10,4402500,40.720001220703125,40.81999969482422,41.56999969482422,40.599998474121094,33.9289665222168
2004-08-09,3798600,40.5,40.709999084472656,40.95000076293945,40.150001525878906,33.8375244140625
2004-08-06,6389500,40.0,40.63999938964844,40.83000183105469,39.65999984741211,33.77935028076172
2004-08-05,3507500,39.380001068115234,38.599998474121094,39.7400016784668,38.560001373291016,32.08373260498047
2004-08-04,3880800,40.0,39.33000183105469,40.0099983215332,39.22999954223633,32.69050216674805
2004-08-03,3532600,40.04999923706055,40.369998931884766,41.150001525878906,39.849998474121094,33.554927825927734
2004-08-02,2515100,40.65999984741211,40.41999816894531,40.939998626708984,40.150001525878906,33.59649658203125
2004-07-30,4457000,40.04999923706055,40.470001220703125,40.75,40.0099983215332,33.638057708740234
2004-07-29,4354100,39.189998626708984,39.54999923706055,39.900001525878906,38.79999923706055,32.87336730957031
2004-07-28,5162200,38.5099983215332,39.400001525878906,39.939998626708984,38.31999969482422,32.748680114746094
2004-07-27,5275300,38.65999984741211,38.95000076293945,39.13999938964844,37.650001525878906,32.3746452331543
2004-07-26,4222800,39.290000915527344,38.380001068115234,39.29999923706055,38.150001525878906,31.900882720947266
2004-07-23,5108800,39.54999923706055,39.0,40.040000915527344,39.0,32.416229248046875
2004-07-22,4358700,40.119998931884766,40.47999954223633,40.70000076293945,39.900001525878906,33.646358489990234
2004-07-21,4696300,41.25,40.20000076293945,41.38999938964844,40.119998931884766,33.41363525390625
2004-07-20,4269000,40.79999923706055,41.400001525878906,41.5,40.599998474121094,34.41105651855469
2004-07-19,3663800,42.04999923706055,41.439998626708984,42.20000076293945,41.06999969482422,34.444297790527344
2004-07-16,3886100,42.47999954223633,42.2599983215332,42.70000076293945,41.88999938964844,35.1258659362793
2004-07-15,3015700,41.58000183105469,41.900001525878906,42.150001525878906,41.33000183105469,34.8266487121582
2004-07-14,4795300,41.630001068115234,41.790000915527344,42.2400016784668,41.5,34.7352180480957
2004-07-13,3625500,40.900001525878906,41.29999923706055,41.38999938964844,40.54999923706055,34.32793045043945
2004-07-12,5114800,42.2400016784668,41.4900016784668,42.25,41.2599983215332,34.485862731933594
2004-07-09,4650900,41.599998474121094,42.34000015258789,42.349998474121094,41.349998474121094,35.19236755371094
2004-07-08,7906900,41.47999954223633,42.040000915527344,42.150001525878906,41.11000061035156,34.942996978759766
2004-07-07,9198200,40.04999923706055,41.119998931884766,41.290000915527344,39.7400016784668,34.17832565307617
2004-07-06,6286900,39.779998779296875,39.38999938964844,39.91999816894531,38.77000045776367,32.740352630615234
2004-07-02,3504200,38.70000076293945,39.15999984741211,39.25,38.61000061035156,32.5492057800293
2004-07-01,3822500,38.70000076293945,38.11000061035156,38.95000076293945,38.0,31.67644691467285
2004-06-30,3533500,38.459999084472656,38.7599983215332,39.0,38.20000076293945,32.21671676635742
2004-06-29,4367900,38.70000076293945,38.08000183105469,38.70000076293945,37.939998626708984,31.651519775390625
2004-06-28,5097500,40.400001525878906,38.810001373291016,40.65999984741211,38.7599983215332,32.258277893066406
2004-06-25,2403100,39.70000076293945,39.79999923706055,39.9900016784668,39.540000915527344,33.081153869628906
2004-06-24,5960300,40.189998626708984,39.70000076293945,40.189998626708984,39.5,32.998046875
2004-06-23,3138200,39.369998931884766,38.84000015258789,39.369998931884766,38.52000045776367,32.283203125
2004-06-22,3446300,39.130001068115234,39.06999969482422,39.279998779296875,38.83000183105469,32.474388122558594
2004-06-21,3196200,39.41999816894531,39.0,39.45000076293945,38.619998931884766,32.416229248046875
2004-06-18,6056300,39.20000076293945,39.119998931884766,39.77000045776367,39.060001373291016,32.51594161987305
2004-06-17,4563200,38.5,38.54999923706055,39.0,37.90999984741211,32.04216766357422
2004-06-16,4036800,37.31999969482422,37.9900016784668,38.119998931884766,37.11000061035156,31.576702117919922
2004-06-15,4283200,37.150001525878906,37.970001220703125,38.0,37.029998779296875,31.560094833374023
2004-06-14,4367500,37.709999084472656,36.779998779296875,37.790000915527344,36.439998626708984,30.570981979370117
2004-06-10,3744600,37.650001525878906,37.939998626708984,38.47999954223633,37.52000045776367,31.535144805908203
2004-06-09,6637200,38.75,37.5099983215332,38.7599983215332,37.5,31.1777286529541
2004-06-08,2922300,39.81999969482422,39.4900016784668,39.91999816894531,38.95000076293945,32.823490142822266
2004-06-07,2513100,39.560001373291016,39.970001220703125,40.099998474121094,39.560001373291016,33.222450256347656
2004-06-04,4063300,38.47999954223633,39.40999984741211,39.720001220703125,38.279998779296875,32.75700378417969
2004-06-03,4298600,38.95000076293945,38.47999954223633,39.029998779296875,38.209999084472656,31.983989715576172
2004-06-02,4078700,39.220001220703125,38.81999969482422,39.220001220703125,38.349998474121094,32.266605377197266
2004-06-01,4816700,40.099998474121094,39.060001373291016,40.349998474121094,38.95000076293945,32.46607208251953
2004-05-28,4126100,40.29999923706055,39.709999084472656,40.29999923706055,39.58000183105469,33.00635528564453
2004-05-27,4889100,40.43000030517578,40.16999816894531,40.5,39.970001220703125,33.32634735107422
2004-05-26,6361500,40.0,39.779998779296875,40.20000076293945,39.47999954223633,33.00279998779297
2004-05-25,5044600,39.29999923706055,39.79999923706055,39.93000030517578,39.20000076293945,33.019378662109375
2004-05-24,3682500,38.58000183105469,38.7599983215332,38.869998931884766,38.119998931884766,32.15657043457031
2004-05-21,4870600,38.52000045776367,38.400001525878906,38.81999969482422,38.29999923706055,31.857908248901367
2004-05-20,3571500,37.84000015258789,37.630001068115234,38.130001068115234,37.279998779296875,31.219099044799805
2004-05-19,6833100,38.220001220703125,37.84000015258789,38.880001068115234,37.689998626708984,31.393314361572266
2004-05-18,3862700,36.849998474121094,37.540000915527344,37.540000915527344,36.59000015258789,31.14441680908203
2004-05-17,6935500,37.79999923706055,37.0,38.13999938964844,36.720001220703125,30.69640350341797
2004-05-14,4618200,36.36000061035156,36.95000076293945,37.0,36.34000015258789,30.65494155883789
2004-05-13,3883700,36.400001525878906,36.189998626708984,36.849998474121094,35.83000183105469,30.0244083404541
2004-05-12,6861100,37.400001525878906,36.47999954223633,37.849998474121094,36.150001525878906,30.265016555786133
2004-05-11,4999600,36.02000045776367,36.70000076293945,36.7400016784668,35.56999969482422,30.447521209716797
2004-05-10,9504500,34.70000076293945,36.33000183105469,36.95000076293945,34.70000076293945,30.14056968688965
2004-05-07,10150300,37.150001525878906,35.40999984741211,37.619998931884766,35.34000015258789,29.377294540405273
2004-05-06,5569100,38.290000915527344,37.86000061035156,38.45000076293945,37.650001525878906,31.409914016723633
2004-05-05,4111000,39.11000061035156,38.61000061035156,39.25,38.529998779296875,32.03213882446289
2004-05-04,6517800,38.400001525878906,39.040000915527344,39.11000061035156,38.25,32.38887023925781
2004-05-03,5337700,37.40999984741211,37.380001068115234,37.7400016784668,36.880001068115234,31.011676788330078
2004-04-30,5204100,37.79999923706055,37.400001525878906,38.29999923706055,37.27000045776367,31.028270721435547
2004-04-29,7602800,37.75,37.45000076293945,38.4900016784668,37.04999923706055,31.06975746154785
2004-04-28,12498000,38.599998474121094,37.470001220703125,38.900001525878906,37.400001525878906,31.086349487304688
2004-04-27,4593200,40.70000076293945,40.189998626708984,40.83000183105469,40.02000045776367,33.34295654296875
2004-04-26,3694900,40.79999923706055,40.54999923706055,41.380001068115234,40.5,33.64160919189453
2004-04-23,4012300,41.0,40.400001525878906,41.040000915527344,40.13999938964844,33.51716995239258
2004-04-22,5651300,40.040000915527344,40.68000030517578,41.189998626708984,40.0,33.74945831298828
2004-04-21,11072700,39.209999084472656,39.880001068115234,40.630001068115234,38.81999969482422,33.08577346801758
2004-04-20,9177400,41.900001525878906,39.93000030517578,42.0099983215332,39.59000015258789,33.12723922729492
2004-04-19,4344100,43.18000030517578,42.43000030517578,43.290000915527344,42.20000076293945,35.201332092285156
2004-04-16,4214900,43.279998779296875,43.060001373291016,43.47999954223633,42.95000076293945,35.72399139404297
2004-04-15,4687100,42.400001525878906,43.04999923706055,43.560001373291016,42.380001068115234,35.715702056884766
2004-04-14,7283800,42.099998474121094,42.63999938964844,43.38999938964844,41.9900016784668,35.375545501708984
2004-04-13,7618400,44.04999923706055,42.86000061035156,44.400001525878906,42.560001373291016,35.558067321777344
2004-04-12,2935100,45.310001373291016,45.2599983215332,45.529998779296875,44.4900016784668,37.5491828918457
2004-04-08,2844200,44.65999984741211,45.060001373291016,45.349998474121094,44.65999984741211,37.38325881958008
2004-04-07,3387700,45.20000076293945,45.36000061035156,45.849998474121094,45.130001068115234,37.632144927978516
2004-04-06,3617100,45.0,45.29999923706055,45.540000915527344,45.0,37.582374572753906
2004-04-05,5770300,45.599998474121094,44.849998474121094,45.75,44.5,37.209022521972656
2004-04-02,6200300,46.0099983215332,45.880001068115234,46.279998779296875,45.150001525878906,38.063568115234375
2004-04-01,4860200,46.93000030517578,46.75,47.31999969482422,46.56999969482422,38.785343170166016
2004-03-31,5684700,46.900001525878906,46.630001068115234,47.220001220703125,46.400001525878906,38.685787200927734
2004-03-30,5160500,46.02000045776367,46.709999084472656,47.06999969482422,45.86000061035156,38.752140045166016
2004-03-29,4719100,45.81999969482422,46.04999923706055,46.380001068115234,45.20000076293945,38.204586029052734
2004-03-26,7192300,45.970001220703125,46.150001525878906,46.529998779296875,45.75,38.28754425048828
2004-03-25,4906500,43.599998474121094,45.209999084472656,45.25,43.5099983215332,37.50769805908203
2004-03-24,4514800,44.29999923706055,43.689998626708984,44.38999938964844,43.65999984741211,36.246665954589844
2004-03-23,5002200,44.349998474121094,44.68000030517578,45.029998779296875,44.18000030517578,37.0679931640625
2004-03-22,6609200,45.5,44.59000015258789,45.5,44.310001373291016,36.993350982666016
2004-03-19,6545000,44.45000076293945,44.380001068115234,44.75,43.939998626708984,36.81911087036133
2004-03-18,8830000,44.04999923706055,44.310001373291016,44.959999084472656,43.79999923706055,36.761043548583984
2004-03-17,8231100,42.40999984741211,43.060001373291016,43.15999984741211,41.959999084472656,35.72399139404297
2004-03-16,4556500,42.400001525878906,42.560001373291016,42.970001220703125,42.04999923706055,35.309181213378906
2004-03-15,5036100,42.66999816894531,41.9900016784668,42.97999954223633,41.849998474121094,34.836299896240234
2004-03-12,5436400,42.5,42.689998626708984,42.70000076293945,41.66999816894531,35.417030334472656
2004-03-11,5482200,42.0,42.75,42.869998931884766,41.880001068115234,35.46681213378906
2004-03-10,5977500,43.150001525878906,42.33000183105469,43.27000045776367,42.310001373291016,35.11836242675781
2004-03-09,4924100,43.650001525878906,43.45000076293945,43.90999984741211,43.02000045776367,36.04755783081055
2004-03-08,5074600,43.95000076293945,43.439998626708984,44.2599983215332,43.310001373291016,36.03925323486328
2004-03-05,5861800,43.209999084472656,43.959999084472656,44.09000015258789,43.18000030517578,36.47065734863281
2004-03-04,5636700,41.599998474121094,42.560001373291016,43.02000045776367,41.599998474121094,35.309181213378906
2004-03-03,8066200,42.099998474121094,42.06999969482422,42.540000915527344,41.08000183105469,34.902652740478516
2004-03-02,7310800,43.5,42.2599983215332,43.5099983215332,42.25,35.06028366088867
2004-03-01,4371500,44.150001525878906,43.75,44.349998474121094,43.45000076293945,36.29643630981445
2004-02-27,4520600,43.29999923706055,43.45000076293945,43.75,43.04999923706055,36.006072998046875
2004-02-26,5284100,42.58000183105469,43.4900016784668,43.81999969482422,42.36000061035156,36.03921890258789
2004-02-25,6109800,43.41999816894531,43.130001068115234,43.5,42.31999969482422,35.74089813232422
2004-02-24,7451200,42.70000076293945,43.77000045776367,44.150001525878906,42.599998474121094,36.271244049072266
2004-02-23,4608400,43.0,42.310001373291016,43.349998474121094,42.310001373291016,35.06136703491211
2004-02-20,8018300,43.70000076293945,42.75,43.70000076293945,42.349998474121094,35.42599868774414
2004-02-19,7191700,43.63999938964844,44.040000915527344,44.279998779296875,43.040000915527344,36.49500274658203
2004-02-18,6308700,45.45000076293945,43.630001068115234,45.45000076293945,43.619998931884766,36.15523910522461
2004-02-17,4934600,44.970001220703125,45.45000076293945,45.529998779296875,44.810001373291016,37.66342544555664
2004-02-13,6595200,45.220001220703125,44.2599983215332,45.52000045776367,43.810001373291016,36.677303314208984
2004-02-12,5002000,45.43000030517578,44.65999984741211,45.75,44.58000183105469,37.00875473022461
2004-02-11,6802400,44.29999923706055,45.43000030517578,45.68000030517578,43.90999984741211,37.646854400634766
2004-02-10,5368100,44.75,44.29999923706055,44.900001525878906,44.06999969482422,36.71045684814453
2004-02-09,6293800,44.5,44.63999938964844,44.75,43.81999969482422,36.99219512939453
2004-02-06,8137600,43.099998474121094,44.099998474121094,44.119998931884766,42.869998931884766,36.54470443725586
2004-02-05,5023200,41.36000061035156,42.150001525878906,42.959999084472656,41.16999816894531,34.92877960205078
2004-02-04,7119000,41.61000061035156,41.540000915527344,42.709999084472656,40.58000183105469,34.423301696777344
2004-02-03,6918400,42.25,41.5,42.630001068115234,41.45000076293945,34.39013671875
2004-02-02,8904200,41.400001525878906,41.86000061035156,41.900001525878906,40.560001373291016,34.68846893310547
2004-01-30,5306600,41.2400016784668,41.65999984741211,41.75,40.849998474121094,34.52273941040039
2004-01-29,10853000,41.5,41.099998474121094,42.060001373291016,40.5099983215332,34.05867004394531
2004-01-28,9600400,43.0,41.720001220703125,43.97999954223633,41.650001525878906,34.57246017456055
2004-01-27,6567700,41.849998474121094,42.5099983215332,43.20000076293945,41.79999923706055,35.22711181640625
2004-01-26,7769500,42.400001525878906,41.7599983215332,42.689998626708984,41.27000045776367,34.60561752319336
2004-01-23,7820900,42.88999938964844,42.25,43.689998626708984,41.900001525878906,35.01166534423828
2004-01-22,6660500,43.970001220703125,42.79999923706055,44.560001373291016,42.7599983215332,35.46742630004883
2004-01-21,7030700,43.72999954223633,44.0,44.66999816894531,42.79999923706055,36.46184539794922
2004-01-20,7510800,43.849998474121094,43.72999954223633,44.45000076293945,43.59000015258789,36.238101959228516
2004-01-16,9390100,42.900001525878906,43.08000183105469,43.38999938964844,42.099998474121094,35.6994514465332
2004-01-15,19089900,43.75,42.59000015258789,43.75,41.70000076293945,35.29340744018555
2004-01-14,11041400,45.52000045776367,44.650001525878906,45.650001525878906,44.04999923706055,37.0004768371582
2004-01-13,5689300,47.38999938964844,46.54999923706055,47.810001373291016,46.11000061035156,38.57496643066406
2004-01-12,5518400,48.54999923706055,47.5,48.560001373291016,47.040000915527344,39.36223220825195
2004-01-09,5297800,47.9900016784668,48.619998931884766,49.20000076293945,47.779998779296875,40.290340423583984
2004-01-08,5910300,47.900001525878906,47.900001525878906,48.16999816894531,47.099998474121094,39.693687438964844
2004-01-07,7057400,48.900001525878906,47.439998626708984,48.939998626708984,47.18000030517578,39.3124885559082
2004-01-06,10817500,49.900001525878906,48.84000015258789,49.900001525878906,48.11000061035156,40.472652435302734
2004-01-05,7955100,49.400001525878906,49.75,50.20000076293945,49.209999084472656,41.226741790771484
2004-01-02,2976000,48.20000076293945,48.63999938964844,49.130001068115234,48.20000076293945,40.30690002441406
2003-12-31,4169900,49.209999084472656,48.61000061035156,49.47999954223633,48.060001373291016,40.282047271728516
2003-12-30,5856800,49.349998474121094,49.15999984741211,49.75,48.599998474121094,40.73782730102539
2003-12-29,6618900,48.63999938964844,49.40999984741211,49.540000915527344,48.63999938964844,40.94499969482422
2003-12-26,2499000,46.4900016784668,47.689998626708984,47.79999923706055,46.47999954223633,39.5196647644043
2003-12-24,2110900,46.95000076293945,46.369998931884766,46.95000076293945,45.95000076293945,38.425819396972656
2003-12-23,4038700,46.0,46.290000915527344,46.290000915527344,45.130001068115234,38.359519958496094
2003-12-22,5348900,46.20000076293945,46.290000915527344,46.54999923706055,45.900001525878906,38.359519958496094
2003-12-19,6553000,46.9900016784668,45.70000076293945,46.9900016784668,45.70000076293945,37.87059783935547
2003-12-18,4865200,46.95000076293945,46.97999954223633,47.189998626708984,46.150001525878906,38.931297302246094
2003-12-17,5470700,46.130001068115234,47.08000183105469,47.25,45.91999816894531,39.01417922973633
2003-12-16,5034200,47.290000915527344,46.130001068115234,47.470001220703125,45.79999923706055,38.226924896240234
2003-12-15,5159400,46.04999923706055,47.220001220703125,47.7400016784668,46.029998779296875,39.13018035888672
2003-12-12,6299600,46.70000076293945,47.0,47.95000076293945,46.52000045776367,38.94788360595703
2003-12-11,10636300,45.599998474121094,46.279998779296875,46.900001525878906,44.5,38.351234436035156
2003-12-10,9970000,47.599998474121094,45.70000076293945,48.31999969482422,45.650001525878906,37.87059783935547
2003-12-09,7151500,49.4900016784668,47.77000045776367,49.4900016784668,46.83000183105469,39.585960388183594
2003-12-08,6676000,49.5,49.20000076293945,49.63999938964844,48.25,40.77096939086914
2003-12-05,4927400,48.88999938964844,49.59000015258789,49.939998626708984,48.63999938964844,41.05271911621094
2003-12-04,6903000,49.29999923706055,49.040000915527344,49.70000076293945,48.25,40.5974006652832
2003-12-03,5355100,50.0,49.9900016784668,50.25,49.5,41.38386535644531
2003-12-02,8050400,49.5,50.0,50.279998779296875,49.16999816894531,41.39213943481445
2003-12-01,8338700,48.70000076293945,49.54999923706055,49.65999984741211,47.7599983215332,41.01959228515625
2003-11-28,3426100,47.0,48.13999938964844,48.22999954223633,46.900001525878906,39.85234451293945
2003-11-26,6853100,46.04999923706055,47.34000015258789,47.540000915527344,45.810001373291016,39.190067291259766
2003-11-25,4412200,45.040000915527344,45.75,45.779998779296875,44.91999816894531,37.87380599975586
2003-11-24,4813700,44.97999954223633,44.849998474121094,44.9900016784668,44.119998931884766,37.128746032714844
2003-11-21,3978100,44.880001068115234,45.2400016784668,45.40999984741211,44.880001068115234,37.451602935791016
2003-11-20,4900600,45.54999923706055,45.04999923706055,45.900001525878906,44.66999816894531,37.29432678222656
2003-11-19,5830600,44.95000076293945,45.20000076293945,45.20000076293945,44.599998474121094,37.41848373413086
2003-11-18,7250700,43.83000183105469,45.29999923706055,45.40999984741211,43.470001220703125,37.50126647949219
2003-11-17,6437900,43.75,43.41999816894531,44.2400016784668,42.599998474121094,35.94493103027344
2003-11-14,5363600,43.939998626708984,44.2400016784668,44.650001525878906,43.83000183105469,36.62376403808594
2003-11-13,5474500,43.61000061035156,43.709999084472656,44.349998474121094,43.310001373291016,36.185001373291016
2003-11-12,8689800,42.91999816894531,43.959999084472656,44.02000045776367,42.599998474121094,36.3919677734375
2003-11-11,4585600,42.79999923706055,42.2599983215332,43.04999923706055,42.119998931884766,34.98463439941406
2003-11-10,5154200,42.88999938964844,42.40999984741211,43.29999923706055,42.310001373291016,35.10881805419922
2003-11-07,8779700,41.95000076293945,42.65999984741211,42.75,41.54999923706055,35.315765380859375
2003-11-06,12162500,42.29999923706055,42.20000076293945,42.38999938964844,42.040000915527344,34.934932708740234
2003-11-05,7962600,42.63999938964844,42.54999923706055,43.04999923706055,42.209999084472656,35.22468948364258
2003-11-04,6045800,43.0,43.310001373291016,44.08000183105469,43.0,35.853878021240234
2003-11-03,6503500,43.54999923706055,42.880001068115234,44.150001525878906,42.41999816894531,35.497894287109375
2003-10-31,5036600,42.54999923706055,43.779998779296875,44.45000076293945,42.54999923706055,36.24294662475586
2003-10-30,7166700,42.880001068115234,43.29999923706055,44.709999084472656,42.880001068115234,35.84558868408203
2003-10-29,7058500,42.900001525878906,43.779998779296875,44.29999923706055,42.900001525878906,36.24294662475586
2003-10-28,5196200,42.0,42.75,42.75,41.45000076293945,35.39026641845703
2003-10-27,3625800,42.2400016784668,42.54999923706055,42.54999923706055,41.59000015258789,35.22468948364258
2003-10-24,6748300,42.0,42.2400016784668,42.83000183105469,41.84000015258789,34.968082427978516
2003-10-23,4470300,41.22999954223633,41.4900016784668,41.529998779296875,40.70000076293945,34.347190856933594
2003-10-22,5847500,41.380001068115234,41.2400016784668,41.65999984741211,40.75,34.140235900878906
2003-10-21,5448700,39.5099983215332,41.099998474121094,41.189998626708984,39.5099983215332,34.02433776855469
2003-10-20,3141300,39.470001220703125,39.119998931884766,39.86000061035156,39.11000061035156,32.38520431518555
2003-10-17,4048000,39.70000076293945,39.130001068115234,39.75,39.0,32.39348220825195
2003-10-16,4919400,39.65999984741211,39.900001525878906,40.59000015258789,39.599998474121094,33.030921936035156
2003-10-15,3886400,39.75,39.34000015258789,39.93000030517578,39.09000015258789,32.56733322143555
2003-10-14,3227900,39.7599983215332,39.869998931884766,40.099998474121094,39.529998779296875,33.00608444213867
2003-10-13,4337100,39.0,39.9900016784668,40.20000076293945,38.720001220703125,33.105438232421875
2003-10-10,4234700,39.349998474121094,39.25,39.58000183105469,39.08000183105469,32.49282455444336
2003-10-09,6835800,38.54999923706055,39.04999923706055,39.150001525878906,38.0,32.3272590637207
2003-10-08,4266500,38.900001525878906,39.25,39.75,38.880001068115234,32.49282455444336
2003-10-07,6270400,38.47999954223633,38.84000015258789,39.040000915527344,38.279998779296875,32.153411865234375
2003-10-06,4915300,37.95000076293945,38.06999969482422,38.34000015258789,37.349998474121094,31.51597785949707
2003-10-03,9746000,39.59000015258789,37.880001068115234,40.150001525878906,37.25,31.35868263244629
2003-10-02,4343800,38.59000015258789,39.91999816894531,40.04999923706055,38.59000015258789,33.04749298095703
2003-10-01,5304500,39.09000015258789,39.34000015258789,39.400001525878906,38.189998626708984,32.56733322143555
2003-09-30,5511100,39.2599983215332,39.09000015258789,40.0,38.900001525878906,32.36038589477539
2003-09-29,5437300,39.15999984741211,39.130001068115234,39.779998779296875,38.599998474121094,32.39348220825195
2003-09-26,6432800,39.70000076293945,38.90999984741211,40.0,38.709999084472656,32.21135330200195
2003-09-25,7721200,42.2599983215332,40.33000183105469,42.45000076293945,40.25,33.38689422607422
2003-09-24,6392100,42.29999923706055,42.16999816894531,42.5,41.380001068115234,34.91012191772461
2003-09-23,6104800,41.0,42.060001373291016,42.09000015258789,40.900001525878906,34.8190803527832
2003-09-22,6754300,41.25,41.29999923706055,41.5,40.75,34.18989944458008
2003-09-19,6945700,39.54999923706055,40.65999984741211,40.79999923706055,39.5,33.66008377075195
2003-09-18,3896700,39.95000076293945,39.2400016784668,39.97999954223633,39.060001373291016,32.48453140258789
2003-09-17,3663900,39.099998474121094,39.2599983215332,39.5,38.75,32.501121520996094
2003-09-16,3891400,38.7599983215332,39.02000045776367,39.16999816894531,38.25,32.302425384521484
2003-09-15,2952300,38.75,38.59000015258789,39.2400016784668,38.369998931884766,31.94645881652832
2003-09-12,4386400,39.470001220703125,38.939998626708984,39.869998931884766,38.650001525878906,32.23618698120117
2003-09-11,4476600,39.0099983215332,39.349998474121094,39.45000076293945,38.400001525878906,32.57560729980469
2003-09-10,4164600,40.0,39.29999923706055,40.04999923706055,39.0,32.53422927856445
2003-09-09,6937100,39.75,39.7599983215332,40.900001525878906,38.970001220703125,32.915016174316406
2003-09-08,3366400,39.099998474121094,38.900001525878906,39.22999954223633,38.59000015258789,32.20308303833008
2003-09-05,4923100,39.099998474121094,39.11000061035156,39.65999984741211,39.0099983215332,32.37692642211914
2003-09-04,4308000,37.77000045776367,38.88999938964844,39.040000915527344,37.630001068115234,32.194793701171875
2003-09-03,5577400,37.849998474121094,37.900001525878906,38.13999938964844,37.52000045776367,31.37525749206543
2003-09-02,5160800,39.2400016784668,37.900001525878906,39.2400016784668,37.75,31.37525749206543
2003-08-29,4028900,39.400001525878906,39.2599983215332,39.66999816894531,39.02000045776367,32.501121520996094
2003-08-28,3615800,38.79999923706055,38.68000030517578,39.97999954223633,38.599998474121094,31.987838745117188
2003-08-27,5768900,38.5,39.15999984741211,39.25,38.400001525878906,32.384796142578125
2003-08-26,4433300,36.68000030517578,37.7400016784668,37.849998474121094,36.5099983215332,31.210474014282227
2003-08-25,5207300,37.529998779296875,36.7599983215332,37.72999954223633,36.61000061035156,30.400026321411133
2003-08-22,6800700,38.25,37.540000915527344,38.25,37.349998474121094,31.04507064819336
2003-08-21,5059900,39.400001525878906,38.27000045776367,39.400001525878906,38.25,31.64878273010254
2003-08-20,4557700,39.0,39.58000183105469,39.70000076293945,38.900001525878906,32.73213577270508
2003-08-19,4263000,37.619998931884766,38.90999984741211,38.9900016784668,37.619998931884766,32.17803955078125
2003-08-18,2815800,37.75,38.040000915527344,38.400001525878906,37.70000076293945,31.458585739135742
2003-08-15,1948500,38.52000045776367,38.5,38.88999938964844,38.33000183105469,31.8389949798584
2003-08-14,4622400,38.52000045776367,38.630001068115234,39.04999923706055,38.290000915527344,31.94649887084961
2003-08-13,4864600,37.45000076293945,38.47999954223633,38.630001068115234,37.40999984741211,31.82244873046875
2003-08-12,4552500,38.599998474121094,37.70000076293945,38.61000061035156,37.5099983215332,31.17740249633789
2003-08-11,5891300,38.5,38.61000061035156,38.970001220703125,37.5,31.929941177368164
2003-08-08,5595600,37.189998626708984,38.33000183105469,38.369998931884766,36.95000076293945,31.698392868041992
2003-08-07,3822800,36.95000076293945,36.95000076293945,37.119998931884766,36.31999969482422,30.55716323852539
2003-08-06,5744100,35.849998474121094,36.880001068115234,37.0,35.790000915527344,30.499267578125
2003-08-05,3487700,36.2400016784668,35.75,36.47999954223633,35.7400016784668,29.564767837524414
2003-08-04,3870100,35.880001068115234,36.290000915527344,36.63999938964844,35.599998474121094,30.01134490966797
2003-08-01,5436400,35.77000045776367,35.58000183105469,36.380001068115234,35.22999954223633,29.424179077148438
2003-07-31,6220400,36.34000015258789,36.099998474121094,36.34000015258789,35.29999923706055,29.854209899902344
2003-07-30,5183500,35.619998931884766,35.439998626708984,35.95000076293945,35.29999923706055,29.308399200439453
2003-07-29,5208800,35.5099983215332,35.97999954223633,36.369998931884766,35.29999923706055,29.75496482849121
2003-07-28,6503500,36.470001220703125,35.52000045776367,36.90999984741211,35.20000076293945,29.37457275390625
2003-07-25,5829400,35.650001525878906,36.290000915527344,36.38999938964844,35.560001373291016,30.01134490966797
2003-07-24,7099800,35.029998779296875,35.400001525878906,35.880001068115234,34.79999923706055,29.275327682495117
2003-07-23,7605200,34.0,35.279998779296875,35.29999923706055,34.0,29.17608642578125
2003-07-22,4521500,33.119998931884766,33.400001525878906,33.5,32.93000030517578,27.621349334716797
2003-07-21,4061300,32.29999923706055,33.0,33.09000015258789,32.290000915527344,27.290559768676758
2003-07-18,3515100,31.989999771118164,32.130001068115234,32.310001373291016,31.520000457763672,26.571083068847656
2003-07-17,3378700,31.399999618530273,31.979999542236328,32.04999923706055,31.15999984741211,26.4470272064209
2003-07-16,4785300,31.360000610351562,31.25,31.780000686645508,31.010000228881836,25.84333610534668
2003-07-15,5812800,33.7400016784668,31.84000015258789,33.970001220703125,31.84000015258789,26.33125114440918
2003-07-14,2508300,32.97999954223633,33.20000076293945,33.45000076293945,32.880001068115234,27.455965042114258
2003-07-11,2641400,32.5099983215332,32.790000915527344,32.810001373291016,32.369998931884766,27.116893768310547
2003-07-10,3547800,32.869998931884766,32.720001220703125,33.2400016784668,32.40999984741211,27.059011459350586
2003-07-09,3866200,32.720001220703125,32.790000915527344,32.939998626708984,32.5099983215332,27.116893768310547
2003-07-08,3296700,32.70000076293945,32.40999984741211,33.150001525878906,32.29999923706055,26.802642822265625
2003-07-07,3732900,32.79999923706055,32.810001373291016,32.84000015258789,32.27000045776367,27.133434295654297
2003-07-03,1748500,33.41999816894531,32.970001220703125,33.59000015258789,32.959999084472656,27.2657527923584
2003-07-02,2741300,33.5,33.5,33.790000915527344,33.15999984741211,27.704050064086914
2003-07-01,4654400,32.88999938964844,33.34000015258789,33.5,32.849998474121094,27.571735382080078
2003-06-30,3668700,32.45000076293945,32.459999084472656,32.65999984741211,32.310001373291016,26.8439884185791
2003-06-27,2273800,32.2599983215332,32.5099983215332,32.779998779296875,32.15999984741211,26.885332107543945
2003-06-26,3177500,31.600000381469727,32.209999084472656,32.4900016784668,31.34000015258789,26.637239456176758
2003-06-25,3840800,31.940000534057617,32.189998626708984,32.79999923706055,31.93000030517578,26.62070083618164
2003-06-24,5008200,32.5,31.809999465942383,32.5099983215332,31.600000381469727,26.30644416809082
2003-06-23,4831300,33.25,32.650001525878906,33.29999923706055,32.25,27.001123428344727
2003-06-20,5192300,33.88999938964844,33.599998474121094,34.06999969482422,33.290000915527344,27.786746978759766
2003-06-19,6810100,33.720001220703125,33.88999938964844,34.400001525878906,33.380001068115234,28.026578903198242
2003-06-18,5936500,33.84000015258789,33.709999084472656,33.86000061035156,33.27000045776367,27.87773323059082
2003-06-17,7031900,32.41999816894531,33.84000015258789,34.150001525878906,32.380001068115234,27.985225677490234
2003-06-16,2810900,32.45000076293945,32.41999816894531,32.47999954223633,31.950000762939453,26.810897827148438
2003-06-13,4275100,31.5,32.06999969482422,32.439998626708984,31.489999771118164,26.521461486816406
2003-06-12,4111000,31.290000915527344,31.68000030517578,31.899999618530273,31.059999465942383,26.198938369750977
2003-06-11,3734900,31.540000915527344,31.479999542236328,31.540000915527344,31.110000610351562,26.033544540405273
2003-06-10,8534700,31.450000762939453,31.5,31.760000228881836,30.649999618530273,26.05007553100586
2003-06-09,3801000,32.75,32.650001525878906,32.75,32.04999923706055,27.001123428344727
2003-06-06,7962300,31.950000762939453,32.290000915527344,32.849998474121094,31.6299991607666,26.703397750854492
2003-06-05,6464100,31.200000762939453,31.950000762939453,32.13999938964844,31.200000762939453,26.422224044799805
2003-06-04,3853400,30.030000686645508,30.8700008392334,31.229999542236328,29.940000534057617,25.52907943725586
2003-06-03,4458100,30.600000381469727,30.149999618530273,30.790000915527344,30.030000686645508,24.933645248413086
2003-06-02,7272600,29.25,30.350000381469727,30.450000762939453,29.25,25.099044799804688
2003-05-30,3816100,29.5,29.65999984741211,29.65999984741211,28.5,24.495346069335938
2003-05-29,4724800,28.799999237060547,29.6200008392334,29.75,28.780000686645508,24.46230697631836
2003-05-28,5646400,29.260000228881836,29.100000381469727,29.40999984741211,28.760000228881836,24.032854080200195
2003-05-27,6016000,30.0,29.889999389648438,30.799999237060547,29.559999465942383,24.685287475585938
2003-05-23,2584000,29.59000015258789,29.59000015258789,29.8700008392334,29.40999984741211,24.437530517578125
2003-05-22,3745400,30.0,29.59000015258789,30.0,29.43000030517578,24.437530517578125
2003-05-21,5212800,29.100000381469727,30.0,30.0,28.799999237060547,24.776140213012695
2003-05-20,4112500,29.239999771118164,29.219999313354492,29.299999237060547,28.920000076293945,24.1319580078125
2003-05-19,5678500,28.850000381469727,29.149999618530273,29.549999237060547,28.829999923706055,24.07414436340332
2003-05-16,3162700,28.8700008392334,28.709999084472656,28.8799991607666,28.469999313354492,23.710769653320312
2003-05-15,2748100,28.579999923706055,28.559999465942383,28.68000030517578,28.350000381469727,23.58688735961914
2003-05-14,2941300,28.149999618530273,28.459999084472656,28.56999969482422,28.110000610351562,23.50430679321289
2003-05-13,3695900,28.469999313354492,28.010000228881836,28.760000228881836,27.90999984741211,23.13265609741211
2003-05-12,3621000,28.649999618530273,28.700000762939453,29.040000915527344,28.479999542236328,23.702503204345703
2003-05-09,3482500,28.739999771118164,28.579999923706055,28.75,28.329999923706055,23.60340118408203
2003-05-08,3926600,28.729999542236328,28.739999771118164,28.850000381469727,28.299999237060547,23.73554229736328
2003-05-07,4752000,28.600000381469727,28.190000534057617,28.899999618530273,28.100000381469727,23.281312942504883
2003-05-06,3407400,28.15999984741211,28.450000762939453,28.479999542236328,27.739999771118164,23.496042251586914
2003-05-05,2421700,27.68000030517578,28.030000686645508,28.209999084472656,27.68000030517578,23.149173736572266
2003-05-02,2558100,27.610000610351562,27.6299991607666,27.81999969482422,27.18000030517578,22.818819046020508
2003-05-01,4771200,27.25,27.600000381469727,28.100000381469727,27.200000762939453,22.794048309326172
2003-04-30,6573400,26.559999465942383,27.020000457763672,27.299999237060547,26.559999465942383,22.315052032470703
2003-04-29,3591700,26.540000915527344,26.34000015258789,26.540000915527344,25.950000762939453,21.75345802307129
2003-04-28,3616300,26.780000686645508,26.549999237060547,26.950000762939453,26.440000534057617,21.9268856048584
2003-04-25,3335500,26.760000228881836,26.780000686645508,27.290000915527344,26.600000381469727,22.116830825805664
2003-04-24,3936000,27.75,26.84000015258789,27.969999313354492,26.809999465942383,22.1663875579834
2003-04-23,4503900,27.649999618530273,27.649999618530273,27.90999984741211,27.549999237060547,22.835342407226562
2003-04-22,4422500,27.540000915527344,27.739999771118164,27.799999237060547,27.3799991607666,22.9096736907959
2003-04-21,3810700,26.950000762939453,27.540000915527344,27.649999618530273,26.850000381469727,22.744495391845703
2003-04-17,4153000,27.0,26.940000534057617,27.440000534057617,26.75,22.248977661132812
2003-04-16,4107100,26.200000762939453,26.850000381469727,26.969999313354492,26.170000076293945,22.174640655517578
2003-04-15,3975200,26.100000381469727,26.3799991607666,26.520000457763672,25.200000762939453,21.786483764648438
2003-04-14,2713400,25.649999618530273,25.93000030517578,25.93000030517578,25.639999389648438,21.414846420288086
2003-04-11,2874700,25.600000381469727,25.940000534057617,26.079999923706055,25.40999984741211,21.42310333251953
2003-04-10,3308400,25.979999542236328,25.75,26.049999237060547,25.540000915527344,21.266191482543945
2003-04-09,5605900,25.110000610351562,25.8700008392334,26.100000381469727,24.959999084472656,21.365299224853516
2003-04-08,3768800,25.200000762939453,25.149999618530273,25.489999771118164,25.059999465942383,20.770666122436523
2003-04-07,4892400,25.0,25.200000762939453,25.260000228881836,24.799999237060547,20.811952590942383
2003-04-04,3462000,25.049999237060547,25.579999923706055,25.770000457763672,24.950000762939453,21.125789642333984
2003-04-03,3140400,25.209999084472656,25.239999771118164,25.399999618530273,24.979999542236328,20.844995498657227
2003-04-02,4862500,25.5,25.209999084472656,25.5,24.950000762939453,20.820219039916992
2003-04-01,3238200,26.149999618530273,25.8799991607666,26.15999984741211,25.579999923706055,21.373550415039062
2003-03-31,5765600,26.989999771118164,26.149999618530273,26.989999771118164,25.940000534057617,21.596532821655273
2003-03-28,5834400,25.139999389648438,26.59000015258789,26.670000076293945,24.899999618530273,21.959922790527344
2003-03-27,4599300,25.239999771118164,24.559999465942383,25.239999771118164,24.479999542236328,20.283405303955078
2003-03-26,2792400,25.0,25.06999969482422,25.209999084472656,24.790000915527344,20.70458984375
2003-03-25,3338600,24.65999984741211,25.0,25.200000762939453,24.65999984741211,20.646780014038086
2003-03-24,4765300,24.90999984741211,24.540000915527344,25.110000610351562,24.540000915527344,20.26688003540039
2003-03-21,7160500,25.09000015258789,24.3700008392334,25.239999771118164,24.229999542236328,20.126493453979492
2003-03-20,3097600,25.489999771118164,24.989999771118164,25.729999542236328,24.860000610351562,20.638532638549805
2003-03-19,3869300,25.989999771118164,25.549999237060547,26.25,25.219999313354492,21.10100555419922
2003-03-18,3731500,25.25,25.979999542236328,26.049999237060547,25.25,21.45613670349121
2003-03-17,5028500,25.510000228881836,25.110000610351562,25.969999313354492,25.079999923706055,20.73762321472168
2003-03-14,4264100,24.799999237060547,25.09000015258789,25.450000762939453,24.760000228881836,20.72110939025879
2003-03-13,6579800,24.25,24.65999984741211,25.079999923706055,24.079999923706055,20.365985870361328
2003-03-12,5064800,24.649999618530273,24.799999237060547,25.1200008392334,24.399999618530273,20.481611251831055
2003-03-11,4440400,24.959999084472656,24.75,25.469999313354492,24.65999984741211,20.44031524658203
2003-03-10,5909700,26.059999465942383,25.15999984741211,26.190000534057617,25.110000610351562,20.7789249420166
2003-03-07,6075300,27.489999771118164,25.959999084472656,27.489999771118164,25.510000228881836,21.439620971679688
2003-03-06,3474600,27.049999237060547,27.110000610351562,27.389999389648438,26.68000030517578,22.389373779296875
2003-03-05,3270900,27.299999237060547,27.049999237060547,27.5,26.93000030517578,22.339815139770508
2003-03-04,2707500,27.06999969482422,27.25,27.3799991607666,27.059999465942383,22.50499725341797
2003-03-03,3373100,26.8700008392334,26.829999923706055,27.06999969482422,26.649999618530273,22.15813446044922
2003-02-28,3804900,26.899999618530273,27.329999923706055,27.5,26.850000381469727,22.53802490234375
2003-02-27,4635200,27.209999084472656,26.850000381469727,27.34000015258789,26.670000076293945,22.14219093322754
2003-02-26,3748300,27.0,27.5,27.68000030517578,27.0,22.678224563598633
2003-02-25,4898300,27.75,27.1200008392334,27.950000762939453,26.969999313354492,22.364850997924805
2003-02-24,4884300,27.520000457763672,27.610000610351562,28.200000762939453,27.399999618530273,22.76894187927246
2003-02-21,5987200,28.34000015258789,27.510000228881836,28.43000030517578,27.1200008392334,22.686464309692383
2003-02-20,5216800,27.850000381469727,28.280000686645508,28.489999771118164,27.850000381469727,23.32145881652832
2003-02-19,3744600,27.43000030517578,27.600000381469727,27.940000534057617,27.360000610351562,22.76068687438965
2003-02-18,6351800,26.799999237060547,27.18000030517578,27.350000381469727,26.510000228881836,22.41433334350586
2003-02-14,6727300,28.049999237060547,27.239999771118164,28.06999969482422,26.899999618530273,22.46381378173828
2003-02-13,5531200,27.299999237060547,28.440000534057617,28.440000534057617,27.299999237060547,23.453407287597656
2003-02-12,6507100,27.920000076293945,27.100000381469727,28.34000015258789,27.100000381469727,22.348356246948242
2003-02-11,4176200,27.549999237060547,28.5,28.6299991607666,27.520000457763672,23.502878189086914
2003-02-10,4064700,28.5,27.639999389648438,28.719999313354492,27.549999237060547,22.793672561645508
2003-02-07,4228900,28.75,28.420000076293945,29.219999313354492,28.15999984741211,23.436914443969727
2003-02-06,5061900,28.729999542236328,28.600000381469727,29.25,28.149999618530273,23.585350036621094
2003-02-05,10121700,29.700000762939453,28.719999313354492,29.950000762939453,28.229999542236328,23.684309005737305
2003-02-04,7164600,29.479999542236328,29.790000915527344,30.0,29.360000610351562,24.566699981689453
2003-02-03,3771800,29.290000915527344,28.729999542236328,29.290000915527344,28.579999923706055,23.692546844482422
2003-01-31,4538100,29.75,28.950000762939453,29.75,28.8799991607666,23.873979568481445
2003-01-30,5615100,28.84000015258789,29.530000686645508,29.649999618530273,28.649999618530273,24.352283477783203
2003-01-29,4726000,29.459999084472656,28.809999465942383,29.690000534057617,28.709999084472656,23.758527755737305
2003-01-28,5421700,29.31999969482422,29.459999084472656,29.59000015258789,28.799999237060547,24.294557571411133
2003-01-27,7661800,30.15999984741211,29.43000030517578,30.489999771118164,29.270000457763672,24.269817352294922
2003-01-24,6567300,29.450000762939453,30.149999618530273,30.34000015258789,29.450000762939453,24.863569259643555
2003-01-23,10211200,28.600000381469727,29.520000457763672,30.09000015258789,28.600000381469727,24.344036102294922
2003-01-22,4870500,27.940000534057617,28.600000381469727,28.649999618530273,27.920000076293945,23.585350036621094
2003-01-21,4047400,27.65999984741211,27.889999389648438,28.139999389648438,27.260000228881836,22.999839782714844
2003-01-17,5878900,28.700000762939453,27.649999618530273,28.75,27.510000228881836,22.801918029785156
2003-01-16,6142400,27.540000915527344,28.520000457763672,28.690000534057617,27.520000457763672,23.519380569458008
2003-01-15,3924500,27.100000381469727,27.5,27.790000915527344,26.889999389648438,22.678224563598633
2003-01-14,4186600,27.959999084472656,27.25,28.290000915527344,27.209999084472656,22.472057342529297
2003-01-13,3538900,28.25,28.030000686645508,28.790000915527344,27.989999771118164,23.11528778076172
2003-01-10,5420600,28.200000762939453,28.610000610351562,28.790000915527344,27.81999969482422,23.593595504760742
2003-01-09,5994300,28.559999465942383,27.959999084472656,28.600000381469727,27.81999969482422,23.05756378173828
2003-01-08,7040400,27.850000381469727,28.729999542236328,29.049999237060547,27.850000381469727,23.692546844482422
2003-01-07,7362800,28.84000015258789,27.84000015258789,28.989999771118164,27.829999923706055,22.958606719970703
2003-01-06,5953900,30.1299991607666,29.25,30.540000915527344,29.059999465942383,24.121376037597656
2003-01-03,4902000,29.420000076293945,30.1200008392334,30.600000381469727,29.170000076293945,24.838842391967773
2003-01-02,3403600,29.040000915527344,29.700000762939453,29.700000762939453,28.489999771118164,24.492475509643555
2002-12-31,2585100,29.079999923706055,29.030000686645508,29.549999237060547,28.90999984741211,23.939964294433594
2002-12-30,2890600,29.729999542236328,29.239999771118164,29.729999542236328,28.75,24.113122940063477
2002-12-27,4384100,29.729999542236328,29.729999542236328,30.200000762939453,29.579999923706055,24.5172176361084
2002-12-26,2556200,28.850000381469727,29.979999542236328,29.979999542236328,28.600000381469727,24.723388671875
2002-12-24,2277200,29.350000381469727,28.850000381469727,29.600000381469727,28.719999313354492,23.79151725769043
2002-12-23,3187000,28.649999618530273,29.600000381469727,29.600000381469727,28.649999618530273,24.41001319885254
2002-12-20,5617400,28.040000915527344,28.610000610351562,28.690000534057617,27.600000381469727,23.593595504760742
2002-12-19,6657900,29.049999237060547,28.040000915527344,29.299999237060547,27.950000762939453,23.123533248901367
2002-12-18,9374900,28.0,29.049999237060547,29.200000762939453,27.850000381469727,23.95644187927246
2002-12-17,6893100,29.399999618530273,28.049999237060547,29.600000381469727,28.040000915527344,23.131793975830078
2002-12-16,6567500,28.75,29.100000381469727,29.239999771118164,28.209999084472656,23.997682571411133
2002-12-13,8973300,28.700000762939453,29.0,29.139999389648438,28.3700008392334,23.91521453857422
2002-12-12,8632400,27.0,28.110000610351562,28.459999084472656,27.0,23.18126678466797
2002-12-11,3611000,26.1200008392334,27.0,27.040000915527344,26.1200008392334,22.265888214111328
2002-12-10,4052300,26.5,26.139999389648438,26.510000228881836,25.8799991607666,21.556678771972656
2002-12-09,4654200,26.75,26.75,26.920000076293945,26.3700008392334,22.059722900390625
2002-12-06,8060900,26.700000762939453,26.770000457763672,26.799999237060547,25.950000762939453,22.076221466064453
2002-12-05,5250300,25.0,25.639999389648438,25.709999084472656,24.889999389648438,21.144350051879883
2002-12-04,5589500,24.5,24.959999084472656,24.959999084472656,24.31999969482422,20.58357810974121
2002-12-03,4054200,23.850000381469727,24.329999923706055,24.3799991607666,23.6299991607666,20.064043045043945
2002-12-02,3287500,23.100000381469727,23.200000762939453,23.600000381469727,22.700000762939453,19.13218116760254
2002-11-29,1621700,22.700000762939453,23.40999984741211,23.540000915527344,22.65999984741211,19.280616760253906
2002-11-27,5211300,23.889999389648438,23.100000381469727,23.889999389648438,22.600000381469727,19.025299072265625
2002-11-26,3029300,23.799999237060547,23.700000762939453,24.110000610351562,23.670000076293945,19.519454956054688
2002-11-25,2673200,23.75,24.170000076293945,24.479999542236328,23.520000457763672,19.906551361083984
2002-11-22,3931500,24.34000015258789,23.899999618530273,24.549999237060547,23.719999313354492,19.68418312072754
2002-11-21,4530900,23.760000228881836,23.920000076293945,23.940000534057617,23.200000762939453,19.700647354125977
2002-11-20,2330100,23.75,23.75,24.360000610351562,23.610000610351562,19.560638427734375
2002-11-19,2897000,24.280000686645508,23.65999984741211,24.6299991607666,23.65999984741211,19.48651123046875
2002-11-18,3002800,25.190000534057617,24.309999465942383,25.190000534057617,24.200000762939453,20.02185821533203
2002-11-15,3381800,24.200000762939453,25.18000030517578,25.200000762939453,24.200000762939453,20.738388061523438
2002-11-14,3439000,24.18000030517578,24.149999618530273,24.25,23.799999237060547,19.89008140563965
2002-11-13,3564900,24.530000686645508,23.600000381469727,24.56999969482422,23.510000228881836,19.437097549438477
2002-11-12,9830300,24.5,24.280000686645508,24.649999618530273,23.299999237060547,19.99715232849121
2002-11-11,1869600,26.010000228881836,25.469999313354492,26.100000381469727,25.299999237060547,20.97723388671875
2002-11-08,3982300,26.59000015258789,25.899999618530273,26.649999618530273,25.799999237060547,21.331384658813477
2002-11-07,4375800,26.649999618530273,26.030000686645508,26.649999618530273,25.600000381469727,21.4384708404541
2002-11-06,3628000,25.799999237060547,26.079999923706055,26.190000534057617,25.280000686645508,21.479639053344727
2002-11-05,2191400,26.079999923706055,25.940000534057617,26.1299991607666,25.760000228881836,21.364330291748047
2002-11-04,2744400,25.229999542236328,25.950000762939453,25.959999084472656,25.06999969482422,21.372568130493164
2002-11-01,4258600,25.25,25.479999542236328,25.59000015258789,25.0,20.9854736328125
2002-10-31,4212100,25.309999465942383,24.719999313354492,25.489999771118164,24.520000457763672,20.359533309936523
2002-10-30,2239500,24.56999969482422,25.350000381469727,25.350000381469727,24.56999969482422,20.878406524658203
2002-10-29,5276800,25.399999618530273,24.799999237060547,25.729999542236328,24.799999237060547,20.42542266845703
2002-10-28,3833200,24.540000915527344,25.15999984741211,25.34000015258789,24.40999984741211,20.721921920776367
2002-10-25,2613000,24.549999237060547,24.290000915527344,24.600000381469727,24.079999923706055,20.005386352539062
2002-10-24,3894700,24.350000381469727,24.190000534057617,24.350000381469727,23.649999618530273,19.923025131225586
2002-10-23,7132700,25.0,24.149999618530273,25.0,24.049999237060547,19.89008140563965
2002-10-22,6249100,23.610000610351562,25.0,25.030000686645508,23.610000610351562,20.59014129638672
2002-10-21,2367600,23.610000610351562,23.360000610351562,23.899999618530273,23.299999237060547,19.239429473876953
2002-10-18,3160100,23.920000076293945,23.610000610351562,24.1200008392334,23.360000610351562,19.445331573486328
2002-10-17,5687100,23.700000762939453,23.670000076293945,23.809999465942383,22.600000381469727,19.4947452545166
2002-10-16,4749600,23.5,23.690000534057617,23.899999618530273,23.299999237060547,19.511226654052734
2002-10-15,5509200,22.75,23.100000381469727,23.100000381469727,22.56999969482422,19.025299072265625
2002-10-14,4087700,23.700000762939453,23.399999618530273,23.979999542236328,23.020000457763672,19.27237892150879
2002-10-11,4963600,23.469999313354492,23.700000762939453,23.950000762939453,23.260000228881836,19.519454956054688
2002-10-10,6688400,24.420000076293945,23.479999542236328,24.43000030517578,22.8799991607666,19.338260650634766
2002-10-09,3946300,25.149999618530273,24.479999542236328,25.450000762939453,24.450000762939453,20.161863327026367
2002-10-08,5517700,24.649999618530273,25.0,25.020000457763672,24.420000076293945,20.59014129638672
2002-10-07,3806100,25.850000381469727,25.309999465942383,26.079999923706055,25.0,20.845468521118164
2002-10-04,3618400,25.549999237060547,25.899999618530273,26.3799991607666,25.549999237060547,21.331384658813477
2002-10-03,4689400,26.649999618530273,26.0,26.649999618530273,25.850000381469727,21.41374969482422
2002-10-02,4936300,26.899999618530273,26.450000762939453,26.989999771118164,26.299999237060547,21.784374237060547
2002-10-01,3658600,27.5,26.8799991607666,27.5,26.799999237060547,22.138513565063477
2002-09-30,5302300,27.799999237060547,27.510000228881836,28.040000915527344,27.170000076293945,22.65740203857422
2002-09-27,4669800,27.350000381469727,27.350000381469727,27.68000030517578,26.75,22.52561378479004
2002-09-26,6601000,28.139999389648438,27.25,28.139999389648438,26.389999389648438,22.44325828552246
2002-09-25,5473600,29.200000762939453,28.1299991607666,29.25,27.770000457763672,23.168027877807617
2002-09-24,6072900,29.149999618530273,29.440000534057617,29.540000915527344,28.700000762939453,24.246952056884766
2002-09-23,3724900,29.149999618530273,28.639999389648438,29.469999313354492,28.6299991607666,23.588071823120117
2002-09-20,5517900,29.0,29.149999618530273,29.350000381469727,28.75,24.008106231689453
2002-09-19,4664400,28.700000762939453,29.1299991607666,29.170000076293945,28.450000762939453,23.991640090942383
2002-09-18,5174300,28.899999618530273,28.15999984741211,29.100000381469727,27.969999313354492,23.192747116088867
2002-09-17,4758700,28.75,28.420000076293945,29.170000076293945,28.420000076293945,23.406875610351562
2002-09-16,3518800,29.790000915527344,29.8700008392334,29.940000534057617,28.989999771118164,24.601102828979492
2002-09-13,4962600,29.399999618530273,29.34000015258789,29.440000534057617,28.639999389648438,24.164587020874023
2002-09-12,4977200,29.229999542236328,29.600000381469727,29.75,29.059999465942383,24.378734588623047
2002-09-11,2531500,28.0,28.889999389648438,29.100000381469727,27.969999313354492,23.793970108032227
2002-09-10,3651500,29.489999771118164,28.459999084472656,29.5,28.459999084472656,23.439823150634766
2002-09-09,6889700,29.75,29.68000030517578,29.93000030517578,29.360000610351562,24.44462013244629
2002-09-06,5734100,29.0,29.049999237060547,29.25,28.25,23.925737380981445
2002-09-05,5563300,28.899999618530273,29.219999313354492,29.3700008392334,28.790000915527344,24.065750122070312
2002-09-04,4369300,28.799999237060547,28.200000762939453,28.799999237060547,27.899999618530273,23.225685119628906
2002-09-03,4460700,29.149999618530273,29.06999969482422,29.190000534057617,28.65999984741211,23.942216873168945
2002-08-30,4422300,28.239999771118164,28.489999771118164,28.649999618530273,27.889999389648438,23.464527130126953
2002-08-29,4453300,27.43000030517578,28.06999969482422,28.1200008392334,27.3700008392334,23.09390640258789
2002-08-28,3224300,27.350000381469727,27.079999923706055,27.5,26.770000457763672,22.279409408569336
2002-08-27,5344200,26.299999237060547,27.350000381469727,27.739999771118164,26.299999237060547,22.501544952392578
2002-08-26,3216400,25.479999542236328,26.81999969482422,27.0,25.40999984741211,22.065502166748047
2002-08-23,1967600,25.549999237060547,25.139999389648438,25.969999313354492,25.139999389648438,20.683319091796875
2002-08-22,3692400,24.989999771118164,25.600000381469727,25.75,24.860000610351562,21.06177520751953
2002-08-21,4580800,25.5,25.170000076293945,25.59000015258789,24.760000228881836,20.70800018310547
2002-08-20,4143000,25.700000762939453,25.90999984741211,26.200000762939453,25.450000762939453,21.316818237304688
2002-08-19,4948100,26.399999618530273,25.600000381469727,26.399999618530273,24.950000762939453,21.06177520751953
2002-08-16,2719100,26.760000228881836,26.799999237060547,27.25,26.75,22.049043655395508
2002-08-15,3865100,26.219999313354492,27.0,27.100000381469727,26.0,22.21358871459961
2002-08-14,3638300,27.149999618530273,26.25,27.3700008392334,25.969999313354492,21.596542358398438
2002-08-13,2684000,26.75,26.979999542236328,27.239999771118164,26.549999237060547,22.197126388549805
2002-08-12,3269100,27.299999237060547,26.81999969482422,27.31999969482422,26.469999313354492,22.065502166748047
2002-08-09,4021100,25.0,26.780000686645508,27.0,25.0,22.032590866088867
2002-08-08,2675700,25.799999237060547,24.729999542236328,25.799999237060547,24.690000534057617,20.34600257873535
2002-08-07,4472300,25.600000381469727,25.600000381469727,26.25,25.0,21.06177520751953
2002-08-06,3813400,24.06999969482422,24.950000762939453,24.950000762939453,23.75,20.52700424194336
2002-08-05,5344100,26.0,24.049999237060547,26.149999618530273,23.989999771118164,19.78654670715332
2002-08-02,4276900,25.0,25.489999771118164,25.610000610351562,24.649999618530273,20.97127342224121
2002-08-01,3299900,23.75,24.989999771118164,24.989999771118164,23.600000381469727,20.559911727905273
2002-07-31,5177300,24.700000762939453,24.399999618530273,24.75,23.979999542236328,20.07450294494629
2002-07-30,5474800,24.5,24.0,24.950000762939453,23.760000228881836,19.745410919189453
2002-07-29,4192700,22.25,23.540000915527344,23.600000381469727,22.209999084472656,19.366954803466797
2002-07-26,6271500,22.700000762939453,22.209999084472656,22.700000762939453,21.489999771118164,18.272733688354492
2002-07-25,4155400,24.0,23.260000228881836,24.190000534057617,23.010000228881836,19.1365909576416
2002-07-24,7900200,20.799999237060547,24.25,24.25,20.799999237060547,19.95109748840332
2002-07-23,10287500,25.040000915527344,22.479999542236328,25.09000015258789,22.399999618530273,18.494873046875
2002-07-22,5032700,26.5,25.5,26.649999618530273,25.200000762939453,20.97950553894043
2002-07-19,8208000,28.0,26.459999084472656,28.100000381469727,26.020000457763672,21.769323348999023
2002-07-18,3389800,26.950000762939453,26.59000015258789,27.399999618530273,26.420000076293945,21.87627601623535
2002-07-17,4027800,26.25,26.940000534057617,27.299999237060547,26.209999084472656,22.164230346679688
2002-07-16,4381000,27.0,27.229999542236328,27.780000686645508,26.670000076293945,22.40281105041504
2002-07-15,5535000,29.0,27.75,29.360000610351562,27.549999237060547,22.830625534057617
2002-07-12,4126700,28.040000915527344,28.540000915527344,28.649999618530273,27.5,23.480594635009766
2002-07-11,5624300,28.8799991607666,28.049999237060547,29.0,27.8799991607666,23.07744789123535
2002-07-10,7294500,28.6200008392334,28.8799991607666,28.989999771118164,27.549999237060547,23.760311126708984
2002-07-09,5694300,27.200000762939453,28.6200008392334,28.649999618530273,26.989999771118164,23.546403884887695
2002-07-08,3923600,25.8799991607666,26.90999984741211,27.06999969482422,25.610000610351562,22.139543533325195
2002-07-05,1953300,25.75,25.440000534057617,25.989999771118164,25.399999618530273,20.93014144897461
2002-07-03,4317400,25.799999237060547,26.0,26.25,25.5,21.39086151123047
2002-07-02,5633600,27.100000381469727,25.5,27.200000762939453,25.5,20.97950553894043
2002-07-01,5645900,26.239999771118164,27.170000076293945,27.239999771118164,26.030000686645508,22.353458404541016
2002-06-28,6731000,26.559999465942383,26.329999923706055,26.75,26.139999389648438,21.662368774414062
2002-06-27,7455700,27.299999237060547,26.809999465942383,27.75,26.350000381469727,22.057268142700195
2002-06-26,7885600,29.219999313354492,27.989999771118164,29.5,27.850000381469727,23.028085708618164
2002-06-25,4980500,28.260000228881836,28.600000381469727,28.889999389648438,27.65999984741211,23.529951095581055
2002-06-24,6004600,28.950000762939453,28.56999969482422,29.75,28.5,23.50526237487793
2002-06-21,5717900,29.0,28.600000381469727,29.31999969482422,28.260000228881836,23.529951095581055
2002-06-20,5204000,28.200000762939453,29.09000015258789,29.139999389648438,28.1200008392334,23.93308448791504
2002-06-19,3926300,28.979999542236328,28.020000457763672,28.989999771118164,27.899999618530273,23.052772521972656
2002-06-18,4870100,27.6200008392334,28.31999969482422,28.360000610351562,27.31999969482422,23.299589157104492
2002-06-17,4528700,28.420000076293945,27.5,28.479999542236328,27.5,22.624950408935547
2002-06-14,5516900,28.350000381469727,28.959999084472656,29.329999923706055,28.350000381469727,23.826133728027344
2002-06-13,4556100,28.200000762939453,27.860000610351562,28.260000228881836,27.25,22.921127319335938
2002-06-12,5762100,29.100000381469727,28.25,29.280000686645508,28.200000762939453,23.242000579833984
2002-06-11,7611900,27.75,29.0,29.239999771118164,27.610000610351562,23.85903549194336
2002-06-10,7321800,28.40999984741211,28.100000381469727,28.950000762939453,28.030000686645508,23.118581771850586
2002-06-07,9042500,31.190000534057617,28.700000762939453,31.489999771118164,28.690000534057617,23.612224578857422
2002-06-06,5977500,31.200000762939453,31.0,31.899999618530273,30.860000610351562,25.504493713378906
2002-06-05,5902000,30.75,31.200000762939453,31.200000762939453,30.600000381469727,25.669034957885742
2002-06-04,7514600,32.75,31.559999465942383,32.75,31.3799991607666,25.96521759033203
2002-06-03,4351500,31.18000030517578,31.719999313354492,31.809999465942383,31.010000228881836,26.096847534179688
2002-05-31,4950400,30.8700008392334,31.209999084472656,31.209999084472656,30.510000228881836,25.652576446533203
2002-05-30,4887500,31.34000015258789,30.670000076293945,31.59000015258789,30.559999465942383,25.208742141723633
2002-05-29,6825000,32.52000045776367,31.239999771118164,32.52000045776367,31.15999984741211,25.67723274230957
2002-05-28,6686500,30.5,32.0,32.0,30.15999984741211,26.30191421508789
2002-05-24,4200300,31.040000915527344,30.65999984741211,31.43000030517578,30.649999618530273,25.200510025024414
2002-05-23,6173000,30.049999237060547,30.940000534057617,31.399999618530273,29.950000762939453,25.430662155151367
2002-05-22,7357600,31.049999237060547,30.690000534057617,31.5,30.440000534057617,25.22517204284668
2002-05-21,5319800,30.0,30.809999465942383,30.850000381469727,29.729999542236328,25.32380485534668
2002-05-20,5733200,29.5,30.139999389648438,30.420000076293945,29.020000457763672,24.773109436035156
2002-05-17,5071900,28.350000381469727,29.450000762939453,29.450000762939453,28.350000381469727,24.20598030090332
2002-05-16,3679600,27.920000076293945,28.360000610351562,28.399999618530273,27.81999969482422,23.31007194519043
2002-05-15,6140100,27.799999237060547,27.670000076293945,28.450000762939453,27.290000915527344,22.74293327331543
2002-05-14,5220600,29.0,28.049999237060547,29.049999237060547,28.040000915527344,23.055274963378906
2002-05-13,2671600,29.950000762939453,29.959999084472656,30.18000030517578,29.520000457763672,24.62516975402832
2002-05-10,3575700,29.549999237060547,29.989999771118164,30.049999237060547,29.329999923706055,24.649818420410156
2002-05-09,4053900,28.899999618530273,29.549999237060547,29.600000381469727,28.649999618530273,24.288177490234375
2002-05-08,5672700,28.610000610351562,28.899999618530273,29.3700008392334,28.489999771118164,23.753908157348633
2002-05-07,6188200,30.260000228881836,29.219999313354492,30.399999618530273,29.190000534057617,24.01692771911621
2002-05-06,4358600,30.020000457763672,30.290000915527344,30.5,28.8799991607666,24.896404266357422
2002-05-03,4893200,30.0,29.950000762939453,30.190000534057617,29.610000610351562,24.616952896118164
2002-05-02,3655300,29.450000762939453,29.420000076293945,30.0,29.25,24.181316375732422
2002-05-01,5425800,28.549999237060547,29.610000610351562,30.200000762939453,28.260000228881836,24.337491989135742
2002-04-30,4936400,29.299999237060547,28.510000228881836,29.3799991607666,28.399999618530273,23.433349609375
2002-04-29,3955100,29.549999237060547,29.84000015258789,30.100000381469727,29.5,24.526525497436523
2002-04-26,6935800,28.450000762939453,30.079999923706055,30.1200008392334,28.399999618530273,24.723796844482422
2002-04-25,4869800,29.700000762939453,28.809999465942383,29.790000915527344,28.780000686645508,23.6799373626709
2002-04-24,4861300,29.219999313354492,29.239999771118164,29.520000457763672,29.030000686645508,24.03338050842285
2002-04-23,4170800,28.709999084472656,29.239999771118164,29.280000686645508,28.709999084472656,24.03338050842285
2002-04-22,3157200,29.040000915527344,29.100000381469727,29.479999542236328,28.799999237060547,23.918296813964844
2002-04-19,3364900,28.299999237060547,29.040000915527344,29.040000915527344,28.100000381469727,23.86898422241211
2002-04-18,5961500,29.479999542236328,28.299999237060547,29.790000915527344,28.25,23.26075553894043
2002-04-17,4668800,28.940000534057617,29.06999969482422,29.18000030517578,28.75,23.893638610839844
2002-04-16,3785900,27.950000762939453,28.190000534057617,28.299999237060547,27.6200008392334,23.17034149169922
2002-04-15,2598600,28.219999313354492,28.299999237060547,28.479999542236328,27.899999618530273,23.26075553894043
2002-04-12,3027400,27.799999237060547,28.239999771118164,28.440000534057617,27.520000457763672,23.211429595947266
2002-04-11,4651400,27.979999542236328,28.059999465942383,28.510000228881836,27.760000228881836,23.063486099243164
2002-04-10,5063800,27.0,28.15999984741211,28.190000534057617,27.0,23.14568519592285
2002-04-09,3314100,27.09000015258789,27.020000457763672,27.200000762939453,26.8799991607666,22.208677291870117
2002-04-08,3266200,27.899999618530273,27.149999618530273,28.1299991607666,26.770000457763672,22.315528869628906
2002-04-05,3294300,27.600000381469727,27.260000228881836,27.600000381469727,26.899999618530273,22.405941009521484
2002-04-04,4095900,27.700000762939453,27.799999237060547,27.850000381469727,26.93000030517578,22.849782943725586
2002-04-03,5411100,27.920000076293945,27.6299991607666,28.0,27.329999923706055,22.710052490234375
2002-04-02,6361800,28.8799991607666,28.520000457763672,29.25,28.450000762939453,23.441577911376953
2002-04-01,5823300,27.690000534057617,28.770000457763672,29.040000915527344,27.450000762939453,23.647058486938477
2002-03-28,5288300,28.239999771118164,27.690000534057617,28.239999771118164,27.459999084472656,22.759368896484375
2002-03-27,8351200,26.899999618530273,28.239999771118164,28.260000228881836,26.700000762939453,23.211429595947266
2002-03-26,4731400,26.899999618530273,26.450000762939453,27.100000381469727,26.280000686645508,21.74017906188965
2002-03-25,5707000,26.5,27.149999618530273,27.31999969482422,26.40999984741211,22.315528869628906
2002-03-22,6337900,25.25,26.3700008392334,26.489999771118164,25.0,21.674419403076172
2002-03-21,4312100,25.079999923706055,25.239999771118164,25.75,24.899999618530273,20.745634078979492
2002-03-20,3000100,24.5,25.040000915527344,25.09000015258789,24.25,20.581249237060547
2002-03-19,3362600,24.940000534057617,24.649999618530273,24.940000534057617,24.299999237060547,20.260692596435547
2002-03-18,3901100,23.75,24.649999618530273,24.760000228881836,23.719999313354492,20.260692596435547
2002-03-15,2576800,24.149999618530273,23.5,24.149999618530273,23.299999237060547,19.315473556518555
2002-03-14,2504600,23.510000228881836,23.690000534057617,23.799999237060547,23.200000762939453,19.471635818481445
2002-03-13,3116800,24.219999313354492,23.549999237060547,24.440000534057617,23.510000228881836,19.356565475463867
2002-03-12,2627100,24.219999313354492,24.209999084472656,24.329999923706055,23.899999618530273,19.8990421295166
2002-03-11,3467400,23.420000076293945,23.600000381469727,23.969999313354492,23.31999969482422,19.397653579711914
2002-03-08,8507100,23.950000762939453,23.0,23.950000762939453,22.5,18.904497146606445
2002-03-07,6664800,25.049999237060547,24.190000534057617,25.059999465942383,24.040000915527344,19.882596969604492
2002-03-06,4162500,24.350000381469727,25.360000610351562,25.479999542236328,24.260000228881836,20.84425926208496
2002-03-05,5369300,24.5,24.549999237060547,24.979999542236328,24.25,20.178499221801758
2002-03-04,4408200,24.31999969482422,24.5,24.8799991607666,24.010000228881836,20.137399673461914
2002-03-01,5023700,24.049999237060547,24.489999771118164,24.5,23.780000686645508,20.104520797729492
2002-02-28,5365500,24.020000457763672,24.1200008392334,24.290000915527344,23.770000457763672,19.8007869720459
2002-02-27,5074800,24.610000610351562,24.020000457763672,24.610000610351562,23.809999465942383,19.71868133544922
2002-02-26,5375300,23.549999237060547,24.610000610351562,24.709999084472656,23.530000686645508,20.203039169311523
2002-02-25,2667000,23.65999984741211,23.389999389648438,23.760000228881836,23.260000228881836,19.201499938964844
2002-02-22,4047100,24.0,23.850000381469727,24.200000762939453,23.600000381469727,19.579130172729492
2002-02-21,6684300,23.299999237060547,23.809999465942383,23.969999313354492,23.18000030517578,19.546297073364258
2002-02-20,8948200,23.5,23.149999618530273,23.649999618530273,23.139999389648438,19.004478454589844
2002-02-19,30776900,24.229999542236328,23.770000457763672,24.68000030517578,23.309999465942383,19.51346206665039
2002-02-15,6554700,25.049999237060547,24.329999923706055,25.290000915527344,24.0,19.973175048828125
2002-02-14,5014900,24.0,24.65999984741211,24.90999984741211,23.899999618530273,20.244077682495117
2002-02-13,4036200,23.600000381469727,23.93000030517578,24.3799991607666,23.399999618530273,19.64480209350586
2002-02-12,5503300,23.25,23.969999313354492,24.110000610351562,23.25,19.677637100219727
2002-02-11,7928100,23.700000762939453,23.510000228881836,24.190000534057617,23.25,19.300012588500977
2002-02-08,9440000,24.450000762939453,25.0,25.450000762939453,24.399999618530273,20.523193359375
2002-02-07,8457700,24.43000030517578,24.1299991607666,24.43000030517578,23.84000015258789,19.80898666381836
2002-02-06,11861300,25.5,24.299999237060547,25.899999618530273,24.25,19.948543548583984
2002-02-05,12077500,24.200000762939453,25.06999969482422,25.190000534057617,23.75,20.580656051635742
2002-02-04,6351400,23.5,23.899999618530273,24.049999237060547,23.450000762939453,19.62017250061035
2002-02-01,7603900,22.0,22.809999465942383,23.350000381469727,22.0,18.725357055664062
2002-01-31,4107900,21.450000762939453,21.84000015258789,21.969999313354492,21.420000076293945,17.929061889648438
2002-01-30,4123200,21.940000534057617,21.290000915527344,22.09000015258789,21.25,17.47755241394043
2002-01-29,5811300,20.700000762939453,21.530000686645508,21.969999313354492,20.700000762939453,17.674583435058594
2002-01-28,3437500,20.989999771118164,20.8799991607666,21.3799991607666,20.6200008392334,17.140968322753906
2002-01-25,5198200,20.059999465942383,20.90999984741211,20.989999771118164,20.040000915527344,17.16560173034668
2002-01-24,2708800,20.0,19.969999313354492,20.100000381469727,19.8700008392334,16.3939208984375
2002-01-23,5003200,20.329999923706055,19.940000534057617,20.59000015258789,19.799999237060547,16.369304656982422
2002-01-22,9995300,20.219999313354492,20.43000030517578,20.530000686645508,20.149999618530273,16.771549224853516
2002-01-18,14429800,20.549999237060547,20.200000762939453,20.559999465942383,20.049999237060547,16.582740783691406
2002-01-17,2921900,21.0,20.649999618530273,21.0,20.559999465942383,16.95216178894043
2002-01-16,8502600,20.899999618530273,21.09000015258789,21.5,20.850000381469727,17.313371658325195
2002-01-15,6995200,19.989999771118164,20.600000381469727,20.75,19.860000610351562,16.91111183166504
2002-01-14,6575400,19.690000534057617,19.950000762939453,20.200000762939453,19.649999618530273,16.37750244140625
2002-01-11,7810200,19.709999084472656,19.690000534057617,20.1200008392334,19.549999237060547,16.164072036743164
2002-01-10,8296900,19.899999618530273,19.709999084472656,19.969999313354492,19.559999465942383,16.180490493774414
2002-01-09,12105600,18.920000076293945,19.40999984741211,19.639999389648438,18.8799991607666,15.93421459197998
2002-01-08,5898900,18.899999618530273,18.700000762939453,18.899999618530273,18.520000457763672,15.351347923278809
2002-01-07,6321200,18.799999237060547,18.93000030517578,19.06999969482422,18.760000228881836,15.540162086486816
2002-01-04,3010200,18.950000762939453,18.81999969482422,18.950000762939453,18.75,15.449856758117676
2002-01-03,5588200,18.899999618530273,19.010000228881836,19.09000015258789,18.709999084472656,15.605844497680664
2002-01-02,1885300,19.0,19.09000015258789,19.25,18.829999923706055,15.671514511108398
2001-12-31,2962200,18.760000228881836,19.110000610351562,19.280000686645508,18.760000228881836,15.687928199768066
2001-12-28,3318100,19.200000762939453,18.950000762939453,19.34000015258789,18.889999389648438,15.556583404541016
2001-12-27,2282900,19.5,19.239999771118164,19.59000015258789,19.110000610351562,15.794651985168457
2001-12-26,1095400,19.440000534057617,19.3700008392334,19.600000381469727,19.25,15.901369094848633
2001-12-24,440000,19.25,19.690000534057617,19.700000762939453,19.170000076293945,16.164072036743164
2001-12-21,3494000,19.520000457763672,19.479999542236328,19.790000915527344,19.399999618530273,15.991673469543457
2001-12-20,1504600,19.1299991607666,19.510000228881836,19.59000015258789,19.1299991607666,16.01630401611328
2001-12-19,2706700,19.979999542236328,19.25,19.979999542236328,19.239999771118164,15.8028564453125
2001-12-18,2974600,19.68000030517578,20.09000015258789,20.09000015258789,19.549999237060547,16.49243927001953
2001-12-17,1802600,19.700000762939453,19.559999465942383,19.700000762939453,19.40999984741211,16.057342529296875
2001-12-14,4021300,19.030000686645508,19.719999313354492,19.719999313354492,19.030000686645508,16.188692092895508
2001-12-13,2641100,19.200000762939453,19.030000686645508,19.329999923706055,18.84000015258789,15.622257232666016
2001-12-12,4454700,18.899999618530273,19.290000915527344,19.290000915527344,18.799999237060547,15.835697174072266
2001-12-11,3063300,19.049999237060547,18.899999618530273,19.049999237060547,18.829999923706055,15.515536308288574
2001-12-10,6571300,19.0,19.06999969482422,19.190000534057617,18.84000015258789,15.6550931930542
2001-12-07,2827500,20.030000686645508,20.020000457763672,20.309999465942383,19.809999465942383,16.434974670410156
2001-12-06,3760500,19.84000015258789,20.280000686645508,20.280000686645508,19.809999465942383,16.648420333862305
2001-12-05,3051800,19.889999389648438,19.790000915527344,19.889999389648438,19.389999389648438,16.221534729003906
2001-12-04,2259600,20.209999084472656,19.770000457763672,20.219999313354492,19.760000228881836,16.205137252807617
2001-12-03,3552000,19.799999237060547,20.190000534057617,20.40999984741211,19.799999237060547,16.549406051635742
2001-11-30,2445000,19.700000762939453,19.670000076293945,19.969999313354492,19.520000457763672,16.123172760009766
2001-11-29,3556100,19.75,19.520000457763672,19.940000534057617,19.520000457763672,16.000221252441406
2001-11-28,3592600,19.469999313354492,19.700000762939453,19.899999618530273,19.469999313354492,16.14776039123535
2001-11-27,3793000,19.1200008392334,19.469999313354492,19.469999313354492,19.110000610351562,15.959237098693848
2001-11-26,1226400,19.25,19.049999237060547,19.290000915527344,18.799999237060547,15.614970207214355
2001-11-23,1077500,19.149999618530273,19.239999771118164,19.299999237060547,18.969999313354492,15.770708084106445
2001-11-21,3238400,19.34000015258789,18.959999084472656,19.649999618530273,18.959999084472656,15.5411958694458
2001-11-20,3032300,19.350000381469727,19.350000381469727,19.739999771118164,19.25,15.860876083374023
2001-11-19,3202400,19.649999618530273,19.260000228881836,19.700000762939453,19.049999237060547,15.787103652954102
2001-11-16,6008500,20.200000762939453,19.799999237060547,20.200000762939453,19.059999465942383,16.229732513427734
2001-11-15,7045200,20.280000686645508,20.18000030517578,20.299999237060547,19.760000228881836,16.54121208190918
2001-11-14,17515200,20.0,20.299999237060547,20.65999984741211,20.0,16.639572143554688
2001-11-13,2226100,22.799999237060547,22.25,22.969999313354492,22.200000762939453,18.237958908081055
2001-11-12,2030900,23.399999618530273,23.299999237060547,24.239999771118164,23.100000381469727,19.09861946105957
2001-11-09,1232400,22.899999618530273,23.290000915527344,23.399999618530273,22.639999389648438,19.090421676635742
2001-11-08,2088800,23.850000381469727,22.770000457763672,24.149999618530273,22.600000381469727,18.664188385009766
2001-11-07,1647100,23.75,23.850000381469727,24.149999618530273,23.75,19.549448013305664
2001-11-06,1081100,23.520000457763672,23.700000762939453,23.989999771118164,23.5,19.426494598388672
2001-11-05,1407900,23.5,23.709999084472656,23.790000915527344,23.110000610351562,19.4346923828125
2001-11-02,1469300,23.280000686645508,23.860000610351562,23.940000534057617,23.15999984741211,19.55763816833496
2001-11-01,1201200,23.43000030517578,23.440000534057617,23.489999771118164,22.8799991607666,19.213380813598633
2001-10-31,2671400,23.110000610351562,23.200000762939453,23.40999984741211,22.65999984741211,19.01665687561035
2001-10-30,3626900,22.239999771118164,23.020000457763672,23.15999984741211,21.989999771118164,18.869112014770508
2001-10-29,1425100,21.5,21.65999984741211,21.979999542236328,21.459999084472656,17.75434112548828
2001-10-26,1691300,21.860000610351562,21.290000915527344,21.860000610351562,21.110000610351562,17.45105743408203
2001-10-25,2323600,21.5,21.610000610351562,22.190000534057617,21.200000762939453,17.713359832763672
2001-10-24,1765000,21.280000686645508,21.239999771118164,21.670000076293945,21.1200008392334,17.410076141357422
2001-10-23,2055300,20.950000762939453,21.139999389648438,21.6299991607666,20.93000030517578,17.328102111816406
2001-10-22,2175300,21.350000381469727,21.09000015258789,21.540000915527344,21.040000915527344,17.287128448486328
2001-10-19,1790400,22.1200008392334,21.90999984741211,22.479999542236328,21.760000228881836,17.95926284790039
2001-10-18,2334000,22.40999984741211,22.229999542236328,22.649999618530273,22.020000457763672,18.2215633392334
2001-10-17,2754100,21.75,22.8799991607666,22.940000534057617,21.5,18.754352569580078
2001-10-16,1819100,21.290000915527344,21.90999984741211,22.06999969482422,21.200000762939453,17.95926284790039
2001-10-15,1482900,22.030000686645508,21.65999984741211,22.5,21.639999389648438,17.75434112548828
2001-10-12,3474700,21.510000228881836,22.100000381469727,22.690000534057617,21.239999771118164,18.115007400512695
2001-10-11,4760200,21.350000381469727,21.200000762939453,21.459999084472656,20.450000762939453,17.37729263305664
2001-10-10,3137600,22.850000381469727,21.799999237060547,23.0,21.700000762939453,17.869089126586914
2001-10-09,1450100,23.5,22.8700008392334,23.670000076293945,22.799999237060547,18.746156692504883
2001-10-08,2407400,24.0,23.739999771118164,24.450000762939453,23.5,19.45928382873535
2001-10-05,2042500,23.309999465942383,24.0,24.010000228881836,23.149999618530273,19.672407150268555
2001-10-04,2603400,23.25,23.059999465942383,23.579999923706055,22.799999237060547,18.901901245117188
2001-10-03,2775300,24.600000381469727,23.079999923706055,24.790000915527344,22.829999923706055,18.91828727722168
2001-10-02,3149500,24.799999237060547,24.549999237060547,25.229999542236328,23.979999542236328,20.12322235107422
2001-10-01,2799300,23.350000381469727,24.829999923706055,25.0,23.110000610351562,20.352737426757812
2001-09-28,1597300,23.600000381469727,23.600000381469727,24.040000915527344,23.219999313354492,19.344518661499023
2001-09-27,2674000,22.950000762939453,23.649999618530273,23.889999389648438,22.729999542236328,19.385507583618164
2001-09-26,3094100,22.049999237060547,23.3700008392334,23.700000762939453,22.0,19.155996322631836
2001-09-25,2053600,21.989999771118164,21.940000534057617,22.18000030517578,21.260000228881836,17.983858108520508
2001-09-24,2556000,21.700000762939453,21.600000381469727,21.920000076293945,21.110000610351562,17.705156326293945
2001-09-21,6480400,24.299999237060547,22.270000457763672,24.799999237060547,22.200000762939453,18.254350662231445
2001-09-20,4040200,22.700000762939453,23.899999618530273,23.899999618530273,22.399999618530273,19.590431213378906
2001-09-19,4061000,22.469999313354492,22.799999237060547,23.15999984741211,22.15999984741211,18.688779830932617
2001-09-18,2761800,22.270000457763672,22.34000015258789,22.489999771118164,21.309999465942383,18.311723709106445
2001-09-17,4947300,23.0,22.280000686645508,23.469999313354492,21.600000381469727,18.262544631958008
2001-09-10,1769900,20.450000762939453,21.149999618530273,21.209999084472656,20.450000762939453,17.3363037109375
2001-09-07,2027000,20.360000610351562,20.790000915527344,20.860000610351562,20.360000610351562,17.041215896606445
2001-09-06,975500,20.600000381469727,20.209999084472656,20.739999771118164,20.18000030517578,16.56580352783203
2001-09-05,967300,20.280000686645508,20.670000076293945,20.719999313354492,20.1299991607666,16.942852020263672
2001-09-04,1255900,20.549999237060547,20.290000915527344,20.649999618530273,20.219999313354492,16.63138198852539
2001-08-31,627900,20.899999618530273,20.739999771118164,20.959999084472656,20.6299991607666,16.975645065307617
2001-08-30,1065600,20.84000015258789,20.860000610351562,21.1200008392334,20.610000610351562,17.073862075805664
2001-08-29,1223900,21.0,20.940000534057617,21.25,20.770000457763672,17.13934326171875
2001-08-28,1954000,21.18000030517578,20.93000030517578,21.229999542236328,20.600000381469727,17.131155014038086
2001-08-27,971900,21.520000457763672,21.489999771118164,21.799999237060547,21.239999771118164,17.58950424194336
2001-08-24,1710900,21.139999389648438,21.700000762939453,21.790000915527344,21.010000228881836,17.761394500732422
2001-08-23,1219300,21.200000762939453,21.43000030517578,21.639999389648438,21.170000076293945,17.540409088134766
2001-08-22,1220300,21.25,21.299999237060547,21.600000381469727,21.059999465942383,17.434001922607422
2001-08-21,2016000,21.389999389648438,21.149999618530273,21.450000762939453,20.700000762939453,17.311227798461914
2001-08-20,1467100,20.969999313354492,21.110000610351562,21.200000762939453,20.639999389648438,17.27849006652832
2001-08-17,3082200,21.600000381469727,21.479999542236328,22.020000457763672,21.18000030517578,17.58133316040039
2001-08-16,2597700,21.299999237060547,21.139999389648438,21.450000762939453,20.700000762939453,17.303037643432617
2001-08-15,2036300,20.690000534057617,21.059999465942383,21.239999771118164,20.459999084472656,17.23756217956543
2001-08-14,1843200,20.5,20.440000534057617,20.59000015258789,20.06999969482422,16.7300968170166
2001-08-13,1911700,20.149999618530273,20.950000762939453,20.989999771118164,19.899999618530273,17.147525787353516
2001-08-10,2119900,20.75,20.049999237060547,20.75,19.799999237060547,16.410886764526367
2001-08-09,3928800,19.5,20.5,20.649999618530273,19.420000076293945,16.779207229614258
2001-08-08,1517800,18.530000686645508,19.139999389648438,19.3700008392334,18.510000228881836,15.666047096252441
2001-08-07,1184900,18.920000076293945,18.6299991607666,18.920000076293945,18.559999465942383,15.248610496520996
2001-08-06,871700,18.520000457763672,18.90999984741211,19.079999923706055,18.350000381469727,15.477791786193848
2001-08-03,1210700,18.520000457763672,18.770000457763672,18.799999237060547,18.469999313354492,15.363201141357422
2001-08-02,1126800,18.889999389648438,18.829999923706055,18.889999389648438,18.350000381469727,15.412318229675293
2001-08-01,868800,18.8700008392334,18.860000610351562,19.149999618530273,18.809999465942383,15.436872482299805
2001-07-31,1142000,18.75,18.700000762939453,19.290000915527344,18.65999984741211,15.305904388427734
2001-07-30,938300,19.329999923706055,18.709999084472656,19.329999923706055,18.610000610351562,15.314093589782715
2001-07-27,1349000,19.010000228881836,19.43000030517578,19.559999465942383,18.799999237060547,15.903413772583008
2001-07-26,2237000,19.700000762939453,19.0,19.760000228881836,18.75,15.551458358764648
2001-07-25,1938300,20.350000381469727,20.040000915527344,20.59000015258789,19.959999084472656,16.40270233154297
2001-07-24,2362100,19.739999771118164,20.639999389648438,20.639999389648438,19.600000381469727,16.8937931060791
2001-07-23,1059700,19.84000015258789,19.700000762939453,19.940000534057617,19.510000228881836,16.12440299987793
2001-07-20,2286900,20.0,19.969999313354492,20.190000534057617,19.799999237060547,16.34539222717285
2001-07-19,1517300,19.950000762939453,19.75,19.979999542236328,19.420000076293945,16.16533088684082
2001-07-18,3382400,18.6200008392334,19.780000686645508,19.950000762939453,18.6200008392334,16.18988800048828
2001-07-17,1051600,18.5,18.600000381469727,18.799999237060547,18.389999389648438,15.224053382873535
2001-07-16,1447600,18.8700008392334,18.5,18.959999084472656,18.299999237060547,15.14220142364502
2001-07-13,849400,19.149999618530273,18.860000610351562,19.15999984741211,18.850000381469727,15.436872482299805
2001-07-12,1374600,18.889999389648438,19.200000762939453,19.3799991607666,18.760000228881836,15.715160369873047
2001-07-11,2386500,19.299999237060547,19.290000915527344,19.84000015258789,18.260000228881836,15.788820266723633
2001-07-10,1953400,18.329999923706055,18.799999237060547,18.84000015258789,18.239999771118164,15.387755393981934
2001-07-09,1105200,18.239999771118164,18.31999969482422,18.479999542236328,18.06999969482422,14.994880676269531
2001-07-06,1290600,18.260000228881836,18.239999771118164,18.450000762939453,18.0,14.929397583007812
2001-07-05,1697900,18.5,18.260000228881836,18.600000381469727,17.969999313354492,14.94576644897461
2001-07-03,1164400,18.360000610351562,18.65999984741211,18.770000457763672,18.299999237060547,15.273164749145508
2001-07-02,2032000,18.520000457763672,18.360000610351562,18.59000015258789,18.239999771118164,15.027618408203125
2001-06-29,2181500,18.950000762939453,18.610000610351562,19.139999389648438,18.610000610351562,15.232248306274414
2001-06-28,2281200,19.5,18.790000915527344,19.5,18.75,15.379570007324219
2001-06-27,2285700,20.190000534057617,19.260000228881836,20.229999542236328,19.260000228881836,15.764267921447754
2001-06-26,3294200,20.149999618530273,20.170000076293945,20.739999771118164,19.8799991607666,16.509092330932617
2001-06-25,2329600,21.0,20.100000381469727,21.139999389648438,20.0,16.45180892944336
2001-06-22,1765300,20.5,20.40999984741211,20.850000381469727,20.299999237060547,16.705541610717773
2001-06-21,1888900,20.979999542236328,20.450000762939453,20.979999542236328,20.190000534057617,16.738279342651367
2001-06-20,1542400,21.360000610351562,20.780000686645508,21.43000030517578,20.75,17.008380889892578
2001-06-19,1017900,21.5,21.610000610351562,21.950000762939453,21.450000762939453,17.6877384185791
2001-06-18,1686300,21.81999969482422,21.5,22.280000686645508,21.350000381469727,17.597702026367188
2001-06-15,2161700,22.670000076293945,21.889999389648438,22.670000076293945,21.6299991607666,17.916908264160156
2001-06-14,3057500,21.8700008392334,22.670000076293945,23.149999618530273,21.559999465942383,18.555343627929688
2001-06-13,2022500,21.950000762939453,21.860000610351562,22.09000015258789,21.40999984741211,17.892353057861328
2001-06-12,2185900,21.489999771118164,21.6200008392334,21.8700008392334,21.299999237060547,17.6959228515625
2001-06-11,1646500,21.25,20.899999618530273,21.280000686645508,20.760000228881836,17.106603622436523
2001-06-08,1966000,20.5,21.420000076293945,21.770000457763672,20.5,17.53221893310547
2001-06-07,799400,20.5,20.5,20.709999084472656,20.280000686645508,16.779207229614258
2001-06-06,1671300,21.540000915527344,20.5,21.540000915527344,20.3700008392334,16.779207229614258
2001-06-05,1700800,21.18000030517578,21.290000915527344,21.56999969482422,20.959999084472656,17.42581558227539
2001-06-04,1425100,20.979999542236328,20.93000030517578,21.31999969482422,20.459999084472656,17.131155014038086
2001-06-01,2720300,20.479999542236328,20.829999923706055,20.959999084472656,20.31999969482422,17.024755477905273
2001-05-31,1861800,20.719999313354492,20.489999771118164,20.989999771118164,20.25,16.746856689453125
2001-05-30,3457600,21.100000381469727,20.709999084472656,21.489999771118164,20.459999084472656,16.926679611206055
2001-05-29,2129500,21.6200008392334,21.600000381469727,21.700000762939453,20.850000381469727,17.654085159301758
2001-05-25,2558200,21.299999237060547,21.969999313354492,22.200000762939453,21.229999542236328,17.95649528503418
2001-05-24,3613500,22.850000381469727,21.440000534057617,23.229999542236328,21.350000381469727,17.523319244384766
2001-05-23,2914900,22.200000762939453,22.270000457763672,22.3799991607666,21.719999313354492,18.201688766479492
2001-05-22,4406500,23.579999923706055,22.5,23.579999923706055,22.43000030517578,18.38968849182129
2001-05-21,5476700,24.200000762939453,24.049999237060547,24.25,23.65999984741211,19.65651512145996
2001-05-18,6130200,23.25,24.0,24.600000381469727,23.010000228881836,19.61565399169922
2001-05-17,4130800,22.950000762939453,23.0,23.290000915527344,22.350000381469727,18.7983341217041
2001-05-16,5899900,21.5,22.709999084472656,22.899999618530273,21.399999618530273,18.56130599975586
2001-05-15,1962300,20.899999618530273,20.809999465942383,21.450000762939453,20.610000610351562,17.008403778076172
2001-05-14,1582600,20.799999237060547,20.920000076293945,21.149999618530273,20.56999969482422,17.098310470581055
2001-05-11,2140500,21.049999237060547,20.979999542236328,21.350000381469727,20.530000686645508,17.147350311279297
2001-05-10,5202900,20.75,21.309999465942383,21.610000610351562,20.15999984741211,17.41706085205078
2001-05-09,7168200,19.479999542236328,20.729999542236328,21.520000457763672,19.3799991607666,16.943016052246094
2001-05-08,1026500,18.5,18.770000457763672,18.950000762939453,18.399999618530273,15.341082572937012
2001-05-07,1406700,18.15999984741211,18.459999084472656,18.989999771118164,18.15999984741211,15.08769702911377
2001-05-04,994100,18.469999313354492,18.270000457763672,18.8700008392334,18.1299991607666,14.932411193847656
2001-05-03,1315200,19.049999237060547,18.469999313354492,19.190000534057617,18.260000228881836,15.095874786376953
2001-05-02,1766300,18.850000381469727,18.809999465942383,19.09000015258789,18.5,15.373763084411621
2001-05-01,1721800,18.229999542236328,19.010000228881836,19.020000457763672,18.010000228881836,15.537233352661133
2001-04-30,1187600,18.299999237060547,18.229999542236328,18.3799991607666,17.950000762939453,14.899727821350098
2001-04-27,2402100,18.280000686645508,18.389999389648438,18.59000015258789,17.969999313354492,15.030482292175293
2001-04-26,2425400,17.1299991607666,18.239999771118164,18.290000915527344,17.049999237060547,14.9078950881958
2001-04-25,1103300,17.239999771118164,17.020000457763672,17.239999771118164,16.8799991607666,13.91076946258545
2001-04-24,1472000,16.700000762939453,17.149999618530273,17.200000762939453,16.700000762939453,14.017020225524902
2001-04-23,783700,16.709999084472656,16.770000457763672,16.780000686645508,16.43000030517578,13.706437110900879
2001-04-20,1788600,17.0,16.780000686645508,17.100000381469727,16.610000610351562,13.714611053466797
2001-04-19,1871300,17.25,17.15999984741211,17.489999771118164,16.90999984741211,14.025192260742188
2001-04-18,2357100,16.5,17.200000762939453,17.239999771118164,16.219999313354492,14.05788516998291
2001-04-17,1235400,16.760000228881836,16.75,16.969999313354492,16.40999984741211,13.69009017944336
2001-04-16,1479700,16.790000915527344,17.15999984741211,17.15999984741211,16.790000915527344,14.025192260742188
2001-04-12,1224200,16.489999771118164,16.549999237060547,16.739999771118164,16.309999465942383,13.526629447937012
2001-04-11,2535000,16.510000228881836,16.25,16.93000030517578,16.239999771118164,13.28143310546875
2001-04-10,2105100,17.079999923706055,16.979999542236328,17.360000610351562,16.700000762939453,13.87807846069336
2001-04-09,835600,17.149999618530273,17.209999084472656,17.489999771118164,17.010000228881836,14.066060066223145
2001-04-06,1730400,17.020000457763672,17.149999618530273,17.6299991607666,16.979999542236328,14.017020225524902
2001-04-05,1186400,16.950000762939453,17.139999389648438,17.139999389648438,16.700000762939453,14.008844375610352
2001-04-04,3125000,17.200000762939453,17.149999618530273,17.360000610351562,16.950000762939453,14.017020225524902
2001-04-03,2326200,15.630000114440918,16.459999084472656,16.700000762939453,15.5600004196167,13.453067779541016
2001-04-02,1598900,16.0,15.380000114440918,16.0,15.15999984741211,12.570365905761719
2001-03-30,1296400,15.84000015258789,16.1200008392334,16.1299991607666,15.279999732971191,13.17518138885498
2001-03-29,839700,15.960000038146973,15.84000015258789,16.09000015258789,15.600000381469727,12.946334838867188
2001-03-28,1157200,15.899999618530273,15.960000038146973,16.09000015258789,15.510000228881836,13.04440689086914
2001-03-27,1472700,16.549999237060547,16.049999237060547,16.549999237060547,15.8100004196167,13.117969512939453
2001-03-26,837700,16.40999984741211,16.510000228881836,16.559999465942383,16.200000762939453,13.493936538696289
2001-03-23,1235700,17.049999237060547,16.5,17.100000381469727,16.389999389648438,13.485763549804688
2001-03-22,1921400,16.950000762939453,17.049999237060547,17.100000381469727,16.809999465942383,13.935286521911621
2001-03-21,2014100,16.780000686645508,16.989999771118164,17.149999618530273,16.739999771118164,13.886247634887695
2001-03-20,1742700,16.5,16.770000457763672,17.190000534057617,16.469999313354492,13.706437110900879
2001-03-19,2124300,16.059999465942383,16.489999771118164,16.700000762939453,16.059999465942383,13.47758674621582
2001-03-16,2267500,16.719999313354492,16.049999237060547,16.790000915527344,15.949999809265137,13.117969512939453
2001-03-15,2969300,17.25,16.709999084472656,17.25,16.5,13.657395362854004
2001-03-14,2339300,17.59000015258789,17.5,17.75,17.110000610351562,14.303080558776855
2001-03-13,2369900,17.420000076293945,17.559999465942383,17.739999771118164,17.209999084472656,14.352118492126465
2001-03-12,3586700,18.149999618530273,18.0,18.670000076293945,18.0,14.711736679077148
2001-03-09,5050100,19.100000381469727,17.989999771118164,19.239999771118164,17.899999618530273,14.703561782836914
2001-03-08,4895800,16.989999771118164,18.850000381469727,18.93000030517578,16.950000762939453,15.406462669372559
2001-03-07,1096400,16.709999084472656,16.920000076293945,17.09000015258789,16.510000228881836,13.829031944274902
2001-03-06,1178300,16.75,16.68000030517578,16.790000915527344,16.459999084472656,13.632879257202148
2001-03-05,1285600,16.59000015258789,16.989999771118164,17.100000381469727,16.40999984741211,13.886247634887695
2001-03-02,1466300,16.5,16.600000381469727,16.940000534057617,16.389999389648438,13.567493438720703
2001-03-01,1759700,16.829999923706055,16.8799991607666,17.110000610351562,16.649999618530273,13.771821022033691
2001-02-28,2309500,17.06999969482422,16.850000381469727,17.06999969482422,16.399999618530273,13.747345924377441
2001-02-27,3848800,17.25,17.170000076293945,17.600000381469727,16.829999923706055,14.008426666259766
2001-02-26,3740100,16.25,17.06999969482422,17.139999389648438,16.110000610351562,13.926841735839844
2001-02-23,4616400,15.300000190734863,15.960000038146973,16.290000915527344,15.300000190734863,13.021223068237305
2001-02-22,2446400,15.0,15.359999656677246,15.390000343322754,14.90999984741211,12.531708717346191
2001-02-21,2225400,15.399999618530273,15.010000228881836,15.399999618530273,14.710000038146973,12.246150016784668
2001-02-20,1474100,15.1899995803833,14.8100004196167,15.1899995803833,14.670000076293945,12.082983016967773
2001-02-16,3782000,14.850000381469727,15.029999732971191,15.300000190734863,14.619999885559082,12.262472152709961
2001-02-15,1461700,14.149999618530273,14.130000114440918,14.399999618530273,14.020000457763672,11.528191566467285
2001-02-14,1377000,14.470000267028809,14.09000015258789,14.539999961853027,14.0,11.495556831359863
2001-02-13,1044000,14.600000381469727,14.460000038146973,14.899999618530273,14.449999809265137,11.7974271774292
2001-02-12,1202800,14.649999618530273,14.5600004196167,14.9399995803833,14.520000457763672,11.87901496887207
2001-02-09,1691400,14.399999618530273,14.449999809265137,14.899999618530273,14.34000015258789,11.789268493652344
2001-02-08,1753900,15.0,14.319999694824219,15.100000381469727,14.3100004196167,11.683204650878906
2001-02-07,1631500,14.850000381469727,15.079999923706055,15.100000381469727,14.460000038146973,12.303264617919922
2001-02-06,1801800,15.010000228881836,14.949999809265137,15.100000381469727,14.539999961853027,12.197200775146484
2001-02-05,1155800,15.399999618530273,15.220000267028809,15.399999618530273,15.109999656677246,12.417481422424316
2001-02-02,1709800,15.5,15.4399995803833,15.699999809265137,15.300000190734863,12.596968650817871
2001-02-01,2525100,15.739999771118164,15.649999618530273,15.920000076293945,15.300000190734863,12.768306732177734
2001-01-31,1249600,15.5,15.449999809265137,15.65999984741211,15.359999656677246,12.605131149291992
2001-01-30,3242300,15.479999542236328,15.59000015258789,15.739999771118164,15.199999809265137,12.7193603515625
2001-01-29,1982100,15.75,15.100000381469727,15.899999618530273,15.0,12.319579124450684
2001-01-26,1234500,15.8125,15.75,15.875,15.3125,12.849895477294922
2001-01-25,2086400,15.9375,15.75,16.1875,15.625,12.849895477294922
2001-01-24,2269000,16.5625,16.0,16.625,15.75,13.053863525390625
2001-01-23,2339500,17.25,16.875,17.3125,16.6875,13.767745018005371
2001-01-22,4216800,16.3125,17.5,17.5,16.3125,14.277661323547363
2001-01-19,1333700,16.5,16.3125,16.75,16.1875,13.308820724487305
2001-01-18,1540600,16.625,16.5,16.75,16.4375,13.46179485321045
2001-01-17,1423000,16.6875,16.5,16.75,16.5,13.46179485321045
2001-01-16,1552600,16.875,16.875,17.0,16.5,13.767745018005371
2001-01-12,1712700,16.4375,16.875,16.9375,16.125,13.767745018005371
2001-01-11,1182900,16.8125,16.5625,16.8125,16.5,13.512785911560059
2001-01-10,3004600,16.625,16.8125,17.3125,16.5,13.716752052307129
2001-01-09,2047200,16.625,16.625,16.75,16.125,13.563776969909668
2001-01-08,1066100,16.875,16.9375,17.1875,16.75,13.81873893737793
2001-01-05,1777600,17.1875,16.875,17.625,16.75,13.767745018005371
2001-01-04,1460600,17.5,17.125,17.8125,17.0,13.971709251403809
2001-01-03,2462500,17.875,17.4375,17.9375,17.375,14.226667404174805
2001-01-02,2589800,17.3125,17.9375,18.1875,17.1875,14.634598731994629
2000-12-29,1288200,17.4375,17.0625,17.5,17.0,13.920717239379883
2000-12-28,896600,17.6875,17.5625,17.75,17.3125,14.32864761352539
2000-12-27,1046500,17.75,17.6875,17.9375,17.375,14.430633544921875
2000-12-26,1055400,17.8125,17.9375,18.125,17.75,14.634598731994629
2000-12-22,1045700,17.6875,17.6875,17.6875,17.375,14.430633544921875
2000-12-21,2343500,18.1875,17.75,18.1875,17.4375,14.481627464294434
2000-12-20,3045000,17.375,18.1875,18.25,17.1875,14.838566780090332
2000-12-19,847400,16.4375,16.6875,16.75,16.3125,13.614764213562012
2000-12-18,1359500,16.375,16.5,16.625,16.1875,13.46179485321045
2000-12-15,1920100,15.5,16.1875,16.5625,15.5,13.206836700439453
2000-12-14,1504800,15.5625,15.75,16.1875,15.5625,12.849895477294922
2000-12-13,1350400,16.375,15.6875,16.4375,15.25,12.798901557922363
2000-12-12,806000,16.4375,16.625,16.625,16.3125,13.563776969909668
2000-12-11,1131000,16.375,16.3125,16.4375,15.75,13.308820724487305
2000-12-08,1576600,16.5,16.625,16.9375,16.1875,13.563776969909668
2000-12-07,1608800,16.6875,16.8125,17.0625,16.25,13.716752052307129
2000-12-06,2455800,15.5625,16.75,16.9375,15.3125,13.665760040283203
2000-12-05,2379800,16.0,15.4375,16.25,15.25,12.594931602478027
2000-12-04,1547000,16.5,16.625,16.9375,16.4375,13.539300918579102
2000-12-01,1605500,15.875,16.25,16.375,15.5625,13.233902931213379
2000-11-30,1796100,15.625,15.625,15.875,15.375,12.724908828735352
2000-11-29,1733400,15.6875,15.25,15.8125,14.9375,12.419507026672363
2000-11-28,1975300,15.375,16.0625,16.125,15.375,13.08120059967041
2000-11-27,2818000,15.125,15.6875,15.9375,14.875,12.77580738067627
2000-11-24,586800,14.9375,14.8125,14.9375,14.5625,12.063214302062988
2000-11-22,2723700,14.4375,15.1875,15.375,14.25,12.36860466003418
2000-11-21,2476700,13.3125,14.125,14.25,13.3125,11.503316879272461
2000-11-20,634100,13.4375,13.3125,13.5625,13.25,10.8416166305542
2000-11-17,1019700,13.75,13.25,13.75,13.25,10.790721893310547
2000-11-16,908100,13.75,13.75,13.8125,13.3125,11.197919845581055
2000-11-15,1178100,13.25,13.5,13.5,12.9375,10.994318008422852
2000-11-14,658400,13.25,13.125,13.375,13.0625,10.688921928405762
2000-11-13,1275800,13.375,13.25,13.8125,13.25,10.790721893310547
2000-11-10,1009100,13.75,13.4375,13.875,13.25,10.9434175491333
2000-11-09,1993400,13.3125,13.875,14.25,13.3125,11.29971694946289
2000-11-08,881700,13.8125,13.5,13.8125,13.3125,10.994318008422852
2000-11-07,1495800,13.875,13.8125,13.9375,13.5,11.248817443847656
2000-11-06,1371200,13.25,13.75,13.8125,13.25,11.197919845581055
2000-11-03,999300,13.1875,13.375,13.4375,13.125,10.892520904541016
2000-11-02,1173300,13.625,13.3125,13.6875,13.1875,10.8416166305542
2000-11-01,1545400,13.625,13.4375,13.875,13.25,10.9434175491333
2000-10-31,1405300,13.875,13.5625,13.875,13.4375,11.045220375061035
2000-10-30,1768100,13.6875,13.875,14.1875,13.4375,11.29971694946289
2000-10-27,2939600,13.1875,13.6875,13.75,12.9375,11.147022247314453
2000-10-26,1846000,12.9375,13.3125,13.5,12.8125,10.8416166305542
2000-10-25,2203400,13.0,13.0,13.125,12.75,10.587121963500977
2000-10-24,1580700,13.875,13.375,14.0625,13.375,10.892520904541016
2000-10-23,1106000,13.9375,14.0,14.125,13.875,11.401516914367676
2000-10-20,1191500,14.0,13.9375,14.1875,13.8125,11.35062026977539
2000-10-19,1135600,14.0,14.0,14.3125,13.8125,11.401516914367676
2000-10-18,2085500,14.75,14.0625,14.8125,13.75,11.452415466308594
2000-10-17,1640900,14.625,14.375,14.6875,14.3125,11.706912994384766
2000-10-16,988200,14.5625,14.75,15.0625,14.4375,12.012310981750488
2000-10-13,2343900,15.6875,14.8125,15.75,14.6875,12.063214302062988
2000-10-12,5169000,14.875,15.875,16.5,14.6875,12.928508758544922
2000-10-11,1484900,15.75,14.625,15.875,14.0,11.91050910949707
2000-10-10,1310400,15.3125,15.5625,15.875,15.1875,12.674005508422852
2000-10-09,1094100,15.0625,15.1875,15.375,14.9375,12.36860466003418
2000-10-06,1044000,15.4375,14.75,15.6875,14.75,12.012310981750488
2000-10-05,1319400,15.875,15.25,15.875,15.1875,12.419507026672363
2000-10-04,981100,16.0625,16.125,16.5,15.9375,13.132102012634277
2000-10-03,1760800,16.375,16.0625,16.4375,15.9375,13.08120059967041
2000-10-02,1034300,16.875,16.5,16.9375,16.375,13.43750286102295
2000-09-29,1302600,16.6875,17.0,17.25,16.5625,13.844698905944824
2000-09-28,1574100,17.375,17.0,17.375,16.875,13.844698905944824
2000-09-27,2954100,16.375,17.625,17.75,16.375,14.353693962097168
2000-09-26,1240500,16.8125,16.375,16.9375,16.375,13.335702896118164
2000-09-25,921600,16.75,16.625,16.9375,16.5,13.539300918579102
2000-09-22,1614200,17.5,16.8125,17.6875,16.75,13.691999435424805
2000-09-21,1163700,16.9375,17.125,17.125,16.6875,13.946497917175293
2000-09-20,1804300,17.25,16.625,17.4375,16.5625,13.539300918579102
2000-09-19,1446000,17.8125,17.1875,17.9375,17.1875,13.997393608093262
2000-09-18,1112200,17.9375,18.0,18.125,17.625,14.659088134765625
2000-09-15,1563900,18.0,17.8125,18.375,17.8125,14.506393432617188
2000-09-14,547900,18.4375,18.125,18.4375,18.0625,14.760894775390625
2000-09-13,895300,18.6875,18.375,18.75,18.25,14.964493751525879
2000-09-12,1661400,19.4375,18.75,19.8125,18.5625,15.269891738891602
2000-09-11,1370500,19.5,19.5625,19.625,19.125,15.931585311889648
2000-09-08,1849200,18.6875,19.5625,19.75,18.5625,15.931585311889648
2000-09-07,1426500,19.25,18.875,19.3125,18.625,15.371694564819336
2000-09-06,1148300,18.4375,19.375,19.4375,18.3125,15.778897285461426
2000-09-05,998600,18.5625,18.5625,18.6875,18.375,15.11719036102295
2000-09-01,806700,18.4375,18.6875,18.75,18.3125,15.194559097290039
2000-08-31,3363500,18.0,18.5625,19.0,18.0,15.09292221069336
2000-08-30,565300,17.625,17.6875,17.6875,17.375,14.3814697265625
2000-08-29,746900,17.6875,17.5,17.875,17.5,14.22901725769043
2000-08-28,597700,17.9375,17.75,18.125,17.75,14.43228816986084
2000-08-25,731300,18.0,18.0,18.1875,17.9375,14.635555267333984
2000-08-24,1318900,17.9375,17.875,18.3125,17.8125,14.53392505645752
2000-08-23,746600,17.9375,17.75,18.125,17.625,14.43228816986084
2000-08-22,885600,17.75,17.6875,18.125,17.5625,14.3814697265625
2000-08-21,887400,18.125,17.875,18.1875,17.8125,14.53392505645752
2000-08-18,848400,18.1875,18.125,18.4375,18.125,14.737198829650879
2000-08-17,726700,19.0,18.5625,19.0,18.4375,15.09292221069336
2000-08-16,1619000,18.875,18.9375,19.1875,18.625,15.397828102111816
2000-08-15,1142000,18.625,18.625,18.75,18.1875,15.143745422363281
2000-08-14,740800,18.6875,18.625,18.6875,18.0625,15.143745422363281
2000-08-11,1372100,17.875,18.6875,18.8125,17.6875,15.194559097290039
2000-08-10,661300,17.375,17.8125,17.9375,17.375,14.483105659484863
2000-08-09,457000,17.4375,17.4375,17.6875,17.3125,14.178199768066406
2000-08-08,415000,17.5625,17.6875,17.6875,17.3125,14.3814697265625
2000-08-07,453500,17.5625,17.5625,17.8125,17.4375,14.279830932617188
2000-08-04,830100,17.25,17.4375,17.5625,16.9375,14.178199768066406
2000-08-03,1399300,18.1875,17.0625,18.1875,17.0,13.873291015625
2000-08-02,960100,18.0625,18.1875,18.3125,17.625,14.78801155090332
2000-08-01,701500,17.875,17.9375,18.0,17.5625,14.58474349975586
2000-07-31,799100,18.125,17.6875,18.1875,17.625,14.3814697265625
2000-07-28,1206400,17.5625,18.125,18.125,17.5625,14.737198829650879
2000-07-27,1260000,17.8125,17.5625,18.0,17.4375,14.279830932617188
2000-07-26,1750000,17.625,17.625,17.75,17.375,14.330653190612793
2000-07-25,1010600,17.9375,17.4375,18.0,17.375,14.178199768066406
2000-07-24,1562400,18.0,17.625,18.0625,17.5625,14.330653190612793
2000-07-21,1274100,18.1875,17.75,18.375,17.6875,14.43228816986084
2000-07-20,1902300,18.9375,18.1875,19.0625,18.0,14.78801155090332
2000-07-19,919800,19.25,18.9375,19.25,18.8125,15.397828102111816
2000-07-18,886500,19.375,19.4375,19.875,19.3125,15.804368019104004
2000-07-17,1149300,19.5,19.4375,19.6875,19.3125,15.804368019104004
2000-07-14,1176800,20.0625,19.375,20.1875,19.1875,15.75356388092041
2000-07-13,680800,20.125,20.125,20.5,19.9375,16.363365173339844
2000-07-12,1148800,20.5,20.0625,20.5,19.875,16.31255531311035
2000-07-11,1052400,20.0,20.875,20.875,19.8125,16.973190307617188
2000-07-10,776800,20.0625,20.0,20.375,19.6875,16.261741638183594
2000-07-07,630900,20.375,19.9375,20.5,19.875,16.210914611816406
2000-07-06,1140300,20.375,20.25,20.625,20.0625,16.465011596679688
2000-07-05,1218300,21.0,19.9375,21.125,19.875,16.210914611816406
2000-07-03,185200,21.6875,21.5,21.6875,21.3125,17.481365203857422
2000-06-30,976000,21.25,21.625,21.875,21.0625,17.582998275756836
2000-06-29,1480900,22.5625,21.1875,22.625,21.0625,17.227277755737305
2000-06-28,2254100,22.0,22.765600204467773,23.0,21.6875,18.510406494140625
2000-06-27,1280300,21.25,21.75,21.8125,20.875,17.684642791748047
2000-06-26,900000,21.625,21.25,21.6875,21.125,17.278093338012695
2000-06-23,1112100,21.875,21.5625,22.125,21.0,17.532184600830078
2000-06-22,1398900,22.625,21.9375,22.968700408935547,21.8125,17.83709144592285
2000-06-21,1744100,22.875,22.4375,23.125,22.125,18.243633270263672
2000-06-20,965000,23.3125,23.0625,23.4375,22.6875,18.751811981201172
2000-06-19,1124200,23.875,23.0625,23.875,23.0,18.751811981201172
2000-06-16,1093200,24.125,24.218700408935547,24.75,24.0,19.6919002532959
2000-06-15,1100500,24.125,24.25,24.375,23.8125,19.71734619140625
2000-06-14,1365000,24.5,24.5625,25.25,24.1875,19.971439361572266
2000-06-13,1741700,25.75,24.25,25.8125,24.0625,19.71734619140625
2000-06-12,1114900,23.875,24.75,24.9375,23.875,20.12388801574707
2000-06-09,644100,24.6875,23.8125,24.8125,23.75,19.36162567138672
2000-06-08,796800,23.875,24.4375,24.9375,23.875,19.869808197021484
2000-06-07,1582900,24.8125,24.25,25.0625,24.125,19.71734619140625
2000-06-06,2213700,26.25,25.5,26.5,25.1875,20.733707427978516
2000-06-05,2527100,24.25,25.5,25.9375,23.5,20.733707427978516
2000-06-02,2025200,23.625,23.625,24.4375,23.5,19.184778213500977
2000-06-01,909600,23.1875,23.0,23.375,22.9375,18.67724609375
2000-05-31,1577800,24.1875,23.0625,24.3125,23.0,18.72800064086914
2000-05-30,935000,24.4375,24.0625,24.75,24.0625,19.540054321289062
2000-05-26,902800,24.375,24.375,25.125,24.125,19.793832778930664
2000-05-25,885700,25.0,24.625,25.25,24.375,19.996837615966797
2000-05-24,1396000,25.25,24.875,25.875,24.6875,20.199846267700195
2000-05-23,1332100,24.75,25.4375,25.6875,24.5625,20.656631469726562
2000-05-22,2112800,24.8125,24.875,26.375,24.625,20.199846267700195
2000-05-19,1315500,24.3125,24.6875,25.4375,24.25,20.047584533691406
2000-05-18,988400,24.1875,24.0625,24.6875,24.0,19.540054321289062
2000-05-17,801300,25.0,24.0625,25.125,24.0625,19.540054321289062
2000-05-16,1072300,25.25,25.3125,25.875,25.0,20.555126190185547
2000-05-15,1499800,25.125,25.3125,26.125,24.8125,20.555126190185547
2000-05-12,1693500,26.0,25.125,26.375,24.6875,20.402864456176758
2000-05-11,1151400,26.1875,26.0,26.1875,25.125,21.11341094970703
2000-05-10,1516000,27.0625,26.6875,27.75,26.3125,21.671689987182617
2000-05-09,1749600,26.3125,26.875,27.5,26.0625,21.823955535888672
2000-05-08,1191100,26.0625,26.6875,26.75,25.6875,21.671689987182617
2000-05-05,2215500,27.375,26.4375,27.5,25.4375,21.468687057495117
2000-05-04,3529600,26.5,27.75,28.375,26.3125,22.53450584411621
2000-05-03,3493600,25.25,26.25,27.125,25.0,21.316417694091797
2000-05-02,3672600,23.75,26.375,27.0,23.75,21.417932510375977
2000-05-01,1073700,23.3125,23.4375,23.4375,22.875,19.03252601623535
2000-04-28,1087000,23.0,23.4375,23.4375,22.9375,19.03252601623535
2000-04-27,1667100,24.5,24.0,24.5,23.3125,19.489295959472656
2000-04-26,822000,22.875,23.625,23.875,22.8125,19.184778213500977
2000-04-25,1199800,24.0,23.1875,24.0,22.75,18.829504013061523
2000-04-24,785200,24.0625,24.0625,24.4375,23.9375,19.540054321289062
2000-04-20,1061100,24.0,23.8125,24.6875,23.75,19.337045669555664
2000-04-19,1135000,23.1875,24.0625,24.125,23.125,19.540054321289062
2000-04-18,1382200,23.5625,23.5,23.5625,22.5,19.083282470703125
2000-04-17,2094700,22.6875,23.375,23.5,22.25,18.981773376464844
2000-04-14,2650500,22.1875,22.3125,22.9375,22.125,18.118953704833984
2000-04-13,2369000,22.5,21.3125,22.625,21.25,17.30689811706543
2000-04-12,1779600,23.0,22.4375,23.5625,22.375,18.22046661376953
2000-04-11,932600,23.25,23.375,23.6875,23.1875,18.981773376464844
2000-04-10,976600,23.5,23.0625,23.5625,23.0,18.72800064086914
2000-04-07,715200,23.0625,23.1875,23.5,22.75,18.829504013061523
2000-04-06,549100,23.375,23.0625,23.4375,22.8125,18.72800064086914
2000-04-05,1095200,23.5,23.625,23.75,22.875,19.184778213500977
2000-04-04,2355700,22.25,23.5,24.3125,22.0,19.083282470703125
2000-04-03,1063500,22.375,22.4375,22.75,22.125,18.22046661376953
2000-03-31,1074300,22.3125,22.4375,23.0625,22.3125,18.22046661376953
2000-03-30,915300,22.3125,22.375,22.8125,22.3125,18.16971206665039
2000-03-29,1840700,22.625,22.3125,23.4375,22.0625,18.118953704833984
2000-03-28,1082200,22.8125,22.625,22.875,22.5625,18.372722625732422
2000-03-27,1200900,23.0625,22.6875,23.125,22.5,18.423473358154297
2000-03-24,936600,23.0,23.375,23.8125,23.0,18.981773376464844
2000-03-23,1091500,23.0,23.0,23.125,22.625,18.67724609375
2000-03-22,1305400,23.375,23.3125,23.625,23.25,18.931015014648438
2000-03-21,1724600,23.0,24.125,24.3125,22.875,19.590808868408203
2000-03-20,1118300,22.9375,23.0,23.3125,22.75,18.67724609375
2000-03-17,1405100,22.875,22.8125,23.3125,22.3125,18.52498435974121
2000-03-16,1426500,23.75,22.75,23.75,22.5,18.47423553466797
2000-03-15,649800,24.25,23.875,24.4375,23.625,19.387794494628906
2000-03-14,907300,24.0,24.3125,24.3125,23.5,19.743061065673828
2000-03-13,899800,23.625,23.6875,24.3125,23.5,19.235530853271484
2000-03-10,1048900,23.5,23.25,23.8125,23.0625,18.880258560180664
2000-03-09,1111200,23.5,24.0,24.1875,23.4375,19.489295959472656
2000-03-08,1810700,23.75,23.3125,24.6875,23.1875,18.931015014648438
2000-03-07,2578900,22.375,24.4375,24.875,22.375,19.844575881958008
2000-03-06,464200,21.5625,22.0,22.25,21.5,17.86519432067871
2000-03-03,765000,21.5625,21.5625,22.1875,21.4375,17.509918212890625
2000-03-02,1231400,22.0,21.625,22.3125,21.1875,17.53630828857422
2000-03-01,681700,22.0625,22.625,22.625,22.0625,18.347230911254883
2000-02-29,980900,22.375,22.125,22.6875,21.875,17.9417724609375
2000-02-28,1258900,22.4375,22.125,23.0625,22.0625,17.9417724609375
2000-02-25,1001700,22.5,22.3125,22.5625,22.0625,18.093822479248047
2000-02-24,1593000,23.375,23.1875,23.5625,22.875,18.803390502929688
2000-02-23,1700800,24.5,23.25,24.625,23.25,18.85407257080078
2000-02-22,2265500,24.25,25.0625,25.9375,23.875,20.323869705200195
2000-02-18,1470000,23.625,24.5,24.6875,23.4375,19.86773109436035
2000-02-17,1133600,24.375,23.0625,24.5,23.0,18.7020263671875
2000-02-16,1374600,24.4375,24.25,24.6875,23.1875,19.664987564086914
2000-02-15,1736300,22.8125,24.0,24.1875,22.1875,19.462265014648438
2000-02-14,1458800,23.875,23.1875,23.875,23.0,18.803390502929688
2000-02-11,1541200,24.1875,23.9375,24.5,23.625,19.411579132080078
2000-02-10,2603400,24.1875,24.625,25.125,23.375,19.96908950805664
2000-02-09,2560300,23.4375,23.875,24.375,23.1875,19.36090087890625
2000-02-08,1513600,22.625,22.0,22.625,22.0,17.840408325195312
2000-02-07,4931900,25.4375,22.75,25.4375,22.625,18.448610305786133
2000-02-04,5190800,22.4375,24.0,24.625,22.25,19.462265014648438
2000-02-03,1779500,20.8125,21.25,21.375,20.3125,17.232213973999023
2000-02-02,1665000,20.375,20.875,21.125,20.3125,16.928117752075195
2000-02-01,925900,20.125,19.875,20.125,19.625,16.117189407348633
2000-01-31,914500,20.25,20.375,20.5,20.0625,16.522642135620117
2000-01-28,1453500,21.4375,20.0625,21.6875,19.75,16.269245147705078
2000-01-27,1753900,20.125,21.4375,21.4375,19.75,17.384260177612305
2000-01-26,1015800,19.9375,19.625,19.9375,19.4375,15.914446830749512
2000-01-25,1482500,20.5,19.375,20.5,19.125,15.711726188659668
2000-01-24,1240000,20.25,20.5,20.6875,20.125,16.6240234375
2000-01-21,1359300,20.9375,21.1875,21.375,20.8125,17.181533813476562
2000-01-20,1913300,21.1875,21.0625,21.25,20.6875,17.08016586303711
2000-01-19,1759200,22.125,21.875,22.1875,21.5625,17.739044189453125
2000-01-18,3087200,21.0625,22.125,22.125,20.9375,17.9417724609375
2000-01-14,3470900,21.375,20.8125,21.4375,20.5,16.877437591552734
2000-01-13,3962600,22.125,21.375,22.125,21.25,17.333581924438477
2000-01-12,2195200,22.1875,22.125,22.3125,21.8125,17.9417724609375
2000-01-11,1595500,21.625,22.625,22.625,21.5,18.347230911254883
2000-01-10,1222900,21.5,21.375,21.6875,21.3125,17.333581924438477
2000-01-07,1528800,22.5,21.4375,22.6875,21.25,17.384260177612305
2000-01-06,1688400,22.0625,22.25,22.375,21.9375,18.04313850402832
2000-01-05,1180300,22.5,22.5,23.1875,22.5,18.24587631225586
2000-01-04,1783800,23.25,22.25,23.625,22.1875,18.04313850402832
2000-01-03,906900,24.0,24.0625,24.875,23.75,19.512943267822266
1999-12-31,298600,24.75,24.5,24.75,24.25,19.86773109436035
1999-12-30,842300,24.75,24.25,25.0,24.25,19.664987564086914
1999-12-29,875400,25.0,24.8125,25.375,24.375,20.121145248413086
1999-12-28,949200,25.0,24.8125,25.4375,24.6875,20.121145248413086
1999-12-27,1135800,24.0,24.75,24.9375,23.75,20.07046127319336
1999-12-23,576800,23.625,23.625,24.0,23.5,19.158166885375977
1999-12-22,1001700,24.1875,23.25,24.1875,23.125,18.85407257080078
1999-12-21,1180400,23.25,24.25,24.5,23.125,19.664987564086914
1999-12-20,576900,24.5,23.8125,24.625,23.6875,19.310216903686523
1999-12-17,1478800,25.0,24.4375,25.1875,24.3125,19.817054748535156
1999-12-16,1638000,23.1875,24.4375,24.75,23.0625,19.817054748535156
1999-12-15,1280400,22.375,23.125,23.6875,22.1875,18.752710342407227
1999-12-14,778100,23.3125,22.4375,23.375,22.25,18.195186614990234
1999-12-13,976400,22.3125,23.5,23.5,22.3125,19.056804656982422
1999-12-10,445600,22.625,22.4375,22.75,22.375,18.195186614990234
1999-12-09,668600,22.875,22.1875,22.875,22.125,17.992456436157227
1999-12-08,982700,23.125,23.0625,23.625,22.875,18.7020263671875
1999-12-07,2179700,21.875,23.5,23.5625,21.875,19.056804656982422
1999-12-06,909600,21.25,21.6875,21.8125,21.25,17.586999893188477
1999-12-03,954600,22.3125,22.125,22.75,22.0,17.9417724609375
1999-12-02,1101800,22.875,22.625,22.875,22.0,18.347230911254883
1999-12-01,940400,23.4375,22.9375,23.5625,22.9375,18.600648880004883
1999-11-30,974600,23.5,23.6875,23.6875,23.25,19.208847045898438
1999-11-29,2629200,23.0,23.5625,23.625,22.25,19.107479095458984
1999-11-26,968800,24.8125,24.9375,25.125,24.3125,20.198184967041016
1999-11-24,2410100,23.6875,24.9375,25.0,23.375,20.198184967041016
1999-11-23,1776000,21.8125,23.3125,23.3125,21.6875,18.882009506225586
1999-11-22,1090200,21.75,21.25,22.1875,21.25,17.211475372314453
1999-11-19,951900,21.9375,21.8125,22.375,21.5,17.667078018188477
1999-11-18,463200,21.8125,22.0,22.375,21.8125,17.81895637512207
1999-11-17,1344800,22.75,21.9375,23.1875,21.75,17.768321990966797
1999-11-16,1226400,23.375,22.75,23.5,22.5,18.42641830444336
1999-11-15,1346600,22.0,23.0,23.25,21.9375,18.628890991210938
1999-11-12,1138200,22.0,21.9375,22.5625,21.0625,17.768321990966797
1999-11-11,1462200,22.875,22.25,22.875,21.9375,18.021432876586914
1999-11-10,2713400,21.8125,23.0,23.25,21.75,18.628890991210938
1999-11-09,2618100,21.25,21.625,22.25,21.0,17.515199661254883
1999-11-08,2036100,20.5,21.3125,21.3125,20.375,17.26210594177246
1999-11-05,1063800,21.125,20.5625,21.25,20.5625,16.654644012451172
1999-11-04,1502200,21.5,21.375,21.5,20.9375,17.312719345092773
1999-11-03,914100,21.8125,21.5,21.8125,21.1875,17.413972854614258
1999-11-02,1551700,20.75,21.5625,21.5625,20.625,17.464588165283203
1999-11-01,1742300,21.1875,20.625,21.4375,20.5,16.70526885986328
1999-10-29,2075600,22.125,21.9375,22.3125,21.5625,17.768321990966797
1999-10-28,2899400,23.1875,21.9375,23.1875,21.6875,17.768321990966797
1999-10-27,2703400,23.0,22.5625,23.0625,22.4375,18.27454948425293
1999-10-26,2653700,24.0,22.375,24.125,22.125,18.122684478759766
1999-10-25,1323100,24.6875,24.5625,25.625,24.1875,19.894451141357422
1999-10-22,904400,24.5,24.8125,25.0,24.5,20.09693717956543
1999-10-21,1231400,24.1875,25.375,25.375,23.5,20.552539825439453
1999-10-20,690000,24.5,24.1875,24.8125,23.75,19.590707778930664
1999-10-19,1543100,25.0,24.125,25.0,24.125,19.540102005004883
1999-10-18,720500,25.75,25.375,25.9375,25.25,20.552539825439453
1999-10-15,1346500,26.875,26.125,27.0625,25.5625,21.15999412536621
1999-10-14,1747900,27.0625,26.0,27.1875,25.875,21.058752059936523
1999-10-13,1749500,26.375,26.9375,27.125,26.25,21.81808853149414
1999-10-12,1913000,27.0,25.625,27.375,25.5,20.75502586364746
1999-10-11,1460800,24.9375,27.0,27.0,24.8125,21.86870002746582
1999-10-08,2287700,26.5625,25.125,27.625,24.75,20.350048065185547
1999-10-07,1507400,26.75,26.625,27.125,26.125,21.564973831176758
1999-10-06,3664800,28.0,27.0,28.3125,26.3125,21.86870002746582
1999-10-05,4810500,29.6875,28.875,30.0625,28.875,23.387361526489258
1999-10-04,2628800,26.9375,29.75,29.75,26.875,24.096073150634766
1999-10-01,2413100,26.875,26.5625,27.1875,25.875,21.514354705810547
1999-09-30,3177800,26.0,25.875,26.3125,25.625,20.95749855041504
1999-09-29,4217500,26.8125,25.8125,26.875,25.5625,20.90688705444336
1999-09-28,10095000,30.0,27.0,30.0,26.875,21.86870002746582
1999-09-27,9118000,25.75,27.8125,27.9375,25.5,22.526784896850586
1999-09-24,3007900,22.0,22.9375,23.0625,21.9375,18.57826805114746
1999-09-23,1615900,21.375,21.5625,22.1875,21.3125,17.464588165283203
1999-09-22,3359200,22.5,21.3125,22.6875,21.3125,17.26210594177246
1999-09-21,2753500,21.0,21.8125,21.8125,20.8125,17.667078018188477
1999-09-20,734300,19.625,19.875,20.25,19.5625,16.097795486450195
1999-09-17,845700,19.5625,19.5,19.625,19.1875,15.794060707092285
1999-09-16,663200,19.625,19.8125,19.9375,19.375,16.04718017578125
1999-09-15,698300,20.0,19.625,20.125,19.5625,15.895306587219238
1999-09-14,785200,19.625,20.0625,20.375,19.625,16.249670028686523
1999-09-13,1460800,20.5,19.875,20.5625,19.6875,16.097795486450195
1999-09-10,766200,20.5625,20.625,20.6875,20.3125,16.70526885986328
1999-09-09,1132900,20.8125,21.0,21.125,20.5,17.008989334106445
1999-09-08,1173700,20.375,20.3125,20.875,20.281200408935547,16.452159881591797
1999-09-07,1738500,20.125,20.5,20.8125,20.125,16.604019165039062
1999-09-03,1012900,20.0625,19.875,20.3125,19.8125,16.097795486450195
1999-09-02,1047500,20.25,20.5,21.0,20.1875,16.604019165039062
1999-09-01,853400,20.1875,20.25,20.3125,19.9375,16.401527404785156
1999-08-31,1209000,20.125,20.4375,20.625,19.875,16.553401947021484
1999-08-30,806800,20.0625,19.6875,20.0625,19.6875,15.945930480957031
1999-08-27,736900,20.375,19.8125,20.5,19.75,16.022884368896484
1999-08-26,1026900,19.5,19.875,20.0625,19.3125,16.073421478271484
1999-08-25,1488200,19.3125,19.25,19.9375,19.25,15.567965507507324
1999-08-24,1178400,20.0625,19.5,20.375,19.5,15.770149230957031
1999-08-23,1553200,19.875,20.4375,20.4375,19.8125,16.528329849243164
1999-08-20,1382000,20.0,20.25,20.75,19.9375,16.376697540283203
1999-08-19,1676400,19.25,20.25,20.625,19.0625,16.376697540283203
1999-08-18,1585700,20.4375,19.3125,20.8125,19.3125,15.618514060974121
1999-08-17,2425300,19.6875,20.5,20.6875,19.6875,16.57887840270996
1999-08-16,1255000,20.0,19.9375,20.375,19.6875,16.12396812438965
1999-08-13,981700,20.8125,20.8125,20.9375,20.125,16.83160400390625
1999-08-12,1945300,21.625,20.875,22.0,20.625,16.882150650024414
1999-08-11,2330100,20.625,21.25,21.5,20.25,17.185422897338867
1999-08-10,1292400,20.4375,20.1875,20.875,20.125,16.326152801513672
1999-08-09,1825400,19.1875,20.875,20.9375,19.1875,16.882150650024414
1999-08-06,1261600,19.5,19.0625,19.5625,18.75,15.416336059570312
1999-08-05,1593200,19.8125,19.8125,19.875,19.3125,16.022884368896484
1999-08-04,1903400,19.25,19.875,19.9375,19.1875,16.073421478271484
1999-08-03,1740800,18.375,19.1875,19.1875,18.375,15.517426490783691
1999-08-02,878600,18.25,18.3125,18.375,17.8125,14.809783935546875
1999-07-30,1625500,19.125,18.5,19.25,18.375,14.961427688598633
1999-07-29,3399100,18.1875,19.375,19.5,18.125,15.66905689239502
1999-07-28,839400,17.9375,18.25,18.3125,17.875,14.759242057800293
1999-07-27,977100,18.25,18.0625,18.3125,17.9375,14.607612609863281
1999-07-26,416700,17.875,17.8125,18.0,17.625,14.405425071716309
1999-07-23,1092900,18.1875,18.0625,18.25,18.0,14.607612609863281
1999-07-22,1716400,18.1875,18.1875,18.4375,17.5,14.708701133728027
1999-07-21,1754100,17.3125,18.25,18.3125,17.1875,14.759242057800293
1999-07-20,1673200,16.8125,17.0625,17.25,16.5625,13.79887866973877
1999-07-19,1108700,16.9375,16.4375,16.9375,16.375,13.293427467346191
1999-07-16,1407800,17.1875,16.9375,17.375,16.8125,13.697792053222656
1999-07-15,1871500,17.3125,16.9375,17.375,16.9375,13.697792053222656
1999-07-14,1043700,17.625,17.4375,17.625,17.25,14.102156639099121
1999-07-13,822400,17.5,17.8125,17.9375,17.4375,14.405425071716309
1999-07-12,597100,17.9375,17.6875,18.0625,17.625,14.304332733154297
1999-07-09,1154100,17.75,18.125,18.125,17.625,14.658156394958496
1999-07-08,1322300,17.9375,17.375,18.125,17.25,14.051609992980957
1999-07-07,1738700,18.0,17.8125,18.5,17.5625,14.405425071716309
1999-07-06,1920500,19.0,17.9375,19.0,17.875,14.506521224975586
1999-07-02,471100,19.4375,19.625,19.6875,19.25,15.871225357055664
1999-07-01,804500,19.875,19.4375,20.0,19.25,15.719603538513184
1999-06-30,1875200,19.1875,19.875,19.9375,19.0,16.073421478271484
1999-06-29,666500,19.0625,19.125,19.375,18.625,15.46686840057373
1999-06-28,851600,19.125,19.0625,19.375,18.75,15.416336059570312
1999-06-25,1104900,18.5,18.875,19.0,18.375,15.264695167541504
1999-06-24,1668300,18.5,18.5,18.875,18.4375,14.961427688598633
1999-06-23,1383100,17.3125,18.375,18.375,17.3125,14.860334396362305
1999-06-22,1219800,17.5,17.375,17.6875,17.3125,14.051609992980957
1999-06-21,867600,18.125,17.5625,18.125,17.5625,14.203246116638184
1999-06-18,1147100,18.125,18.0625,18.3125,18.0,14.607612609863281
1999-06-17,806700,18.1875,18.125,18.3125,17.8125,14.658156394958496
1999-06-16,1035800,18.125,18.0,18.1875,17.75,14.5570650100708
1999-06-15,675300,18.5,18.25,18.656200408935547,18.0625,14.759242057800293
1999-06-14,1821900,18.75,18.6875,19.3125,18.625,15.113052368164062
1999-06-11,1679700,18.25,18.875,19.0,18.0625,15.264695167541504
1999-06-10,1704200,17.5625,18.25,18.3125,17.5,14.759242057800293
1999-06-09,1139300,17.875,17.5625,18.125,17.25,14.203246116638184
1999-06-08,998700,17.875,17.9375,18.0625,17.6875,14.506521224975586
1999-06-07,563000,18.5,18.125,18.6875,18.0625,14.658156394958496
1999-06-04,1225000,18.6875,18.375,18.6875,18.0,14.860334396362305
1999-06-03,1613600,17.875,18.1875,18.4375,17.625,14.708701133728027
1999-06-02,1390300,17.5625,17.6875,18.0,17.25,14.304332733154297
1999-06-01,2103500,16.75,17.5,17.625,16.6875,14.152704238891602
1999-05-28,1845000,18.125,17.8125,18.125,17.375,14.405425071716309
1999-05-27,1657400,18.1875,18.4375,18.625,17.75,14.88662052154541
1999-05-26,1703200,18.0625,17.9375,18.25,17.625,14.482914924621582
1999-05-25,1238200,18.75,18.0,18.875,18.0,14.533378601074219
1999-05-24,901900,18.875,18.75,19.625,18.625,15.138928413391113
1999-05-21,1007700,18.3125,18.8125,19.0,18.3125,15.189393997192383
1999-05-20,1462400,19.8125,18.875,19.8125,18.8125,15.239856719970703
1999-05-19,2781800,18.5,19.75,19.8125,18.1875,15.946348190307617
1999-05-18,1612600,20.125,19.4375,20.1875,18.9375,15.694025993347168
1999-05-17,1557200,21.25,20.0,21.3125,19.875,16.148202896118164
1999-05-14,2420700,20.8125,21.125,22.0625,20.75,17.056522369384766
1999-05-13,1634200,20.4375,20.8125,20.8125,20.375,16.804214477539062
1999-05-12,1894200,20.375,20.3125,21.0,20.3125,16.400508880615234
1999-05-11,2788100,20.75,20.875,21.0625,20.1875,16.85468101501465
1999-05-10,3702100,21.625,20.4375,21.8125,20.375,16.501434326171875
1999-05-07,6210200,23.0,22.75,23.4375,21.5625,18.368576049804688
1999-05-06,2948800,26.4375,26.0625,26.4375,25.8125,21.043115615844727
1999-05-05,2519000,23.875,25.6875,25.6875,23.6875,20.74033546447754
1999-05-04,1337000,24.0,23.875,24.25,23.625,19.276905059814453
1999-05-03,1432900,23.6875,24.5625,24.5625,23.1875,19.832002639770508
1999-04-30,1778100,23.75,24.0625,24.1875,23.5625,19.428302764892578
1999-04-29,2639000,23.0,23.875,24.25,22.3125,19.276905059814453
1999-04-28,2580200,22.375,23.25,23.3125,22.125,18.772275924682617
1999-04-27,1755000,20.625,22.0,22.0,20.25,17.76301383972168
1999-04-26,932100,20.9375,20.1875,20.9375,19.9375,16.299585342407227
1999-04-23,1024600,21.4375,21.3125,21.75,20.875,17.207914352416992
1999-04-22,1812600,20.375,21.4375,21.4375,19.875,17.308839797973633
1999-04-21,1685100,21.1875,20.8125,21.3125,20.375,16.804214477539062
1999-04-20,1990000,22.1875,21.5625,22.1875,20.875,17.409772872924805
1999-04-19,2668400,21.25,22.0625,22.1875,20.625,17.813472747802734
1999-04-16,3956500,19.9375,21.25,21.25,19.875,17.157455444335938
1999-04-15,1973100,18.375,19.5,19.75,18.10930061340332,15.744489669799805
1999-04-14,1677500,18.5,17.9375,18.8125,17.875,14.482914924621582
1999-04-13,1387800,18.75,18.6875,19.125,18.5625,15.088461875915527
1999-04-12,2015100,18.25,18.75,18.875,18.125,15.138928413391113
1999-04-09,1442100,16.6875,17.8125,17.8125,16.6875,14.381985664367676
1999-04-08,707800,17.0,16.75,17.25,16.625,13.524112701416016
1999-04-07,589500,17.25,16.8125,17.4375,16.8125,13.574578285217285
1999-04-06,994000,16.6875,17.0625,17.375,16.6875,13.7764253616333
1999-04-05,619600,17.0625,16.75,17.0625,16.6875,13.524112701416016
1999-04-01,772800,17.5,17.1875,17.8125,17.1875,13.877355575561523
1999-03-31,1450600,16.8125,17.5,17.8125,16.8125,14.12967586517334
1999-03-30,945000,16.8125,16.625,16.9375,16.625,13.423190116882324
1999-03-29,1942700,17.625,17.0625,17.75,16.875,13.7764253616333
1999-03-26,1381500,17.5625,17.5625,17.6875,17.25,14.180131912231445
1999-03-25,873900,18.25,18.1875,18.25,17.75,14.684767723083496
1999-03-24,826600,17.6875,18.25,18.25,17.5625,14.735224723815918
1999-03-23,1146400,17.875,17.625,18.0625,17.5625,14.23059368133545
1999-03-22,661200,17.9375,17.8125,18.25,17.8125,14.381985664367676
1999-03-19,1325700,17.875,17.8125,18.0625,17.625,14.381985664367676
1999-03-18,1311400,18.25,17.6875,18.375,17.625,14.281058311462402
1999-03-17,972700,18.5,18.3125,18.5625,17.9375,14.785686492919922
1999-03-16,1173000,17.75,18.3125,18.3125,17.375,14.785686492919922
1999-03-15,1296200,18.6875,17.8125,18.6875,17.75,14.381985664367676
1999-03-12,1239400,19.4375,18.625,19.4375,18.625,15.038004875183105
1999-03-11,1971500,19.75,19.6875,20.4375,19.625,15.895880699157715
1999-03-10,903400,19.0625,19.5,19.625,19.0,15.744489669799805
1999-03-09,2335500,20.0625,19.0,20.1875,19.0,15.340787887573242
1999-03-08,1881200,18.5,19.5,19.5,18.4375,15.744489669799805
1999-03-05,905000,18.0625,18.125,18.4375,17.875,14.634306907653809
1999-03-04,1095700,18.3125,18.4375,18.5625,18.0,14.88662052154541
1999-03-03,1117200,17.8125,18.0625,18.0625,17.5625,14.583841323852539
1999-03-02,1800000,17.5625,17.5,18.375,17.5,14.12967586517334
1999-03-01,546400,17.25,17.3125,17.375,16.9375,13.97828483581543
1999-02-26,1102800,17.75,17.25,17.75,16.875,13.903595924377441
1999-02-25,1212300,17.625,17.75,17.8125,17.3125,14.306607246398926
1999-02-24,1177700,17.5625,17.75,18.25,17.5,14.306607246398926
1999-02-23,571100,17.6875,17.625,17.8125,17.5,14.20584774017334
1999-02-22,558400,17.6875,17.625,17.75,17.5,14.20584774017334
1999-02-19,1187700,17.75,17.6875,18.0,17.375,14.256226539611816
1999-02-18,1658700,17.8125,17.75,18.1875,17.25,14.306607246398926
1999-02-17,1033000,18.375,17.75,18.375,17.625,14.306607246398926
1999-02-16,1216300,18.5625,18.25,18.75,18.1875,14.709603309631348
1999-02-12,996000,19.125,19.4375,19.5,18.75,15.666732788085938
1999-02-11,924000,18.875,18.1875,19.0625,18.0625,14.659221649169922
1999-02-10,822600,18.6875,18.875,19.0,18.5625,15.213362693786621
1999-02-09,700800,19.3125,18.5,19.3125,18.5,14.911102294921875
1999-02-08,1440700,19.375,19.8125,20.0625,19.0625,15.96898365020752
1999-02-05,1265600,19.5,19.3125,19.875,18.9375,15.565983772277832
1999-02-04,1763500,18.3125,19.375,19.6875,18.0,15.616368293762207
1999-02-03,752800,18.1875,17.9375,18.25,17.8125,14.457723617553711
1999-02-02,1310800,18.4375,18.5625,18.9375,18.140600204467773,14.961478233337402
1999-02-01,1182900,18.0,18.4375,18.5,17.625,14.860734939575195
1999-01-29,996700,17.3125,17.6875,17.9375,17.3125,14.256226539611816
1999-01-28,968900,17.4375,17.3125,17.875,17.3125,13.953975677490234
1999-01-27,1316400,17.625,17.1875,17.625,17.1875,13.853218078613281
1999-01-26,1302800,18.5625,17.9375,18.625,17.75,14.457723617553711
1999-01-25,1948600,18.8125,18.625,19.3125,18.5625,15.011858940124512
1999-01-22,728000,18.375,18.5625,18.75,18.375,14.961478233337402
1999-01-21,1047100,19.1875,18.8125,19.5,18.5,15.162982940673828
1999-01-20,975800,18.5625,19.0,19.0,18.1875,15.314104080200195
1999-01-19,932400,19.25,18.75,19.375,18.625,15.11259937286377
1999-01-15,849700,19.0,19.3125,19.5625,19.0,15.565983772277832
1999-01-14,1084400,19.375,19.375,20.125,19.0625,15.616368293762207
1999-01-13,805100,19.0,19.375,19.5625,19.0,15.616368293762207
1999-01-12,1716800,19.5,19.8125,19.875,19.5,15.96898365020752
1999-01-11,2316800,20.1875,20.5625,21.25,19.9375,16.573490142822266
1999-01-08,1891500,20.5,20.25,20.5,19.8125,16.32162094116211
1999-01-07,1860400,19.8125,20.625,20.75,19.5625,16.623868942260742
1999-01-06,1328900,18.9375,19.5,19.5,18.5,15.717111587524414
1999-01-05,1119100,17.5625,18.4375,18.5625,17.375,14.860734939575195
1999-01-04,896100,18.0625,17.875,18.0625,17.5,14.407349586486816
1998-12-31,1108600,17.6875,18.25,18.4375,17.3125,14.709603309631348
1998-12-30,1221400,17.9375,17.6875,18.5,17.5625,14.256226539611816
1998-12-29,1745400,17.0,17.9375,18.375,17.0,14.457723617553711
1998-12-28,1147500,17.3125,16.75,17.375,16.5,13.500594139099121
1998-12-24,354400,17.625,17.5,17.6875,17.125,14.105104446411133
1998-12-23,1169500,16.4375,17.5,17.625,16.25,14.105104446411133
1998-12-22,848400,17.125,16.75,17.125,16.5,13.500594139099121
1998-12-21,1560100,17.6875,17.125,17.75,16.75,13.802845001220703
1998-12-18,1332400,18.6875,17.8125,19.0,17.8125,14.356976509094238
1998-12-17,1395300,18.625,18.75,19.125,18.625,15.11259937286377
1998-12-16,1440900,18.75,19.75,19.875,18.6875,15.918612480163574
1998-12-15,897600,18.3125,18.375,18.8125,18.25,14.810354232788086
1998-12-14,1405000,18.1875,18.25,19.0625,17.9375,14.709603309631348
1998-12-11,1658700,18.5,18.125,18.6875,18.0625,14.608855247497559
1998-12-10,1865900,18.0,19.5625,19.5625,18.0,15.767487525939941
1998-12-09,684100,18.4375,18.0,18.5,17.875,14.508099555969238
1998-12-08,1047100,18.75,18.1875,18.8125,17.75,14.659221649169922
1998-12-07,1681900,19.0,19.0,19.1875,18.25,15.289924621582031
1998-12-04,2605300,18.125,17.75,18.375,17.375,14.284013748168945
1998-12-03,1819800,19.5625,18.25,19.6875,18.0625,14.686376571655273
1998-12-02,788700,20.1875,19.8125,20.4375,19.5,15.943766593933105
1998-12-01,1282000,20.125,19.9375,20.9375,19.75,16.044363021850586
1998-11-30,1978000,20.9375,19.875,21.031200408935547,19.375,15.994064331054688
1998-11-27,339000,21.375,21.125,21.4375,21.0,16.99998664855957
1998-11-25,1065100,21.3125,21.3125,21.8125,20.875,17.15086555480957
1998-11-24,1605200,22.0625,21.5625,22.625,21.5625,17.35205078125
1998-11-23,1470000,22.3125,22.0,22.3125,21.375,17.70412826538086
1998-11-20,1034200,22.5625,21.9375,22.75,21.9375,17.65382957458496
1998-11-19,1450600,22.6875,22.1875,22.8125,21.625,17.855018615722656
1998-11-18,1796600,22.625,22.625,23.375,22.625,18.20708656311035
1998-11-17,1285600,20.75,21.75,22.625,20.75,17.5029354095459
1998-11-16,1125300,22.5625,21.375,22.875,21.375,17.20115852355957
1998-11-13,1310100,24.0,22.6875,24.0625,22.625,18.257381439208984
1998-11-12,2313000,22.5,23.875,24.1875,22.4375,19.21299171447754
1998-11-11,917200,22.5625,22.0625,23.0,22.0,17.754417419433594
1998-11-10,1292900,22.3125,22.25,23.25,22.0625,17.905305862426758
1998-11-09,836400,22.75,22.3125,23.0,22.0,17.955604553222656
1998-11-06,1458500,23.6875,22.75,24.25,22.5625,18.307674407958984
1998-11-05,2909500,22.75,24.0625,24.875,22.3125,19.36387825012207
1998-11-04,2317400,21.1875,23.0,23.0,21.125,18.50885772705078
1998-11-03,1738300,21.375,20.75,22.0,20.625,16.698205947875977
1998-11-02,987700,21.625,21.5,21.875,21.1875,17.301761627197266
1998-10-30,1850300,21.0,21.25,21.3125,20.5,17.10057258605957
1998-10-29,2354100,22.375,21.4375,22.875,21.25,17.25145721435547
1998-10-28,2193900,22.875,22.375,22.875,21.1875,18.005891799926758
1998-10-27,2831000,21.5,23.0,23.125,20.875,18.50885772705078
1998-10-26,2164900,21.3125,20.625,21.3125,20.25,16.597606658935547
1998-10-23,951000,21.5625,21.6875,22.1875,21.25,17.452653884887695
1998-10-22,1389800,21.5625,21.625,22.3125,21.375,17.4023494720459
1998-10-21,1525000,23.125,22.4375,23.1875,22.375,18.05620002746582
1998-10-20,1902800,21.875,22.8125,22.8125,21.5,18.35796546936035
1998-10-19,1476300,23.25,22.125,23.25,21.6875,17.804710388183594
1998-10-16,3890900,23.375,23.625,23.875,22.375,19.011808395385742
1998-10-15,2875100,22.8125,23.5,23.8125,22.0,18.91122055053711
1998-10-14,2045700,22.5,21.8125,22.6875,21.5,17.553241729736328
1998-10-13,2281500,23.625,22.9375,24.0625,22.875,18.458559036254883
1998-10-12,4512400,24.5,24.1875,25.875,22.75,19.4644775390625
1998-10-09,3075600,28.5625,25.625,29.25,25.1875,20.62128448486328
1998-10-08,3385500,30.25,29.3125,30.3125,28.9375,23.58873176574707
1998-10-07,3656900,28.25,30.0625,30.0625,27.75,24.192285537719727
1998-10-06,3089800,26.25,28.0625,28.4375,25.8125,22.582826614379883
1998-10-05,4138000,27.625,27.25,28.25,27.25,21.92897605895996
1998-10-02,5737500,26.375,28.625,28.75,26.0,23.035476684570312
1998-10-01,5551000,25.5,26.375,26.375,24.75,21.224822998046875
1998-09-30,1858500,22.75,24.25,24.75,22.25,19.5147705078125
1998-09-29,1690100,24.8125,23.6875,25.0,22.9375,19.062116622924805
1998-09-28,2603700,22.0,24.75,24.8125,22.0,19.917131423950195
1998-09-25,3786800,24.9375,22.875,25.25,22.75,18.408267974853516
1998-09-24,3363000,20.875,23.375,23.6875,20.875,18.810626983642578
1998-09-23,1316800,19.4375,20.625,20.6875,19.0,16.597606658935547
1998-09-22,1416800,19.25,19.25,19.9375,19.125,15.491111755371094
1998-09-21,1364300,21.8125,19.6875,22.0,19.6875,15.843178749084473
1998-09-18,1735800,20.625,20.9375,21.3125,20.0625,16.84910774230957
1998-09-17,2277100,19.5,20.8125,20.875,19.5,16.74850082397461
1998-09-16,1014900,19.375,18.875,19.375,18.8125,15.189327239990234
1998-09-15,1605300,20.0625,19.375,20.3125,19.375,15.591700553894043
1998-09-14,1437800,20.3125,19.75,20.3125,19.25,15.89348316192627
1998-09-11,4110300,21.9375,20.5625,22.25,20.25,16.547321319580078
1998-09-10,3448900,19.375,20.9375,21.0625,19.375,16.84910774230957
1998-09-09,1993300,18.125,18.0,18.375,17.6875,14.485194206237793
1998-09-08,1977800,20.0625,19.0,20.375,17.875,15.289924621582031
1998-09-04,5282000,17.375,20.0,20.3125,17.3125,16.09465980529785
1998-09-03,3423000,14.25,17.25,17.8125,13.8125,13.88164234161377
1998-09-02,1024300,14.4375,14.5,15.0,14.1875,11.668625831604004
1998-09-01,1148900,14.375,14.3125,14.9375,13.9375,11.517738342285156
1998-08-31,1328200,14.75,13.6875,14.9375,13.25,11.014781951904297
1998-08-28,2104900,14.75,14.4375,15.4375,14.25,11.61833381652832
1998-08-27,2734600,15.0,14.75,15.5,13.875,11.869811058044434
1998-08-26,1194800,16.8125,16.0,16.875,16.0,12.875731468200684
1998-08-25,737700,16.9375,16.875,16.9375,16.6875,13.579869270324707
1998-08-24,917500,17.1875,17.0,17.5,16.875,13.680459976196289
1998-08-21,865800,17.625,17.375,17.9375,17.1875,13.982232093811035
1998-08-20,1659300,18.1875,18.1875,18.375,17.8125,14.636079788208008
1998-08-19,1064400,17.4375,17.6875,17.9375,17.1875,14.23371696472168
1998-08-18,565300,17.0,17.0,17.1875,16.875,13.680459976196289
1998-08-17,826700,17.125,17.0625,17.625,16.875,13.730753898620605
1998-08-14,685600,16.875,16.875,16.9375,16.6875,13.579869270324707
1998-08-13,1598500,16.6875,17.0,17.4375,16.6875,13.680459976196289
1998-08-12,766900,17.5,16.5625,17.6875,16.4375,13.328387260437012
1998-08-11,702300,17.3125,17.125,17.5,16.9375,13.781054496765137
1998-08-10,886000,18.3125,17.9375,18.3125,17.8125,14.434893608093262
1998-08-07,600100,18.25,18.3125,18.5,18.25,14.73666000366211
1998-08-06,647000,18.4375,18.4375,18.5,18.125,14.837265968322754
1998-08-05,914400,18.9375,18.375,19.0,18.1875,14.786967277526855
1998-08-04,2382400,18.25,18.6875,19.1875,18.0,15.03844928741455
1998-08-03,1566600,19.0,17.875,19.0,17.75,14.384598731994629
1998-07-31,1858600,20.1875,18.875,20.25,18.5625,15.189327239990234
1998-07-30,959100,20.0,20.0625,20.1875,19.6875,16.14495086669922
1998-07-29,1378100,20.4375,20.0625,20.625,20.0,16.14495086669922
1998-07-28,1488000,20.5,20.5625,21.0625,20.1875,16.547321319580078
1998-07-27,1134000,20.75,20.4375,20.875,20.25,16.446731567382812
1998-07-24,1246500,22.25,21.125,22.375,21.0,16.97584342956543
1998-07-23,1209100,23.0625,22.0,23.1875,21.875,17.678983688354492
1998-07-22,776700,22.8125,23.25,23.375,22.8125,18.683469772338867
1998-07-21,495500,22.875,22.75,23.3125,22.75,18.28167724609375
1998-07-20,840400,23.0,23.0625,23.25,22.8125,18.53278923034668
1998-07-17,1159100,22.6875,23.3125,23.3125,22.375,18.73369026184082
1998-07-16,1150500,22.0,22.6875,22.75,22.0,18.231449127197266
1998-07-15,986300,21.9375,21.9375,22.0,21.625,17.628759384155273
1998-07-14,793500,22.1875,22.0,22.25,21.875,17.678983688354492
1998-07-13,1682700,21.625,21.6875,22.0625,21.5625,17.427860260009766
1998-07-10,1134700,21.875,21.625,22.0625,21.4375,17.377639770507812
1998-07-09,1268700,22.3125,22.0625,22.3125,21.75,17.729196548461914
1998-07-08,924600,22.625,22.4375,22.6875,22.3125,18.03055191040039
1998-07-07,1913100,22.875,23.0,23.4375,22.5625,18.482568740844727
1998-07-06,1006800,22.5625,22.5625,22.8125,22.5,18.131004333496094
1998-07-02,698400,22.25,22.8125,22.875,22.25,18.33189582824707
1998-07-01,970600,23.375,23.0,23.625,22.8125,18.482568740844727
1998-06-30,1672000,22.75,23.625,23.6875,22.5,18.984813690185547
1998-06-29,595800,22.5625,22.1875,22.75,22.125,17.82965850830078
1998-06-26,912700,22.75,22.4375,22.9375,22.25,18.03055191040039
1998-06-25,1255500,22.4375,22.75,22.9375,22.4375,18.28167724609375
1998-06-24,469500,22.875,22.25,22.875,22.25,17.8798828125
1998-06-23,706900,22.5,23.0,23.0,22.3125,18.482568740844727
1998-06-22,626100,22.9375,22.5,23.125,22.375,18.08077049255371
1998-06-19,1578600,23.375,23.3125,23.875,23.1875,18.73369026184082
1998-06-18,701100,22.8125,22.9375,22.9375,22.25,18.43234634399414
1998-06-17,1527700,23.875,23.125,23.875,22.9375,18.583019256591797
1998-06-16,1494300,22.125,23.0,23.0625,22.125,18.482568740844727
1998-06-15,1106300,22.1875,21.875,22.5,21.75,17.578542709350586
1998-06-12,1729700,23.125,22.6875,23.3125,21.875,18.231449127197266
1998-06-11,2391700,24.5625,22.875,24.5625,22.5625,18.382125854492188
1998-06-10,514900,25.25,24.8125,25.375,24.8125,19.93907928466797
1998-06-09,1666600,26.0625,25.1875,26.5625,25.0625,20.240428924560547
1998-06-08,1448000,25.125,26.125,26.125,25.125,20.969684600830078
1998-06-05,686000,24.5,24.8125,24.8125,23.9375,19.91617774963379
1998-06-04,681900,24.5,24.375,24.9375,24.25,19.56501579284668
1998-06-03,966200,25.0,24.625,25.0625,24.4375,19.765682220458984
1998-06-02,1164100,24.0,24.5625,24.875,24.0,19.71550941467285
1998-06-01,962500,24.75,23.875,24.75,23.625,19.1636905670166
1998-05-29,1090700,25.8125,24.9375,25.8125,24.9375,20.016517639160156
1998-05-28,1931100,25.375,25.5625,26.25,25.25,20.5181884765625
1998-05-27,2064300,25.75,25.3125,25.75,25.0,20.31751823425293
1998-05-26,998300,27.375,26.375,27.375,26.1875,21.170352935791016
1998-05-22,683500,27.75,27.4375,27.8125,27.0625,22.023183822631836
1998-05-21,790700,28.0,27.75,28.3125,27.3125,22.274015426635742
1998-05-20,920000,28.75,27.8125,28.8125,27.75,22.324188232421875
1998-05-19,880200,28.6875,28.0625,28.8125,27.8125,22.52484893798828
1998-05-18,662200,29.6875,28.625,29.8125,28.5625,22.976356506347656
1998-05-15,964900,30.5,29.9375,30.625,29.9375,24.02985191345215
1998-05-14,1008900,29.125,29.8125,29.875,28.75,23.929523468017578
1998-05-13,1261000,29.0,29.3125,29.8125,29.0,23.528179168701172
1998-05-12,1315700,30.375,29.4375,30.4375,29.25,23.628511428833008
1998-05-11,851800,30.125,30.5,31.125,30.0625,24.481348037719727
1998-05-08,813200,30.125,30.3125,30.9375,30.0,24.330848693847656
1998-05-07,1144900,30.5,30.0,30.625,29.75,24.08002281188965
1998-05-06,933900,30.875,31.0,31.3125,30.25,24.8826847076416
1998-05-05,1147700,31.1875,31.3125,31.75,30.625,25.133522033691406
1998-05-04,1163700,31.375,31.125,31.4375,30.5,24.98301124572754
1998-05-01,1187900,32.0,31.0,32.0625,30.4375,24.8826847076416
1998-04-30,1216100,33.5,32.1875,33.5,31.375,25.835857391357422
1998-04-29,1073500,32.1875,32.875,33.25,31.875,26.387680053710938
1998-04-28,1141300,31.625,32.0,32.0,31.3125,25.68534278869629
1998-04-27,895600,32.125,31.6875,32.9375,31.25,25.43451499938965
1998-04-24,504500,34.0,33.3125,34.125,33.125,26.738859176635742
1998-04-23,1026500,34.75,34.25,34.875,33.75,27.491352081298828
1998-04-22,2080800,33.8125,34.625,34.875,33.1875,27.792356491088867
1998-04-21,1627400,31.3125,33.375,33.5625,31.1875,26.789024353027344
1998-04-20,1298100,31.75,31.375,32.25,31.0625,25.183687210083008
1998-04-17,693200,32.5625,31.75,32.625,31.625,25.48468589782715
1998-04-16,931800,31.9375,32.4375,33.0625,31.8125,26.036521911621094
1998-04-15,693000,32.0,32.125,32.4375,31.75,25.785686492919922
1998-04-14,956700,32.125,31.9375,32.75,31.9375,25.635181427001953
1998-04-13,952500,32.9375,32.3125,33.0,32.0,25.936189651489258
1998-04-09,986900,32.8125,32.5,32.9375,32.25,26.08668327331543
1998-04-08,1703200,31.9375,33.125,33.4375,31.6875,26.588350296020508
1998-04-07,1712400,33.1875,31.9375,33.25,31.875,25.635181427001953
1998-04-06,3139000,34.0,33.0625,34.0,32.875,26.538188934326172
1998-04-03,2457400,31.0,32.875,32.875,31.0,26.387680053710938
1998-04-02,1141100,30.4375,30.375,31.1875,30.375,24.381023406982422
1998-04-01,769200,30.625,30.0,30.625,30.0,24.08002281188965
1998-03-31,1265100,30.0,30.5625,30.75,29.9375,24.531518936157227
1998-03-30,1360200,31.375,30.625,31.625,30.5,24.581687927246094
1998-03-27,4219200,30.5625,31.125,31.625,30.125,24.98301124572754
1998-03-26,4409400,28.9375,30.875,30.9375,28.8125,24.782352447509766
1998-03-25,1506700,28.875,28.625,29.25,28.625,22.976356506347656
1998-03-24,1354700,29.0,28.5625,29.1875,28.25,22.926189422607422
1998-03-23,1569300,27.125,28.875,28.9375,27.0,23.177017211914062
1998-03-20,938900,27.25,26.5,27.3125,26.5,21.27068328857422
1998-03-19,737700,27.0,27.1875,27.5625,26.875,21.82251739501953
1998-03-18,876800,26.6875,27.0,27.0,26.5625,21.67201805114746
1998-03-17,584300,27.5625,27.0,27.75,27.0,21.67201805114746
1998-03-16,329600,28.0625,27.8125,28.1875,27.5625,22.324188232421875
1998-03-13,556800,27.9375,27.9375,28.5625,27.875,22.42452049255371
1998-03-12,520800,27.625,27.9375,28.1875,27.5,22.42452049255371
1998-03-11,479400,28.3125,27.875,28.4375,27.875,22.374345779418945
1998-03-10,599600,28.6875,28.8125,29.0,28.4375,23.126848220825195
1998-03-09,642400,27.75,28.6875,28.75,27.5625,23.026519775390625
1998-03-06,850500,27.375,27.75,27.75,27.3125,22.274015426635742
1998-03-05,741500,27.8125,27.125,27.875,27.0,21.772354125976562
1998-03-04,508900,28.1875,27.9375,28.8125,27.875,22.42452049255371
1998-03-03,608200,28.3125,28.1875,28.5625,27.75,22.62517547607422
1998-03-02,563300,29.125,28.75,29.125,28.625,23.07668113708496
1998-02-27,1210200,28.9375,29.0,29.25,28.75,23.277345657348633
1998-02-26,1049900,27.0,28.6875,28.75,27.0,23.026519775390625
1998-02-25,393100,26.875,27.0625,27.1875,26.75,21.722183227539062
1998-02-24,755700,26.75,26.625,26.9375,26.4375,21.371015548706055
1998-02-23,913100,26.5,27.0,27.125,26.4375,21.67201805114746
1998-02-20,923200,27.0,26.9375,27.125,26.75,21.62185287475586
1998-02-19,708600,27.4375,27.25,27.625,27.0625,21.872684478759766
1998-02-18,514900,27.6875,27.5,27.9375,27.1875,22.073352813720703
1998-02-17,650600,29.0625,27.5625,29.0625,27.5625,22.123517990112305
1998-02-13,717200,28.4375,28.875,29.0625,28.25,23.177017211914062
1998-02-12,747700,28.0,28.5,28.5,27.75,22.876020431518555
1998-02-11,624700,28.0625,27.75,28.0625,27.625,22.274015426635742
1998-02-10,696800,29.0,28.1875,29.0625,28.125,22.62517547607422
1998-02-09,1509900,28.9375,28.9375,29.1875,28.6875,23.22718620300293
1998-02-06,909800,28.0,28.25,28.5625,27.9375,22.651273727416992
1998-02-05,1397700,28.625,27.75,28.6875,27.5,22.2503604888916
1998-02-04,1645100,27.125,27.75,28.1875,27.0625,22.2503604888916
1998-02-03,1065000,27.625,26.375,27.625,26.3125,21.147871017456055
1998-02-02,1007400,28.5,28.0,28.5625,27.125,22.450817108154297
1998-01-30,820000,28.3125,28.5,28.625,28.125,22.851726531982422
1998-01-29,1056700,29.1875,28.0625,29.1875,27.9375,22.500925064086914
1998-01-28,1178300,28.5,29.375,29.5,28.5,23.553316116333008
1998-01-27,1394900,28.9375,29.0625,29.0625,28.625,23.302745819091797
1998-01-26,2529400,30.25,28.5625,30.3125,28.0625,22.901840209960938
1998-01-23,2639800,26.9375,30.0625,30.3125,26.75,24.10456085205078
1998-01-22,868100,27.3125,26.6875,27.9375,26.5,21.398435592651367
1998-01-21,635400,26.625,27.1875,27.4375,26.5625,21.799352645874023
1998-01-20,1175700,26.0,26.5,26.6875,25.8125,21.24809455871582
1998-01-16,1669400,26.9375,27.0625,27.5,26.5,21.699115753173828
1998-01-15,1283200,25.0,26.0,26.125,24.75,20.847187042236328
1998-01-14,1446300,26.5,24.9375,26.5,24.6875,19.995264053344727
1998-01-13,2531500,24.1875,25.25,25.375,24.1875,20.24582862854004
1998-01-12,1058400,24.5,23.875,25.0,23.75,19.143339157104492
1998-01-09,1736400,26.4375,25.3125,26.4375,24.8125,20.295949935913086
1998-01-08,1273300,28.0,26.6875,28.0625,26.4375,21.398435592651367
1998-01-07,1639300,28.625,28.375,28.625,27.6875,22.751506805419922
1998-01-06,907300,28.75,28.8125,29.1875,28.4375,23.102294921875
1998-01-05,1043300,29.875,28.5625,29.9375,28.1875,22.901840209960938
1998-01-02,462500,29.1875,30.0,30.1875,29.1875,24.054452896118164
1997-12-31,1045400,29.5,29.375,29.5,28.9375,23.553316116333008
1997-12-30,1199200,28.625,29.875,29.9375,28.0,23.954221725463867
1997-12-29,833200,29.5,28.625,29.5,28.5625,22.951953887939453
1997-12-26,230000,29.6875,29.5625,29.75,29.5,23.703651428222656
1997-12-24,843700,29.75,29.9375,30.125,29.5625,24.00432586669922
1997-12-23,1065400,29.0,29.6875,29.75,28.9375,23.803876876831055
1997-12-22,602800,29.0,28.8125,29.25,28.6875,23.102294921875
1997-12-19,790800,28.8125,28.5,29.1875,28.0625,22.851726531982422
1997-12-18,1482100,29.9375,28.8125,30.3125,28.8125,23.102294921875
1997-12-17,2174900,28.1875,29.9375,30.0,28.0625,24.00432586669922
1997-12-16,1205300,27.625,27.5,28.0,27.4375,22.049907684326172
1997-12-15,1404600,27.6875,27.5,28.125,27.4375,22.049907684326172
1997-12-12,1230500,27.1875,27.4375,27.5625,26.6875,21.999801635742188
1997-12-11,1117700,27.625,27.0,28.0,26.75,21.649002075195312
1997-12-10,2381900,27.5,27.875,28.125,27.5,22.350589752197266
1997-12-09,1461100,27.5625,27.0,27.625,26.5625,21.649002075195312
1997-12-08,918200,28.5,27.9375,28.5,27.875,22.40070343017578
1997-12-05,1160800,27.9375,28.5,28.8125,27.9375,22.851726531982422
1997-12-04,2055900,29.0,27.75,29.0,27.625,22.2503604888916
1997-12-03,1500900,30.25,29.3125,30.5,29.3125,23.50319480895996
1997-12-02,1117500,30.5,30.625,30.75,30.0625,24.55558204650879
1997-12-01,1238900,29.75,30.375,30.4375,29.75,24.331073760986328
1997-11-28,414900,30.1875,30.0,30.1875,29.9375,24.03069496154785
1997-11-26,1298300,30.625,30.1875,30.75,29.75,24.180883407592773
1997-11-25,906100,31.125,30.8125,31.1875,30.5625,24.681520462036133
1997-11-24,1028200,31.875,31.0,32.0625,31.0,24.831714630126953
1997-11-21,983700,32.125,31.9375,32.25,31.75,25.582670211791992
1997-11-20,1738800,30.3125,31.5,31.5,29.625,25.23223114013672
1997-11-19,1002700,31.0625,30.5,31.75,30.25,24.431198120117188
1997-11-18,960300,31.8125,31.3125,32.1875,31.3125,25.0820369720459
1997-11-17,917700,31.5,31.625,31.875,31.4375,25.33235740661621
1997-11-14,2135100,31.125,31.0625,31.1875,30.25,24.881776809692383
1997-11-13,1164500,31.0625,31.75,32.25,31.0625,25.432483673095703
1997-11-12,1072300,31.875,30.9375,32.0625,30.3125,24.781641006469727
1997-11-11,1225900,32.5625,32.1875,32.8125,31.875,25.78292465209961
1997-11-10,1305000,33.0,32.0625,33.625,31.75,25.68279266357422
1997-11-07,996400,33.125,33.0,33.3125,32.375,26.433759689331055
1997-11-06,431200,34.0,34.125,34.375,33.9375,27.334917068481445
1997-11-05,547900,34.9375,34.625,35.125,33.9375,27.73542594909668
1997-11-04,575000,35.5,35.0625,35.625,34.6875,28.085859298706055
1997-11-03,912700,35.5,35.125,35.6875,35.0,28.135936737060547
1997-10-31,1063500,35.375,35.0,36.125,34.875,28.03579330444336
1997-10-30,2059800,35.0,36.25,37.5,34.9375,29.037078857421875
1997-10-29,887100,35.9375,35.1875,35.9375,34.5625,28.186006546020508
1997-10-28,2954200,33.0,35.9375,36.75,32.875,28.786766052246094
1997-10-27,2214000,41.4375,34.625,41.5,34.625,27.73542594909668
1997-10-24,1540400,41.75,41.5625,42.875,41.5625,33.292518615722656
1997-10-23,2084500,44.75,44.9375,45.0,44.625,35.99596405029297
1997-10-22,608100,42.8125,44.0,44.0,42.375,35.24500274658203
1997-10-21,589200,41.5,42.8125,42.8125,41.3125,34.29379653930664
1997-10-20,304800,42.0625,41.5625,42.0625,41.5625,33.292518615722656
1997-10-17,765500,42.625,42.0625,42.875,41.8125,33.69304656982422
1997-10-16,472300,43.5,43.125,43.6875,43.0625,34.544105529785156
1997-10-15,344100,43.9375,43.5,44.0625,43.5,34.84449768066406
1997-10-14,276100,44.25,44.1875,44.4375,44.0625,35.39519500732422
1997-10-13,481000,44.5,44.5,44.625,44.125,35.645503997802734
1997-10-10,788400,44.25,44.5,44.6875,43.5625,35.645503997802734
1997-10-09,1612800,45.5,43.75,45.625,43.4375,35.04476547241211
1997-10-08,753600,44.375,45.0625,45.125,44.34370040893555,36.09610366821289
1997-10-07,244800,44.125,44.25,44.375,43.8125,35.44526290893555
1997-10-06,483600,44.75,44.25,44.75,43.8125,35.44526290893555
1997-10-03,773500,44.6875,44.9375,45.0625,44.5625,35.99596405029297
1997-10-02,792100,44.6875,44.875,45.25,44.375,35.945899963378906
1997-10-01,1661900,45.25,44.4375,45.625,44.125,35.59545135498047
1997-09-30,1995600,45.5,44.9375,45.875,44.75,35.99596405029297
1997-09-29,1233400,43.375,44.5,44.5625,43.125,35.645503997802734
1997-09-26,771100,43.0,43.0,43.375,42.4375,34.444000244140625
1997-09-25,1306600,41.625,43.25,43.25,41.625,34.644256591796875
1997-09-24,712100,40.5,41.25,41.5,40.3125,33.04218673706055
1997-09-23,605400,39.6875,40.125,40.125,39.5,32.141048431396484
1997-09-22,408300,40.0625,39.6875,40.375,39.625,31.790592193603516
1997-09-19,1359000,39.9375,40.0625,40.5625,39.875,32.090972900390625
1997-09-18,667100,39.625,39.9375,40.1875,39.625,31.99085235595703
1997-09-17,384300,39.625,39.5,40.125,39.5,31.640413284301758
1997-09-16,462900,39.875,39.625,40.0,39.5,31.740541458129883
1997-09-15,413400,39.875,40.0625,40.1875,39.8125,32.090972900390625
1997-09-12,426100,39.875,40.125,40.3125,39.875,32.141048431396484
1997-09-11,669300,40.5625,40.1875,40.9375,40.0,32.191104888916016
1997-09-10,572100,40.5625,40.5625,41.125,40.4375,32.49150466918945
1997-09-09,465800,41.0,40.75,41.125,40.75,32.64169692993164
1997-09-08,436700,42.0625,41.25,42.125,41.1875,33.04218673706055
1997-09-05,424100,42.5,42.1875,42.5,41.875,33.79316329956055
1997-09-04,431500,42.125,42.75,42.75,42.125,34.243743896484375
1997-09-03,578400,42.4375,42.0625,42.5,42.0625,33.69304656982422
1997-09-02,466200,42.1875,42.4375,42.5625,41.875,33.99341583251953
1997-08-29,224400,42.5,42.3125,42.6875,42.25,33.893287658691406
1997-08-28,593300,42.0625,42.4375,42.6875,42.0625,33.99341583251953
1997-08-27,492200,42.375,41.9375,42.5,41.875,33.5929069519043
1997-08-26,464100,42.75,42.78120040893555,43.0,42.4375,34.26872253417969
1997-08-25,284500,42.625,42.5625,42.875,42.375,34.093536376953125
1997-08-22,609900,42.375,42.875,43.125,42.375,34.3438606262207
1997-08-21,582500,42.0,42.375,42.5,42.0,33.94336700439453
1997-08-20,414600,41.375,41.75,42.0,41.3125,33.44271469116211
1997-08-19,337300,42.0,41.625,42.3125,41.625,33.34257507324219
1997-08-18,504000,41.9375,41.875,41.9375,41.3125,33.54283142089844
1997-08-15,787300,41.625,42.25,42.375,41.5,33.84323501586914
1997-08-14,878900,42.625,41.6875,42.625,41.5,33.392662048339844
1997-08-13,953600,42.375,43.125,43.4375,42.375,34.544105529785156
1997-08-12,592300,42.875,42.9375,43.1875,42.375,34.3939208984375
1997-08-11,674700,43.0,42.875,43.25,42.75,34.3438606262207
1997-08-08,1751200,41.9375,43.125,43.75,41.8125,34.544105529785156
1997-08-07,551100,41.375,41.5,42.0,41.375,33.24246597290039
1997-08-06,659700,40.0,41.375,41.4375,39.875,33.14231872558594
1997-08-05,689500,40.6875,40.25,40.6875,40.0,32.241172790527344
1997-08-04,430700,41.0625,41.0625,41.1875,41.0,32.89199447631836
1997-08-01,460700,41.25,41.3125,41.4375,40.875,33.092247009277344
1997-07-31,750500,40.8125,41.25,41.75,40.5,33.04218673706055
1997-07-30,859900,39.8125,40.8125,40.875,39.8125,32.69175338745117
1997-07-29,706700,39.4375,39.5625,39.625,39.0625,31.690475463867188
1997-07-28,667700,39.0625,39.625,39.9375,39.0625,31.740541458129883
1997-07-25,907100,38.5625,39.0625,39.25,38.5625,31.193843841552734
1997-07-24,1122400,38.125,38.8125,39.1875,37.8125,30.994186401367188
1997-07-23,942900,38.25,38.1875,38.625,37.9375,30.49509620666504
1997-07-22,818400,38.1875,38.5625,38.9375,38.1875,30.794559478759766
1997-07-21,879000,38.1875,37.75,38.1875,37.75,30.145729064941406
1997-07-18,1305600,37.625,38.5,38.75,37.25,30.744644165039062
1997-07-17,2629900,36.4375,37.625,37.625,35.875,30.045909881591797
1997-07-16,668800,36.3125,36.4375,36.75,36.0,29.097618103027344
1997-07-15,666100,36.625,36.1875,37.125,36.0625,28.8979549407959
1997-07-14,502200,37.625,37.125,37.9375,37.0625,29.646615982055664
1997-07-11,714300,37.4375,38.0,38.375,37.3125,30.345359802246094
1997-07-10,1000400,36.625,37.5,37.9375,36.625,29.94607925415039
1997-07-09,1366700,35.9375,36.125,36.1875,35.5625,28.848060607910156
1997-07-08,2223400,35.625,36.0625,36.8125,35.5,28.79815101623535
1997-07-07,2832400,35.75,35.4375,36.25,35.25,28.299053192138672
1997-07-03,508500,38.6875,37.875,38.9375,37.8125,30.245546340942383
1997-07-02,297800,39.375,38.6875,39.375,38.5,30.894372940063477
1997-07-01,1047000,39.25,39.625,40.25,39.25,31.64303207397461
1997-06-30,641300,38.75,39.0,39.0625,38.375,31.143939971923828
1997-06-27,1062900,38.5625,38.75,38.75,38.3125,30.944290161132812
1997-06-26,810900,38.875,38.8125,39.125,38.5625,30.994186401367188
1997-06-25,1256000,37.5625,38.6875,38.875,37.5625,30.894372940063477
1997-06-24,589900,37.25,37.4375,37.5625,37.0625,29.896163940429688
1997-06-23,951900,37.75,37.75,38.125,37.375,30.145729064941406
1997-06-20,1053200,38.5,38.0,38.625,37.875,30.345359802246094
1997-06-19,838600,38.875,38.875,39.0,38.5,31.044105529785156
1997-06-18,864200,38.75,38.5,38.875,38.375,30.744644165039062
1997-06-17,747200,38.625,38.75,38.875,38.375,30.944290161132812
1997-06-16,637200,39.25,38.75,39.375,38.75,30.944290161132812
1997-06-13,703500,38.625,39.125,39.375,38.625,31.24374771118164
1997-06-12,1096700,37.625,38.625,38.625,37.375,30.844478607177734
1997-06-11,755600,37.75,37.875,38.5,37.625,30.245546340942383
1997-06-10,403500,38.125,37.875,38.125,37.625,30.245546340942383
1997-06-09,656000,37.75,38.125,38.125,37.625,30.4451904296875
1997-06-06,947900,37.875,37.5,38.0,37.375,29.94607925415039
1997-06-05,971100,36.875,37.625,37.875,36.875,30.045909881591797
1997-06-04,595800,37.0,36.75,37.375,36.5,29.34716033935547
1997-06-03,621100,38.125,37.625,38.25,37.5,30.045909881591797
1997-06-02,481200,39.125,38.625,39.25,38.5,30.74864959716797
1997-05-30,641500,39.375,39.125,39.625,39.0,31.14668083190918
1997-05-29,862600,38.875,39.75,39.75,38.375,31.64421844482422
1997-05-28,492500,38.75,38.75,39.125,38.375,30.848154067993164
1997-05-27,736900,38.375,39.0,39.0,38.375,31.047182083129883
1997-05-23,463100,38.0,38.25,38.5,38.0,30.45010757446289
1997-05-22,444500,37.75,37.75,38.125,37.5,30.052072525024414
1997-05-21,631900,37.625,37.75,38.125,37.5,30.052072525024414
1997-05-20,764500,38.125,37.875,38.25,37.375,30.151580810546875
1997-05-19,1004600,36.625,37.75,38.125,36.375,30.052072525024414
1997-05-16,959800,37.375,37.125,37.625,36.875,29.55451202392578
1997-05-15,771000,37.125,38.125,38.125,36.75,30.350605010986328
1997-05-14,753400,37.75,37.0,38.0,36.875,29.454998016357422
1997-05-13,1057600,38.625,37.875,38.75,37.625,30.151580810546875
1997-05-12,930000,39.5,38.625,39.875,38.5,30.74864959716797
1997-05-09,1073700,39.0,39.375,39.5,38.5,31.345712661743164
1997-05-08,1621000,39.5,38.875,39.5,38.5,30.94765853881836
1997-05-07,1523200,36.375,38.25,38.375,36.125,30.45010757446289
1997-05-06,1444300,36.5,36.0,36.5,35.75,28.65891456604004
1997-05-05,1104400,36.75,36.5,36.875,36.375,29.056955337524414
1997-05-02,835000,35.625,36.25,36.25,35.625,28.857940673828125
1997-05-01,1316100,34.625,35.625,35.75,34.5,28.360395431518555
1997-04-30,917100,34.875,34.625,34.875,34.5,27.564321517944336
1997-04-29,814300,34.0,34.5,34.75,34.0,27.464807510375977
1997-04-28,788700,33.875,33.875,34.0,33.5,26.967262268066406
1997-04-25,736700,34.375,34.125,34.5,33.75,27.16628074645996
1997-04-24,937000,34.375,33.75,34.5,33.625,26.867738723754883
1997-04-23,681400,34.5,34.25,34.75,33.875,27.265785217285156
1997-04-22,904200,34.875,34.375,34.875,34.0,27.365291595458984
1997-04-21,1039700,36.25,35.125,36.375,35.125,27.962364196777344
1997-04-18,833800,37.0,36.0,37.0,36.0,28.65891456604004
1997-04-17,1126200,37.0,37.0,37.875,36.625,29.454998016357422
1997-04-16,1051800,35.875,37.125,37.125,35.75,29.55451202392578
1997-04-15,1651800,36.625,36.375,37.0,35.625,28.957456588745117
1997-04-14,628600,38.0,37.625,38.125,37.25,29.952566146850586
1997-04-11,735500,39.125,37.875,39.375,37.875,30.151580810546875
1997-04-10,931300,38.375,39.25,39.625,38.375,31.246183395385742
1997-04-09,444900,38.625,38.25,39.0,38.25,30.45010757446289
1997-04-08,577600,38.25,38.75,39.0,38.25,30.848154067993164
1997-04-07,558100,38.75,38.375,39.0,38.25,30.549610137939453
1997-04-04,666400,38.875,38.75,38.875,38.625,30.848154067993164
1997-04-03,564100,38.75,38.875,39.25,38.75,30.94765853881836
1997-04-02,914800,38.75,39.375,39.625,38.75,31.345712661743164
1997-04-01,622400,38.875,38.875,39.125,38.75,30.94765853881836
1997-03-31,939100,39.375,38.75,39.375,38.5625,30.848154067993164
1997-03-27,1311100,40.75,39.625,40.75,39.125,31.544723510742188
1997-03-26,1526700,39.75,41.375,41.625,39.5,32.937862396240234
1997-03-25,777700,40.0,39.875,40.125,39.875,31.74375343322754
1997-03-24,1146400,40.125,40.25,40.375,40.0,32.04227066040039
1997-03-21,989800,40.875,40.875,41.375,40.75,32.53982162475586
1997-03-20,838800,41.75,40.875,41.75,40.5,32.53982162475586
1997-03-19,1109900,42.0,41.625,42.125,41.5,33.13688278198242
1997-03-18,1119000,42.0,42.0,42.375,41.625,33.435420989990234
1997-03-17,413800,43.0,42.5,43.0,42.25,33.833465576171875
1997-03-14,466500,43.0,43.0,43.125,42.75,34.23151397705078
1997-03-13,823900,42.875,43.25,43.375,42.6875,34.430519104003906
1997-03-12,663900,43.125,42.75,43.125,42.625,34.032474517822266
1997-03-11,1298500,43.0,43.125,43.25,42.875,34.33100509643555
1997-03-10,3275700,43.625,43.0,43.75,42.375,34.23151397705078
1997-03-07,402800,44.75,44.125,44.875,44.0,35.127105712890625
1997-03-06,697300,45.25,45.0,45.25,44.875,35.82366943359375
1997-03-05,1232900,45.25,45.25,45.25,44.25,36.02267837524414
1997-03-04,437500,46.25,45.875,46.25,45.875,36.52022171020508
1997-03-03,759300,47.25,47.0,47.375,46.875,37.41582489013672
1997-02-28,1237300,46.875,47.5,47.5,46.625,37.813865661621094
1997-02-27,1555900,47.0,46.875,47.25,46.75,37.316314697265625
1997-02-26,764200,47.0,45.75,47.25,45.375,36.420719146728516
1997-02-25,867700,46.375,46.75,46.875,46.0,37.21680450439453
1997-02-24,882300,45.75,46.625,46.625,45.625,37.11728286743164
1997-02-21,1528800,46.75,45.375,47.0,45.375,36.122196197509766
1997-02-20,1402200,44.25,46.125,46.25,44.0,36.7192497253418
1997-02-19,1197500,44.875,44.25,45.0,44.125,35.226585388183594
1997-02-18,999300,43.125,44.0,44.0,42.875,35.0275764465332
1997-02-14,1163600,41.75,42.75,43.0,41.5,34.032474517822266
1997-02-13,1577600,41.25,41.0,42.375,40.875,32.63933181762695
1997-02-12,2411900,38.75,41.25,41.25,38.25,32.83834457397461
1997-02-11,963800,39.25,39.0,39.25,38.625,31.047182083129883
1997-02-10,649300,39.375,39.5,39.625,39.0,31.445209503173828
1997-02-07,1066000,38.375,39.5,39.5,38.375,31.349679946899414
1997-02-06,684400,39.625,38.875,39.75,38.625,30.853639602661133
1997-02-05,572400,40.5,39.875,40.75,39.75,31.647315979003906
1997-02-04,758900,40.625,40.5,40.625,40.125,32.14334487915039
1997-02-03,731700,40.0,40.625,41.0,40.0,32.24256134033203
1997-01-31,640600,40.0,39.875,40.0,39.25,31.647315979003906
1997-01-30,595100,40.5,40.0,40.5,39.875,31.746509552001953
1997-01-29,417100,40.625,40.625,40.75,40.25,32.24256134033203
1997-01-28,672500,41.25,40.875,41.25,40.75,32.44096755981445
1997-01-27,1391000,41.0,41.625,42.125,40.875,33.03620910644531
1997-01-24,1195300,40.0,40.75,40.875,39.875,32.34176254272461
1997-01-23,989800,39.5,39.5,39.875,39.0,31.349679946899414
1997-01-22,513900,40.25,39.625,40.25,39.625,31.448890686035156
1997-01-21,376300,41.0,40.625,41.375,40.375,32.24256134033203
1997-01-20,320400,40.75,40.625,40.875,40.375,32.24256134033203
1997-01-17,872800,40.375,41.0,41.25,40.375,32.5401725769043
1997-01-16,591900,39.875,40.25,40.625,39.875,31.944929122924805
1997-01-15,601000,39.375,39.375,40.25,39.375,31.250484466552734
1997-01-14,362300,40.5,39.75,40.5,39.5,31.548084259033203
1997-01-13,365300,41.125,40.5,41.125,40.125,32.14334487915039
1997-01-10,958900,41.0,41.0,41.125,40.375,32.5401725769043
1997-01-09,2036300,40.0,41.125,41.375,40.0,32.63938522338867
1997-01-08,1628600,40.0,39.875,40.125,39.375,31.647315979003906
1997-01-07,1619700,41.5,40.5,41.625,39.875,32.14334487915039
1997-01-06,755400,43.25,41.25,43.25,41.25,32.73857879638672
1997-01-03,692200,44.0,43.625,44.375,43.25,34.62354278564453
1997-01-02,415300,44.625,44.0,44.625,43.5,34.921165466308594
1996-12-31,425300,45.125,44.75,45.25,44.125,35.51640319824219
1996-12-30,288800,45.0,45.25,45.75,44.875,35.913238525390625
1996-12-27,191100,45.375,45.0,45.375,44.875,35.71483612060547
1996-12-26,183200,45.625,45.125,46.125,45.125,35.81403732299805
1996-12-24,64400,45.625,45.375,45.625,45.125,36.0124626159668
1996-12-23,417300,44.875,45.5,45.75,44.75,36.11166763305664
1996-12-20,644100,45.125,44.875,45.25,44.5,35.6156120300293
1996-12-19,363300,44.375,44.625,44.625,43.875,35.41720199584961
1996-12-18,658000,45.625,44.375,45.75,44.25,35.21879959106445
1996-12-17,773500,45.125,45.5,46.25,45.0,36.11166763305664
1996-12-16,387300,44.875,45.125,45.5,44.75,35.81403732299805
1996-12-13,325500,45.125,45.0,45.5,44.75,35.71483612060547
1996-12-12,358000,45.625,45.125,45.75,45.125,35.81403732299805
1996-12-11,544500,46.5,45.375,46.75,45.125,36.0124626159668
1996-12-10,679100,47.25,46.625,47.5,45.75,37.004520416259766
1996-12-09,647700,47.0,47.0,47.5,46.375,37.30215835571289
1996-12-06,830000,47.0,46.875,47.0,46.0,37.20294952392578
1996-12-05,1682300,46.875,48.5,48.625,46.5,38.49263381958008
1996-12-04,1051700,47.5,47.5,47.75,47.0,37.69898986816406
1996-12-03,1490100,46.5,46.375,46.625,45.5,36.80612564086914
1996-12-02,842300,47.5,46.875,47.625,46.75,37.10771179199219
1996-11-29,174400,47.875,47.875,48.0,47.625,37.899330139160156
1996-11-27,667900,47.875,47.875,48.625,47.625,37.899330139160156
1996-11-26,1425500,48.5,48.25,49.25,47.5,38.19619369506836
1996-11-25,801700,48.75,48.375,48.75,48.0,38.29513931274414
1996-11-22,788600,50.5,49.0,50.5,48.75,38.789920806884766
1996-11-21,824300,52.375,50.25,52.375,50.25,39.77947235107422
1996-11-20,1010300,51.875,52.5,52.625,51.25,41.56062698364258
1996-11-19,286200,49.875,50.375,50.375,49.75,39.878414154052734
1996-11-18,288500,50.875,50.375,50.875,50.25,39.878414154052734
1996-11-15,766200,51.25,51.25,51.375,50.625,40.57110595703125
1996-11-14,844400,52.125,51.75,52.125,51.25,40.96689987182617
1996-11-13,1183000,50.625,52.125,53.125,50.625,41.263763427734375
1996-11-12,709000,49.25,50.625,50.875,49.0,40.076332092285156
1996-11-11,576100,49.5,49.5,49.625,48.5,39.185726165771484
1996-11-08,892700,47.875,48.875,48.875,47.375,38.69095993041992
1996-11-07,1316700,46.125,48.0,48.25,45.875,37.998291015625
1996-11-06,389100,46.875,46.0,46.875,46.0,36.41501235961914
1996-11-05,351500,46.625,46.625,47.25,46.375,36.90977478027344
1996-11-04,182000,46.875,46.625,47.0,46.5,36.90977478027344
1996-11-01,288700,46.25,46.5,46.5,45.875,36.81083679199219
1996-10-31,525700,46.875,46.25,47.5,46.25,36.61293029785156
1996-10-30,255100,46.25,46.875,46.875,46.0625,37.10771179199219
1996-10-29,516200,46.625,46.125,46.625,46.125,36.51398468017578
1996-10-28,272600,47.0,47.25,48.0,46.875,37.40456008911133
1996-10-25,459100,46.5,47.0,47.375,46.375,37.20665740966797
1996-10-24,393100,46.75,46.625,46.75,46.375,36.90977478027344
1996-10-23,603600,46.125,47.125,47.125,45.875,37.30561828613281
1996-10-22,858500,46.0,46.5,46.875,45.75,36.81083679199219
1996-10-21,1147300,45.0,45.875,45.875,44.875,36.316062927246094
1996-10-18,538700,45.375,44.875,45.375,44.875,35.524436950683594
1996-10-17,922400,46.375,45.625,46.625,45.625,36.11817169189453
1996-10-16,768700,47.0,46.875,47.375,46.5,37.10771179199219
1996-10-15,440600,46.625,46.875,47.25,46.25,37.10771179199219
1996-10-14,233800,47.125,46.875,47.25,46.75,37.10771179199219
1996-10-11,251600,47.5,47.125,47.625,46.625,37.30561828613281
1996-10-10,441000,47.25,48.125,48.125,47.125,38.09724044799805
1996-10-09,332400,47.375,47.25,47.5,46.875,37.40456008911133
1996-10-08,470600,48.375,47.125,48.5,47.0,37.30561828613281
1996-10-07,248400,48.0,47.875,48.625,47.625,37.899330139160156
1996-10-04,400500,48.0,48.0,48.5,47.375,37.998291015625
1996-10-03,390700,48.625,47.75,48.625,47.625,37.80040740966797
1996-10-02,718000,47.75,48.625,49.0,47.5,38.4930419921875
1996-10-01,433900,47.5,47.25,48.125,47.125,37.40456008911133
1996-09-30,553100,47.0,47.25,47.625,46.5,37.40456008911133
1996-09-27,516200,47.875,47.125,48.0,47.125,37.30561828613281
1996-09-26,908900,47.875,47.75,48.0,47.125,37.80040740966797
1996-09-25,378500,49.625,48.625,49.875,48.625,38.4930419921875
1996-09-24,917000,48.875,49.625,49.625,48.5,39.28467559814453
1996-09-23,517100,49.125,48.375,49.375,48.375,38.29513931274414
1996-09-20,671800,49.5,49.0,49.5,48.75,38.789920806884766
1996-09-19,267800,49.875,49.5,50.0,49.375,39.185726165771484
1996-09-18,517500,50.5,49.75,50.625,49.625,39.383644104003906
1996-09-17,437400,51.375,50.5,51.5,50.25,39.97737503051758
1996-09-16,503100,52.125,51.25,52.125,51.125,40.57110595703125
1996-09-13,514900,51.5,52.125,53.0,51.5,41.263763427734375
1996-09-12,190800,51.5,51.375,51.5,51.0,40.670040130615234
1996-09-11,246200,51.5,51.75,51.875,51.375,40.96689987182617
1996-09-10,502200,51.375,51.25,51.625,51.125,40.57110595703125
1996-09-09,460800,53.0,51.75,53.0,51.125,40.96689987182617
1996-09-06,171600,53.375,52.875,53.625,52.625,41.85749435424805
1996-09-05,227100,53.5,53.375,54.125,53.125,42.2533073425293
1996-09-04,176700,53.5,53.25,53.5,52.75,42.15435028076172
1996-09-03,214100,52.75,53.625,53.875,52.375,42.45121383666992
1996-08-30,323800,53.0,52.875,53.0,52.375,41.85749435424805
1996-08-29,279600,54.0,53.375,54.25,53.25,42.2533073425293
1996-08-28,615800,54.0,54.0,54.25,53.875,42.74807357788086
1996-08-27,495400,54.375,54.25,54.375,53.75,42.94599533081055
1996-08-26,673300,54.0,54.5,54.75,54.0,43.143890380859375
1996-08-23,328600,53.75,53.5,54.25,53.5,42.352256774902344
1996-08-22,375400,53.25,54.0,54.25,53.25,42.74807357788086
1996-08-21,233500,53.5,53.125,53.5,53.0,42.05540084838867
1996-08-20,455500,52.625,53.75,53.75,52.25,42.5501708984375
1996-08-19,449000,50.875,52.875,52.875,50.875,41.85749435424805
1996-08-16,333900,51.25,50.875,51.375,50.75,40.27423095703125
1996-08-15,437900,51.125,51.375,52.0,51.125,40.670040130615234
1996-08-14,382900,51.25,51.125,51.375,50.875,40.47215270996094
1996-08-13,158300,52.375,51.875,52.5,51.75,41.06585693359375
1996-08-12,287800,51.875,52.5,52.625,51.875,41.56062698364258
1996-08-09,327800,52.625,51.75,52.75,51.625,40.96689987182617
1996-08-08,440000,51.125,52.875,53.0,51.125,41.85749435424805
1996-08-07,382300,51.875,51.125,52.125,51.0,40.47215270996094
1996-08-06,515600,52.125,51.875,52.125,51.5,41.06585693359375
1996-08-05,942800,51.625,52.625,53.125,51.5,41.65958023071289
1996-08-02,811900,49.875,50.125,50.375,49.125,39.680503845214844
1996-08-01,775900,49.0,49.875,50.75,48.625,39.48259735107422
1996-07-31,901300,46.75,48.125,49.375,46.375,38.09724044799805
1996-07-30,313800,46.875,46.0,46.875,46.0,36.41501235961914
1996-07-29,328300,47.75,46.75,47.75,46.625,37.00875473022461
1996-07-26,927900,47.0,47.875,48.125,46.875,37.80433654785156
1996-07-25,602000,47.125,47.0,47.25,46.875,37.11341094970703
1996-07-24,438700,47.75,46.875,47.75,46.875,37.01469802856445
1996-07-23,295900,49.125,48.125,49.25,48.0,38.00174331665039
1996-07-22,338600,48.75,48.875,49.375,48.5,38.59398651123047
1996-07-19,556700,48.375,49.125,49.25,48.375,38.79139709472656
1996-07-18,415700,47.875,48.25,48.5,47.875,38.10044860839844
1996-07-17,505800,48.75,47.625,48.875,47.625,37.606929779052734
1996-07-16,824700,49.25,48.625,49.5,47.5,38.39657211303711
1996-07-15,406400,49.75,49.5,50.875,49.5,39.08750534057617
1996-07-12,264200,51.875,50.125,51.875,50.125,39.58103942871094
1996-07-11,478100,53.25,51.75,53.25,51.375,40.864219665527344
1996-07-10,477200,53.5,53.0,53.75,52.625,41.85127258300781
1996-07-09,783800,52.0,53.0,53.0,51.75,41.85127258300781
1996-07-08,702500,51.875,51.375,52.125,51.125,40.56809997558594
1996-07-05,475700,49.75,51.75,52.125,49.75,40.864219665527344
1996-07-03,371000,49.75,49.75,50.25,49.375,39.284942626953125
1996-07-02,458300,50.0,49.5,50.5,49.5,39.08750534057617
1996-07-01,452700,50.25,50.25,51.0,50.125,39.67975616455078
1996-06-28,346400,49.625,49.375,50.25,49.25,38.988807678222656
1996-06-27,440400,49.625,49.375,50.0,49.375,38.988807678222656
1996-06-26,529400,50.5,49.375,50.75,48.75,38.988807678222656
1996-06-25,448600,51.75,50.375,52.125,50.25,39.77846145629883
1996-06-24,708000,50.0,51.5,51.5,49.625,40.66680908203125
1996-06-21,851700,50.75,49.875,50.75,49.875,39.383628845214844
1996-06-20,420500,50.5,50.875,51.125,50.375,40.17327880859375
1996-06-19,793400,50.25,50.375,50.75,50.25,39.77846145629883
1996-06-18,694300,50.125,50.0,50.625,49.875,39.48234939575195
1996-06-17,320500,50.375,50.125,51.125,50.125,39.58103942871094
1996-06-14,624100,50.625,50.5,51.125,50.0,39.87716293334961
1996-06-13,579800,50.75,50.625,51.5,50.625,39.97587203979492
1996-06-12,769300,51.375,50.5,51.625,50.375,39.87716293334961
1996-06-11,1041100,50.5,51.0,51.375,49.625,40.271995544433594
1996-06-10,632500,52.5,51.375,52.625,51.0,40.56809997558594
1996-06-07,1046300,53.75,52.25,54.375,51.0,41.259037017822266
1996-06-06,850000,54.0,53.0,54.5,52.75,41.85127258300781
1996-06-05,799600,56.875,54.0,57.0,53.625,42.64092254638672
1996-06-04,389500,58.875,57.25,58.875,56.875,45.2072868347168
1996-06-03,546800,60.375,58.875,60.375,58.75,46.490447998046875
1996-05-31,778900,58.5,60.25,60.25,58.0,47.57622146606445
1996-05-30,449400,57.125,58.0,58.125,57.125,45.79949951171875
1996-05-29,307800,57.0,56.875,57.125,56.625,44.91115188598633
1996-05-28,635900,57.0,57.0,57.5,56.75,45.00986099243164
1996-05-24,479100,56.75,56.5,57.0,56.25,44.61503601074219
1996-05-23,348300,58.0,57.125,58.0,57.125,45.01380920410156
1996-05-22,406400,58.375,58.0,58.5,57.625,45.70329666137695
1996-05-21,1070000,57.5,58.375,58.75,56.625,45.99879837036133
1996-05-20,573400,58.25,57.25,58.25,56.875,45.112327575683594
1996-05-17,242400,58.875,58.5,58.875,58.25,46.097286224365234
1996-05-16,138900,58.75,58.75,59.125,58.5,46.29429244995117
1996-05-15,353900,58.875,59.125,59.25,58.75,46.58978271484375
1996-05-14,396100,58.625,58.875,58.875,58.25,46.392784118652344
1996-05-13,313800,58.75,59.125,59.25,58.625,46.58978271484375
1996-05-10,317300,58.75,58.5,58.75,58.0,46.097286224365234
1996-05-09,380200,58.625,58.625,58.75,57.875,46.19578170776367
1996-05-08,858300,59.75,58.5,60.125,58.375,46.097286224365234
1996-05-07,866700,58.75,59.25,60.125,58.75,46.68827819824219
1996-05-06,588400,57.125,58.5,59.375,57.0,46.097286224365234
1996-05-03,404000,57.0,56.5,57.75,56.125,44.521324157714844
1996-05-02,525900,57.375,57.625,58.125,57.25,45.407814025878906
1996-05-01,417600,58.0,57.625,58.875,57.25,45.407814025878906
1996-04-30,454800,57.0,57.875,58.125,56.75,45.60480880737305
1996-04-29,186300,56.875,56.75,57.5,56.625,44.71834182739258
1996-04-26,354400,57.375,56.875,57.5,56.75,44.81680679321289
1996-04-25,554200,56.75,58.0,58.125,56.625,45.70329666137695
1996-04-24,259200,55.75,55.625,56.25,55.625,43.83182907104492
1996-04-23,403500,56.0,55.75,56.375,55.5,43.93034362792969
1996-04-22,440000,54.25,55.5,55.5,54.25,43.733333587646484
1996-04-19,645400,56.0,54.0,56.0,54.0,42.55134963989258
1996-04-18,672600,56.25,56.0,56.75,55.625,44.12732696533203
1996-04-17,351600,56.0,56.0,56.5,55.25,44.12732696533203
1996-04-16,718200,57.375,56.0,58.25,55.875,44.12732696533203
1996-04-15,258400,57.125,57.125,57.25,56.625,45.01380920410156
1996-04-12,390900,59.25,57.625,59.25,57.375,45.407814025878906
1996-04-11,1416900,58.5,59.625,60.5,58.375,46.98378372192383
1996-04-10,594500,57.5,59.25,59.25,57.125,46.68827819824219
1996-04-09,653000,58.25,57.875,59.0,57.75,45.60480880737305
1996-04-08,584800,57.25,59.25,59.5,57.0,46.68827819824219
1996-04-04,304500,57.75,57.375,57.75,56.875,45.210811614990234
1996-04-03,567100,56.0,58.0,58.375,56.0,45.70329666137695
1996-04-02,375200,56.125,56.0,56.125,55.25,44.12732696533203
1996-04-01,502400,56.375,55.875,56.625,55.75,44.02882766723633
1996-03-29,322700,57.0,56.625,57.5,56.625,44.61980056762695
1996-03-28,502900,58.5,56.75,58.5,56.625,44.71834182739258
1996-03-27,437000,59.5,58.875,59.625,58.5,46.392784118652344
1996-03-26,900500,57.375,59.75,60.0,57.375,47.08229446411133
1996-03-25,589200,55.875,57.125,57.125,55.625,45.01380920410156
1996-03-22,482800,55.0,56.25,56.375,54.875,44.324344635009766
1996-03-21,453000,54.5,54.875,55.375,54.375,43.24085235595703
1996-03-20,371300,54.375,54.0,54.75,53.75,42.55134963989258
1996-03-19,564800,54.0,54.5,55.125,54.0,42.94535827636719
1996-03-18,1044600,53.75,54.0,54.0,53.0,42.55134963989258
1996-03-15,650800,54.5,54.625,55.125,54.0,43.043853759765625
1996-03-14,598600,54.125,54.375,54.75,53.75,42.84685134887695
1996-03-13,375400,54.0,54.625,54.875,53.375,43.043853759765625
1996-03-12,409300,54.0,53.75,55.0,53.75,42.354347229003906
1996-03-11,544000,53.25,54.25,54.375,53.0,42.74835968017578
1996-03-08,867600,55.0,53.5,55.75,53.25,42.1573486328125
1996-03-07,592900,53.125,54.25,54.25,53.0,42.74835968017578
1996-03-06,503600,53.5,53.0,53.875,52.75,41.76335906982422
1996-03-05,665500,53.125,53.125,53.75,52.75,41.861873626708984
1996-03-04,721300,54.25,53.0,54.625,52.75,41.76335906982422
1996-03-01,524000,56.875,55.875,57.0,55.375,44.02882766723633
1996-02-29,467000,57.0,56.875,57.375,56.75,44.81680679321289
1996-02-28,642300,56.625,56.5,57.0,55.875,44.521324157714844
1996-02-27,628600,56.75,56.5,57.375,56.125,44.521324157714844
1996-02-26,684000,55.625,57.125,57.125,55.625,45.01380920410156
1996-02-23,566300,55.0,55.375,55.625,54.5,43.63481903076172
1996-02-22,528700,55.625,55.5,55.75,54.75,43.733333587646484
1996-02-21,985900,54.0,56.0,56.0,53.0,44.12732696533203
1996-02-20,694700,55.375,54.5,56.25,54.125,42.94535827636719
1996-02-16,580500,55.875,56.125,56.375,55.5,44.225807189941406
1996-02-15,611100,57.5,55.25,57.75,55.25,43.53633499145508
1996-02-14,898700,55.0,57.375,57.5,54.75,45.210811614990234
1996-02-13,787200,54.75,54.875,55.125,54.0,43.24085235595703
1996-02-12,827000,54.75,54.625,56.125,54.0,43.043853759765625
1996-02-09,849100,54.875,55.0,55.75,54.0,43.339332580566406
1996-02-08,1743200,56.75,55.375,56.75,54.0,43.63481903076172
1996-02-07,1274400,60.0,57.0,60.75,57.0,44.915321350097656
1996-02-06,681200,59.875,59.75,60.0,59.125,47.08229446411133
1996-02-05,1707800,59.625,59.875,59.875,58.875,47.18079376220703
1996-02-02,1883800,58.625,59.125,59.375,58.5,46.49523162841797
1996-02-01,1680800,56.625,58.125,58.75,56.625,45.70883560180664
1996-01-31,800500,56.625,56.0,56.75,55.375,44.03777313232422
1996-01-30,1222900,56.625,56.375,57.125,55.875,44.3326530456543
1996-01-29,1435200,56.25,56.375,56.75,56.125,44.3326530456543
1996-01-26,809700,55.5,56.375,56.625,55.375,44.3326530456543
1996-01-25,2042200,55.0,55.625,56.25,55.0,43.742862701416016
1996-01-24,1037000,55.375,54.5,55.5,54.375,42.858177185058594
1996-01-23,1198200,56.0,56.0,56.0,54.375,44.03777313232422
1996-01-22,1261400,54.875,56.125,56.75,54.625,44.13605499267578
1996-01-19,696000,52.25,53.875,53.875,52.125,42.36669158935547
1996-01-18,297200,52.0,51.625,52.0,51.5,40.59730911254883
1996-01-17,569600,51.5,52.375,52.5,51.25,41.187095642089844
1996-01-16,720400,52.5,51.25,52.5,51.125,40.30241394042969
1996-01-15,680600,51.0,51.75,51.75,50.5,40.69560241699219
1996-01-12,5950200,52.25,51.25,52.875,50.625,40.30241394042969
1996-01-11,1447800,54.375,53.75,54.375,53.25,42.268394470214844
1996-01-10,1811700,52.25,54.25,54.875,52.25,42.66159439086914
1996-01-09,1264700,51.5,52.625,52.625,50.625,41.38370895385742
1996-01-08,262700,50.0,51.0,51.125,50.0,40.105831146240234
1996-01-05,777800,49.125,49.875,50.375,49.125,39.22114562988281
1996-01-04,580300,48.625,48.5,48.75,48.375,38.13984298706055
1996-01-03,1353300,48.0,48.625,49.0,48.0,38.23814392089844
1996-01-02,695700,45.625,47.75,47.875,45.625,37.550048828125
1995-12-29,260600,45.25,45.375,45.375,44.875,35.6823844909668
1995-12-28,257200,44.875,45.125,45.5,44.875,35.48578643798828
1995-12-27,253000,45.5,44.75,45.5,44.625,35.190887451171875
1995-12-26,99200,45.5,45.625,45.625,45.5,35.878990173339844
1995-12-22,326900,45.75,45.625,45.75,45.25,35.878990173339844
1995-12-21,221000,45.75,46.0,46.0,45.25,36.17387008666992
1995-12-20,559500,45.5,45.875,46.0,45.125,36.07559585571289
1995-12-19,684200,45.5,45.25,45.75,44.875,35.58407211303711
1995-12-18,869200,44.875,45.75,45.875,44.875,35.977272033691406
1995-12-15,867800,44.5,44.75,44.75,44.25,35.190887451171875
1995-12-14,291900,43.5,44.0,44.25,43.375,34.60110855102539
1995-12-13,598000,44.75,43.625,44.75,43.375,34.30619812011719
1995-12-12,352700,45.0,44.5,45.0,44.5,34.99429702758789
1995-12-11,319800,44.625,44.875,45.125,44.625,35.2891845703125
1995-12-08,512500,44.625,44.875,45.125,44.5,35.2891845703125
1995-12-07,854900,44.25,44.375,45.25,44.0,34.895992279052734
1995-12-06,487600,44.75,44.5,44.875,44.25,34.99429702758789
1995-12-05,576300,44.125,44.5,44.625,43.875,34.99429702758789
1995-12-04,347400,43.125,43.875,44.0,43.125,34.5028076171875
1995-12-01,245800,43.0,43.125,43.125,42.5,33.91299819946289
1995-11-30,284700,43.0,43.125,43.125,42.625,33.91299819946289
1995-11-29,522800,42.75,43.0,43.0,42.375,33.81472396850586
1995-11-28,675900,42.5,42.875,43.0,42.375,33.7164192199707
1995-11-27,513500,40.75,41.125,41.375,40.625,32.34021759033203
1995-11-24,322800,39.75,40.25,40.375,39.75,31.65213394165039
1995-11-22,456700,40.0,39.625,40.125,39.625,31.160648345947266
1995-11-21,439700,40.375,40.25,40.5,40.0,31.55776596069336
1995-11-20,286700,40.625,40.5,40.625,40.125,31.75380516052246
1995-11-17,816200,40.75,40.875,40.875,40.375,32.04780197143555
1995-11-16,363700,40.75,40.5,40.875,40.25,31.75380516052246
1995-11-15,888600,40.25,40.625,40.75,40.125,31.851804733276367
1995-11-14,1680400,40.0,40.375,40.375,39.75,31.655778884887695
1995-11-13,737900,42.875,41.625,42.875,41.625,32.63583755493164
1995-11-10,600900,43.25,43.125,43.625,43.125,33.81189727783203
1995-11-09,490100,41.875,42.75,42.875,41.625,33.51788330078125
1995-11-08,584900,41.5,41.75,41.75,41.0,32.73384094238281
1995-11-07,1475800,40.25,41.5,41.75,40.25,32.537837982177734
1995-11-06,837100,39.25,39.75,40.0,39.125,31.165739059448242
1995-11-03,556300,38.875,38.625,39.0,37.625,30.283706665039062
1995-11-02,715200,38.375,39.125,39.125,38.125,30.675729751586914
1995-11-01,551100,37.875,38.25,38.375,37.75,29.98968505859375
1995-10-31,283000,38.25,37.75,38.375,37.75,29.597675323486328
1995-10-30,365900,37.75,37.75,38.375,37.375,29.597675323486328
1995-10-27,984900,37.875,37.625,38.125,36.625,29.49967384338379
1995-10-26,656800,38.875,38.125,38.875,37.5,29.89168357849121
1995-10-25,478500,38.125,38.75,38.75,38.125,30.3817138671875
1995-10-24,376200,38.0,38.0,38.375,37.75,29.79368019104004
1995-10-23,358300,39.0,38.0,39.625,37.875,29.79368019104004
1995-10-20,452700,38.25,38.875,39.25,38.25,30.479711532592773
1995-10-19,539000,38.25,38.375,38.875,37.875,30.08768653869629
1995-10-18,920800,39.625,38.375,39.75,38.375,30.08768653869629
1995-10-17,498300,39.375,39.5,39.875,39.0,30.969741821289062
1995-10-16,461900,40.375,39.375,40.375,39.0,30.87174415588379
1995-10-13,537400,40.625,40.75,40.875,40.25,31.949804306030273
1995-10-12,337300,42.0,40.625,42.0,40.5,31.851804733276367
1995-10-11,103200,42.375,41.875,42.375,41.75,32.83183670043945
1995-10-10,267100,42.5,42.375,42.625,41.875,33.223876953125
1995-10-09,355100,42.0,42.375,42.375,41.625,33.223876953125
1995-10-06,177500,41.875,42.0,42.0,41.75,32.92985534667969
1995-10-05,121000,41.875,41.625,42.0,41.375,32.63583755493164
1995-10-04,375300,41.75,41.625,42.125,41.5,32.63583755493164
1995-10-03,335200,42.0,41.625,42.125,41.125,32.63583755493164
1995-10-02,317500,42.625,41.875,42.625,41.875,32.83183670043945
1995-09-29,180100,42.25,42.5,42.625,42.125,33.321868896484375
1995-09-28,184700,42.625,42.375,42.75,42.125,33.223876953125
1995-09-27,214500,42.625,42.625,42.875,42.5,33.41987228393555
1995-09-26,636300,43.5,43.0,43.5,42.75,33.71391296386719
1995-09-25,350900,43.625,43.125,43.75,43.125,33.81189727783203
1995-09-22,287400,44.375,43.875,44.375,43.625,34.39995574951172
1995-09-21,356300,43.75,44.625,44.625,43.625,34.98798751831055
1995-09-20,139600,43.875,43.625,44.0,43.5,34.20392608642578
1995-09-19,289300,44.5,44.0,44.625,43.875,34.4979362487793
1995-09-18,279400,44.625,44.875,45.0,44.5,35.183990478515625
1995-09-15,248400,45.25,44.75,45.375,44.75,35.085960388183594
1995-09-14,345300,45.0,45.25,45.75,45.0,35.478004455566406
1995-09-13,278000,45.375,44.875,45.375,44.625,35.183990478515625
1995-09-12,577700,44.75,45.625,45.75,44.5,35.77200698852539
1995-09-11,424900,44.5,44.625,44.75,44.5,34.98798751831055
1995-09-08,266500,44.5,44.375,44.5,44.0,34.79194641113281
1995-09-07,532900,44.125,44.375,44.5,44.125,34.79194641113281
1995-09-06,443200,43.75,44.0,44.125,43.625,34.4979362487793
1995-09-05,275200,43.375,43.625,43.625,43.125,34.20392608642578
1995-09-01,204600,43.375,43.375,43.5,43.0,34.00789260864258
1995-08-31,249600,43.75,43.5,44.25,43.375,34.105934143066406
1995-08-30,153300,44.25,43.5,44.375,43.5,34.105934143066406
1995-08-29,114100,44.875,44.5,45.0,44.5,34.88996887207031
1995-08-28,91800,45.125,45.125,45.4375,44.875,35.3799934387207
1995-08-25,138200,44.875,45.25,45.375,44.75,35.478004455566406
1995-08-24,149100,45.5,45.125,45.875,44.75,35.3799934387207
1995-08-23,446200,44.75,45.5,45.5,44.75,35.67401885986328
1995-08-22,180700,44.875,44.75,45.0,44.625,35.085960388183594
1995-08-21,315100,45.375,45.125,45.625,45.0,35.3799934387207
1995-08-18,320800,45.125,45.125,45.25,44.625,35.3799934387207
1995-08-17,375900,45.25,44.875,45.375,44.875,35.183990478515625
1995-08-16,394400,45.0,44.75,45.0,44.625,35.085960388183594
1995-08-15,376200,45.25,45.625,45.75,44.5,35.77200698852539
1995-08-14,495300,43.125,45.0,45.0,43.125,35.282005310058594
1995-08-11,267000,43.5,43.125,43.5,42.75,33.81189727783203
1995-08-10,178000,43.75,43.625,43.875,43.5,34.20392608642578
1995-08-09,234700,45.125,44.0,45.125,43.875,34.4979362487793
1995-08-08,255400,44.375,44.875,45.125,44.375,35.183990478515625
1995-08-07,278500,44.375,44.125,45.125,44.125,34.59596252441406
1995-08-04,200400,45.125,44.375,45.25,44.25,34.79194641113281
1995-08-03,291200,45.0,45.375,45.625,44.875,35.57600784301758
1995-08-02,376200,44.75,44.75,44.875,44.375,35.085960388183594
1995-08-01,639000,42.75,45.0,45.0,42.75,35.282005310058594
1995-07-31,216500,43.75,42.75,43.75,42.625,33.51788330078125
1995-07-28,437800,43.375,43.875,44.125,43.0,34.305870056152344
1995-07-27,635600,45.125,43.125,45.125,43.0,33.719417572021484
1995-07-26,344700,43.625,45.125,45.5,43.625,35.283233642578125
1995-07-25,283700,43.875,43.5,44.25,43.375,34.01265335083008
1995-07-24,245300,43.625,44.25,44.25,43.25,34.599063873291016
1995-07-21,316900,42.75,43.375,43.75,42.75,33.91488265991211
1995-07-20,305500,44.0,43.125,44.75,42.875,33.719417572021484
1995-07-19,919900,45.625,44.125,46.125,43.75,34.5013427734375
1995-07-18,389700,45.75,45.375,46.0,45.25,35.47870635986328
1995-07-17,716800,45.125,45.75,46.125,45.0,35.77191925048828
1995-07-14,465000,44.5,45.0,45.625,44.25,35.18550491333008
1995-07-13,389300,45.0,44.375,45.375,44.125,34.6967887878418
1995-07-12,996400,45.0,45.0,46.25,44.375,35.18550491333008
1995-07-11,438100,43.125,44.75,44.75,42.875,34.989994049072266
1995-07-10,243600,43.75,43.375,43.75,42.875,33.91488265991211
1995-07-07,436800,43.375,43.75,43.75,42.75,34.2081298828125
1995-07-06,351900,42.0,43.125,43.125,41.75,33.719417572021484
1995-07-05,217200,42.0,41.75,42.375,41.625,32.64431381225586
1995-07-03,96600,41.875,42.0,42.0,41.625,32.83979034423828
1995-06-30,405400,42.5,41.875,42.625,41.5,32.742042541503906
1995-06-29,201700,42.625,42.5,42.875,42.5,33.230735778808594
1995-06-28,315100,43.375,42.5,43.375,42.375,33.230735778808594
1995-06-27,318200,43.25,43.5,43.625,43.25,34.01265335083008
1995-06-26,233800,44.0,43.375,44.125,43.375,33.91488265991211
1995-06-23,280500,44.5,44.375,44.75,44.25,34.6967887878418
1995-06-22,351700,43.875,44.625,44.75,43.75,34.892295837402344
1995-06-21,300700,43.875,44.25,44.25,43.75,34.599063873291016
1995-06-20,343700,44.625,43.875,44.875,43.625,34.305870056152344
1995-06-19,413400,44.75,45.125,45.25,44.625,35.283233642578125
1995-06-16,376400,44.875,44.375,45.0,44.375,34.6967887878418
1995-06-15,1020000,43.875,44.875,45.25,43.75,35.08776092529297
1995-06-14,433200,43.375,44.0,44.0,43.375,34.40359115600586
1995-06-13,228800,43.0,43.25,43.375,42.875,33.81715774536133
1995-06-12,268700,42.75,42.875,43.0,42.625,33.52395248413086
1995-06-09,429600,42.875,42.75,43.625,42.75,33.426212310791016
1995-06-08,362500,42.625,43.0,43.375,42.5,33.6217041015625
1995-06-07,421500,42.125,42.875,43.25,42.125,33.52395248413086
1995-06-06,188200,42.375,41.875,42.375,41.75,32.742042541503906
1995-06-05,260700,41.5,42.375,42.625,41.375,33.132999420166016
1995-06-02,312300,42.375,41.875,42.75,41.625,32.742042541503906
1995-06-01,318800,41.5,42.75,42.75,41.375,33.426212310791016
1995-05-31,287000,41.125,41.75,41.75,40.875,32.64431381225586
1995-05-30,181800,42.0,41.125,42.125,41.125,32.15561294555664
1995-05-26,501600,42.125,42.0,43.0,41.75,32.83979034423828
1995-05-25,374200,42.625,42.125,42.75,42.0,32.93752670288086
1995-05-24,459500,41.375,42.375,42.375,41.25,33.0391731262207
1995-05-23,499400,40.75,41.25,41.25,40.625,32.16204071044922
1995-05-22,233300,40.75,40.625,41.125,40.625,31.674732208251953
1995-05-19,328600,41.0,40.875,41.375,40.875,31.869638442993164
1995-05-18,555900,40.25,41.25,41.25,40.25,32.16204071044922
1995-05-17,367800,39.625,40.5,40.5,39.375,31.57729148864746
1995-05-16,281800,39.5,39.875,40.125,39.375,31.0899600982666
1995-05-15,389300,38.75,39.625,39.875,38.625,30.89503288269043
1995-05-12,501200,38.625,38.5,38.875,38.25,30.017902374267578
1995-05-11,693100,39.0,38.375,39.0,38.25,29.92042350769043
1995-05-10,578900,39.375,39.0,39.75,38.75,30.407745361328125
1995-05-09,709300,41.5,39.5,41.5,39.0,30.79757308959961
1995-05-08,152800,41.5,41.5,42.0,41.375,32.3569450378418
1995-05-05,225100,42.0,41.5,42.125,41.125,32.3569450378418
1995-05-04,472500,41.875,42.25,42.75,41.625,32.94170379638672
1995-05-03,416700,41.875,41.875,42.25,41.75,32.64933395385742
1995-05-02,348800,41.875,42.125,42.875,41.875,32.84425735473633
1995-05-01,506000,42.125,42.125,42.5,41.375,32.84425735473633
1995-04-28,439600,43.0,41.875,43.25,41.75,32.64933395385742
1995-04-27,463500,41.75,43.0,43.0,41.625,33.5265007019043
1995-04-26,476700,42.875,41.75,42.875,41.75,32.551856994628906
1995-04-25,192200,42.5,42.875,43.125,42.375,33.429012298583984
1995-04-24,209200,42.5,42.875,43.0,42.375,33.429012298583984
1995-04-21,348700,41.75,42.5,42.5,41.5,33.13664245605469
1995-04-20,502100,43.125,41.875,43.25,41.75,32.64933395385742
1995-04-19,1023300,43.875,43.375,44.375,43.25,33.81884002685547
1995-04-18,879000,43.75,43.875,44.375,43.125,34.20869827270508
1995-04-17,783700,42.125,43.75,43.875,42.125,34.111244201660156
1995-04-13,410400,42.75,41.625,42.875,41.5,32.45439910888672
1995-04-12,246200,42.75,43.0,43.125,42.75,33.5265007019043
1995-04-11,204000,42.5,42.75,43.0,42.25,33.3315544128418
1995-04-10,287300,42.5,42.375,42.5,41.875,33.0391731262207
1995-04-07,345700,43.25,43.0,43.5,42.625,33.5265007019043
1995-04-06,405100,43.5,43.25,44.125,43.25,33.721412658691406
1995-04-05,492600,42.875,43.75,43.75,42.5,34.111244201660156
1995-04-04,228400,43.375,42.625,43.375,42.5,33.23408508300781
1995-04-03,437700,42.875,43.125,43.125,42.375,33.623931884765625
1995-03-31,1038800,43.75,42.75,43.875,42.375,33.3315544128418
1995-03-30,876100,41.25,42.625,43.125,41.25,33.23408508300781
1995-03-29,400900,41.375,41.0,41.875,41.0,31.967117309570312
1995-03-28,317100,40.625,41.375,41.375,40.375,32.259498596191406
1995-03-27,248500,40.375,40.75,40.75,39.875,31.772186279296875
1995-03-24,399000,41.0,40.25,41.0,40.25,31.382339477539062
1995-03-23,299400,40.75,41.0,41.125,40.5,31.967117309570312
1995-03-22,261300,40.75,40.75,41.5,40.75,31.772186279296875
1995-03-21,357700,41.375,40.875,42.0,40.875,31.869638442993164
1995-03-20,465600,40.375,41.5,42.125,40.375,32.3569450378418
1995-03-17,758500,39.75,40.75,41.125,39.5,31.772186279296875
1995-03-16,412000,39.75,39.75,39.875,39.5,30.99250030517578
1995-03-15,396800,40.375,40.25,40.875,40.0,31.382339477539062
1995-03-14,248300,39.625,40.125,40.125,39.5,31.284896850585938
1995-03-13,541800,39.875,39.625,40.125,39.625,30.89503288269043
1995-03-10,591100,39.875,39.125,39.875,38.75,30.50521469116211
1995-03-09,613100,39.375,39.875,40.5,39.375,31.0899600982666
1995-03-08,1321000,39.875,39.25,40.25,39.125,30.60264778137207
1995-03-07,1999300,38.25,40.625,40.75,38.125,31.674732208251953
1995-03-06,726700,35.875,37.625,37.625,35.75,29.33567237854004
1995-03-03,342700,36.375,35.375,36.75,35.25,27.581377029418945
1995-03-02,659100,35.375,36.25,36.875,35.375,28.26360321044922
1995-03-01,261900,35.875,35.375,36.0,35.25,27.581377029418945
1995-02-28,273300,36.125,36.125,36.125,35.875,28.166141510009766
1995-02-27,265000,36.0,36.0,36.125,35.5,28.068675994873047
1995-02-24,381600,36.5,36.125,36.5,35.625,28.166141510009766
1995-02-23,427800,37.25,36.25,37.375,36.25,28.26360321044922
1995-02-22,499500,36.5,37.125,37.25,36.375,28.945833206176758
1995-02-21,521500,35.75,36.5,36.5,35.75,28.45852279663086
1995-02-17,494100,34.625,35.625,36.0,34.625,27.776294708251953
1995-02-16,283000,34.25,34.5,34.75,34.25,26.899158477783203
1995-02-15,298300,34.375,34.125,34.5,34.125,26.606767654418945
1995-02-14,423500,34.125,34.125,34.5,34.0,26.606767654418945
1995-02-13,391800,34.25,34.125,34.25,33.875,26.606767654418945
1995-02-10,178700,34.25,34.25,34.5,34.125,26.70423126220703
1995-02-09,444000,33.875,34.25,34.25,33.875,26.70423126220703
1995-02-08,519500,33.5,33.75,33.75,33.25,26.31437873840332
1995-02-07,684300,33.875,33.25,34.0,33.125,25.924535751342773
1995-02-06,924200,34.25,34.125,34.25,33.75,26.606767654418945
1995-02-03,348800,34.75,34.25,34.75,33.75,26.70423126220703
1995-02-02,307700,35.125,35.0,35.125,34.625,27.288990020751953
1995-02-01,235200,34.5,34.75,35.125,34.5,27.000497817993164
1995-01-31,431200,34.0,34.375,34.75,33.875,26.709142684936523
1995-01-30,258900,34.125,34.375,34.375,33.875,26.709142684936523
1995-01-27,351200,34.625,33.875,34.75,33.875,26.32064437866211
1995-01-26,356600,35.5,34.875,35.75,34.875,27.097639083862305
1995-01-25,563600,35.625,35.5,36.25,35.5,27.583248138427734
1995-01-24,286700,36.125,35.75,36.125,35.5,27.777496337890625
1995-01-23,241900,36.625,36.0,36.75,35.875,27.97175407409668
1995-01-20,493100,37.375,37.25,37.5,36.875,28.942991256713867
1995-01-19,371500,36.875,37.25,37.25,36.5,28.942991256713867
1995-01-18,371700,36.5,36.625,36.875,36.5,28.45737075805664
1995-01-17,295900,36.125,36.125,36.5,36.0,28.06887435913086
1995-01-16,235000,36.125,35.75,36.125,35.625,27.777496337890625
1995-01-13,392600,36.5,36.375,36.625,36.125,28.263113021850586
1995-01-12,887400,36.375,36.875,37.375,36.375,28.651620864868164
1995-01-11,577700,34.75,35.875,35.875,34.625,27.874635696411133
1995-01-10,288700,34.125,34.5,34.5,34.0,26.80626106262207
1995-01-09,320800,33.625,34.125,34.125,33.5,26.514888763427734
1995-01-06,463200,33.875,33.75,34.25,33.625,26.223512649536133
1995-01-05,324100,33.875,33.875,34.0,33.375,26.32064437866211
1995-01-04,923500,35.0,33.67179870605469,35.0,33.25,26.162765502929688
1995-01-03,342700,36.0,35.25,36.0,35.25,27.389009475708008
1994-12-30,283200,35.75,36.0,36.125,35.75,27.97175407409668
1994-12-29,775000,35.375,35.75,35.875,34.75,27.777496337890625
1994-12-28,720600,34.25,35.125,35.375,34.125,27.291887283325195
1994-12-27,312900,34.25,34.25,34.625,34.125,26.612016677856445
1994-12-23,230400,34.0,34.375,34.375,33.875,26.709142684936523
1994-12-22,294900,34.75,34.0,34.75,34.0,26.417760848999023
1994-12-21,422600,35.125,34.875,35.375,34.625,27.097639083862305
1994-12-20,310900,35.375,35.125,35.5,35.0,27.291887283325195
1994-12-19,350000,34.5,35.0,35.125,34.5,27.194751739501953
1994-12-16,668400,35.375,34.5,35.625,34.375,26.80626106262207
1994-12-15,448600,35.75,35.25,36.0,35.125,27.389009475708008
1994-12-14,324100,35.5,35.75,36.0,35.5,27.777496337890625
1994-12-13,639300,35.75,35.25,36.125,35.25,27.389009475708008
1994-12-12,734900,35.375,35.625,36.125,35.25,27.680374145507812
1994-12-09,446300,34.875,35.5,35.5,34.75,27.583248138427734
1994-12-08,613700,35.75,34.875,35.75,34.75,27.097639083862305
1994-12-07,778700,36.0,35.875,36.375,35.375,27.874635696411133
1994-12-06,363600,35.875,36.125,36.125,35.25,28.06887435913086
1994-12-05,298000,36.375,35.625,36.375,35.625,27.680374145507812
1994-12-02,437200,36.25,36.25,36.5,35.5,28.166004180908203
1994-12-01,607200,36.625,36.25,37.0,36.25,28.166004180908203
1994-11-30,555900,37.875,36.625,37.875,36.5,28.45737075805664
1994-11-29,289400,37.375,37.625,37.875,37.25,29.2343692779541
1994-11-28,360200,38.0,37.25,38.375,37.25,28.942991256713867
1994-11-25,304100,37.625,38.0,38.0,37.625,29.525741577148438
1994-11-23,246400,38.375,37.375,38.375,37.375,29.040109634399414
1994-11-22,601300,39.375,38.25,39.375,38.25,29.719993591308594
1994-11-21,414100,39.75,39.125,39.8125,38.875,30.399864196777344
1994-11-18,626000,39.875,39.875,39.875,39.5,30.98261260986328
1994-11-17,282300,40.25,39.75,40.375,39.75,30.79224395751953
1994-11-16,351700,39.875,40.25,40.25,39.875,31.179534912109375
1994-11-15,313700,40.25,39.75,40.5,39.625,30.79224395751953
1994-11-14,116600,40.125,40.0,40.375,40.0,30.98588752746582
1994-11-11,130700,40.375,40.25,40.625,40.25,31.179534912109375
1994-11-10,239000,40.125,40.375,40.5,40.0,31.27638053894043
1994-11-09,375600,40.625,40.125,40.75,40.0,31.082731246948242
1994-11-08,282000,41.0,40.5,41.125,40.5,31.373228073120117
1994-11-07,134700,40.75,40.5,40.875,40.5,31.373228073120117
1994-11-04,215300,40.875,40.625,41.0,40.625,31.470041275024414
1994-11-03,347000,41.375,40.625,41.375,40.5,31.470041275024414
1994-11-02,175800,41.5,41.25,41.5,41.125,31.954214096069336
1994-11-01,379500,41.375,41.5,42.0,41.25,32.14788055419922
1994-10-31,459200,40.25,41.375,41.625,40.125,32.051063537597656
1994-10-28,302100,40.875,40.375,41.125,40.125,31.27638053894043
1994-10-27,442900,42.25,40.75,42.25,40.5,31.566875457763672
1994-10-26,533300,42.25,42.0,42.5,41.75,32.53519821166992
1994-10-25,240300,42.375,42.375,42.75,42.125,32.8256950378418
1994-10-24,255800,42.875,42.375,42.875,42.25,32.8256950378418
1994-10-21,281200,43.75,42.625,43.75,42.625,33.019351959228516
1994-10-20,473800,43.125,44.125,44.375,43.125,34.181304931640625
1994-10-19,268800,42.875,42.875,43.375,42.75,33.213016510009766
1994-10-18,153500,42.625,42.625,42.875,42.25,33.019351959228516
1994-10-17,256800,42.375,42.875,42.875,42.375,33.213016510009766
1994-10-14,190000,43.0,42.125,43.25,42.0,32.63202667236328
1994-10-13,422200,43.25,42.75,43.375,42.125,33.11617660522461
1994-10-12,463300,43.25,43.25,43.625,43.125,33.503501892089844
1994-10-11,554200,43.125,43.5,43.5,42.875,33.697174072265625
1994-10-10,69300,43.625,43.625,43.625,43.25,33.793983459472656
1994-10-07,384800,43.5,43.375,43.875,43.375,33.6003303527832
1994-10-06,640100,43.0,43.375,43.625,42.875,33.6003303527832
1994-10-05,328800,44.0,42.75,44.25,42.75,33.11617660522461
1994-10-04,586400,44.5,43.875,44.625,43.875,33.9876594543457
1994-10-03,420700,45.0,44.875,45.5,44.875,34.762298583984375
1994-09-30,290400,45.0,45.0,45.25,44.75,34.85915756225586
1994-09-29,382400,45.375,45.0,45.75,45.0,34.85915756225586
1994-09-28,473700,46.375,45.5,46.5,45.5,35.246463775634766
1994-09-27,437300,45.875,46.75,46.75,45.625,36.21477127075195
1994-09-26,382500,46.25,45.75,46.5,45.375,35.44012451171875
1994-09-23,831100,46.0,46.375,46.5,45.25,35.92429733276367
1994-09-22,494600,45.375,46.0,46.25,45.0,35.63377380371094
1994-09-21,432100,46.0,45.5,46.0,45.25,35.246463775634766
1994-09-20,663700,45.625,45.875,46.125,45.375,35.536949157714844
1994-09-19,449300,43.75,45.25,45.375,43.75,35.05278778076172
1994-09-16,1098900,43.375,44.0,44.0,43.25,34.08448791503906
1994-09-15,186600,43.75,43.25,43.875,42.75,33.503501892089844
1994-09-14,177100,44.5,44.0,44.5,43.75,34.08448791503906
1994-09-13,241000,44.625,44.375,44.625,44.25,34.374961853027344
1994-09-12,292000,44.375,44.875,45.0,44.25,34.762298583984375
1994-09-09,473500,44.5,44.5,44.875,44.125,34.47180938720703
1994-09-08,464500,44.375,44.5,44.625,44.125,34.47180938720703
1994-09-07,501100,44.25,44.25,44.625,43.75,34.278141021728516
1994-09-06,377800,44.0,44.375,44.375,43.875,34.374961853027344
1994-09-02,421500,43.25,44.0,44.0,43.125,34.08448791503906
1994-09-01,366500,42.75,43.25,43.5,42.625,33.503501892089844
1994-08-31,349900,42.25,42.875,43.0,41.75,33.213016510009766
1994-08-30,495900,41.625,42.0,42.25,41.375,32.53519821166992
1994-08-29,623200,40.75,41.625,41.75,40.375,32.244686126708984
1994-08-26,187400,41.5,40.75,41.5,40.75,31.566875457763672
1994-08-25,199400,41.25,41.375,41.375,41.125,32.051063537597656
1994-08-24,326100,40.625,41.25,41.25,40.5,31.954214096069336
1994-08-23,241800,40.375,40.25,40.625,40.0,31.179534912109375
1994-08-22,239700,40.5,40.625,40.625,40.125,31.470041275024414
1994-08-19,468600,39.875,40.625,40.625,39.625,31.470041275024414
1994-08-18,408900,38.75,39.75,39.875,38.75,30.79224395751953
1994-08-17,374200,38.625,38.625,38.75,38.25,29.827816009521484
1994-08-16,387800,39.0,38.5,39.125,38.5,29.731264114379883
1994-08-15,101000,38.875,39.0,39.25,38.875,30.117406845092773
1994-08-12,275800,39.125,38.875,39.125,38.625,30.02086067199707
1994-08-11,206000,38.5,39.125,39.375,38.5,30.21393394470215
1994-08-10,96300,38.875,38.875,39.0,38.625,30.02086067199707
1994-08-09,103700,39.0,38.75,39.125,38.625,29.924341201782227
1994-08-08,64300,38.75,38.75,38.875,38.375,29.924341201782227
1994-08-05,279200,39.25,38.75,39.625,38.75,29.924341201782227
1994-08-04,343700,39.125,39.0,39.375,38.75,30.117406845092773
1994-08-03,134400,39.625,39.0,39.625,39.0,30.117406845092773
1994-08-02,431200,39.25,39.0,39.375,38.875,30.117406845092773
1994-08-01,189000,39.625,39.5,39.75,39.375,30.50350570678711
1994-07-29,173500,39.875,39.5,40.0,39.5,30.50350570678711
1994-07-28,209200,40.125,39.875,40.375,39.875,30.793109893798828
1994-07-27,191000,40.25,40.375,40.625,40.125,31.17921257019043
1994-07-26,402500,40.375,40.0,40.5,39.625,30.889629364013672
1994-07-25,96300,39.875,40.0,40.25,39.875,30.889629364013672
1994-07-22,154300,40.625,40.0,40.875,39.75,30.889629364013672
1994-07-21,83500,40.375,40.5,40.625,40.375,31.2757625579834
1994-07-20,226800,40.25,40.25,40.625,40.25,31.08266830444336
1994-07-19,228500,39.375,40.25,40.25,39.125,31.08266830444336
1994-07-18,226500,39.75,39.5,39.875,39.5,30.50350570678711
1994-07-15,211700,39.875,39.75,40.125,39.75,30.696575164794922
1994-07-14,414100,39.75,39.625,39.875,39.25,30.600027084350586
1994-07-13,150400,40.5,39.75,40.75,39.75,30.696575164794922
1994-07-12,344800,40.625,40.625,41.0,40.5,31.372276306152344
1994-07-11,208500,40.25,40.625,40.75,40.125,31.372276306152344
1994-07-08,103800,40.125,40.0,40.125,39.75,30.889629364013672
1994-07-07,345800,39.75,40.0,40.125,39.75,30.889629364013672
1994-07-06,152600,39.875,39.75,40.0,39.75,30.696575164794922
1994-07-05,121200,40.25,40.0,40.5,39.75,30.889629364013672
1994-07-01,63500,40.25,40.25,40.25,40.0,31.08266830444336
1994-06-30,194100,40.0,40.25,40.5,39.75,31.08266830444336
1994-06-29,128200,39.75,39.875,39.875,39.5,30.793109893798828
1994-06-28,227600,40.5,39.625,40.5,39.625,30.600027084350586
1994-06-27,379000,40.75,40.125,40.75,39.375,30.98615837097168
1994-06-24,179900,41.75,40.75,41.75,40.625,31.46881103515625
1994-06-23,166800,41.5,41.75,41.875,41.125,32.24106216430664
1994-06-22,669200,41.375,41.375,41.625,41.0,31.95148277282715
1994-06-21,535200,41.0,41.5,41.75,40.875,32.048004150390625
1994-06-20,338500,40.75,41.0,41.5,40.75,31.66187286376953
1994-06-17,676600,40.25,41.0,41.25,40.0,31.66187286376953
1994-06-16,205700,40.0,39.875,40.125,39.625,30.793109893798828
1994-06-15,551900,39.75,40.0,40.25,39.5,30.889629364013672
1994-06-14,235000,39.75,39.75,40.125,39.625,30.696575164794922
1994-06-13,228500,39.25,39.5,39.5,38.875,30.50350570678711
1994-06-10,367500,39.0,39.0,39.375,38.75,30.117406845092773
1994-06-09,289600,39.0,39.25,39.625,39.0,30.310426712036133
1994-06-08,132100,39.625,39.0,39.625,39.0,30.117406845092773
1994-06-07,423700,39.25,39.125,39.375,38.75,30.21393394470215
1994-06-06,463800,38.625,39.0,39.125,38.375,30.117406845092773
1994-06-03,222100,40.0,38.5,40.0,38.5,29.731264114379883
1994-06-02,153300,40.0,39.875,40.375,39.875,30.793109893798828
1994-06-01,438800,41.125,40.25,41.125,40.125,31.08266830444336
1994-05-31,376100,41.25,41.25,41.625,41.125,31.85494041442871
1994-05-27,463200,40.375,40.625,41.125,40.375,31.372276306152344
1994-05-26,319400,40.625,40.25,40.625,40.125,31.08266830444336
1994-05-25,339900,40.875,40.75,41.0,40.375,31.46881103515625
1994-05-24,544200,42.0,40.5,42.0,40.5,31.2757625579834
1994-05-23,715000,40.75,42.25,42.375,40.625,32.6271858215332
1994-05-20,735200,40.25,40.75,40.875,40.25,31.376150131225586
1994-05-19,540700,39.875,39.875,40.625,39.75,30.70243263244629
1994-05-18,359300,39.125,39.875,40.125,38.875,30.70243263244629
1994-05-17,188600,39.875,39.25,39.875,39.125,30.221187591552734
1994-05-16,331000,39.625,39.75,40.375,39.375,30.606170654296875
1994-05-13,311800,39.75,39.875,40.125,39.25,30.70243263244629
1994-05-12,217000,39.25,39.5,39.875,38.875,30.4136905670166
1994-05-11,578800,40.0,39.5,40.625,39.5,30.4136905670166
1994-05-10,126200,40.625,39.75,40.75,39.75,30.606170654296875
1994-05-09,372100,40.75,40.75,41.0,40.5,31.376150131225586
1994-05-06,1152900,39.625,40.625,41.375,39.25,31.2799072265625
1994-05-05,288900,40.25,39.75,40.375,39.75,30.606170654296875
1994-05-04,306500,40.0,40.625,40.625,39.75,31.2799072265625
1994-05-03,206300,41.125,40.25,41.125,40.125,30.991151809692383
1994-05-02,291500,41.25,41.125,41.375,40.75,31.664878845214844
1994-04-29,229500,41.5,41.25,41.875,41.25,31.76112937927246
1994-04-28,320000,40.625,41.5,41.875,40.25,31.953615188598633
1994-04-26,320900,41.25,40.5,41.25,40.5,31.183652877807617
1994-04-25,401400,39.0,40.375,40.5,39.0,31.087390899658203
1994-04-22,582900,38.25,38.5,38.75,37.625,29.643722534179688
1994-04-21,560500,38.099998474121094,38.70000076293945,39.0,38.099998474121094,29.797718048095703
1994-04-20,647000,38.900001525878906,38.20000076293945,39.0,38.0,29.4127140045166
1994-04-19,825400,38.900001525878906,38.79999923706055,39.400001525878906,38.5,29.874719619750977
1994-04-18,486600,40.5,39.400001525878906,40.599998474121094,39.29999923706055,30.336700439453125
1994-04-15,662200,41.099998474121094,40.099998474121094,41.29999923706055,39.900001525878906,30.875633239746094
1994-04-14,323800,41.599998474121094,41.5,41.900001525878906,41.20000076293945,31.953615188598633
1994-04-13,376100,41.900001525878906,41.400001525878906,42.0,41.099998474121094,31.876649856567383
1994-04-12,484500,42.0,41.70000076293945,42.400001525878906,41.599998474121094,32.10760498046875
1994-04-11,654800,42.70000076293945,42.400001525878906,42.70000076293945,41.79999923706055,32.6465950012207
1994-04-08,593200,43.70000076293945,42.70000076293945,43.900001525878906,42.70000076293945,32.87759780883789
1994-04-07,360000,43.599998474121094,43.5,43.900001525878906,43.099998474121094,33.493553161621094
1994-04-06,449900,43.900001525878906,43.5,44.20000076293945,43.5,33.493553161621094
1994-04-05,808200,43.70000076293945,44.0,44.5,43.70000076293945,33.878536224365234
1994-04-04,470600,45.599998474121094,44.0,45.599998474121094,44.0,33.878536224365234
1994-03-31,917700,45.79999923706055,45.900001525878906,46.900001525878906,45.5,35.34147644042969
1994-03-30,332800,45.900001525878906,45.29999923706055,46.0,45.29999923706055,34.879493713378906
1994-03-29,1055900,46.400001525878906,45.70000076293945,46.900001525878906,45.5,35.18749237060547
1994-03-28,457500,46.70000076293945,46.599998474121094,47.20000076293945,46.400001525878906,35.88044357299805
1994-03-25,746800,46.599998474121094,47.099998474121094,47.099998474121094,46.5,36.265419006347656
1994-03-24,1059000,46.0,46.79999923706055,47.0,46.0,35.96051025390625
1994-03-23,514600,44.70000076293945,45.79999923706055,45.79999923706055,44.5,35.192142486572266
1994-03-22,708400,43.79999923706055,44.79999923706055,44.79999923706055,43.70000076293945,34.42375183105469
1994-03-21,196300,43.5,43.20000076293945,43.79999923706055,43.0,33.1943244934082
1994-03-18,707000,43.20000076293945,43.599998474121094,43.900001525878906,43.20000076293945,33.501678466796875
1994-03-17,300600,42.400001525878906,42.599998474121094,43.0,42.400001525878906,32.73331069946289
1994-03-16,246800,42.599998474121094,42.599998474121094,42.70000076293945,42.5,32.73331069946289
1994-03-15,573000,42.79999923706055,42.900001525878906,42.900001525878906,42.29999923706055,32.963802337646484
1994-03-14,572600,42.900001525878906,42.79999923706055,43.29999923706055,42.70000076293945,32.8869743347168
1994-03-11,875700,42.900001525878906,42.79999923706055,43.70000076293945,42.79999923706055,32.8869743347168
1994-03-10,910700,41.900001525878906,42.70000076293945,42.900001525878906,41.900001525878906,32.810157775878906
1994-03-09,1055200,40.900001525878906,41.900001525878906,41.900001525878906,40.599998474121094,32.195430755615234
1994-03-08,382000,41.0,41.20000076293945,41.5,40.900001525878906,31.657554626464844
1994-03-07,276600,41.70000076293945,41.0,42.099998474121094,41.0,31.503873825073242
1994-03-04,338300,42.20000076293945,41.900001525878906,42.400001525878906,41.900001525878906,32.195430755615234
1994-03-03,225800,42.400001525878906,42.400001525878906,42.599998474121094,41.900001525878906,32.579620361328125
1994-03-02,457200,42.5,42.599998474121094,42.70000076293945,42.0,32.73331069946289
1994-03-01,322900,43.29999923706055,42.70000076293945,43.70000076293945,42.599998474121094,32.810157775878906
1994-02-28,302600,42.599998474121094,43.400001525878906,43.5,42.599998474121094,33.34801483154297
1994-02-25,269900,42.099998474121094,42.400001525878906,42.400001525878906,41.900001525878906,32.579620361328125
1994-02-24,500100,40.900001525878906,41.79999923706055,42.0,40.900001525878906,32.11859130859375
1994-02-23,467200,41.5,41.20000076293945,41.900001525878906,41.0,31.657554626464844
1994-02-22,293300,42.099998474121094,41.599998474121094,42.20000076293945,41.599998474121094,31.87254524230957
1994-02-18,282300,42.70000076293945,42.0,42.900001525878906,42.0,32.17903137207031
1994-02-17,586700,43.0,43.099998474121094,43.79999923706055,42.900001525878906,33.02180480957031
1994-02-16,264300,42.70000076293945,43.20000076293945,43.20000076293945,42.5,33.09841537475586
1994-02-15,410000,42.29999923706055,42.5,43.0,42.29999923706055,32.56209945678711
1994-02-14,498500,42.099998474121094,42.5,42.70000076293945,42.099998474121094,32.56209945678711
1994-02-11,308200,41.900001525878906,41.599998474121094,42.099998474121094,41.29999923706055,31.87254524230957
1994-02-10,514600,42.0,42.099998474121094,42.70000076293945,41.79999923706055,32.25563049316406
1994-02-09,811700,41.099998474121094,41.900001525878906,42.099998474121094,41.099998474121094,32.102394104003906
1994-02-08,1331000,42.099998474121094,41.29999923706055,42.29999923706055,41.20000076293945,31.642698287963867
1994-02-07,625700,43.099998474121094,41.599998474121094,43.29999923706055,41.599998474121094,31.87254524230957
1994-02-04,731600,44.79999923706055,43.70000076293945,45.0,43.5,33.48151397705078
1994-02-03,408400,43.599998474121094,44.29999923706055,44.5,43.599998474121094,33.941192626953125
1994-02-02,461600,44.5,43.599998474121094,44.599998474121094,43.599998474121094,33.40488052368164
1994-02-01,820100,43.099998474121094,44.400001525878906,44.400001525878906,42.900001525878906,34.01781463623047
1994-01-31,958300,42.900001525878906,42.900001525878906,43.29999923706055,42.400001525878906,32.86857604980469
1994-01-28,770500,43.20000076293945,42.79999923706055,43.79999923706055,42.70000076293945,32.79195785522461
1994-01-27,375400,44.5,43.29999923706055,44.5,43.0,33.17504119873047
1994-01-26,610600,43.20000076293945,44.29999923706055,44.400001525878906,43.20000076293945,33.941192626953125
1994-01-25,325800,44.0,43.20000076293945,44.099998474121094,43.099998474121094,33.09841537475586
1994-01-24,592900,43.900001525878906,43.79999923706055,43.900001525878906,43.0,33.55811309814453
1994-01-21,599600,44.400001525878906,44.20000076293945,44.5,43.599998474121094,33.86457443237305
1994-01-20,357500,45.599998474121094,44.599998474121094,46.099998474121094,44.599998474121094,34.17106246948242
1994-01-19,540700,46.400001525878906,45.70000076293945,46.599998474121094,45.70000076293945,35.01385498046875
1994-01-18,558200,46.599998474121094,46.5,47.0,46.5,35.626773834228516
1994-01-17,1103300,47.400001525878906,46.599998474121094,47.70000076293945,46.599998474121094,35.70337677001953
1994-01-14,242800,46.5,46.900001525878906,46.900001525878906,46.20000076293945,35.933250427246094
1994-01-13,376700,46.20000076293945,46.400001525878906,46.79999923706055,46.20000076293945,35.55013656616211
1994-01-12,303300,45.900001525878906,45.900001525878906,46.0,45.599998474121094,35.16707992553711
1994-01-11,593500,45.400001525878906,45.900001525878906,46.29999923706055,45.29999923706055,35.16707992553711
1994-01-10,648900,45.5,45.5,45.599998474121094,44.79999923706055,34.8606071472168
1994-01-07,664600,47.599998474121094,45.70000076293945,47.599998474121094,45.70000076293945,35.01385498046875
1994-01-06,730600,47.0,47.29999923706055,47.70000076293945,46.5,36.23969268798828
1994-01-05,1024200,47.79999923706055,47.400001525878906,48.0,47.400001525878906,36.31632614135742
1994-01-04,772200,47.599998474121094,47.70000076293945,47.79999923706055,47.0,36.54617691040039
1994-01-03,1122700,46.099998474121094,47.70000076293945,47.900001525878906,46.099998474121094,36.54617691040039
1993-12-31,111200,45.79999923706055,46.099998474121094,46.099998474121094,45.599998474121094,35.3203125
1993-12-30,312000,46.0,46.0,46.29999923706055,45.5,35.24368667602539
1993-12-29,286100,45.0,45.599998474121094,45.79999923706055,44.900001525878906,34.93723678588867
1993-12-28,124600,45.099998474121094,45.20000076293945,45.20000076293945,44.900001525878906,34.63075256347656
1993-12-27,186400,45.20000076293945,45.20000076293945,45.5,45.099998474121094,34.63075256347656
1993-12-23,280900,44.599998474121094,45.20000076293945,45.400001525878906,44.599998474121094,34.63075256347656
1993-12-22,262100,44.900001525878906,44.70000076293945,44.900001525878906,44.5,34.24766540527344
1993-12-21,181300,45.5,44.900001525878906,45.599998474121094,44.79999923706055,34.40090560913086
1993-12-20,434400,45.599998474121094,45.599998474121094,46.0,45.20000076293945,34.93723678588867
1993-12-17,320400,45.29999923706055,45.20000076293945,45.29999923706055,45.0,34.63075256347656
1993-12-16,319100,45.20000076293945,45.099998474121094,45.29999923706055,44.70000076293945,34.554134368896484
1993-12-15,251600,45.5,45.20000076293945,45.5,44.70000076293945,34.63075256347656
1993-12-14,488900,46.29999923706055,45.400001525878906,46.29999923706055,45.20000076293945,34.78400421142578
1993-12-13,733500,45.900001525878906,46.20000076293945,46.29999923706055,45.70000076293945,35.39691925048828
1993-12-10,475100,44.79999923706055,45.5,45.5,44.29999923706055,34.8606071472168
1993-12-09,737800,44.599998474121094,44.900001525878906,45.0,44.099998474121094,34.40090560913086
1993-12-08,958900,43.20000076293945,44.79999923706055,44.900001525878906,43.0,34.32429122924805
1993-12-07,377200,42.400001525878906,42.400001525878906,42.599998474121094,41.900001525878906,32.485496520996094
1993-12-06,255400,42.79999923706055,42.5,42.900001525878906,42.29999923706055,32.56209945678711
1993-12-03,553600,42.5,43.0,43.0,42.29999923706055,32.9451789855957
1993-12-02,277900,42.099998474121094,42.20000076293945,42.29999923706055,41.900001525878906,32.33225631713867
1993-12-01,389400,41.599998474121094,42.20000076293945,42.70000076293945,41.599998474121094,32.33225631713867
1993-11-30,390800,41.599998474121094,41.5,42.29999923706055,41.400001525878906,31.795928955078125
1993-11-29,712900,42.79999923706055,41.599998474121094,42.79999923706055,41.599998474121094,31.87254524230957
1993-11-26,86700,44.20000076293945,43.599998474121094,44.20000076293945,43.599998474121094,33.40488052368164
1993-11-24,492700,43.70000076293945,44.20000076293945,44.29999923706055,43.5,33.86457443237305
1993-11-23,432900,43.79999923706055,43.70000076293945,43.900001525878906,42.599998474121094,33.48151397705078
1993-11-22,299600,44.5,44.0,44.79999923706055,44.0,33.71135711669922
1993-11-19,705100,44.5,44.20000076293945,44.599998474121094,44.0,33.86457443237305
1993-11-18,486100,44.599998474121094,44.29999923706055,44.599998474121094,44.0,33.941192626953125
1993-11-17,837500,43.5,44.599998474121094,45.0,43.5,34.07896041870117
1993-11-16,404200,45.20000076293945,44.29999923706055,45.5,44.29999923706055,33.849727630615234
1993-11-15,336900,44.79999923706055,45.400001525878906,45.400001525878906,44.70000076293945,34.69025802612305
1993-11-12,479700,45.0,44.599998474121094,45.0,44.599998474121094,34.07896041870117
1993-11-11,676900,45.20000076293945,44.79999923706055,45.5,44.79999923706055,34.23177719116211
1993-11-10,1514100,43.900001525878906,45.099998474121094,45.099998474121094,43.900001525878906,34.46100616455078
1993-11-09,375400,43.5,43.79999923706055,43.900001525878906,42.900001525878906,33.46767044067383
1993-11-08,475400,43.20000076293945,43.5,43.599998474121094,43.0,33.238441467285156
1993-11-05,1143900,43.79999923706055,43.599998474121094,43.900001525878906,42.70000076293945,33.31485366821289
1993-11-04,750000,43.20000076293945,43.099998474121094,43.599998474121094,42.900001525878906,32.93281936645508
1993-11-03,707300,41.29999923706055,42.70000076293945,43.099998474121094,41.29999923706055,32.627166748046875
1993-11-02,256200,41.20000076293945,41.20000076293945,41.400001525878906,40.79999923706055,31.481033325195312
1993-11-01,397500,41.400001525878906,41.099998474121094,41.5,40.599998474121094,31.404579162597656
1993-10-29,406200,42.0,41.900001525878906,42.400001525878906,41.5,32.015872955322266
1993-10-28,168200,42.599998474121094,41.900001525878906,42.70000076293945,41.900001525878906,32.015872955322266
1993-10-27,668300,43.0,42.599998474121094,43.400001525878906,42.400001525878906,32.5507698059082
1993-10-26,468700,41.29999923706055,43.099998474121094,43.099998474121094,40.79999923706055,32.93281936645508
1993-10-25,317600,41.599998474121094,41.400001525878906,41.70000076293945,41.20000076293945,31.633846282958984
1993-10-22,404900,40.599998474121094,41.400001525878906,41.599998474121094,40.400001525878906,31.633846282958984
1993-10-21,515800,42.20000076293945,41.099998474121094,42.599998474121094,41.099998474121094,31.404579162597656
1993-10-20,863600,42.099998474121094,42.900001525878906,42.900001525878906,42.099998474121094,32.77998352050781
1993-10-19,425200,41.29999923706055,41.70000076293945,42.0,40.70000076293945,31.86305809020996
1993-10-18,919100,40.599998474121094,41.5,41.79999923706055,40.599998474121094,31.710235595703125
1993-10-15,326700,41.0,40.599998474121094,41.0,40.5,31.022558212280273
1993-10-14,417800,41.400001525878906,40.79999923706055,41.900001525878906,40.79999923706055,31.17535972595215
1993-10-13,471500,41.400001525878906,41.099998474121094,41.400001525878906,41.099998474121094,31.404579162597656
1993-10-12,1179500,39.79999923706055,41.400001525878906,41.900001525878906,39.79999923706055,31.633846282958984
1993-10-11,404600,40.0,39.900001525878906,40.20000076293945,39.599998474121094,30.487668991088867
1993-10-08,489900,39.599998474121094,39.900001525878906,40.099998474121094,39.5,30.487668991088867
1993-10-07,671900,39.70000076293945,39.599998474121094,39.900001525878906,39.29999923706055,30.258447647094727
1993-10-06,456800,38.900001525878906,39.599998474121094,39.79999923706055,38.900001525878906,30.258447647094727
1993-10-05,254300,38.5,38.29999923706055,38.5,38.20000076293945,29.265121459960938
1993-10-04,382400,37.79999923706055,38.099998474121094,38.20000076293945,37.599998474121094,29.1122989654541
1993-10-01,298300,38.099998474121094,37.79999923706055,38.099998474121094,37.599998474121094,28.88306999206543
1993-09-30,501200,37.400001525878906,37.900001525878906,38.0,37.400001525878906,28.95948600769043
1993-09-29,515200,37.70000076293945,37.0,37.70000076293945,36.900001525878906,28.271787643432617
1993-09-28,327900,38.400001525878906,37.900001525878906,38.70000076293945,37.79999923706055,28.95948600769043
1993-09-27,296900,39.900001525878906,38.29999923706055,39.900001525878906,38.29999923706055,29.265121459960938
1993-09-24,518000,38.900001525878906,40.0,40.099998474121094,38.79999923706055,30.56407356262207
1993-09-23,306900,38.29999923706055,39.0,39.099998474121094,38.29999923706055,29.79999351501465
1993-09-22,533000,37.79999923706055,38.29999923706055,38.29999923706055,37.400001525878906,29.265121459960938
1993-09-21,1100100,37.29999923706055,39.20000076293945,39.20000076293945,36.79999923706055,29.952810287475586
1993-09-20,383900,37.099998474121094,36.900001525878906,37.70000076293945,36.79999923706055,28.19536590576172
1993-09-17,503900,37.29999923706055,36.900001525878906,37.599998474121094,36.79999923706055,28.19536590576172
1993-09-16,707200,37.0,37.29999923706055,37.29999923706055,36.79999923706055,28.501007080078125
1993-09-15,652800,36.099998474121094,36.20000076293945,36.400001525878906,36.0,27.660499572753906
1993-09-14,1680800,36.29999923706055,35.900001525878906,36.599998474121094,35.79999923706055,27.431272506713867
1993-09-13,1046700,36.900001525878906,35.79999923706055,36.900001525878906,35.79999923706055,27.35485076904297
1993-09-10,749300,37.20000076293945,37.29999923706055,37.5,36.79999923706055,28.501007080078125
1993-09-09,635100,37.0,37.400001525878906,37.5,36.900001525878906,28.577417373657227
1993-09-08,1095300,36.400001525878906,36.5,36.5,36.0,27.889719009399414
1993-09-07,2217200,37.599998474121094,36.20000076293945,37.599998474121094,36.0,27.660499572753906
1993-09-03,552600,38.599998474121094,38.400001525878906,38.79999923706055,38.29999923706055,29.34153175354004
1993-09-02,669100,39.79999923706055,39.0,39.79999923706055,38.29999923706055,29.79999351501465
1993-09-01,252600,40.0,39.79999923706055,40.0,39.400001525878906,30.41126823425293
1993-08-31,304500,40.20000076293945,40.400001525878906,40.400001525878906,40.0,30.869714736938477
1993-08-30,627100,39.79999923706055,40.099998474121094,40.599998474121094,39.79999923706055,30.640491485595703
1993-08-27,370900,40.0,40.0,40.400001525878906,39.5,30.56407356262207
1993-08-26,431900,40.900001525878906,40.0,41.0,39.70000076293945,30.56407356262207
1993-08-25,317800,41.099998474121094,41.0,41.29999923706055,40.70000076293945,31.328187942504883
1993-08-24,335400,40.599998474121094,41.099998474121094,41.20000076293945,40.599998474121094,31.404579162597656
1993-08-23,430700,40.20000076293945,40.599998474121094,40.900001525878906,40.0,31.022558212280273
1993-08-20,345800,39.900001525878906,40.29999923706055,40.400001525878906,39.900001525878906,30.793312072753906
1993-08-19,336300,40.5,39.70000076293945,40.599998474121094,39.599998474121094,30.334857940673828
1993-08-18,690700,39.70000076293945,40.70000076293945,40.70000076293945,39.599998474121094,31.00712013244629
1993-08-17,626700,39.099998474121094,39.5,39.70000076293945,39.0,30.092910766601562
1993-08-16,755700,38.79999923706055,39.099998474121094,39.29999923706055,38.5,29.788150787353516
1993-08-13,1466500,38.400001525878906,38.29999923706055,38.599998474121094,37.79999923706055,29.178682327270508
1993-08-12,5360000,40.400001525878906,37.900001525878906,40.400001525878906,37.099998474121094,28.873958587646484
1993-08-11,1115700,41.29999923706055,40.29999923706055,41.29999923706055,39.5,30.70238494873047
1993-08-10,627700,42.29999923706055,41.5,42.29999923706055,41.400001525878906,31.61658477783203
1993-08-09,969600,42.5,42.29999923706055,43.0,42.20000076293945,32.22607421875
1993-08-06,2087300,43.20000076293945,41.79999923706055,43.599998474121094,41.599998474121094,31.84515953063965
1993-08-05,1738600,43.5,42.70000076293945,43.900001525878906,42.400001525878906,32.53080368041992
1993-08-04,342600,46.0,44.79999923706055,46.0,44.599998474121094,34.130672454833984
1993-08-03,755800,46.0,45.900001525878906,46.5,45.900001525878906,34.968711853027344
1993-08-02,674700,46.400001525878906,47.099998474121094,47.099998474121094,45.70000076293945,35.8829460144043
1993-07-30,1466500,47.0,46.400001525878906,47.0,46.20000076293945,35.349632263183594
1993-07-29,771900,43.70000076293945,45.900001525878906,45.900001525878906,43.400001525878906,34.968711853027344
1993-07-28,976500,43.900001525878906,43.599998474121094,44.29999923706055,43.599998474121094,33.21647644042969
1993-07-27,634900,43.0,43.099998474121094,43.5,42.70000076293945,32.83553695678711
1993-07-26,465700,42.29999923706055,43.0,43.0,42.099998474121094,32.759376525878906
1993-07-23,173700,41.900001525878906,41.79999923706055,42.0,41.29999923706055,31.84515953063965
1993-07-22,800000,41.599998474121094,41.900001525878906,42.0,41.29999923706055,31.92132568359375
1993-07-21,490900,41.900001525878906,41.70000076293945,42.400001525878906,41.70000076293945,31.768972396850586
1993-07-20,260000,41.900001525878906,42.0,42.400001525878906,41.5,31.997514724731445
1993-07-19,430300,42.599998474121094,42.0,42.599998474121094,41.79999923706055,31.997514724731445
1993-07-16,299400,42.599998474121094,42.0,43.0,42.0,31.997514724731445
1993-07-15,814100,42.79999923706055,42.900001525878906,43.29999923706055,42.599998474121094,32.68318557739258
1993-07-14,878200,43.900001525878906,42.5,44.0,42.400001525878906,32.37843704223633
1993-07-13,500400,43.70000076293945,43.5,43.900001525878906,43.5,33.140281677246094
1993-07-12,679300,43.70000076293945,44.0,44.29999923706055,43.599998474121094,33.52121353149414
1993-07-09,891300,43.099998474121094,43.5,43.70000076293945,43.099998474121094,33.140281677246094
1993-07-08,2589400,43.79999923706055,43.20000076293945,44.0,42.599998474121094,32.9117431640625
1993-07-07,1862300,47.0,44.099998474121094,47.099998474121094,44.099998474121094,33.597381591796875
1993-07-06,862200,46.20000076293945,46.79999923706055,47.0,45.900001525878906,35.65437316894531
1993-07-02,1501100,44.099998474121094,45.70000076293945,46.20000076293945,44.0,34.816349029541016
1993-07-01,1590700,41.900001525878906,43.599998474121094,43.900001525878906,41.79999923706055,33.21647644042969
1993-06-30,636500,42.20000076293945,42.0,42.29999923706055,41.79999923706055,31.997514724731445
1993-06-29,943200,42.099998474121094,42.79999923706055,43.20000076293945,42.0,32.606990814208984
1993-06-28,809800,41.5,41.79999923706055,42.29999923706055,40.900001525878906,31.84515953063965
1993-06-25,549600,40.29999923706055,41.400001525878906,41.5,40.29999923706055,31.5404109954834
1993-06-24,426500,39.29999923706055,40.0,40.20000076293945,39.29999923706055,30.473819732666016
1993-06-23,587900,38.5,39.70000076293945,39.70000076293945,38.400001525878906,30.245277404785156
1993-06-22,233500,38.900001525878906,38.79999923706055,38.900001525878906,38.5,29.55959701538086
1993-06-21,335900,39.29999923706055,39.0,39.29999923706055,38.70000076293945,29.711978912353516
1993-06-18,650700,39.29999923706055,38.79999923706055,39.70000076293945,38.599998474121094,29.55959701538086
1993-06-17,196400,38.79999923706055,39.29999923706055,39.70000076293945,38.79999923706055,29.940542221069336
1993-06-16,382100,38.70000076293945,39.29999923706055,39.400001525878906,38.20000076293945,29.940542221069336
1993-06-15,416800,38.0,38.79999923706055,38.79999923706055,37.599998474121094,29.55959701538086
1993-06-14,886700,37.599998474121094,37.400001525878906,38.29999923706055,36.099998474121094,28.493030548095703
1993-06-11,495200,39.099998474121094,37.70000076293945,39.70000076293945,37.599998474121094,28.721576690673828
1993-06-10,256000,39.20000076293945,39.0,39.29999923706055,38.900001525878906,29.711978912353516
1993-06-09,394300,39.099998474121094,38.900001525878906,39.20000076293945,38.70000076293945,29.635787963867188
1993-06-08,473900,40.599998474121094,39.400001525878906,40.70000076293945,39.29999923706055,30.016733169555664
1993-06-07,233500,40.70000076293945,40.79999923706055,41.0,40.5,31.083322525024414
1993-06-04,212500,41.70000076293945,41.20000076293945,41.79999923706055,41.099998474121094,31.388042449951172
1993-06-03,331100,41.099998474121094,41.20000076293945,41.400001525878906,41.0,31.388042449951172
1993-06-02,711200,40.0,40.599998474121094,41.0,39.900001525878906,30.930936813354492
1993-06-01,463000,42.0,40.20000076293945,42.099998474121094,40.0,30.626182556152344
1993-05-28,969000,41.599998474121094,41.900001525878906,42.599998474121094,40.70000076293945,31.92132568359375
1993-05-27,410400,40.400001525878906,41.79999923706055,41.79999923706055,40.29999923706055,31.84515953063965
1993-05-26,402100,40.20000076293945,40.29999923706055,40.599998474121094,40.20000076293945,30.70238494873047
1993-05-25,450200,40.599998474121094,41.099998474121094,41.70000076293945,40.599998474121094,31.311866760253906
1993-05-24,789100,41.79999923706055,40.599998474121094,42.20000076293945,40.400001525878906,30.930936813354492
1993-05-21,856100,39.79999923706055,41.70000076293945,41.79999923706055,39.79999923706055,31.768972396850586
1993-05-20,777700,39.900001525878906,39.70000076293945,40.5,39.70000076293945,30.245277404785156
1993-05-19,1720700,42.29999923706055,40.29999923706055,42.29999923706055,40.20000076293945,30.61080551147461
1993-05-18,1502600,39.400001525878906,41.5,41.5,39.099998474121094,31.522315979003906
1993-05-17,760200,40.400001525878906,39.29999923706055,40.5,38.79999923706055,29.85124397277832
1993-05-14,880200,40.20000076293945,40.29999923706055,40.400001525878906,39.70000076293945,30.61080551147461
1993-05-13,2331000,40.599998474121094,40.0,41.70000076293945,40.0,30.3829402923584
1993-05-12,1542900,38.20000076293945,40.400001525878906,40.5,38.0,30.686750411987305
1993-05-11,428300,38.29999923706055,38.20000076293945,38.29999923706055,37.79999923706055,29.015697479248047
1993-05-10,1385700,38.400001525878906,38.29999923706055,38.70000076293945,37.70000076293945,29.091659545898438
1993-05-07,446100,39.599998474121094,39.20000076293945,39.900001525878906,39.20000076293945,29.775278091430664
1993-05-06,721000,38.599998474121094,39.900001525878906,40.0,38.5,30.306976318359375
1993-05-05,437600,38.70000076293945,38.400001525878906,38.70000076293945,38.20000076293945,29.16758918762207
1993-05-04,433400,37.79999923706055,38.70000076293945,38.79999923706055,37.79999923706055,29.395490646362305
1993-05-03,556900,39.099998474121094,37.70000076293945,39.20000076293945,37.5,28.635915756225586
1993-04-30,862400,38.20000076293945,39.0,39.0,38.099998474121094,29.62335777282715
1993-04-29,649500,38.20000076293945,38.29999923706055,38.400001525878906,37.599998474121094,29.091659545898438
1993-04-28,604400,37.099998474121094,37.70000076293945,38.099998474121094,36.900001525878906,28.635915756225586
1993-04-27,895400,37.70000076293945,37.29999923706055,37.70000076293945,37.0,28.332080841064453
1993-04-26,1643500,38.0,37.5,38.20000076293945,37.400001525878906,28.48400115966797
1993-04-23,1200500,35.79999923706055,36.70000076293945,36.900001525878906,35.400001525878906,27.876346588134766
1993-04-22,242500,33.400001525878906,34.29999923706055,34.29999923706055,33.29999923706055,26.05337142944336
1993-04-21,246500,33.599998474121094,33.5,33.79999923706055,33.400001525878906,25.44570541381836
1993-04-20,385700,33.900001525878906,34.0,34.099998474121094,33.70000076293945,25.82549476623535
1993-04-19,254000,33.599998474121094,33.400001525878906,34.0,33.400001525878906,25.36975860595703
1993-04-16,411100,33.20000076293945,33.400001525878906,33.70000076293945,33.099998474121094,25.36975860595703
1993-04-15,397000,33.900001525878906,32.900001525878906,33.900001525878906,32.599998474121094,24.989967346191406
1993-04-14,335200,33.29999923706055,33.79999923706055,34.29999923706055,33.29999923706055,25.673564910888672
1993-04-13,173300,32.599998474121094,32.79999923706055,32.900001525878906,32.400001525878906,24.91400146484375
1993-04-12,459300,33.099998474121094,32.400001525878906,33.5,32.099998474121094,24.610179901123047
1993-04-08,140600,34.400001525878906,34.0,34.5,33.900001525878906,25.82549476623535
1993-04-07,169900,34.79999923706055,34.79999923706055,34.900001525878906,34.400001525878906,26.433151245117188
1993-04-06,197300,35.099998474121094,34.79999923706055,35.29999923706055,34.599998474121094,26.433151245117188
1993-04-05,233700,35.70000076293945,35.400001525878906,35.79999923706055,35.20000076293945,26.88889503479004
1993-04-02,662500,36.0,35.900001525878906,36.400001525878906,35.5,27.2686824798584
1993-04-01,373300,35.20000076293945,35.29999923706055,35.5,34.599998474121094,26.81292724609375
1993-03-31,298700,35.70000076293945,35.20000076293945,35.900001525878906,35.0,26.73698616027832
1993-03-30,612300,34.70000076293945,35.5,35.5,34.70000076293945,26.964845657348633
1993-03-29,132600,34.29999923706055,33.79999923706055,34.400001525878906,33.70000076293945,25.673564910888672
1993-03-26,124200,34.79999923706055,34.599998474121094,34.79999923706055,34.5,26.281238555908203
1993-03-25,178800,34.79999923706055,34.79999923706055,35.0,34.599998474121094,26.433151245117188
1993-03-24,277300,34.400001525878906,34.599998474121094,34.900001525878906,34.0,26.281238555908203
1993-03-23,300500,34.70000076293945,34.400001525878906,34.79999923706055,34.29999923706055,26.129322052001953
1993-03-22,508200,35.5,35.0,35.5,34.400001525878906,26.58506965637207
1993-03-19,704500,34.70000076293945,35.20000076293945,35.400001525878906,34.400001525878906,26.73698616027832
1993-03-18,772500,32.900001525878906,34.29999923706055,34.29999923706055,32.900001525878906,26.05337142944336
1993-03-17,459900,32.5,33.099998474121094,33.29999923706055,32.400001525878906,25.141878128051758
1993-03-16,355500,32.599998474121094,32.29999923706055,32.599998474121094,32.099998474121094,24.534215927124023
1993-03-15,508000,32.0,32.79999923706055,32.900001525878906,32.0,24.91400146484375
1993-03-12,661200,31.5,31.799999237060547,32.400001525878906,31.200000762939453,24.154434204101562
1993-03-11,227000,31.899999618530273,31.700000762939453,31.899999618530273,31.5,24.0784854888916
1993-03-10,590200,31.200000762939453,31.5,31.5,30.899999618530273,23.92656707763672
1993-03-09,420400,31.299999237060547,31.399999618530273,31.399999618530273,30.799999237060547,23.850608825683594
1993-03-08,249300,30.899999618530273,31.100000381469727,31.299999237060547,30.899999618530273,23.622724533081055
1993-03-05,481400,31.600000381469727,31.700000762939453,32.20000076293945,31.5,24.0784854888916
1993-03-04,278100,31.799999237060547,31.399999618530273,31.799999237060547,31.200000762939453,23.850608825683594
1993-03-03,146600,31.899999618530273,31.5,31.899999618530273,31.299999237060547,23.92656707763672
1993-03-02,403900,30.700000762939453,32.0,32.0,30.600000381469727,24.306346893310547
1993-03-01,459600,30.899999618530273,30.5,31.0,30.5,23.166990280151367
1993-02-26,218000,30.799999237060547,31.100000381469727,31.100000381469727,30.799999237060547,23.622724533081055
1993-02-25,193600,32.099998474121094,31.600000381469727,32.29999923706055,31.299999237060547,24.002521514892578
1993-02-24,279200,33.099998474121094,32.099998474121094,33.29999923706055,32.0,24.382314682006836
1993-02-23,500600,32.29999923706055,33.29999923706055,33.5,32.29999923706055,25.29378890991211
1993-02-22,422000,31.899999618530273,31.899999618530273,32.70000076293945,31.899999618530273,24.230384826660156
1993-02-19,333400,31.700000762939453,31.899999618530273,32.20000076293945,31.600000381469727,24.230384826660156
1993-02-18,222400,31.899999618530273,31.600000381469727,31.899999618530273,31.200000762939453,24.002521514892578
1993-02-17,205600,32.099998474121094,32.0,32.099998474121094,31.700000762939453,24.215036392211914
1993-02-16,674400,31.799999237060547,32.099998474121094,32.400001525878906,31.700000762939453,24.290719985961914
1993-02-12,312300,32.29999923706055,31.600000381469727,32.29999923706055,31.600000381469727,23.91236686706543
1993-02-11,3249300,33.29999923706055,32.5,33.29999923706055,32.29999923706055,24.593406677246094
1993-02-10,733500,32.29999923706055,33.5,33.599998474121094,32.20000076293945,25.350126266479492
1993-02-09,594500,31.399999618530273,32.20000076293945,32.20000076293945,31.100000381469727,24.366397857666016
1993-02-08,349700,31.600000381469727,31.399999618530273,31.799999237060547,31.299999237060547,23.761022567749023
1993-02-05,436200,31.5,31.600000381469727,31.600000381469727,31.100000381469727,23.91236686706543
1993-02-04,289300,31.0,31.5,31.700000762939453,31.0,23.836688995361328
1993-02-03,335200,30.600000381469727,30.799999237060547,30.899999618530273,30.399999618530273,23.306978225708008
1993-02-02,321600,30.100000381469727,30.600000381469727,30.799999237060547,30.100000381469727,23.1556339263916
1993-02-01,208300,30.399999618530273,30.200000762939453,30.5,30.0,22.852947235107422
1993-01-29,216100,31.399999618530273,30.5,31.399999618530273,30.5,23.07996368408203
1993-01-28,513700,29.899999618530273,31.100000381469727,31.100000381469727,29.600000381469727,23.533998489379883
1993-01-27,225800,30.600000381469727,30.100000381469727,30.700000762939453,29.700000762939453,22.777280807495117
1993-01-26,347200,30.399999618530273,30.700000762939453,30.799999237060547,30.399999618530273,23.23131561279297
1993-01-25,113200,30.100000381469727,30.0,30.100000381469727,29.899999618530273,22.701608657836914
1993-01-22,328500,30.600000381469727,30.100000381469727,30.700000762939453,29.700000762939453,22.777280807495117
1993-01-21,233700,30.799999237060547,30.799999237060547,31.0,30.600000381469727,23.306978225708008
1993-01-20,200700,29.799999237060547,30.600000381469727,30.799999237060547,29.799999237060547,23.1556339263916
1993-01-19,139200,29.799999237060547,29.899999618530273,30.299999237060547,29.799999237060547,22.62592887878418
1993-01-18,197200,30.0,29.799999237060547,30.100000381469727,29.600000381469727,22.550260543823242
1993-01-15,65900,30.299999237060547,30.100000381469727,30.299999237060547,30.0,22.777280807495117
1993-01-14,300200,30.399999618530273,30.299999237060547,30.5,30.0,22.928621292114258
1993-01-13,279300,30.799999237060547,30.5,30.899999618530273,30.399999618530273,23.07996368408203
1993-01-12,415300,31.399999618530273,31.0,31.5,30.899999618530273,23.458330154418945
1993-01-11,246000,31.600000381469727,31.399999618530273,31.700000762939453,31.200000762939453,23.761022567749023
1993-01-08,91400,31.899999618530273,31.799999237060547,32.20000076293945,31.700000762939453,24.063705444335938
1993-01-07,82200,32.20000076293945,31.899999618530273,32.29999923706055,31.600000381469727,24.139373779296875
1993-01-06,135700,32.70000076293945,32.400001525878906,32.70000076293945,32.20000076293945,24.51774024963379
1993-01-05,213000,32.29999923706055,32.70000076293945,32.79999923706055,32.20000076293945,24.744749069213867
1993-01-04,411100,32.5,32.400001525878906,32.5,32.099998474121094,24.51774024963379
1992-12-31,238600,32.5,32.900001525878906,32.900001525878906,32.0,24.89609718322754
1992-12-30,155900,31.899999618530273,32.29999923706055,32.599998474121094,31.700000762939453,24.442058563232422
1992-12-29,243700,32.0,31.799999237060547,32.0,31.600000381469727,24.063705444335938
1992-12-28,45700,32.099998474121094,32.099998474121094,32.20000076293945,31.899999618530273,24.290719985961914
1992-12-24,37200,32.0,32.0,32.099998474121094,31.799999237060547,24.215036392211914
1992-12-23,211300,31.899999618530273,31.899999618530273,32.29999923706055,31.899999618530273,24.139373779296875
1992-12-22,285100,31.799999237060547,31.899999618530273,32.0,31.600000381469727,24.139373779296875
1992-12-21,303000,31.799999237060547,32.0,32.0,31.5,24.215036392211914
1992-12-18,322800,32.79999923706055,32.400001525878906,32.79999923706055,32.099998474121094,24.51774024963379
1992-12-17,308700,32.5,32.79999923706055,32.900001525878906,32.5,24.820419311523438
1992-12-16,321700,32.599998474121094,32.5,32.79999923706055,32.400001525878906,24.593406677246094
1992-12-15,113300,32.400001525878906,32.20000076293945,32.400001525878906,32.20000076293945,24.366397857666016
1992-12-14,177000,32.599998474121094,32.20000076293945,32.79999923706055,32.0,24.366397857666016
1992-12-11,451300,32.099998474121094,32.79999923706055,32.79999923706055,32.099998474121094,24.820419311523438
1992-12-10,430200,31.799999237060547,32.0,32.099998474121094,31.700000762939453,24.215036392211914
1992-12-09,323300,31.600000381469727,31.700000762939453,31.799999237060547,31.399999618530273,23.988033294677734
1992-12-08,406300,31.299999237060547,32.0,32.0,31.299999237060547,24.215036392211914
1992-12-07,394900,31.100000381469727,31.399999618530273,31.399999618530273,31.100000381469727,23.761022567749023
1992-12-04,206200,31.299999237060547,31.200000762939453,31.299999237060547,31.100000381469727,23.60967445373535
1992-12-03,322300,31.399999618530273,31.299999237060547,31.399999618530273,30.899999618530273,23.685340881347656
1992-12-02,728700,31.299999237060547,31.299999237060547,31.5,31.100000381469727,23.685340881347656
1992-12-01,862600,30.700000762939453,31.0,31.100000381469727,30.600000381469727,23.458330154418945
1992-11-30,326500,30.100000381469727,30.5,30.600000381469727,30.0,23.07996368408203
1992-11-27,176000,29.600000381469727,30.100000381469727,30.200000762939453,29.600000381469727,22.777280807495117
1992-11-25,166300,29.600000381469727,29.600000381469727,29.600000381469727,29.299999237060547,22.39891815185547
1992-11-24,357200,29.700000762939453,29.5,29.700000762939453,29.200000762939453,22.323246002197266
1992-11-23,267300,29.899999618530273,29.600000381469727,29.899999618530273,29.600000381469727,22.39891815185547
1992-11-20,146600,30.299999237060547,30.0,30.399999618530273,29.899999618530273,22.701608657836914
1992-11-19,374800,30.399999618530273,30.0,30.5,29.700000762939453,22.701608657836914
1992-11-18,300700,30.600000381469727,30.600000381469727,31.0,30.399999618530273,23.064680099487305
1992-11-17,310500,30.799999237060547,30.600000381469727,31.100000381469727,30.5,23.064680099487305
1992-11-16,426200,31.299999237060547,31.100000381469727,31.299999237060547,30.700000762939453,23.441560745239258
1992-11-13,920800,31.5,31.200000762939453,31.700000762939453,31.200000762939453,23.51692771911621
1992-11-12,424000,32.20000076293945,31.5,32.599998474121094,31.299999237060547,23.74305534362793
1992-11-11,284300,32.5,32.0,32.79999923706055,31.899999618530273,24.11992073059082
1992-11-10,438600,33.400001525878906,32.400001525878906,33.900001525878906,32.099998474121094,24.42142677307129
1992-11-09,207800,35.79999923706055,34.599998474121094,35.79999923706055,34.599998474121094,26.079675674438477
1992-11-06,146700,36.900001525878906,36.0,36.900001525878906,35.900001525878906,27.134918212890625
1992-11-05,464700,37.5,37.099998474121094,38.20000076293945,37.0,27.964033126831055
1992-11-04,284900,37.099998474121094,37.70000076293945,37.900001525878906,36.79999923706055,28.416296005249023
1992-11-03,483100,36.70000076293945,37.0,37.099998474121094,35.599998474121094,27.8886775970459
1992-11-02,110600,36.5,36.79999923706055,36.79999923706055,36.29999923706055,27.737897872924805
1992-10-30,185000,36.900001525878906,36.70000076293945,36.900001525878906,36.5,27.662540435791016
1992-10-29,132700,36.099998474121094,37.0,37.099998474121094,36.099998474121094,27.8886775970459
1992-10-28,113300,35.70000076293945,35.900001525878906,35.900001525878906,35.29999923706055,27.059541702270508
1992-10-27,129400,35.5,35.29999923706055,35.5,34.900001525878906,26.60729217529297
1992-10-26,98800,36.29999923706055,35.900001525878906,36.29999923706055,35.5,27.059541702270508
1992-10-23,25500,37.20000076293945,36.79999923706055,37.29999923706055,36.70000076293945,27.737897872924805
1992-10-22,113100,37.20000076293945,37.0,37.5,36.900001525878906,27.8886775970459
1992-10-21,58700,37.599998474121094,37.70000076293945,37.70000076293945,37.400001525878906,28.416296005249023
1992-10-20,202100,37.0,37.70000076293945,37.900001525878906,37.0,28.416296005249023
1992-10-19,69300,36.599998474121094,36.79999923706055,37.099998474121094,36.599998474121094,27.737897872924805
1992-10-16,119200,36.900001525878906,36.79999923706055,37.0,36.599998474121094,27.737897872924805
1992-10-15,155900,35.900001525878906,36.5,36.70000076293945,35.900001525878906,27.511804580688477
1992-10-14,98600,36.099998474121094,36.099998474121094,36.400001525878906,36.0,27.210302352905273
1992-10-13,275800,36.20000076293945,36.29999923706055,36.400001525878906,35.400001525878906,27.361042022705078
1992-10-12,113800,37.29999923706055,36.400001525878906,37.29999923706055,36.400001525878906,27.436420440673828
1992-10-09,121700,38.099998474121094,37.70000076293945,38.099998474121094,37.70000076293945,28.416296005249023
1992-10-08,104400,38.400001525878906,38.099998474121094,38.400001525878906,37.900001525878906,28.717775344848633
1992-10-07,61300,38.20000076293945,38.5,38.5,38.20000076293945,29.019289016723633
1992-10-06,68200,38.70000076293945,38.599998474121094,38.70000076293945,38.400001525878906,29.094663619995117
1992-10-05,236800,37.400001525878906,38.70000076293945,39.5,37.400001525878906,29.170032501220703
1992-10-02,118500,37.400001525878906,37.79999923706055,37.79999923706055,37.099998474121094,28.49165916442871
1992-10-01,141100,38.400001525878906,37.5,38.400001525878906,37.0,28.265544891357422
1992-09-30,59400,38.79999923706055,38.20000076293945,39.0,38.20000076293945,28.79317283630371
1992-09-29,40800,38.79999923706055,39.0,39.0,38.70000076293945,29.396169662475586
1992-09-28,52700,39.0,39.0,39.099998474121094,38.900001525878906,29.396169662475586
1992-09-25,183400,39.400001525878906,39.099998474121094,39.599998474121094,39.099998474121094,29.47153091430664
1992-09-24,102500,39.099998474121094,39.29999923706055,39.400001525878906,38.900001525878906,29.622283935546875
1992-09-23,172400,39.20000076293945,39.20000076293945,39.599998474121094,39.0,29.54690170288086
1992-09-22,215600,39.20000076293945,39.29999923706055,39.599998474121094,39.20000076293945,29.622283935546875
1992-09-21,174000,39.29999923706055,38.900001525878906,39.29999923706055,38.70000076293945,29.320802688598633
1992-09-18,267800,39.70000076293945,39.29999923706055,40.29999923706055,39.29999923706055,29.622283935546875
1992-09-17,272500,40.29999923706055,39.70000076293945,40.29999923706055,39.5,29.92378044128418
1992-09-16,427000,39.099998474121094,40.400001525878906,40.5,39.099998474121094,30.451400756835938
1992-09-15,18800,37.900001525878906,38.900001525878906,38.900001525878906,37.70000076293945,29.320802688598633
1992-09-14,284600,38.0,37.900001525878906,38.099998474121094,37.79999923706055,28.567045211791992
1992-09-11,205800,38.0,37.29999923706055,38.0,37.20000076293945,28.11478614807129
1992-09-10,90200,38.0,38.099998474121094,38.099998474121094,37.79999923706055,28.717775344848633
1992-09-09,106700,37.900001525878906,38.0,38.29999923706055,37.900001525878906,28.642406463623047
1992-09-08,46900,37.70000076293945,37.79999923706055,38.099998474121094,37.70000076293945,28.49165916442871
1992-09-04,57600,38.0,37.79999923706055,38.20000076293945,37.79999923706055,28.49165916442871
1992-09-03,164600,37.599998474121094,38.099998474121094,38.20000076293945,37.599998474121094,28.717775344848633
1992-09-02,162700,38.20000076293945,37.599998474121094,38.29999923706055,37.599998474121094,28.340909957885742
1992-09-01,181900,38.599998474121094,38.29999923706055,38.79999923706055,38.20000076293945,28.868534088134766
1992-08-31,156800,38.0,38.5,38.900001525878906,38.0,29.019289016723633
1992-08-28,135200,37.599998474121094,38.0,38.0,37.599998474121094,28.642406463623047
1992-08-27,194700,36.599998474121094,37.400001525878906,37.5,36.599998474121094,28.190162658691406
1992-08-26,214900,36.599998474121094,36.70000076293945,36.79999923706055,36.400001525878906,27.662540435791016
1992-08-25,278400,36.900001525878906,36.79999923706055,37.0,36.599998474121094,27.737897872924805
1992-08-24,308700,36.79999923706055,36.900001525878906,37.0,36.599998474121094,27.813297271728516
1992-08-21,196700,35.099998474121094,35.79999923706055,35.900001525878906,34.70000076293945,26.984159469604492
1992-08-20,138900,35.099998474121094,35.0,35.20000076293945,34.70000076293945,26.381181716918945
1992-08-19,127800,35.099998474121094,35.400001525878906,35.5,35.099998474121094,26.68267250061035
1992-08-18,94500,35.0,34.79999923706055,35.0,34.5,26.230419158935547
1992-08-17,154100,35.599998474121094,35.20000076293945,36.20000076293945,35.20000076293945,26.53192710876465
1992-08-14,200200,35.099998474121094,35.599998474121094,35.900001525878906,35.0,26.833425521850586
1992-08-13,589900,35.400001525878906,34.70000076293945,35.400001525878906,34.20000076293945,26.155046463012695
1992-08-12,341600,38.29999923706055,35.79999923706055,38.400001525878906,35.5,26.893566131591797
1992-08-11,116400,38.79999923706055,38.79999923706055,38.79999923706055,38.599998474121094,29.147226333618164
1992-08-10,102000,39.29999923706055,39.099998474121094,39.400001525878906,39.0,29.372577667236328
1992-08-07,166200,39.70000076293945,39.5,40.0,39.400001525878906,29.673072814941406
1992-08-06,181800,38.29999923706055,39.5,39.5,38.29999923706055,29.673072814941406
1992-08-05,101000,38.20000076293945,38.20000076293945,38.29999923706055,38.0,28.696495056152344
1992-08-04,155600,38.099998474121094,38.599998474121094,38.599998474121094,37.900001525878906,28.996980667114258
1992-08-03,156500,39.20000076293945,38.20000076293945,39.20000076293945,38.20000076293945,28.696495056152344
1992-07-31,63100,39.599998474121094,39.5,39.70000076293945,39.29999923706055,29.673072814941406
1992-07-30,190400,39.70000076293945,39.20000076293945,39.900001525878906,39.0,29.44769287109375
1992-07-29,184400,40.20000076293945,40.0,40.400001525878906,39.900001525878906,30.04866600036621
1992-07-28,184900,39.79999923706055,40.20000076293945,40.20000076293945,39.79999923706055,30.198942184448242
1992-07-27,237700,40.099998474121094,39.70000076293945,40.29999923706055,39.5,29.823314666748047
1992-07-24,216000,40.79999923706055,40.5,40.79999923706055,39.900001525878906,30.42429542541504
1992-07-23,144200,41.0,41.0,41.0,40.70000076293945,30.799901962280273
1992-07-22,242300,41.70000076293945,40.79999923706055,41.70000076293945,40.5,30.64965057373047
1992-07-21,182800,42.099998474121094,41.20000076293945,42.099998474121094,40.900001525878906,30.95014190673828
1992-07-20,236700,42.79999923706055,42.29999923706055,43.099998474121094,42.20000076293945,31.776493072509766
1992-07-17,211600,42.29999923706055,42.400001525878906,43.099998474121094,42.099998474121094,31.851594924926758
1992-07-16,216900,41.70000076293945,41.70000076293945,42.099998474121094,41.5,31.32575225830078
1992-07-15,123000,40.599998474121094,41.70000076293945,41.70000076293945,40.5,31.32575225830078
1992-07-14,189200,39.900001525878906,40.79999923706055,40.79999923706055,39.79999923706055,30.64965057373047
1992-07-13,75200,40.0,39.79999923706055,40.0,39.5,29.89844512939453
1992-07-10,60000,40.0,39.79999923706055,40.0,39.599998474121094,29.89844512939453
1992-07-09,219800,39.79999923706055,39.79999923706055,39.900001525878906,39.599998474121094,29.89844512939453
1992-07-08,232500,40.20000076293945,40.0,40.400001525878906,39.599998474121094,30.04866600036621
1992-07-07,286000,40.79999923706055,40.29999923706055,40.79999923706055,40.099998474121094,30.27404022216797
1992-07-06,206300,39.900001525878906,41.0,41.29999923706055,39.900001525878906,30.799901962280273
1992-07-02,224600,39.79999923706055,39.900001525878906,40.20000076293945,39.5,29.97355842590332
1992-07-01,237200,38.70000076293945,39.29999923706055,39.599998474121094,38.70000076293945,29.522823333740234
1992-06-30,238700,38.599998474121094,38.79999923706055,38.79999923706055,38.20000076293945,29.147226333618164
1992-06-29,130200,37.29999923706055,38.29999923706055,38.29999923706055,36.599998474121094,28.7716064453125
1992-06-26,68200,37.70000076293945,37.29999923706055,38.0,37.20000076293945,28.02039337158203
1992-06-25,158700,38.29999923706055,37.79999923706055,38.400001525878906,37.79999923706055,28.395994186401367
1992-06-24,215200,38.599998474121094,38.20000076293945,38.70000076293945,38.0,28.696495056152344
1992-06-23,441600,39.0,38.70000076293945,39.20000076293945,38.599998474121094,29.072097778320312
1992-06-22,251900,37.79999923706055,39.20000076293945,39.20000076293945,37.599998474121094,29.44769287109375
1992-06-19,280100,37.70000076293945,37.599998474121094,38.20000076293945,37.599998474121094,28.245759963989258
1992-06-18,110600,37.20000076293945,37.70000076293945,38.099998474121094,37.20000076293945,28.320880889892578
1992-06-17,204100,37.79999923706055,37.29999923706055,38.0,37.29999923706055,28.02039337158203
1992-06-16,340400,38.599998474121094,38.099998474121094,38.79999923706055,38.099998474121094,28.621356964111328
1992-06-15,261300,37.400001525878906,38.900001525878906,39.099998474121094,37.099998474121094,29.222349166870117
1992-06-12,238800,37.5,37.599998474121094,37.599998474121094,36.79999923706055,28.245759963989258
1992-06-11,135600,36.0,36.79999923706055,37.0,35.900001525878906,27.644771575927734
1992-06-10,92400,36.0,36.0,36.099998474121094,35.900001525878906,27.043806076049805
1992-06-09,280800,35.70000076293945,36.099998474121094,36.29999923706055,35.599998474121094,27.11893653869629
1992-06-08,115000,35.099998474121094,35.599998474121094,35.599998474121094,35.0,26.743328094482422
1992-06-05,64400,34.900001525878906,35.0,35.20000076293945,34.79999923706055,26.29259490966797
1992-06-04,30100,34.79999923706055,34.900001525878906,34.900001525878906,34.70000076293945,26.217485427856445
1992-06-03,88200,35.099998474121094,34.79999923706055,35.29999923706055,34.79999923706055,26.142353057861328
1992-06-02,87700,35.0,35.0,35.099998474121094,34.5,26.29259490966797
1992-06-01,105400,34.599998474121094,34.79999923706055,34.79999923706055,34.29999923706055,26.142353057861328
1992-05-29,102800,34.79999923706055,34.20000076293945,34.900001525878906,33.79999923706055,25.69162368774414
1992-05-28,83700,35.099998474121094,34.599998474121094,35.099998474121094,34.5,25.992103576660156
1992-05-27,137700,34.79999923706055,35.099998474121094,35.5,34.79999923706055,26.367708206176758
1992-05-26,98100,34.29999923706055,34.79999923706055,34.900001525878906,34.20000076293945,26.142353057861328
1992-05-22,63000,34.400001525878906,34.5,34.599998474121094,34.29999923706055,25.916988372802734
1992-05-21,64100,34.29999923706055,34.20000076293945,34.29999923706055,34.099998474121094,25.69162368774414
1992-05-20,217900,34.20000076293945,34.400001525878906,34.599998474121094,34.0,25.841876983642578
1992-05-19,234500,34.400001525878906,34.400001525878906,34.70000076293945,34.099998474121094,25.7515811920166
1992-05-18,187400,34.0,34.099998474121094,34.400001525878906,33.79999923706055,25.526987075805664
1992-05-15,203900,34.0,33.79999923706055,34.29999923706055,33.599998474121094,25.302404403686523
1992-05-14,358000,32.099998474121094,33.900001525878906,33.900001525878906,32.099998474121094,25.377273559570312
1992-05-13,104500,31.799999237060547,32.20000076293945,32.400001525878906,31.799999237060547,24.104671478271484
1992-05-12,135100,31.799999237060547,31.899999618530273,32.099998474121094,31.299999237060547,23.880098342895508
1992-05-11,38800,32.29999923706055,31.799999237060547,32.29999923706055,31.700000762939453,23.805219650268555
1992-05-08,132200,31.799999237060547,32.099998474121094,32.5,31.799999237060547,24.029800415039062
1992-05-07,146600,31.899999618530273,31.799999237060547,31.899999618530273,31.5,23.805219650268555
1992-05-06,118500,32.20000076293945,32.099998474121094,32.5,32.099998474121094,24.029800415039062
1992-05-05,188500,30.899999618530273,32.29999923706055,32.400001525878906,30.799999237060547,24.179523468017578
1992-05-04,68500,31.100000381469727,31.100000381469727,31.100000381469727,30.700000762939453,23.28121566772461
1992-05-01,221700,30.200000762939453,31.299999237060547,31.299999237060547,29.700000762939453,23.43093490600586
1992-04-30,174500,29.0,30.299999237060547,30.299999237060547,29.0,22.68234634399414
1992-04-29,89400,29.399999618530273,28.899999618530273,29.399999618530273,28.899999618530273,21.63431739807129
1992-04-28,79000,29.5,29.5,29.700000762939453,29.299999237060547,22.083465576171875
1992-04-27,101000,30.0,29.399999618530273,30.0,29.399999618530273,22.00860595703125
1992-04-24,58700,30.100000381469727,30.0,30.299999237060547,29.899999618530273,22.457775115966797
1992-04-23,65600,29.799999237060547,30.200000762939453,30.200000762939453,29.799999237060547,22.60748863220215
1992-04-22,84900,30.200000762939453,29.799999237060547,30.200000762939453,29.700000762939453,22.308042526245117
1992-04-21,198500,29.399999618530273,30.5,30.700000762939453,29.299999237060547,22.83205795288086
1992-04-20,157700,29.700000762939453,29.299999237060547,30.100000381469727,29.299999237060547,21.933753967285156
1992-04-16,151500,30.700000762939453,29.899999618530273,30.700000762939453,29.899999618530273,22.382902145385742
1992-04-15,183400,31.799999237060547,30.600000381469727,31.799999237060547,30.200000762939453,22.906923294067383
1992-04-14,61200,31.5,31.700000762939453,31.799999237060547,31.5,23.730369567871094
1992-04-13,99400,31.5,31.700000762939453,31.799999237060547,31.5,23.730369567871094
1992-04-10,108600,31.200000762939453,31.700000762939453,31.799999237060547,31.200000762939453,23.730369567871094
1992-04-09,122200,29.700000762939453,30.899999618530273,31.0,29.700000762939453,23.131494522094727
1992-04-08,68100,30.399999618530273,29.600000381469727,30.5,29.600000381469727,22.1583251953125
1992-04-07,103000,31.100000381469727,30.399999618530273,31.100000381469727,30.399999618530273,22.757198333740234
1992-04-06,99900,31.100000381469727,31.200000762939453,31.299999237060547,30.899999618530273,23.356075286865234
1992-04-03,120000,30.799999237060547,31.200000762939453,31.200000762939453,30.700000762939453,23.356075286865234
1992-04-02,111100,30.5,30.799999237060547,30.799999237060547,30.5,23.056623458862305
1992-04-01,159300,30.399999618530273,30.799999237060547,30.799999237060547,30.399999618530273,23.056623458862305
1992-03-31,100400,29.799999237060547,30.399999618530273,30.700000762939453,29.700000762939453,22.757198333740234
1992-03-30,54700,30.399999618530273,30.0,30.399999618530273,30.0,22.457775115966797
1992-03-27,91400,30.200000762939453,30.200000762939453,30.200000762939453,29.799999237060547,22.60748863220215
1992-03-26,53000,30.299999237060547,30.200000762939453,30.5,30.200000762939453,22.60748863220215
1992-03-25,189700,31.100000381469727,30.200000762939453,31.100000381469727,30.100000381469727,22.60748863220215
1992-03-24,90900,31.200000762939453,31.100000381469727,31.299999237060547,30.799999237060547,23.28121566772461
1992-03-23,111100,30.899999618530273,31.0,31.100000381469727,30.700000762939453,23.20635223388672
1992-03-20,161100,30.799999237060547,30.700000762939453,31.100000381469727,30.700000762939453,22.981781005859375
1992-03-19,221200,29.799999237060547,30.899999618530273,30.899999618530273,29.799999237060547,23.131494522094727
1992-03-18,110800,31.200000762939453,30.200000762939453,31.200000762939453,30.200000762939453,22.60748863220215
1992-03-17,197800,30.600000381469727,31.200000762939453,31.399999618530273,30.5,23.356075286865234
1992-03-16,44400,32.0,31.600000381469727,32.0,31.5,23.655508041381836
1992-03-13,61300,32.099998474121094,32.099998474121094,32.099998474121094,31.700000762939453,24.029800415039062
1992-03-12,163800,32.79999923706055,31.899999618530273,32.900001525878906,31.899999618530273,23.880098342895508
1992-03-11,130800,33.29999923706055,33.400001525878906,33.79999923706055,32.900001525878906,25.002975463867188
1992-03-10,81700,33.5,33.5,33.70000076293945,33.20000076293945,25.07783317565918
1992-03-09,60900,33.79999923706055,33.5,33.79999923706055,33.400001525878906,25.07783317565918
1992-03-06,167800,33.79999923706055,34.0,34.20000076293945,33.79999923706055,25.452131271362305
1992-03-05,79700,34.29999923706055,34.79999923706055,34.900001525878906,34.29999923706055,26.051006317138672
1992-03-04,55500,34.400001525878906,34.5,34.599998474121094,34.400001525878906,25.826431274414062
1992-03-03,105400,34.099998474121094,34.70000076293945,34.70000076293945,34.099998474121094,25.976146697998047
1992-03-02,87200,35.29999923706055,35.099998474121094,35.29999923706055,34.79999923706055,26.275569915771484
1992-02-28,72900,35.900001525878906,35.70000076293945,36.099998474121094,35.599998474121094,26.724729537963867
1992-02-27,119200,35.599998474121094,36.0,36.0,35.599998474121094,26.949310302734375
1992-02-26,68500,35.400001525878906,35.29999923706055,35.5,35.20000076293945,26.42529296875
1992-02-25,67700,36.0,35.70000076293945,36.29999923706055,35.70000076293945,26.724729537963867
1992-02-24,71700,35.79999923706055,36.0,36.0,35.599998474121094,26.949310302734375
1992-02-21,99800,36.900001525878906,36.099998474121094,36.900001525878906,36.099998474121094,27.024179458618164
1992-02-20,61200,36.70000076293945,36.900001525878906,36.900001525878906,36.5,27.623048782348633
1992-02-19,68000,36.29999923706055,36.79999923706055,37.20000076293945,36.20000076293945,27.45820426940918
1992-02-18,91100,35.599998474121094,36.20000076293945,36.20000076293945,35.599998474121094,27.01051902770996
1992-02-14,76900,36.20000076293945,35.599998474121094,36.5,35.599998474121094,26.562833786010742
1992-02-13,84600,37.70000076293945,36.79999923706055,37.70000076293945,36.79999923706055,27.45820426940918
1992-02-12,156100,36.79999923706055,37.79999923706055,37.79999923706055,36.79999923706055,28.204347610473633
1992-02-11,50400,36.900001525878906,36.79999923706055,36.900001525878906,36.70000076293945,27.45820426940918
1992-02-10,29100,36.099998474121094,36.5,36.5,36.0,27.234359741210938
1992-02-07,79000,36.599998474121094,36.0,36.599998474121094,35.79999923706055,26.861295700073242
1992-02-06,111000,36.400001525878906,36.599998474121094,36.900001525878906,36.29999923706055,27.308975219726562
1992-02-05,185800,36.70000076293945,36.20000076293945,36.70000076293945,36.20000076293945,27.01051902770996
1992-02-04,102500,37.099998474121094,36.900001525878906,37.29999923706055,36.900001525878906,27.532821655273438
1992-02-03,205100,36.79999923706055,37.29999923706055,37.5,36.70000076293945,27.831279754638672
1992-01-31,190700,35.29999923706055,37.0,37.0,35.29999923706055,27.607425689697266
1992-01-30,129000,35.900001525878906,35.5,36.099998474121094,35.20000076293945,26.488218307495117
1992-01-29,149800,36.79999923706055,35.79999923706055,37.0,35.79999923706055,26.712066650390625
1992-01-28,123500,37.0,37.0,37.29999923706055,36.79999923706055,27.607425689697266
1992-01-27,144500,36.20000076293945,36.599998474121094,36.599998474121094,36.099998474121094,27.308975219726562
1992-01-24,93800,35.900001525878906,36.0,36.099998474121094,35.599998474121094,26.861295700073242
1992-01-23,125700,36.70000076293945,36.20000076293945,36.70000076293945,36.099998474121094,27.01051902770996
1992-01-22,233600,36.70000076293945,36.79999923706055,37.0,36.599998474121094,27.45820426940918
1992-01-21,291100,37.599998474121094,36.79999923706055,37.599998474121094,36.79999923706055,27.45820426940918
1992-01-20,246100,36.599998474121094,37.79999923706055,37.79999923706055,36.599998474121094,28.204347610473633
1992-01-17,427600,36.0,36.099998474121094,36.5,35.900001525878906,26.935901641845703
1992-01-16,403400,34.70000076293945,36.0,36.29999923706055,34.599998474121094,26.861295700073242
1992-01-15,88200,34.400001525878906,34.400001525878906,34.70000076293945,34.29999923706055,25.667457580566406
1992-01-14,129500,34.20000076293945,34.20000076293945,34.70000076293945,34.0,25.518230438232422
1992-01-13,160600,34.599998474121094,34.20000076293945,34.599998474121094,34.20000076293945,25.518230438232422
1992-01-10,317600,34.5,34.900001525878906,35.099998474121094,34.5,26.040536880493164
1992-01-09,381400,32.20000076293945,34.400001525878906,34.79999923706055,32.0,25.667457580566406
1992-01-08,180900,32.099998474121094,32.29999923706055,32.599998474121094,32.099998474121094,24.100542068481445
1992-01-07,162900,31.700000762939453,32.0,32.20000076293945,31.600000381469727,23.876699447631836
1992-01-06,96500,32.20000076293945,31.899999618530273,32.400001525878906,31.899999618530273,23.802093505859375
1992-01-03,100800,32.400001525878906,32.599998474121094,32.599998474121094,32.29999923706055,24.324392318725586
1992-01-02,187600,32.0,32.400001525878906,32.599998474121094,31.799999237060547,24.175161361694336
1991-12-31,212800,30.700000762939453,32.29999923706055,32.29999923706055,30.700000762939453,24.100542068481445
1991-12-30,228300,31.0,30.5,31.100000381469727,30.299999237060547,22.757490158081055
1991-12-27,90600,30.799999237060547,30.899999618530273,31.0,30.5,23.055927276611328
1991-12-26,77700,31.600000381469727,30.600000381469727,31.600000381469727,30.600000381469727,22.83209991455078
1991-12-24,68800,31.600000381469727,31.5,31.600000381469727,31.299999237060547,23.503631591796875
1991-12-23,127600,31.399999618530273,31.5,31.600000381469727,31.200000762939453,23.503631591796875
1991-12-20,230500,31.899999618530273,31.299999237060547,31.899999618530273,31.299999237060547,23.354402542114258
1991-12-19,246000,31.200000762939453,31.5,31.5,31.100000381469727,23.503631591796875
1991-12-18,295300,32.099998474121094,31.100000381469727,32.20000076293945,31.0,23.20517349243164
1991-12-17,252400,32.400001525878906,31.899999618530273,32.400001525878906,31.799999237060547,23.802093505859375
1991-12-16,82300,32.900001525878906,32.599998474121094,32.900001525878906,32.29999923706055,24.324392318725586
1991-12-13,172000,33.0,32.70000076293945,33.0,32.599998474121094,24.399015426635742
1991-12-12,237200,34.29999923706055,32.79999923706055,34.29999923706055,32.70000076293945,24.47361183166504
1991-12-11,267500,34.70000076293945,34.5,34.79999923706055,34.400001525878906,25.742076873779297
1991-12-10,160600,34.79999923706055,34.79999923706055,35.20000076293945,34.70000076293945,25.965913772583008
1991-12-09,268000,34.70000076293945,34.900001525878906,35.099998474121094,34.70000076293945,26.040536880493164
1991-12-06,244000,33.900001525878906,34.20000076293945,34.599998474121094,33.79999923706055,25.518230438232422
1991-12-05,185400,33.29999923706055,33.900001525878906,33.900001525878906,32.900001525878906,25.29437828063965
1991-12-04,98200,33.099998474121094,33.29999923706055,33.5,33.0,24.84669303894043
1991-12-03,180900,33.0,33.0,33.099998474121094,32.79999923706055,24.62285041809082
1991-12-02,258000,32.70000076293945,33.29999923706055,33.599998474121094,32.599998474121094,24.84669303894043
1991-11-29,57600,32.5,32.5,32.599998474121094,32.29999923706055,24.24977684020996
1991-11-27,143800,31.899999618530273,32.400001525878906,32.400001525878906,31.899999618530273,24.175161361694336
1991-11-26,235100,32.0,31.899999618530273,32.099998474121094,31.700000762939453,23.802093505859375
1991-11-25,194200,32.0,32.20000076293945,32.29999923706055,32.0,24.025936126708984
1991-11-22,339400,31.700000762939453,31.799999237060547,31.899999618530273,31.600000381469727,23.727476119995117
1991-11-21,409300,30.399999618530273,31.899999618530273,31.899999618530273,30.200000762939453,23.802093505859375
1991-11-20,187600,30.700000762939453,30.600000381469727,30.700000762939453,30.100000381469727,22.742416381835938
1991-11-19,258000,30.700000762939453,30.700000762939453,30.899999618530273,30.5,22.816734313964844
1991-11-18,251600,31.100000381469727,30.399999618530273,31.100000381469727,30.299999237060547,22.593761444091797
1991-11-15,147700,30.399999618530273,31.200000762939453,31.700000762939453,30.399999618530273,23.18834114074707
1991-11-14,40200,30.799999237060547,30.5,31.0,30.5,22.668087005615234
1991-11-13,309900,30.600000381469727,30.799999237060547,31.0,30.399999618530273,22.891056060791016
1991-11-12,101000,30.799999237060547,30.5,30.799999237060547,30.399999618530273,22.668087005615234
1991-11-11,66700,30.899999618530273,30.899999618530273,31.100000381469727,30.799999237060547,22.96536636352539
1991-11-08,48400,30.700000762939453,30.700000762939453,30.799999237060547,30.600000381469727,22.816734313964844
1991-11-07,50200,30.799999237060547,30.899999618530273,30.899999618530273,30.600000381469727,22.96536636352539
1991-11-06,114300,31.0,30.799999237060547,31.100000381469727,30.700000762939453,22.891056060791016
1991-11-05,123700,31.299999237060547,31.100000381469727,31.399999618530273,31.0,23.114017486572266
1991-11-04,215000,32.20000076293945,31.0,32.20000076293945,31.0,23.039690017700195
1991-11-01,69100,32.20000076293945,32.20000076293945,32.29999923706055,32.0,23.93155860900879
1991-10-31,149800,32.20000076293945,32.20000076293945,32.29999923706055,32.099998474121094,23.93155860900879
1991-10-30,77200,33.099998474121094,32.400001525878906,33.20000076293945,32.20000076293945,24.080204010009766
1991-10-29,140800,32.79999923706055,33.20000076293945,33.20000076293945,32.70000076293945,24.67477035522461
1991-10-28,146700,33.0,32.900001525878906,33.099998474121094,32.70000076293945,24.451807022094727
1991-10-25,224600,32.900001525878906,33.0,33.29999923706055,32.900001525878906,24.52613067626953
1991-10-24,116400,32.70000076293945,32.900001525878906,33.0,32.599998474121094,24.451807022094727
1991-10-23,166000,33.0,32.900001525878906,33.29999923706055,32.900001525878906,24.451807022094727
1991-10-22,119900,32.70000076293945,33.099998474121094,33.099998474121094,32.400001525878906,24.600446701049805
1991-10-21,163800,33.099998474121094,32.79999923706055,33.29999923706055,32.70000076293945,24.377479553222656
1991-10-18,316600,32.79999923706055,33.0,33.0,32.29999923706055,24.52613067626953
1991-10-17,180300,31.899999618530273,32.79999923706055,32.79999923706055,31.799999237060547,24.377479553222656
1991-10-16,61300,31.700000762939453,31.899999618530273,32.0,31.700000762939453,23.70859718322754
1991-10-15,129500,31.700000762939453,31.899999618530273,32.20000076293945,31.600000381469727,23.70859718322754
1991-10-14,82600,31.600000381469727,31.899999618530273,32.099998474121094,31.600000381469727,23.70859718322754
1991-10-11,138100,31.0,31.700000762939453,31.700000762939453,30.899999618530273,23.55994987487793
1991-10-10,78700,31.200000762939453,31.0,31.200000762939453,30.899999618530273,23.039690017700195
1991-10-09,246200,30.399999618530273,31.299999237060547,31.299999237060547,30.399999618530273,23.26265525817871
1991-10-08,160700,31.399999618530273,30.399999618530273,31.399999618530273,30.399999618530273,22.593761444091797
1991-10-07,114300,31.299999237060547,31.399999618530273,31.600000381469727,31.200000762939453,23.336984634399414
1991-10-04,94700,31.299999237060547,31.5,31.5,31.0,23.41130828857422
1991-10-03,208900,30.700000762939453,31.5,31.600000381469727,30.700000762939453,23.41130828857422
1991-10-02,140200,30.299999237060547,30.700000762939453,30.799999237060547,30.299999237060547,22.816734313964844
1991-10-01,125400,30.299999237060547,30.100000381469727,30.399999618530273,30.100000381469727,22.37080192565918
1991-09-30,167300,30.399999618530273,30.399999618530273,30.600000381469727,30.299999237060547,22.593761444091797
1991-09-27,155400,29.600000381469727,29.899999618530273,29.899999618530273,29.299999237060547,22.2221622467041
1991-09-26,240300,30.399999618530273,29.799999237060547,30.399999618530273,29.799999237060547,22.147838592529297
1991-09-25,102500,30.299999237060547,30.399999618530273,30.5,30.299999237060547,22.593761444091797
1991-09-24,195800,29.5,30.5,30.700000762939453,29.5,22.668087005615234
1991-09-23,217600,28.700000762939453,29.600000381469727,29.600000381469727,28.700000762939453,21.999195098876953
1991-09-20,152100,28.899999618530273,28.799999237060547,28.899999618530273,28.5,21.404619216918945
1991-09-19,218200,29.299999237060547,29.0,29.399999618530273,28.899999618530273,21.553266525268555
1991-09-18,114700,28.299999237060547,29.299999237060547,29.299999237060547,28.200000762939453,21.776229858398438
1991-09-17,170800,28.200000762939453,28.100000381469727,28.399999618530273,28.0,20.88436508178711
1991-09-16,106400,27.899999618530273,28.200000762939453,28.200000762939453,27.799999237060547,20.958690643310547
1991-09-13,85300,28.200000762939453,27.799999237060547,28.299999237060547,27.799999237060547,20.661409378051758
1991-09-12,90000,28.299999237060547,28.100000381469727,28.399999618530273,28.0,20.88436508178711
1991-09-11,99300,28.200000762939453,28.200000762939453,28.5,28.200000762939453,20.958690643310547
1991-09-10,139100,28.700000762939453,28.799999237060547,28.799999237060547,28.399999618530273,21.404619216918945
1991-09-09,74800,28.600000381469727,28.700000762939453,29.0,28.600000381469727,21.330305099487305
1991-09-06,82500,28.399999618530273,28.600000381469727,28.600000381469727,28.200000762939453,21.25597381591797
1991-09-05,51200,28.399999618530273,28.399999618530273,28.600000381469727,28.299999237060547,21.107337951660156
1991-09-04,79600,28.600000381469727,28.600000381469727,28.799999237060547,28.399999618530273,21.25597381591797
1991-09-03,159900,28.600000381469727,28.799999237060547,28.899999618530273,28.399999618530273,21.404619216918945
1991-08-30,67500,28.5,28.399999618530273,28.5,28.200000762939453,21.107337951660156
1991-08-29,125000,28.899999618530273,28.799999237060547,28.899999618530273,28.600000381469727,21.404619216918945
1991-08-28,87200,28.799999237060547,29.0,29.0,28.799999237060547,21.553266525268555
1991-08-27,124700,28.600000381469727,28.799999237060547,28.899999618530273,28.5,21.404619216918945
1991-08-26,56600,28.399999618530273,28.799999237060547,28.799999237060547,28.399999618530273,21.404619216918945
1991-08-23,118000,28.700000762939453,28.5,28.799999237060547,28.200000762939453,21.18165397644043
1991-08-22,102500,28.600000381469727,28.700000762939453,29.0,28.5,21.330305099487305
1991-08-21,192300,29.200000762939453,28.799999237060547,29.299999237060547,28.700000762939453,21.404619216918945
1991-08-20,194900,29.399999618530273,29.299999237060547,29.5,28.799999237060547,21.776229858398438
1991-08-19,458000,29.5,29.600000381469727,30.200000762939453,28.700000762939453,21.999195098876953
1991-08-16,85300,29.899999618530273,29.399999618530273,29.899999618530273,29.299999237060547,21.850547790527344
1991-08-15,38200,29.899999618530273,29.799999237060547,29.899999618530273,29.700000762939453,22.147838592529297
1991-08-14,169600,29.799999237060547,30.100000381469727,30.200000762939453,29.700000762939453,22.28146743774414
1991-08-13,66700,30.100000381469727,30.0,30.299999237060547,29.799999237060547,22.20745086669922
1991-08-12,88000,30.200000762939453,30.0,30.200000762939453,30.0,22.20745086669922
1991-08-09,47200,30.0,30.299999237060547,30.399999618530273,30.0,22.429515838623047
1991-08-08,127600,29.700000762939453,30.0,30.0,29.600000381469727,22.20745086669922
1991-08-07,100100,29.5,29.5,29.600000381469727,29.200000762939453,21.837316513061523
1991-08-06,112900,29.700000762939453,29.5,30.0,29.399999618530273,21.837316513061523
1991-08-05,38000,30.100000381469727,29.799999237060547,30.100000381469727,29.799999237060547,22.05939483642578
1991-08-02,158800,30.600000381469727,30.100000381469727,30.600000381469727,29.899999618530273,22.28146743774414
1991-08-01,79600,30.799999237060547,30.799999237060547,31.100000381469727,30.700000762939453,22.79964256286621
1991-07-31,116900,31.700000762939453,30.799999237060547,31.799999237060547,30.799999237060547,22.79964256286621
1991-07-30,138200,32.099998474121094,31.799999237060547,32.099998474121094,31.600000381469727,23.539886474609375
1991-07-29,91900,32.20000076293945,32.5,32.599998474121094,32.099998474121094,24.058063507080078
1991-07-26,74900,32.0,32.400001525878906,32.400001525878906,31.700000762939453,23.984039306640625
1991-07-25,208800,32.79999923706055,32.29999923706055,32.79999923706055,32.0,23.91000747680664
1991-07-24,173500,33.0,32.5,33.0,32.5,24.058063507080078
1991-07-23,515200,31.799999237060547,32.79999923706055,32.900001525878906,31.799999237060547,24.28013038635254
1991-07-22,143400,32.0,31.5,32.0,31.5,23.317819595336914
1991-07-19,202700,31.899999618530273,32.099998474121094,32.099998474121094,31.799999237060547,23.76195526123047
1991-07-18,542900,33.599998474121094,31.700000762939453,33.70000076293945,31.299999237060547,23.465864181518555
1991-07-17,79700,33.20000076293945,33.29999923706055,33.400001525878906,33.099998474121094,24.650259017944336
1991-07-16,121500,33.099998474121094,33.099998474121094,33.400001525878906,33.0,24.502206802368164
1991-07-15,100300,32.900001525878906,33.20000076293945,33.29999923706055,32.900001525878906,24.57623291015625
1991-07-12,86300,32.400001525878906,32.70000076293945,32.900001525878906,32.400001525878906,24.20612335205078
1991-07-11,336900,33.0,32.400001525878906,33.29999923706055,32.400001525878906,23.984039306640625
1991-07-10,128400,33.5,33.29999923706055,33.900001525878906,33.29999923706055,24.650259017944336
1991-07-09,182300,33.29999923706055,33.29999923706055,33.5,33.0,24.650259017944336
1991-07-08,199900,33.20000076293945,33.5,33.5,33.0,24.798301696777344
1991-07-05,109200,33.0,32.900001525878906,33.5,32.79999923706055,24.354167938232422
1991-07-03,298500,32.099998474121094,33.099998474121094,33.20000076293945,32.099998474121094,24.502206802368164
1991-07-02,154700,32.29999923706055,32.20000076293945,32.29999923706055,32.0,23.83599281311035
1991-07-01,222600,32.0,32.5,32.5,31.700000762939453,24.058063507080078
1991-06-28,129200,31.600000381469727,31.799999237060547,31.899999618530273,31.5,23.539886474609375
1991-06-27,93000,30.899999618530273,31.399999618530273,31.5,30.899999618530273,23.243791580200195
1991-06-26,135500,30.399999618530273,30.899999618530273,31.100000381469727,30.399999618530273,22.8736629486084
1991-06-25,162000,30.100000381469727,30.200000762939453,30.399999618530273,30.0,22.355497360229492
1991-06-24,117000,30.299999237060547,30.100000381469727,30.299999237060547,29.700000762939453,22.28146743774414
1991-06-21,268900,31.0,30.399999618530273,31.100000381469727,30.299999237060547,22.503538131713867
1991-06-20,73300,31.399999618530273,31.200000762939453,31.5,31.0,23.095735549926758
1991-06-19,80300,31.399999618530273,31.5,31.5,31.0,23.317819595336914
1991-06-18,220800,31.0,31.299999237060547,31.5,31.0,23.169755935668945
1991-06-17,113100,30.5,30.700000762939453,30.700000762939453,30.5,22.72562026977539
1991-06-14,92500,31.299999237060547,30.799999237060547,31.299999237060547,30.600000381469727,22.79964256286621
1991-06-13,297300,30.899999618530273,31.200000762939453,31.299999237060547,30.899999618530273,23.095735549926758
1991-06-12,177500,31.399999618530273,31.299999237060547,31.600000381469727,31.100000381469727,23.169755935668945
1991-06-11,226800,31.600000381469727,31.5,31.600000381469727,31.0,23.317819595336914
1991-06-10,249800,31.600000381469727,31.600000381469727,31.700000762939453,31.5,23.391841888427734
1991-06-07,228700,31.100000381469727,30.899999618530273,31.299999237060547,30.799999237060547,22.8736629486084
1991-06-06,314500,29.799999237060547,31.100000381469727,31.100000381469727,29.799999237060547,23.02172088623047
1991-06-05,99300,29.600000381469727,29.600000381469727,29.799999237060547,29.299999237060547,21.911344528198242
1991-06-04,92500,29.700000762939453,29.700000762939453,29.700000762939453,29.5,21.98536491394043
1991-06-03,215900,29.600000381469727,29.799999237060547,30.0,29.399999618530273,22.05939483642578
1991-05-31,177600,29.5,29.399999618530273,29.5,29.100000381469727,21.763286590576172
1991-05-30,250600,28.700000762939453,29.399999618530273,29.600000381469727,28.700000762939453,21.763286590576172
1991-05-29,269800,28.5,29.0,29.100000381469727,28.5,21.467199325561523
1991-05-28,458200,27.600000381469727,28.899999618530273,28.899999618530273,27.600000381469727,21.393177032470703
1991-05-24,75400,26.799999237060547,26.700000762939453,27.0,26.399999618530273,19.764625549316406
1991-05-23,136300,27.100000381469727,26.600000381469727,27.200000762939453,26.600000381469727,19.690595626831055
1991-05-22,80200,27.600000381469727,27.299999237060547,27.700000762939453,27.200000762939453,20.208772659301758
1991-05-21,62900,27.5,27.600000381469727,27.600000381469727,27.399999618530273,20.43084716796875
1991-05-20,28800,27.399999618530273,27.5,27.600000381469727,27.399999618530273,20.356821060180664
1991-05-17,105700,27.700000762939453,27.399999618530273,27.700000762939453,27.399999618530273,20.282791137695312
1991-05-16,78700,27.799999237060547,27.600000381469727,27.799999237060547,27.5,20.43084716796875
1991-05-15,184300,27.600000381469727,28.0,28.200000762939453,27.600000381469727,20.637964248657227
1991-05-14,178100,27.700000762939453,27.5,27.799999237060547,27.399999618530273,20.269437789916992
1991-05-13,83700,27.600000381469727,27.899999618530273,27.899999618530273,27.299999237060547,20.564266204833984
1991-05-10,85400,27.700000762939453,27.5,27.799999237060547,27.399999618530273,20.269437789916992
1991-05-09,98600,28.0,27.899999618530273,28.100000381469727,27.700000762939453,20.564266204833984
1991-05-08,60800,27.799999237060547,28.0,28.200000762939453,27.799999237060547,20.637964248657227
1991-05-07,137300,28.100000381469727,28.0,28.299999237060547,27.899999618530273,20.637964248657227
1991-05-06,95000,27.799999237060547,28.200000762939453,28.200000762939453,27.700000762939453,20.785388946533203
1991-05-03,127900,28.299999237060547,27.899999618530273,28.399999618530273,27.600000381469727,20.564266204833984
1991-05-02,47300,28.200000762939453,28.399999618530273,28.399999618530273,28.100000381469727,20.932790756225586
1991-05-01,64700,28.399999618530273,28.200000762939453,28.399999618530273,28.200000762939453,20.785388946533203
1991-04-30,203400,28.0,28.299999237060547,28.299999237060547,27.899999618530273,20.859086990356445
1991-04-29,67000,27.799999237060547,27.5,27.899999618530273,27.5,20.269437789916992
1991-04-26,52000,27.799999237060547,28.0,28.100000381469727,27.700000762939453,20.637964248657227
1991-04-25,52500,28.0,27.799999237060547,28.0,27.799999237060547,20.49055290222168
1991-04-24,75500,28.299999237060547,28.299999237060547,28.399999618530273,27.899999618530273,20.859086990356445
1991-04-23,163700,28.5,28.299999237060547,28.5,28.0,20.859086990356445
1991-04-22,115700,27.899999618530273,28.5,28.5,27.700000762939453,21.006513595581055
1991-04-19,87700,28.100000381469727,27.799999237060547,28.100000381469727,27.799999237060547,20.49055290222168
1991-04-18,143000,28.600000381469727,28.100000381469727,28.899999618530273,28.0,20.711671829223633
1991-04-17,260400,28.200000762939453,28.899999618530273,29.0,28.200000762939453,21.301342010498047
1991-04-16,114300,28.200000762939453,28.0,28.299999237060547,28.0,20.637964248657227
1991-04-15,83100,28.399999618530273,28.399999618530273,28.5,28.299999237060547,20.932790756225586
1991-04-12,86600,28.5,28.299999237060547,28.700000762939453,28.100000381469727,20.859086990356445
1991-04-11,185200,29.399999618530273,28.5,29.5,28.5,21.006513595581055
1991-04-10,102900,29.600000381469727,29.399999618530273,29.600000381469727,29.200000762939453,21.669864654541016
1991-04-09,132200,29.399999618530273,29.5,29.700000762939453,29.399999618530273,21.743568420410156
1991-04-08,79000,29.0,29.0,29.100000381469727,28.799999237060547,21.375045776367188
1991-04-05,173300,29.0,28.700000762939453,29.100000381469727,28.399999618530273,21.153921127319336
1991-04-04,89400,29.299999237060547,29.200000762939453,29.5,29.0,21.52244758605957
1991-04-03,218000,29.100000381469727,29.299999237060547,29.600000381469727,28.899999618530273,21.596160888671875
1991-04-02,53300,28.700000762939453,28.899999618530273,29.0,28.5,21.301342010498047
1991-04-01,149600,28.399999618530273,28.700000762939453,28.899999618530273,28.399999618530273,21.153921127319336
1991-03-28,73400,28.100000381469727,28.299999237060547,28.700000762939453,28.100000381469727,20.859086990356445
1991-03-27,152000,28.200000762939453,28.200000762939453,28.600000381469727,28.0,20.785388946533203
1991-03-26,86300,28.299999237060547,28.399999618530273,28.5,28.299999237060547,20.932790756225586
1991-03-25,96100,28.700000762939453,28.600000381469727,28.799999237060547,28.399999618530273,21.080211639404297
1991-03-22,123300,28.799999237060547,28.799999237060547,29.100000381469727,28.799999237060547,21.227624893188477
1991-03-21,202400,28.899999618530273,28.899999618530273,29.200000762939453,28.799999237060547,21.301342010498047
1991-03-20,136300,29.5,29.200000762939453,29.799999237060547,29.0,21.52244758605957
1991-03-19,147000,29.299999237060547,29.600000381469727,30.200000762939453,29.299999237060547,21.817279815673828
1991-03-18,116900,30.100000381469727,29.799999237060547,30.100000381469727,29.600000381469727,21.964691162109375
1991-03-15,357100,30.899999618530273,30.299999237060547,31.0,30.200000762939453,22.33323860168457
1991-03-14,187700,31.299999237060547,31.100000381469727,31.299999237060547,30.899999618530273,22.922893524169922
1991-03-13,285200,30.799999237060547,31.600000381469727,31.700000762939453,30.799999237060547,23.291419982910156
1991-03-12,275100,30.399999618530273,30.799999237060547,30.899999618530273,30.399999618530273,22.701766967773438
1991-03-11,417400,31.600000381469727,30.600000381469727,31.700000762939453,30.600000381469727,22.554367065429688
1991-03-08,278600,30.799999237060547,31.399999618530273,31.600000381469727,30.799999237060547,23.144012451171875
1991-03-07,157000,30.700000762939453,30.799999237060547,31.100000381469727,30.700000762939453,22.701766967773438
1991-03-06,212800,30.600000381469727,31.0,31.5,30.399999618530273,22.84917640686035
1991-03-05,120500,30.799999237060547,30.600000381469727,30.799999237060547,30.399999618530273,22.554367065429688
1991-03-04,201500,29.5,30.899999618530273,31.0,29.100000381469727,22.775466918945312
1991-03-01,197600,29.399999618530273,29.5,29.600000381469727,29.200000762939453,21.743568420410156
1991-02-28,348900,28.299999237060547,29.100000381469727,29.399999618530273,28.299999237060547,21.448753356933594
1991-02-27,204100,28.299999237060547,28.299999237060547,28.5,28.200000762939453,20.859086990356445
1991-02-26,77900,28.200000762939453,28.100000381469727,28.299999237060547,28.0,20.711671829223633
1991-02-25,169300,27.600000381469727,28.100000381469727,28.200000762939453,27.600000381469727,20.711671829223633
1991-02-22,244100,28.0,27.600000381469727,28.299999237060547,27.5,20.343141555786133
1991-02-21,79000,28.600000381469727,28.600000381469727,28.600000381469727,28.399999618530273,21.080211639404297
1991-02-20,110000,28.600000381469727,28.700000762939453,28.799999237060547,28.5,21.153921127319336
1991-02-19,162700,28.899999618530273,28.399999618530273,28.899999618530273,28.399999618530273,20.932790756225586
1991-02-15,153100,29.600000381469727,29.299999237060547,29.899999618530273,29.0,21.596160888671875
1991-02-14,105700,30.200000762939453,30.100000381469727,30.299999237060547,29.700000762939453,22.185815811157227
1991-02-13,138800,30.0,29.899999618530273,30.299999237060547,29.799999237060547,22.038394927978516
1991-02-12,254700,28.799999237060547,30.0,30.200000762939453,28.700000762939453,22.02351951599121
1991-02-11,124600,29.899999618530273,29.299999237060547,29.899999618530273,29.100000381469727,21.509626388549805
1991-02-08,132200,29.600000381469727,29.799999237060547,30.200000762939453,29.600000381469727,21.876686096191406
1991-02-07,230900,28.899999618530273,29.799999237060547,29.899999618530273,28.899999618530273,21.876686096191406
1991-02-06,475800,27.700000762939453,28.799999237060547,28.799999237060547,27.5,21.142574310302734
1991-02-05,163100,28.0,28.0,28.100000381469727,27.799999237060547,20.55527687072754
1991-02-04,214700,28.600000381469727,28.0,28.600000381469727,27.799999237060547,20.55527687072754
1991-02-01,170500,28.600000381469727,28.799999237060547,28.799999237060547,28.399999618530273,21.142574310302734
1991-01-31,74500,28.299999237060547,28.700000762939453,28.899999618530273,28.299999237060547,21.069164276123047
1991-01-30,120900,28.200000762939453,28.299999237060547,28.399999618530273,28.0,20.775514602661133
1991-01-29,131200,28.899999618530273,28.799999237060547,29.100000381469727,28.600000381469727,21.142574310302734
1991-01-28,262500,29.0,28.700000762939453,29.100000381469727,28.700000762939453,21.069164276123047
1991-01-25,68700,29.100000381469727,29.299999237060547,29.299999237060547,29.0,21.509626388549805
1991-01-24,207600,28.799999237060547,29.299999237060547,29.399999618530273,28.799999237060547,21.509626388549805
1991-01-23,63900,30.0,29.600000381469727,30.399999618530273,29.5,21.729867935180664
1991-01-22,115900,30.5,30.200000762939453,30.5,30.100000381469727,22.170339584350586
1991-01-21,127600,30.200000762939453,30.100000381469727,30.200000762939453,29.899999618530273,22.096927642822266
1991-01-18,183400,29.200000762939453,29.600000381469727,29.899999618530273,29.200000762939453,21.729867935180664
1991-01-17,447200,28.0,28.799999237060547,29.299999237060547,28.0,21.142574310302734
1991-01-16,329700,32.79999923706055,31.700000762939453,33.0,31.5,23.271514892578125
1991-01-15,161900,32.70000076293945,32.400001525878906,32.70000076293945,31.899999618530273,23.785398483276367
1991-01-14,287500,32.79999923706055,32.900001525878906,34.0,32.5,24.152450561523438
1991-01-11,96600,32.20000076293945,32.29999923706055,32.5,32.099998474121094,23.71198081970215
1991-01-10,110500,32.29999923706055,32.099998474121094,32.5,32.0,23.565149307250977
1991-01-09,328100,32.5,32.599998474121094,32.79999923706055,31.0,23.932218551635742
1991-01-08,223900,33.0,32.900001525878906,33.0,32.5,24.152450561523438
1991-01-07,264400,31.200000762939453,33.400001525878906,33.400001525878906,31.200000762939453,24.519508361816406
1991-01-04,104100,31.299999237060547,30.600000381469727,31.399999618530273,30.5,22.463993072509766
1991-01-03,115200,31.5,31.100000381469727,31.600000381469727,31.0,22.83104705810547
1991-01-02,327200,32.5,32.0,32.5,32.0,23.491750717163086
1990-12-31,136600,31.200000762939453,32.70000076293945,32.70000076293945,31.200000762939453,24.005634307861328
1990-12-28,157800,29.600000381469727,31.5,31.600000381469727,29.600000381469727,23.12468910217285
1990-12-27,93200,29.899999618530273,29.5,30.100000381469727,29.399999618530273,21.656450271606445
1990-12-26,30600,29.799999237060547,30.100000381469727,30.200000762939453,29.799999237060547,22.096927642822266
1990-12-24,42700,29.5,29.799999237060547,29.899999618530273,29.299999237060547,21.876686096191406
1990-12-21,223100,30.100000381469727,29.5,30.100000381469727,29.299999237060547,21.656450271606445
1990-12-20,166600,29.399999618530273,29.600000381469727,29.799999237060547,29.200000762939453,21.729867935180664
1990-12-19,218000,27.299999237060547,29.100000381469727,29.100000381469727,27.299999237060547,21.362812042236328
1990-12-18,64500,27.600000381469727,27.299999237060547,27.700000762939453,27.200000762939453,20.041404724121094
1990-12-17,61800,27.700000762939453,27.600000381469727,27.700000762939453,27.5,20.26163101196289
1990-12-14,80500,27.200000762939453,27.5,27.700000762939453,27.100000381469727,20.18822479248047
1990-12-13,79700,26.799999237060547,27.399999618530273,27.5,26.799999237060547,20.114805221557617
1990-12-12,77200,26.5,27.100000381469727,27.200000762939453,26.5,19.894580841064453
1990-12-11,104000,26.899999618530273,26.5,27.0,26.5,19.45410919189453
1990-12-10,179700,26.5,27.100000381469727,27.200000762939453,26.399999618530273,19.894580841064453
1990-12-07,100400,26.200000762939453,26.5,26.700000762939453,26.200000762939453,19.45410919189453
1990-12-06,231400,25.799999237060547,26.100000381469727,26.100000381469727,25.299999237060547,19.16045379638672
1990-12-05,139100,27.299999237060547,26.5,27.5,26.399999618530273,19.45410919189453
1990-12-04,71300,27.600000381469727,27.700000762939453,27.700000762939453,27.299999237060547,20.335052490234375
1990-12-03,98900,28.299999237060547,27.600000381469727,28.399999618530273,27.5,20.26163101196289
1990-11-30,167300,28.399999618530273,28.299999237060547,28.399999618530273,28.0,20.775514602661133
1990-11-29,142500,28.299999237060547,28.399999618530273,28.5,28.100000381469727,20.848918914794922
1990-11-28,162900,28.200000762939453,28.5,28.799999237060547,28.200000762939453,20.922344207763672
1990-11-27,122800,28.399999618530273,28.399999618530273,28.5,28.200000762939453,20.848918914794922
1990-11-26,136300,28.600000381469727,28.5,28.700000762939453,28.299999237060547,20.922344207763672
1990-11-23,35600,28.100000381469727,28.299999237060547,28.5,28.100000381469727,20.775514602661133
1990-11-21,170300,27.700000762939453,27.899999618530273,27.899999618530273,27.600000381469727,20.481870651245117
1990-11-20,87500,28.5,27.899999618530273,28.5,27.799999237060547,20.481870651245117
1990-11-19,454200,28.399999618530273,28.700000762939453,29.0,28.399999618530273,20.980924606323242
1990-11-16,267800,29.600000381469727,28.799999237060547,29.600000381469727,28.799999237060547,21.054025650024414
1990-11-15,61000,29.399999618530273,29.5,29.899999618530273,29.200000762939453,21.56574821472168
1990-11-14,204600,30.299999237060547,29.600000381469727,30.5,29.600000381469727,21.63886070251465
1990-11-13,67500,30.100000381469727,30.399999618530273,30.600000381469727,30.100000381469727,22.22368621826172
1990-11-12,97900,30.299999237060547,30.299999237060547,30.299999237060547,29.899999618530273,22.15059471130371
1990-11-09,152900,30.0,30.399999618530273,30.600000381469727,29.899999618530273,22.22368621826172
1990-11-08,199000,29.799999237060547,30.0,30.299999237060547,29.600000381469727,21.931276321411133
1990-11-07,74000,29.700000762939453,29.700000762939453,30.100000381469727,29.600000381469727,21.71196174621582
1990-11-06,166800,30.200000762939453,29.899999618530273,30.399999618530273,29.799999237060547,21.8581600189209
1990-11-05,88900,29.399999618530273,29.899999618530273,30.200000762939453,29.399999618530273,21.8581600189209
1990-11-02,136300,29.5,29.399999618530273,29.600000381469727,29.299999237060547,21.492645263671875
1990-11-01,156800,29.399999618530273,29.5,29.600000381469727,29.0,21.56574821472168
1990-10-31,361200,29.600000381469727,29.399999618530273,29.600000381469727,29.200000762939453,21.492645263671875
1990-10-30,282000,28.899999618530273,29.399999618530273,29.600000381469727,28.5,21.492645263671875
1990-10-29,144000,28.399999618530273,28.799999237060547,29.0,28.299999237060547,21.054025650024414
1990-10-26,155200,29.5,28.700000762939453,29.5,28.700000762939453,20.980924606323242
1990-10-25,228800,29.600000381469727,29.700000762939453,30.600000381469727,29.600000381469727,21.71196174621582
1990-10-24,162700,28.799999237060547,29.200000762939453,29.5,28.700000762939453,21.346437454223633
1990-10-23,156100,29.0,29.0,29.399999618530273,29.0,21.20023536682129
1990-10-22,139800,28.200000762939453,29.0,29.200000762939453,27.899999618530273,21.20023536682129
1990-10-19,152800,28.399999618530273,28.399999618530273,28.600000381469727,28.200000762939453,20.761598587036133
1990-10-18,176500,28.0,28.200000762939453,28.200000762939453,27.799999237060547,20.615407943725586
1990-10-17,233700,27.899999618530273,27.899999618530273,28.399999618530273,27.700000762939453,20.39609146118164
1990-10-16,807700,27.5,27.799999237060547,29.799999237060547,26.700000762939453,20.32297706604004
1990-10-15,220500,29.399999618530273,28.0,29.399999618530273,28.0,20.46918487548828
1990-10-12,295800,28.899999618530273,29.700000762939453,29.700000762939453,28.899999618530273,21.71196174621582
1990-10-11,262700,29.600000381469727,28.399999618530273,30.0,28.299999237060547,20.761598587036133
1990-10-10,129400,30.299999237060547,30.0,30.299999237060547,29.799999237060547,21.931276321411133
1990-10-09,301100,32.0,30.299999237060547,32.0,30.0,22.15059471130371
1990-10-08,115800,31.899999618530273,32.0,32.0,31.5,23.39336395263672
1990-10-05,63400,32.20000076293945,32.099998474121094,32.20000076293945,31.799999237060547,23.46645736694336
1990-10-04,121500,32.20000076293945,31.899999618530273,32.400001525878906,31.600000381469727,23.32025718688965
1990-10-03,140100,32.099998474121094,32.099998474121094,32.400001525878906,32.0,23.46645736694336
1990-10-02,198500,31.899999618530273,32.099998474121094,32.599998474121094,31.700000762939453,23.46645736694336
1990-10-01,180000,32.5,31.899999618530273,32.599998474121094,31.799999237060547,23.32025718688965
1990-09-28,187000,33.099998474121094,33.0,33.5,33.0,24.12440299987793
1990-09-27,205200,34.0,33.20000076293945,34.20000076293945,33.099998474121094,24.27061653137207
1990-09-26,603800,34.79999923706055,34.5,35.0,34.29999923706055,25.220975875854492
1990-09-25,436400,35.599998474121094,35.599998474121094,35.900001525878906,35.599998474121094,26.025102615356445
1990-09-24,352700,34.599998474121094,35.29999923706055,35.29999923706055,34.099998474121094,25.805809020996094
1990-09-21,205200,33.400001525878906,33.599998474121094,33.79999923706055,33.20000076293945,24.563030242919922
1990-09-20,292600,33.400001525878906,33.400001525878906,33.5,32.5,24.416820526123047
1990-09-19,183200,34.400001525878906,33.5,34.400001525878906,33.5,24.48991584777832
1990-09-18,145500,34.599998474121094,34.400001525878906,34.79999923706055,34.29999923706055,25.147865295410156
1990-09-17,166100,34.400001525878906,35.099998474121094,35.29999923706055,34.400001525878906,25.659578323364258
1990-09-14,79600,34.400001525878906,34.400001525878906,34.5,34.099998474121094,25.147865295410156
1990-09-13,134000,34.0,34.0,34.0,33.599998474121094,24.855440139770508
1990-09-12,59400,34.29999923706055,34.0,34.400001525878906,33.79999923706055,24.855440139770508
1990-09-11,280600,34.099998474121094,34.29999923706055,34.29999923706055,33.900001525878906,25.07474708557129
1990-09-10,320400,35.0,34.20000076293945,35.099998474121094,33.5,25.001649856567383
1990-09-07,48300,35.400001525878906,35.400001525878906,35.599998474121094,35.20000076293945,25.878896713256836
1990-09-06,181300,35.70000076293945,35.599998474121094,36.400001525878906,35.599998474121094,26.025102615356445
1990-09-05,297900,35.400001525878906,36.0,36.20000076293945,35.29999923706055,26.31753158569336
1990-09-04,96600,34.79999923706055,35.29999923706055,35.599998474121094,34.79999923706055,25.805809020996094
1990-08-31,232000,35.79999923706055,35.099998474121094,35.79999923706055,34.900001525878906,25.659578323364258
1990-08-30,550700,35.400001525878906,35.599998474121094,36.400001525878906,35.400001525878906,26.025102615356445
1990-08-29,233800,38.20000076293945,38.29999923706055,38.900001525878906,38.20000076293945,27.998933792114258
1990-08-28,293700,38.79999923706055,38.099998474121094,38.79999923706055,37.900001525878906,27.85271453857422
1990-08-27,207200,38.79999923706055,37.599998474121094,39.0,37.599998474121094,27.487207412719727
1990-08-24,349100,41.599998474121094,40.5,41.599998474121094,40.29999923706055,29.607219696044922
1990-08-23,229000,42.400001525878906,42.20000076293945,42.70000076293945,42.0,30.84998893737793
1990-08-22,162700,42.20000076293945,42.20000076293945,42.400001525878906,41.900001525878906,30.84998893737793
1990-08-21,177600,42.70000076293945,42.29999923706055,43.0,42.099998474121094,30.923105239868164
1990-08-20,56300,43.0,42.599998474121094,43.20000076293945,42.599998474121094,31.142404556274414
1990-08-17,168400,43.29999923706055,43.099998474121094,43.29999923706055,42.70000076293945,31.507919311523438
1990-08-16,398200,42.70000076293945,43.400001525878906,43.400001525878906,42.70000076293945,31.727251052856445
1990-08-15,236000,42.0,42.79999923706055,43.099998474121094,41.900001525878906,31.288616180419922
1990-08-14,398400,43.29999923706055,42.5,43.79999923706055,42.20000076293945,30.98143768310547
1990-08-13,263600,43.20000076293945,43.099998474121094,43.29999923706055,42.79999923706055,31.418811798095703
1990-08-10,219600,41.29999923706055,42.0,42.20000076293945,41.20000076293945,30.616945266723633
1990-08-09,147500,41.0,41.0,41.29999923706055,40.70000076293945,29.88796043395996
1990-08-08,293200,41.20000076293945,41.20000076293945,41.29999923706055,40.79999923706055,30.03375816345215
1990-08-07,170100,40.599998474121094,41.20000076293945,41.20000076293945,40.20000076293945,30.03375816345215
1990-08-06,195700,41.70000076293945,41.0,41.900001525878906,40.599998474121094,29.88796043395996
1990-08-03,377900,41.20000076293945,41.0,41.599998474121094,40.900001525878906,29.88796043395996
1990-08-02,701700,41.5,41.29999923706055,41.79999923706055,41.0,30.10667610168457
1990-08-01,178600,39.400001525878906,39.900001525878906,40.400001525878906,39.400001525878906,29.086109161376953
1990-07-31,126200,39.599998474121094,39.599998474121094,39.900001525878906,39.29999923706055,28.86739730834961
1990-07-30,68000,38.79999923706055,39.0,39.0,38.599998474121094,28.430030822753906
1990-07-27,188000,38.0,38.599998474121094,38.599998474121094,38.0,28.138439178466797
1990-07-26,256700,38.0,38.20000076293945,38.20000076293945,37.400001525878906,27.846845626831055
1990-07-25,223300,38.0,38.29999923706055,38.599998474121094,37.900001525878906,27.91975212097168
1990-07-24,101300,37.599998474121094,37.29999923706055,37.79999923706055,36.900001525878906,27.190753936767578
1990-07-23,279400,37.0,37.599998474121094,37.900001525878906,37.0,27.409461975097656
1990-07-20,52700,36.5,36.5,36.79999923706055,36.29999923706055,26.60759735107422
1990-07-19,198500,36.20000076293945,36.70000076293945,36.70000076293945,36.0,26.753379821777344
1990-07-18,362700,37.0,35.900001525878906,37.400001525878906,35.900001525878906,26.170202255249023
1990-07-17,175400,36.70000076293945,37.400001525878906,37.900001525878906,36.70000076293945,27.263660430908203
1990-07-16,149200,36.5,36.900001525878906,37.0,36.5,26.899173736572266
1990-07-13,410900,35.79999923706055,36.79999923706055,37.400001525878906,35.79999923706055,26.826271057128906
1990-07-12,218800,34.20000076293945,35.599998474121094,35.599998474121094,33.79999923706055,25.95149803161621
1990-07-11,58900,34.599998474121094,34.599998474121094,34.70000076293945,34.29999923706055,25.222530364990234
1990-07-10,88700,34.70000076293945,34.599998474121094,34.70000076293945,34.400001525878906,25.222530364990234
1990-07-09,78700,35.599998474121094,35.0,35.70000076293945,35.0,25.514122009277344
1990-07-06,91100,35.099998474121094,35.70000076293945,35.70000076293945,35.0,26.0244083404541
1990-07-05,172700,35.79999923706055,35.20000076293945,35.900001525878906,35.0,25.659921646118164
1990-07-03,184800,34.79999923706055,36.20000076293945,36.29999923706055,34.79999923706055,26.388896942138672
1990-07-02,71700,34.900001525878906,35.0,35.099998474121094,34.70000076293945,25.514122009277344
1990-06-29,238200,33.900001525878906,34.900001525878906,35.099998474121094,33.900001525878906,25.44122886657715
1990-06-28,68300,34.29999923706055,34.099998474121094,34.400001525878906,33.70000076293945,24.85804557800293
1990-06-27,61200,33.79999923706055,34.099998474121094,34.20000076293945,33.70000076293945,24.85804557800293
1990-06-26,159900,33.599998474121094,33.599998474121094,33.900001525878906,33.599998474121094,24.493558883666992
1990-06-25,151200,34.099998474121094,33.900001525878906,34.400001525878906,33.70000076293945,24.712257385253906
1990-06-22,247200,34.29999923706055,33.70000076293945,34.400001525878906,33.599998474121094,24.566452026367188
1990-06-21,122200,34.29999923706055,34.5,34.5,34.20000076293945,25.149642944335938
1990-06-20,176600,33.5,34.5,34.599998474121094,33.5,25.149642944335938
1990-06-19,97900,33.599998474121094,33.599998474121094,33.70000076293945,33.599998474121094,24.493558883666992
1990-06-18,189700,33.400001525878906,33.5,33.79999923706055,33.400001525878906,24.420656204223633
1990-06-15,357100,32.5,33.400001525878906,33.400001525878906,32.5,24.347766876220703
1990-06-14,727300,33.599998474121094,32.599998474121094,33.599998474121094,31.899999618530273,23.76458168029785
1990-06-13,85800,34.0,33.599998474121094,34.099998474121094,33.599998474121094,24.493558883666992
1990-06-12,83800,34.29999923706055,34.599998474121094,34.599998474121094,34.20000076293945,25.222530364990234
1990-06-11,126300,33.29999923706055,34.20000076293945,34.20000076293945,33.29999923706055,24.930946350097656
1990-06-08,367500,33.0,33.400001525878906,33.5,33.0,24.347766876220703
1990-06-07,158900,35.0,34.099998474121094,35.099998474121094,34.099998474121094,24.85804557800293
1990-06-06,136300,35.400001525878906,35.29999923706055,35.70000076293945,35.099998474121094,25.732816696166992
1990-06-05,188200,35.70000076293945,35.70000076293945,35.70000076293945,35.400001525878906,26.0244083404541
1990-06-04,178500,36.0,35.70000076293945,36.0,35.099998474121094,26.0244083404541
1990-06-01,134400,36.599998474121094,36.20000076293945,36.79999923706055,36.099998474121094,26.388896942138672
1990-05-31,120100,36.5,36.599998474121094,36.79999923706055,36.5,26.680479049682617
1990-05-30,205500,37.099998474121094,36.599998474121094,37.20000076293945,36.20000076293945,26.680479049682617
1990-05-29,111700,36.5,36.900001525878906,37.20000076293945,36.5,26.899173736572266
1990-05-25,69600,36.79999923706055,36.599998474121094,37.0,36.599998474121094,26.680479049682617
1990-05-24,85400,37.0,37.099998474121094,37.20000076293945,36.900001525878906,27.04496192932129
1990-05-23,289800,36.599998474121094,37.0,37.20000076293945,36.599998474121094,26.972068786621094
1990-05-22,213800,37.599998474121094,38.0,38.29999923706055,37.599998474121094,27.701051712036133
1990-05-21,250600,36.29999923706055,37.29999923706055,37.29999923706055,36.29999923706055,27.190753936767578
1990-05-18,273000,35.400001525878906,36.20000076293945,36.29999923706055,35.20000076293945,26.388896942138672
1990-05-17,61200,35.599998474121094,35.20000076293945,35.70000076293945,35.099998474121094,25.659921646118164
1990-05-16,59400,35.70000076293945,35.70000076293945,35.79999923706055,35.400001525878906,25.936790466308594
1990-05-15,152200,36.29999923706055,35.79999923706055,36.400001525878906,35.70000076293945,26.009431838989258
1990-05-14,116500,36.79999923706055,36.5,36.900001525878906,36.5,26.518014907836914
1990-05-11,223900,36.0,36.79999923706055,36.79999923706055,35.900001525878906,26.735942840576172
1990-05-10,129900,35.900001525878906,36.29999923706055,36.400001525878906,35.79999923706055,26.3726806640625
1990-05-09,235600,34.599998474121094,36.0,36.0,34.599998474121094,26.154741287231445
1990-05-08,71900,35.099998474121094,34.599998474121094,35.099998474121094,34.20000076293945,25.137601852416992
1990-05-07,71600,34.5,34.900001525878906,35.0,34.5,25.355573654174805
1990-05-04,149600,34.599998474121094,34.79999923706055,34.79999923706055,34.400001525878906,25.282907485961914
1990-05-03,51400,34.29999923706055,34.400001525878906,34.400001525878906,34.099998474121094,24.9923095703125
1990-05-02,96200,34.099998474121094,34.099998474121094,34.099998474121094,33.79999923706055,24.774354934692383
1990-05-01,120900,33.599998474121094,34.20000076293945,34.29999923706055,33.599998474121094,24.84699821472168
1990-04-30,65200,33.5,33.599998474121094,33.70000076293945,33.29999923706055,24.411088943481445
1990-04-27,88800,34.099998474121094,33.599998474121094,34.20000076293945,33.599998474121094,24.411088943481445
1990-04-26,133500,33.900001525878906,34.0,34.099998474121094,33.900001525878906,24.701702117919922
1990-04-25,154100,33.79999923706055,33.79999923706055,33.900001525878906,33.400001525878906,24.556386947631836
1990-04-24,109800,34.099998474121094,34.0,34.400001525878906,33.79999923706055,24.701702117919922
1990-04-23,173000,33.900001525878906,34.29999923706055,34.599998474121094,33.900001525878906,24.919647216796875
1990-04-20,186300,34.79999923706055,34.099998474121094,34.900001525878906,34.0,24.774354934692383
1990-04-19,181300,35.099998474121094,35.0,35.20000076293945,34.599998474121094,25.4282283782959
1990-04-18,324300,34.0,35.099998474121094,35.099998474121094,33.599998474121094,25.500856399536133
1990-04-17,193100,33.79999923706055,33.79999923706055,33.900001525878906,33.5,24.556386947631836
1990-04-16,312200,34.900001525878906,34.0,35.099998474121094,33.70000076293945,24.701702117919922
1990-04-12,142700,34.400001525878906,34.900001525878906,35.20000076293945,34.400001525878906,25.355573654174805
1990-04-11,266200,36.20000076293945,34.5,36.20000076293945,34.400001525878906,25.064958572387695
1990-04-10,142500,36.79999923706055,36.29999923706055,36.900001525878906,36.099998474121094,26.3726806640625
1990-04-09,56800,37.400001525878906,36.79999923706055,37.5,36.79999923706055,26.735942840576172
1990-04-06,95600,37.400001525878906,37.70000076293945,37.79999923706055,37.400001525878906,27.389812469482422
1990-04-05,140600,37.0,37.20000076293945,37.29999923706055,36.79999923706055,27.026559829711914
1990-04-04,134000,37.20000076293945,37.20000076293945,37.20000076293945,36.79999923706055,27.026559829711914
1990-04-03,188900,37.099998474121094,37.400001525878906,37.599998474121094,36.900001525878906,27.171875
1990-04-02,182600,37.79999923706055,36.79999923706055,37.79999923706055,36.79999923706055,26.735942840576172
1990-03-30,181100,38.400001525878906,38.0,38.400001525878906,37.79999923706055,27.60778045654297
1990-03-29,415200,38.599998474121094,38.29999923706055,38.599998474121094,38.0,27.82573890686035
1990-03-28,177200,36.20000076293945,36.29999923706055,36.5,36.0,26.3726806640625
1990-03-27,263200,37.099998474121094,36.099998474121094,37.400001525878906,36.0,26.227392196655273
1990-03-26,365400,37.0,36.70000076293945,37.5,36.70000076293945,26.663307189941406
1990-03-23,227700,39.599998474121094,38.900001525878906,39.599998474121094,38.0,28.261646270751953
1990-03-22,228000,39.400001525878906,39.599998474121094,39.599998474121094,38.70000076293945,28.770227432250977
1990-03-21,469300,40.0,39.79999923706055,40.0,39.0,28.91550636291504
1990-03-20,156800,41.400001525878906,40.0,41.400001525878906,39.900001525878906,29.06082534790039
1990-03-19,90000,41.29999923706055,41.599998474121094,42.0,41.29999923706055,30.2232666015625
1990-03-16,309300,40.599998474121094,41.29999923706055,41.5,40.599998474121094,30.005298614501953
1990-03-15,170800,39.599998474121094,40.599998474121094,40.599998474121094,39.599998474121094,29.49673843383789
1990-03-14,147600,39.400001525878906,39.5,39.5,39.0,28.697559356689453
1990-03-13,524800,39.79999923706055,39.29999923706055,40.0,38.599998474121094,28.552276611328125
1990-03-12,98300,40.599998474121094,40.5,40.599998474121094,40.20000076293945,29.424081802368164
1990-03-09,203400,41.20000076293945,40.70000076293945,41.29999923706055,40.29999923706055,29.56937599182129
1990-03-08,77100,40.900001525878906,41.5,41.5,40.900001525878906,30.150609970092773
1990-03-07,235300,41.79999923706055,40.79999923706055,41.900001525878906,40.599998474121094,29.642045974731445
1990-03-06,118900,41.79999923706055,42.20000076293945,42.29999923706055,41.79999923706055,30.659168243408203
1990-03-05,136700,42.29999923706055,41.70000076293945,42.400001525878906,41.70000076293945,30.295902252197266
1990-03-02,126200,42.099998474121094,42.20000076293945,42.20000076293945,41.900001525878906,30.659168243408203
1990-03-01,143000,41.5,42.29999923706055,42.29999923706055,41.400001525878906,30.73183250427246
1990-02-28,175400,41.79999923706055,41.599998474121094,42.099998474121094,41.599998474121094,30.2232666015625
1990-02-27,177500,41.29999923706055,42.400001525878906,42.400001525878906,41.0,30.804458618164062
1990-02-26,266200,42.400001525878906,41.5,42.599998474121094,41.20000076293945,30.150609970092773
1990-02-23,134900,42.5,42.79999923706055,43.20000076293945,42.5,31.095081329345703
1990-02-22,115300,43.400001525878906,42.900001525878906,43.5,42.79999923706055,31.167736053466797
1990-02-21,305000,42.900001525878906,43.29999923706055,43.29999923706055,42.70000076293945,31.458343505859375
1990-02-20,131300,43.099998474121094,42.900001525878906,43.20000076293945,42.599998474121094,31.167736053466797
1990-02-16,519800,42.29999923706055,42.599998474121094,42.900001525878906,42.20000076293945,30.949771881103516
1990-02-15,156700,42.70000076293945,41.400001525878906,43.099998474121094,41.400001525878906,30.077945709228516
1990-02-14,130800,42.099998474121094,42.400001525878906,42.400001525878906,41.599998474121094,30.804458618164062
1990-02-13,210700,41.5,42.400001525878906,42.400001525878906,41.400001525878906,30.804458618164062
1990-02-12,160200,41.599998474121094,41.900001525878906,42.29999923706055,41.5,30.35388946533203
1990-02-09,115400,42.0,41.70000076293945,42.099998474121094,41.400001525878906,30.20899200439453
1990-02-08,248600,42.29999923706055,42.29999923706055,42.79999923706055,42.099998474121094,30.643665313720703
1990-02-07,245000,42.599998474121094,42.400001525878906,43.29999923706055,42.099998474121094,30.716089248657227
1990-02-06,170200,42.5,42.20000076293945,42.900001525878906,42.099998474121094,30.571216583251953
1990-02-05,335100,42.400001525878906,43.400001525878906,43.400001525878906,42.400001525878906,31.440549850463867
1990-02-02,102500,42.099998474121094,41.900001525878906,42.099998474121094,41.599998474121094,30.35388946533203
1990-02-01,155100,41.79999923706055,42.0,42.0,41.599998474121094,30.426342010498047
1990-01-31,308900,43.20000076293945,41.400001525878906,43.20000076293945,41.20000076293945,29.99166488647461
1990-01-30,283400,42.900001525878906,43.0,43.400001525878906,42.70000076293945,31.15076446533203
1990-01-29,321200,42.29999923706055,43.099998474121094,43.29999923706055,41.599998474121094,31.223215103149414
1990-01-26,315700,41.599998474121094,42.29999923706055,42.400001525878906,41.400001525878906,30.643665313720703
1990-01-25,163600,41.29999923706055,41.0,41.599998474121094,40.20000076293945,29.701889038085938
1990-01-24,279800,42.099998474121094,41.5,42.29999923706055,41.400001525878906,30.064105987548828
1990-01-23,260500,40.099998474121094,41.20000076293945,41.70000076293945,39.900001525878906,29.846784591674805
1990-01-22,319700,39.79999923706055,40.400001525878906,40.5,39.099998474121094,29.267227172851562
1990-01-19,197800,40.0,40.099998474121094,40.20000076293945,39.70000076293945,29.049907684326172
1990-01-18,214000,41.29999923706055,40.599998474121094,41.400001525878906,40.099998474121094,29.412120819091797
1990-01-17,438600,40.400001525878906,41.0,41.20000076293945,40.29999923706055,29.701889038085938
1990-01-16,252900,41.20000076293945,40.900001525878906,41.20000076293945,40.70000076293945,29.62945556640625
1990-01-15,344200,40.70000076293945,41.29999923706055,41.5,40.70000076293945,29.91922378540039
1990-01-12,570900,41.5,40.29999923706055,42.79999923706055,40.0,29.194780349731445
1990-01-11,402000,40.599998474121094,41.599998474121094,41.599998474121094,40.599998474121094,30.136566162109375
1990-01-10,516800,39.20000076293945,40.29999923706055,40.400001525878906,39.0,29.194780349731445
1990-01-09,261500,38.400001525878906,38.099998474121094,38.400001525878906,37.900001525878906,27.601015090942383
1990-01-08,152600,38.79999923706055,38.099998474121094,39.0,37.900001525878906,27.601015090942383
1990-01-05,389100,38.20000076293945,39.0,39.0,38.099998474121094,28.253032684326172
1990-01-04,143500,37.599998474121094,38.0,38.0,37.400001525878906,27.528587341308594
1990-01-03,247000,38.20000076293945,37.79999923706055,38.5,37.20000076293945,27.38370132446289
1990-01-02,138800,37.400001525878906,38.099998474121094,38.099998474121094,37.29999923706055,27.601015090942383
1989-12-29,109100,36.79999923706055,38.0,38.0,36.79999923706055,27.528587341308594
1989-12-28,55500,36.400001525878906,36.599998474121094,36.70000076293945,36.20000076293945,26.514373779296875
1989-12-27,152700,36.79999923706055,36.29999923706055,37.20000076293945,36.20000076293945,26.297027587890625
1989-12-26,108200,37.599998474121094,36.70000076293945,37.599998474121094,36.5,26.58681869506836
1989-12-22,109800,38.0,37.79999923706055,38.20000076293945,37.70000076293945,27.38370132446289
1989-12-21,155200,38.5,38.20000076293945,38.70000076293945,38.0,27.673480987548828
1989-12-20,302500,39.20000076293945,38.900001525878906,39.400001525878906,38.5,28.180572509765625
1989-12-19,157300,39.599998474121094,39.20000076293945,39.79999923706055,38.79999923706055,28.397926330566406
1989-12-18,374100,38.900001525878906,39.79999923706055,39.79999923706055,38.29999923706055,28.832555770874023
1989-12-15,297000,38.79999923706055,39.29999923706055,39.29999923706055,38.599998474121094,28.47037124633789
1989-12-14,139900,37.79999923706055,38.29999923706055,38.5,37.79999923706055,27.74591827392578
1989-12-13,212500,39.20000076293945,38.20000076293945,39.29999923706055,37.900001525878906,27.673480987548828
1989-12-12,284600,38.900001525878906,39.29999923706055,39.599998474121094,38.599998474121094,28.47037124633789
1989-12-11,461400,37.5,38.79999923706055,39.099998474121094,37.5,28.108137130737305
1989-12-08,246000,36.79999923706055,37.5,37.70000076293945,36.79999923706055,27.166358947753906
1989-12-07,210600,36.0,36.900001525878906,37.0,35.70000076293945,26.73169708251953
1989-12-06,94600,36.0,36.0,36.29999923706055,35.79999923706055,26.07970428466797
1989-12-05,124600,35.70000076293945,35.79999923706055,36.0,35.599998474121094,25.934812545776367
1989-12-04,165300,35.900001525878906,35.599998474121094,36.20000076293945,35.5,25.78992462158203
1989-12-01,286500,36.20000076293945,36.70000076293945,37.0,36.20000076293945,26.58681869506836
1989-11-30,174500,35.29999923706055,35.79999923706055,36.400001525878906,35.20000076293945,25.934812545776367
1989-11-29,210600,36.0,35.599998474121094,36.599998474121094,35.599998474121094,25.78992462158203
1989-11-28,322400,35.29999923706055,36.0,36.29999923706055,35.099998474121094,26.07970428466797
1989-11-27,398600,37.099998474121094,36.099998474121094,37.900001525878906,36.0,26.15215301513672
1989-11-24,375100,37.0,37.70000076293945,37.900001525878906,36.900001525878906,27.311241149902344
1989-11-22,686800,36.099998474121094,36.70000076293945,37.099998474121094,36.0,26.49973487854004
1989-11-21,507400,35.29999923706055,35.70000076293945,35.900001525878906,35.099998474121094,25.777677536010742
1989-11-20,421900,34.400001525878906,35.0,35.0,34.20000076293945,25.272235870361328
1989-11-17,283700,34.099998474121094,34.20000076293945,34.20000076293945,33.79999923706055,24.694576263427734
1989-11-16,285400,34.099998474121094,34.0,34.20000076293945,33.400001525878906,24.550161361694336
1989-11-15,234200,35.29999923706055,33.900001525878906,35.29999923706055,33.79999923706055,24.477962493896484
1989-11-14,336700,35.599998474121094,35.400001525878906,35.79999923706055,35.20000076293945,25.561044692993164
1989-11-13,273100,35.20000076293945,35.599998474121094,35.599998474121094,35.099998474121094,25.705453872680664
1989-11-10,228800,34.29999923706055,34.70000076293945,34.70000076293945,34.0,25.05560874938965
1989-11-09,279900,35.0,34.400001525878906,35.099998474121094,34.099998474121094,24.838993072509766
1989-11-08,375400,35.099998474121094,35.29999923706055,35.29999923706055,34.29999923706055,25.488842010498047
1989-11-07,381500,34.79999923706055,35.5,35.599998474121094,34.599998474121094,25.633256912231445
1989-11-06,319700,33.20000076293945,34.29999923706055,34.400001525878906,32.79999923706055,24.766773223876953
1989-11-03,308800,33.0,33.099998474121094,33.599998474121094,32.900001525878906,23.90030860900879
1989-11-02,311300,32.29999923706055,32.900001525878906,33.20000076293945,32.20000076293945,23.755895614624023
1989-11-01,165200,32.0,32.29999923706055,32.29999923706055,32.0,23.322660446166992
1989-10-31,180000,32.400001525878906,32.0,32.400001525878906,31.700000762939453,23.106040954589844
1989-10-30,309500,32.79999923706055,32.400001525878906,32.79999923706055,32.099998474121094,23.394865036010742
1989-10-27,647100,31.5,32.20000076293945,32.79999923706055,31.399999618530273,23.250452041625977
1989-10-26,216000,29.799999237060547,30.600000381469727,30.799999237060547,29.299999237060547,22.095151901245117
1989-10-25,141700,29.700000762939453,29.899999618530273,30.399999618530273,29.700000762939453,21.58970069885254
1989-10-24,126300,29.299999237060547,29.700000762939453,29.899999618530273,29.0,21.445287704467773
1989-10-23,159500,29.799999237060547,29.100000381469727,29.799999237060547,28.899999618530273,21.012054443359375
1989-10-20,196300,30.0,29.700000762939453,30.0,29.100000381469727,21.445287704467773
1989-10-19,167300,30.799999237060547,30.100000381469727,30.899999618530273,29.899999618530273,21.73412322998047
1989-10-18,199000,31.0,30.600000381469727,31.600000381469727,30.399999618530273,22.095151901245117
1989-10-17,90600,31.0,31.0,31.200000762939453,29.899999618530273,22.383974075317383
1989-10-16,429600,31.0,31.100000381469727,31.100000381469727,29.799999237060547,22.456186294555664
1989-10-13,219300,33.099998474121094,31.700000762939453,33.29999923706055,30.899999618530273,22.88942527770996
1989-10-12,222200,32.79999923706055,33.29999923706055,33.599998474121094,32.70000076293945,24.044723510742188
1989-10-11,183100,32.79999923706055,32.79999923706055,32.900001525878906,32.5,23.683677673339844
1989-10-10,342100,32.70000076293945,32.599998474121094,33.20000076293945,32.5,23.539278030395508
1989-10-09,80500,32.5,32.29999923706055,32.599998474121094,32.099998474121094,23.322660446166992
1989-10-06,165600,31.600000381469727,32.20000076293945,32.20000076293945,31.5,23.250452041625977
1989-10-05,107200,31.899999618530273,31.5,32.099998474121094,31.5,22.745018005371094
1989-10-04,81100,31.600000381469727,31.899999618530273,31.899999618530273,31.600000381469727,23.033824920654297
1989-10-03,71800,32.29999923706055,32.0,32.29999923706055,31.899999618530273,23.106040954589844
1989-10-02,32200,32.099998474121094,32.20000076293945,32.20000076293945,31.899999618530273,23.250452041625977
1989-09-29,121000,32.5,32.20000076293945,32.70000076293945,32.099998474121094,23.250452041625977
1989-09-28,76700,32.0,32.400001525878906,32.400001525878906,31.600000381469727,23.394865036010742
1989-09-27,114200,32.400001525878906,31.799999237060547,32.79999923706055,31.799999237060547,22.96162223815918
1989-09-26,292200,32.5,32.5,33.099998474121094,32.099998474121094,23.467069625854492
1989-09-25,174700,31.799999237060547,32.5,32.5,31.700000762939453,23.467069625854492
1989-09-22,139200,31.600000381469727,31.799999237060547,32.099998474121094,31.399999618530273,22.96162223815918
1989-09-21,129400,31.799999237060547,31.399999618530273,31.799999237060547,31.200000762939453,22.672801971435547
1989-09-20,232500,31.200000762939453,31.600000381469727,31.799999237060547,31.0,22.817218780517578
1989-09-19,52100,31.200000762939453,31.100000381469727,31.200000762939453,31.0,22.456186294555664
1989-09-18,65500,30.700000762939453,31.200000762939453,31.200000762939453,30.700000762939453,22.528379440307617
1989-09-15,337200,31.200000762939453,30.799999237060547,31.200000762939453,30.200000762939453,22.23955726623535
1989-09-14,130900,31.600000381469727,31.100000381469727,31.700000762939453,30.899999618530273,22.456186294555664
1989-09-13,219300,32.099998474121094,31.700000762939453,32.099998474121094,31.399999618530273,22.88942527770996
1989-09-12,196400,32.0,32.0,32.29999923706055,32.0,23.106040954589844
1989-09-11,84200,32.20000076293945,32.099998474121094,32.20000076293945,31.799999237060547,23.178239822387695
1989-09-08,141600,32.0,32.0,32.20000076293945,31.700000762939453,23.106040954589844
1989-09-07,82300,31.899999618530273,31.799999237060547,32.20000076293945,31.799999237060547,22.96162223815918
1989-09-06,99200,31.799999237060547,31.799999237060547,31.899999618530273,31.600000381469727,22.96162223815918
1989-09-05,44100,32.0,31.799999237060547,32.0,31.600000381469727,22.96162223815918
1989-09-01,49500,32.0,32.099998474121094,32.20000076293945,32.0,23.178239822387695
1989-08-31,63200,32.0,32.099998474121094,32.099998474121094,31.899999618530273,23.178239822387695
1989-08-30,88200,31.899999618530273,32.0,32.0,31.899999618530273,23.106040954589844
1989-08-29,114400,32.099998474121094,31.899999618530273,32.099998474121094,31.600000381469727,23.033824920654297
1989-08-28,84600,31.600000381469727,32.29999923706055,32.29999923706055,31.5,23.23586082458496
1989-08-25,118500,31.600000381469727,31.799999237060547,31.799999237060547,31.299999237060547,22.876163482666016
1989-08-24,139300,31.299999237060547,31.600000381469727,31.799999237060547,31.299999237060547,22.7323055267334
1989-08-23,42400,31.299999237060547,31.399999618530273,31.5,31.100000381469727,22.58842658996582
1989-08-22,30100,30.899999618530273,31.100000381469727,31.200000762939453,30.899999618530273,22.372617721557617
1989-08-21,100200,31.600000381469727,30.799999237060547,31.799999237060547,30.799999237060547,22.15680694580078
1989-08-18,102400,31.299999237060547,31.5,31.799999237060547,31.299999237060547,22.660367965698242
1989-08-17,331500,31.899999618530273,31.100000381469727,32.79999923706055,31.100000381469727,22.372617721557617
1989-08-16,114300,32.0,31.899999618530273,32.20000076293945,31.899999618530273,22.948116302490234
1989-08-15,192100,32.099998474121094,32.0,32.29999923706055,31.799999237060547,23.020055770874023
1989-08-14,102300,32.099998474121094,31.899999618530273,32.29999923706055,31.799999237060547,22.948116302490234
1989-08-11,240200,32.70000076293945,32.29999923706055,32.900001525878906,32.20000076293945,23.23586082458496
1989-08-10,140800,32.400001525878906,32.79999923706055,32.900001525878906,32.400001525878906,23.595550537109375
1989-08-09,228300,33.0,32.70000076293945,33.20000076293945,32.70000076293945,23.52360725402832
1989-08-08,485500,32.70000076293945,33.099998474121094,33.29999923706055,32.599998474121094,23.811363220214844
1989-08-07,307700,31.700000762939453,32.599998474121094,32.599998474121094,31.600000381469727,23.451675415039062
1989-08-04,90500,31.200000762939453,31.600000381469727,31.700000762939453,31.100000381469727,22.7323055267334
1989-08-03,114300,31.200000762939453,31.5,31.600000381469727,30.899999618530273,22.660367965698242
1989-08-02,40500,30.600000381469727,31.200000762939453,31.200000762939453,30.600000381469727,22.444547653198242
1989-08-01,136700,31.399999618530273,30.600000381469727,31.5,30.200000762939453,22.012920379638672
1989-07-31,163100,30.799999237060547,31.299999237060547,31.600000381469727,30.799999237060547,22.516496658325195
1989-07-28,35400,31.0,30.799999237060547,31.100000381469727,30.600000381469727,22.15680694580078
1989-07-27,314200,31.100000381469727,30.799999237060547,31.100000381469727,30.600000381469727,22.15680694580078
1989-07-26,116800,30.399999618530273,31.100000381469727,31.100000381469727,30.299999237060547,22.372617721557617
1989-07-25,180100,30.299999237060547,30.299999237060547,30.799999237060547,30.200000762939453,21.797109603881836
1989-07-24,40300,30.200000762939453,30.200000762939453,30.399999618530273,30.100000381469727,21.72517967224121
1989-07-21,119900,30.399999618530273,30.299999237060547,30.600000381469727,30.200000762939453,21.797109603881836
1989-07-20,78700,30.200000762939453,30.399999618530273,30.600000381469727,30.0,21.869043350219727
1989-07-19,115400,30.5,30.399999618530273,30.899999618530273,30.0,21.869043350219727
1989-07-18,22400,30.799999237060547,30.399999618530273,30.799999237060547,30.399999618530273,21.869043350219727
1989-07-17,122000,30.700000762939453,30.799999237060547,30.899999618530273,30.399999618530273,22.15680694580078
1989-07-14,137200,31.299999237060547,31.100000381469727,31.299999237060547,30.700000762939453,22.372617721557617
1989-07-13,107600,31.399999618530273,31.5,31.5,31.299999237060547,22.660367965698242
1989-07-12,118500,31.200000762939453,31.600000381469727,31.700000762939453,31.100000381469727,22.7323055267334
1989-07-11,119100,31.100000381469727,31.299999237060547,31.399999618530273,31.0,22.516496658325195
1989-07-10,236000,31.799999237060547,31.399999618530273,31.899999618530273,31.0,22.58842658996582
1989-07-07,356000,31.799999237060547,32.0,32.400001525878906,31.700000762939453,23.020055770874023
1989-07-06,177700,32.0,31.700000762939453,32.0,31.700000762939453,22.804243087768555
1989-07-05,750000,30.700000762939453,31.799999237060547,31.899999618530273,30.700000762939453,22.876163482666016
1989-07-03,107500,31.299999237060547,31.399999618530273,31.399999618530273,31.0,22.58842658996582
1989-06-30,196100,31.600000381469727,31.600000381469727,31.700000762939453,31.200000762939453,22.7323055267334
1989-06-29,174500,32.0,31.700000762939453,32.0,31.200000762939453,22.804243087768555
1989-06-28,228300,32.20000076293945,32.099998474121094,32.5,31.799999237060547,23.091989517211914
1989-06-27,233100,32.5,32.0,32.70000076293945,32.0,23.020055770874023
1989-06-26,570300,31.700000762939453,32.29999923706055,32.79999923706055,31.600000381469727,23.23586082458496
1989-06-23,978900,32.0,31.799999237060547,32.20000076293945,30.799999237060547,22.876163482666016
1989-06-22,1549200,32.70000076293945,32.099998474121094,32.70000076293945,31.799999237060547,23.091989517211914
1989-06-21,172500,27.399999618530273,27.899999618530273,27.899999618530273,27.399999618530273,20.070608139038086
1989-06-20,243000,27.600000381469727,27.600000381469727,27.799999237060547,27.399999618530273,19.85480308532715
1989-06-19,135800,27.899999618530273,27.600000381469727,27.899999618530273,27.600000381469727,19.85480308532715
1989-06-16,281800,27.799999237060547,28.0,28.200000762939453,27.700000762939453,20.142545700073242
1989-06-15,147400,27.899999618530273,27.899999618530273,28.100000381469727,27.700000762939453,20.070608139038086
1989-06-14,103900,27.700000762939453,28.100000381469727,28.100000381469727,27.5,20.2144775390625
1989-06-13,224300,27.200000762939453,27.600000381469727,27.799999237060547,27.100000381469727,19.85480308532715
1989-06-12,168200,27.399999618530273,27.299999237060547,27.5,27.100000381469727,19.638973236083984
1989-06-09,163300,27.600000381469727,27.399999618530273,28.200000762939453,27.399999618530273,19.710922241210938
1989-06-08,120000,28.0,27.799999237060547,28.0,27.600000381469727,19.998661041259766
1989-06-07,167300,28.100000381469727,28.0,28.399999618530273,27.799999237060547,20.142545700073242
1989-06-06,174400,27.200000762939453,28.0,28.100000381469727,27.200000762939453,20.142545700073242
1989-06-05,76300,27.299999237060547,27.200000762939453,27.600000381469727,27.200000762939453,19.567041397094727
1989-06-02,93000,27.200000762939453,27.5,27.700000762939453,27.100000381469727,19.782855987548828
1989-06-01,98700,27.700000762939453,27.299999237060547,27.799999237060547,27.299999237060547,19.638973236083984
1989-05-31,73700,27.600000381469727,27.799999237060547,28.0,27.600000381469727,19.998661041259766
1989-05-30,174000,27.700000762939453,27.799999237060547,28.0,27.5,19.998661041259766
1989-05-26,152900,27.700000762939453,27.899999618530273,28.0,27.5,20.070608139038086
1989-05-25,193600,27.799999237060547,27.600000381469727,27.899999618530273,27.399999618530273,19.85480308532715
1989-05-24,130500,27.700000762939453,27.899999618530273,28.100000381469727,27.700000762939453,20.070608139038086
1989-05-23,280700,27.799999237060547,27.700000762939453,28.0,27.5,19.926742553710938
1989-05-22,176100,28.600000381469727,28.0,28.700000762939453,27.899999618530273,20.056072235107422
1989-05-19,279800,28.399999618530273,28.799999237060547,29.0,28.399999618530273,20.62910270690918
1989-05-18,337800,28.200000762939453,28.600000381469727,29.200000762939453,28.100000381469727,20.485841751098633
1989-05-17,506400,29.100000381469727,28.200000762939453,29.600000381469727,28.200000762939453,20.199338912963867
1989-05-16,1570400,31.100000381469727,29.200000762939453,31.200000762939453,28.799999237060547,20.915613174438477
1989-05-15,415300,31.200000762939453,30.899999618530273,31.600000381469727,30.600000381469727,22.133312225341797
1989-05-12,1235300,33.400001525878906,31.399999618530273,33.70000076293945,31.399999618530273,22.49146270751953
1989-05-11,1092900,32.0,33.29999923706055,33.29999923706055,32.0,23.852405548095703
1989-05-10,1272000,31.399999618530273,32.20000076293945,33.099998474121094,30.899999618530273,23.06449317932129
1989-05-09,1455800,30.799999237060547,31.399999618530273,32.70000076293945,30.299999237060547,22.49146270751953
1989-05-08,120400,29.700000762939453,30.0,30.0,29.5,21.4886474609375
1989-05-05,276100,31.0,29.899999618530273,31.0,29.600000381469727,21.417020797729492
1989-05-04,224800,30.299999237060547,30.899999618530273,31.0,30.299999237060547,22.133312225341797
1989-05-03,168700,30.100000381469727,30.200000762939453,30.200000762939453,30.0,21.631919860839844
1989-05-02,196700,30.200000762939453,30.100000381469727,30.299999237060547,29.899999618530273,21.560283660888672
1989-05-01,118000,29.600000381469727,30.200000762939453,30.200000762939453,29.399999618530273,21.631919860839844
1989-04-28,385600,30.5,29.799999237060547,30.5,29.5,21.34539222717285
1989-04-27,283900,31.200000762939453,30.700000762939453,31.299999237060547,30.5,21.990053176879883
1989-04-26,852700,29.200000762939453,31.0,31.799999237060547,28.899999618530273,22.20494270324707
1989-04-25,325200,29.100000381469727,29.399999618530273,29.899999618530273,29.0,21.058874130249023
1989-04-24,377300,30.399999618530273,29.399999618530273,31.100000381469727,29.399999618530273,21.058874130249023
1989-04-21,291600,29.799999237060547,30.5,30.799999237060547,29.799999237060547,21.84679412841797
1989-04-20,401500,29.200000762939453,29.600000381469727,29.799999237060547,29.100000381469727,21.202144622802734
1989-04-19,748600,29.200000762939453,28.899999618530273,29.799999237060547,28.600000381469727,20.700735092163086
1989-04-18,489400,29.399999618530273,29.200000762939453,29.700000762939453,28.899999618530273,20.915613174438477
1989-04-17,412900,31.299999237060547,29.200000762939453,31.700000762939453,29.0,20.915613174438477
1989-04-14,93700,31.299999237060547,31.399999618530273,31.5,31.100000381469727,22.49146270751953
1989-04-13,54200,31.700000762939453,31.200000762939453,31.799999237060547,31.100000381469727,22.348201751708984
1989-04-12,174400,31.299999237060547,31.899999618530273,32.20000076293945,31.299999237060547,22.84960174560547
1989-04-11,93500,31.299999237060547,31.5,31.5,31.200000762939453,22.56308937072754
1989-04-10,207000,31.5,31.5,31.600000381469727,31.0,22.56308937072754
1989-04-07,77400,31.399999618530273,31.700000762939453,31.899999618530273,31.200000762939453,22.706342697143555
1989-04-06,345800,32.0,31.600000381469727,32.0,31.399999618530273,22.634719848632812
1989-04-05,146000,30.899999618530273,30.700000762939453,30.899999618530273,30.700000762939453,21.990053176879883
1989-04-04,91700,30.899999618530273,30.899999618530273,31.299999237060547,30.700000762939453,22.133312225341797
1989-04-03,170900,31.600000381469727,31.0,31.600000381469727,30.700000762939453,22.20494270324707
1989-03-31,37100,31.5,31.799999237060547,31.899999618530273,31.5,22.777971267700195
1989-03-30,136200,32.0,31.600000381469727,32.099998474121094,31.299999237060547,22.634719848632812
1989-03-29,226400,30.799999237060547,31.899999618530273,31.899999618530273,30.600000381469727,22.84960174560547
1989-03-28,98600,30.600000381469727,30.600000381469727,31.100000381469727,30.399999618530273,21.918432235717773
1989-03-27,103000,30.399999618530273,30.799999237060547,30.799999237060547,30.399999618530273,22.061687469482422
1989-03-23,267100,29.799999237060547,30.200000762939453,30.5,29.799999237060547,21.631919860839844
1989-03-22,463700,32.70000076293945,30.100000381469727,32.79999923706055,29.600000381469727,21.560283660888672
1989-03-21,190100,31.600000381469727,32.20000076293945,32.29999923706055,31.200000762939453,23.06449317932129
1989-03-20,196300,32.0,31.399999618530273,32.29999923706055,30.899999618530273,22.49146270751953
1989-03-17,239800,32.400001525878906,32.20000076293945,32.79999923706055,32.0,23.06449317932129
1989-03-16,153900,32.70000076293945,32.900001525878906,33.20000076293945,32.099998474121094,23.56589698791504
1989-03-15,76300,33.099998474121094,32.599998474121094,33.099998474121094,32.400001525878906,23.350997924804688
1989-03-14,106500,33.0,32.900001525878906,33.29999923706055,32.900001525878906,23.56589698791504
1989-03-13,77100,33.20000076293945,32.900001525878906,33.29999923706055,32.900001525878906,23.56589698791504
1989-03-10,186200,33.5,33.099998474121094,33.5,32.79999923706055,23.709148406982422
1989-03-09,576300,34.20000076293945,33.400001525878906,34.20000076293945,32.79999923706055,23.924043655395508
1989-03-08,259400,34.29999923706055,34.29999923706055,34.599998474121094,34.0,24.568700790405273
1989-03-07,302600,34.400001525878906,34.20000076293945,34.400001525878906,33.79999923706055,24.4970645904541
1989-03-06,164800,34.599998474121094,34.599998474121094,34.599998474121094,34.29999923706055,24.783586502075195
1989-03-03,176200,34.599998474121094,34.599998474121094,34.70000076293945,34.400001525878906,24.783586502075195
1989-03-02,391800,33.79999923706055,34.79999923706055,35.0,33.599998474121094,24.926847457885742
1989-03-01,220200,34.400001525878906,34.0,34.79999923706055,33.400001525878906,24.35381507873535
1989-02-28,240200,35.20000076293945,34.400001525878906,35.20000076293945,34.0,24.64031982421875
1989-02-27,205500,35.599998474121094,35.20000076293945,35.70000076293945,35.0,25.213348388671875
1989-02-24,369000,35.900001525878906,35.20000076293945,36.0,34.79999923706055,25.213348388671875
1989-02-23,454600,35.79999923706055,36.0,36.5,35.79999923706055,25.78639030456543
1989-02-22,557200,36.0,36.599998474121094,36.70000076293945,35.79999923706055,26.21615982055664
1989-02-21,674200,35.400001525878906,36.20000076293945,36.20000076293945,34.599998474121094,25.929641723632812
1989-02-17,345100,35.400001525878906,35.20000076293945,35.70000076293945,35.0,25.213348388671875
1989-02-16,484000,33.900001525878906,35.79999923706055,35.79999923706055,33.5,25.643131256103516
1989-02-15,305200,33.20000076293945,33.79999923706055,33.900001525878906,33.0,24.210542678833008
1989-02-14,242300,33.900001525878906,33.70000076293945,34.0,33.599998474121094,24.052827835083008
1989-02-13,422900,33.599998474121094,33.79999923706055,33.900001525878906,33.29999923706055,24.12419319152832
1989-02-10,339200,33.20000076293945,33.599998474121094,33.900001525878906,33.20000076293945,23.9814453125
1989-02-09,569000,32.70000076293945,33.79999923706055,34.0,32.5,24.12419319152832
1989-02-08,293400,32.79999923706055,32.70000076293945,33.099998474121094,32.599998474121094,23.339086532592773
1989-02-07,299700,33.5,33.20000076293945,33.5,32.900001525878906,23.695955276489258
1989-02-06,671700,33.400001525878906,33.400001525878906,33.900001525878906,32.20000076293945,23.838712692260742
1989-02-03,1438500,32.0,33.79999923706055,34.5,31.600000381469727,24.12419319152832
1989-02-02,1246800,32.400001525878906,32.0,33.20000076293945,32.0,22.839473724365234
1989-02-01,391300,29.700000762939453,29.600000381469727,30.299999237060547,29.299999237060547,21.126516342163086
1989-01-31,230200,28.799999237060547,29.600000381469727,29.700000762939453,28.799999237060547,21.126516342163086
1989-01-30,237700,29.600000381469727,28.600000381469727,29.600000381469727,28.600000381469727,20.412776947021484
1989-01-27,256000,31.100000381469727,29.799999237060547,31.200000762939453,29.399999618530273,21.269254684448242
1989-01-26,110800,30.799999237060547,31.600000381469727,31.600000381469727,30.600000381469727,22.55398178100586
1989-01-25,147900,31.299999237060547,31.0,31.299999237060547,30.299999237060547,22.125743865966797
1989-01-24,181800,30.200000762939453,31.399999618530273,31.799999237060547,30.200000762939453,22.411243438720703
1989-01-23,142900,30.0,30.399999618530273,30.399999618530273,30.0,21.697498321533203
1989-01-20,267500,28.5,30.200000762939453,30.399999618530273,28.5,21.554759979248047
1989-01-19,46000,28.200000762939453,28.399999618530273,28.399999618530273,28.100000381469727,20.270030975341797
1989-01-18,127600,28.0,28.200000762939453,28.299999237060547,27.899999618530273,20.127300262451172
1989-01-17,63600,28.0,28.0,28.200000762939453,27.600000381469727,19.984540939331055
1989-01-16,72300,28.100000381469727,28.0,28.200000762939453,28.0,19.984540939331055
1989-01-13,167900,27.600000381469727,28.200000762939453,28.5,27.600000381469727,20.127300262451172
1989-01-12,197700,27.299999237060547,27.700000762939453,28.100000381469727,27.299999237060547,19.770431518554688
1989-01-11,43300,26.5,27.100000381469727,27.100000381469727,26.5,19.34217643737793
1989-01-10,56400,26.899999618530273,26.700000762939453,27.100000381469727,26.700000762939453,19.05668067932129
1989-01-09,104000,26.399999618530273,27.0,27.0,26.299999237060547,19.270803451538086
1989-01-06,103800,26.299999237060547,26.799999237060547,27.100000381469727,26.299999237060547,19.12805938720703
1989-01-05,194000,25.399999618530273,26.100000381469727,26.399999618530273,25.299999237060547,18.62843894958496
1989-01-04,125800,25.899999618530273,25.299999237060547,25.899999618530273,25.299999237060547,18.057456970214844
1989-01-03,73500,26.600000381469727,25.700000762939453,26.600000381469727,25.600000381469727,18.342960357666016
1988-12-30,72800,26.100000381469727,26.5,26.899999618530273,26.100000381469727,18.9139347076416
1988-12-29,59700,26.100000381469727,26.200000762939453,26.399999618530273,25.899999618530273,18.699817657470703
1988-12-28,92400,25.799999237060547,25.899999618530273,26.100000381469727,25.200000762939453,18.485702514648438
1988-12-27,41500,26.0,25.700000762939453,26.200000762939453,25.700000762939453,18.342960357666016
1988-12-23,53600,26.200000762939453,26.200000762939453,26.399999618530273,26.100000381469727,18.699817657470703
1988-12-22,55800,26.5,26.100000381469727,26.5,26.100000381469727,18.62843894958496
1988-12-21,123200,26.600000381469727,26.299999237060547,26.700000762939453,26.0,18.77119255065918
1988-12-20,52800,26.5,26.399999618530273,26.700000762939453,26.399999618530273,18.84256362915039
1988-12-19,98600,26.200000762939453,26.700000762939453,26.799999237060547,26.100000381469727,19.05668067932129
1988-12-16,181300,26.100000381469727,26.0,26.299999237060547,25.799999237060547,18.557065963745117
1988-12-15,103200,27.0,26.299999237060547,27.100000381469727,26.200000762939453,18.77119255065918
1988-12-14,97400,27.200000762939453,27.200000762939453,27.200000762939453,27.100000381469727,19.413555145263672
1988-12-13,153600,27.200000762939453,27.100000381469727,27.299999237060547,27.100000381469727,19.34217643737793
1988-12-12,29900,27.600000381469727,27.299999237060547,27.600000381469727,27.299999237060547,19.48492431640625
1988-12-09,19900,27.5,27.600000381469727,27.700000762939453,27.5,19.699054718017578
1988-12-08,45100,27.700000762939453,27.700000762939453,28.0,27.5,19.770431518554688
1988-12-07,51400,28.0,27.700000762939453,28.200000762939453,27.600000381469727,19.770431518554688
1988-12-06,130200,28.299999237060547,28.200000762939453,28.399999618530273,28.0,20.127300262451172
1988-12-05,82600,28.399999618530273,28.100000381469727,28.399999618530273,28.100000381469727,20.0559139251709
1988-12-02,687700,28.0,28.399999618530273,28.5,27.5,20.270030975341797
1988-12-01,49400,28.399999618530273,28.0,28.399999618530273,27.899999618530273,19.984540939331055
1988-11-30,234000,27.100000381469727,28.399999618530273,28.399999618530273,27.100000381469727,20.270030975341797
1988-11-29,42400,27.399999618530273,27.100000381469727,27.5,27.100000381469727,19.34217643737793
1988-11-28,75500,27.299999237060547,27.200000762939453,27.399999618530273,27.100000381469727,19.413555145263672
1988-11-25,46900,27.200000762939453,27.299999237060547,27.299999237060547,26.799999237060547,19.48492431640625
1988-11-23,36500,27.0,27.0,27.299999237060547,26.899999618530273,19.270803451538086
1988-11-22,35500,27.0,27.200000762939453,27.299999237060547,26.799999237060547,19.413555145263672
1988-11-21,173500,27.600000381469727,27.200000762939453,27.600000381469727,26.799999237060547,19.413555145263672
1988-11-18,28300,27.700000762939453,27.600000381469727,27.700000762939453,27.5,19.699054718017578
1988-11-17,44900,27.799999237060547,27.5,27.899999618530273,27.399999618530273,19.6276798248291
1988-11-16,84900,27.899999618530273,28.0,28.200000762939453,27.799999237060547,19.89875030517578
1988-11-15,52600,27.700000762939453,28.0,28.299999237060547,27.700000762939453,19.89875030517578
1988-11-14,119000,28.100000381469727,27.899999618530273,28.299999237060547,27.899999618530273,19.827688217163086
1988-11-11,106500,28.899999618530273,28.100000381469727,29.100000381469727,28.100000381469727,19.969823837280273
1988-11-10,77100,28.700000762939453,28.700000762939453,28.899999618530273,28.299999237060547,20.396209716796875
1988-11-09,77000,28.299999237060547,28.700000762939453,29.100000381469727,28.100000381469727,20.396209716796875
1988-11-08,90400,28.299999237060547,28.399999618530273,28.600000381469727,28.200000762939453,20.18302345275879
1988-11-07,52000,28.5,28.399999618530273,28.5,28.100000381469727,20.18302345275879
1988-11-04,105000,28.700000762939453,28.399999618530273,28.700000762939453,28.100000381469727,20.18302345275879
1988-11-03,272200,29.0,28.799999237060547,29.299999237060547,28.799999237060547,20.467283248901367
1988-11-02,180500,28.100000381469727,28.799999237060547,28.899999618530273,27.899999618530273,20.467283248901367
1988-11-01,37100,27.899999618530273,27.899999618530273,27.899999618530273,27.600000381469727,19.827688217163086
1988-10-31,46400,27.5,27.899999618530273,27.899999618530273,27.5,19.827688217163086
1988-10-28,32200,27.600000381469727,27.700000762939453,27.899999618530273,27.5,19.6855525970459
1988-10-27,66500,28.0,27.399999618530273,28.0,27.299999237060547,19.47235107421875
1988-10-26,71800,28.299999237060547,28.0,28.299999237060547,27.899999618530273,19.89875030517578
1988-10-25,121100,29.0,28.200000762939453,29.0,28.100000381469727,20.040884017944336
1988-10-24,67500,29.200000762939453,29.200000762939453,29.299999237060547,29.0,20.751550674438477
1988-10-21,127100,29.399999618530273,29.399999618530273,29.5,29.200000762939453,20.893680572509766
1988-10-20,50500,28.799999237060547,29.200000762939453,29.200000762939453,28.700000762939453,20.751550674438477
1988-10-19,77700,29.399999618530273,28.799999237060547,29.5,28.0,20.467283248901367
1988-10-18,200200,29.200000762939453,29.399999618530273,29.399999618530273,29.0,20.893680572509766
1988-10-17,60400,28.799999237060547,29.299999237060547,29.399999618530273,28.799999237060547,20.822612762451172
1988-10-14,31900,29.0,28.799999237060547,29.299999237060547,28.600000381469727,20.467283248901367
1988-10-13,60200,29.5,29.100000381469727,29.600000381469727,29.100000381469727,20.680492401123047
1988-10-12,78500,29.5,29.399999618530273,29.600000381469727,29.299999237060547,20.893680572509766
1988-10-11,73800,30.200000762939453,29.700000762939453,30.200000762939453,29.5,21.10687828063965
1988-10-10,102000,29.399999618530273,30.0,30.399999618530273,29.100000381469727,21.32008171081543
1988-10-07,121800,28.200000762939453,29.200000762939453,29.200000762939453,27.799999237060547,20.751550674438477
1988-10-06,82000,28.5,28.200000762939453,28.5,27.899999618530273,20.040884017944336
1988-10-05,61800,28.100000381469727,28.299999237060547,28.399999618530273,27.799999237060547,20.11195945739746
1988-10-04,31400,28.299999237060547,28.200000762939453,28.600000381469727,28.0,20.040884017944336
1988-10-03,62700,28.5,28.600000381469727,28.600000381469727,28.0,20.325151443481445
1988-09-30,99800,28.5,28.299999237060547,28.700000762939453,28.100000381469727,20.11195945739746
1988-09-29,112800,28.899999618530273,28.799999237060547,29.100000381469727,28.700000762939453,20.467283248901367
1988-09-28,164800,27.700000762939453,28.899999618530273,28.899999618530273,27.700000762939453,20.538349151611328
1988-09-27,76900,27.899999618530273,27.799999237060547,27.899999618530273,27.600000381469727,19.756614685058594
1988-09-26,98800,28.0,27.899999618530273,28.0,27.700000762939453,19.827688217163086
1988-09-23,107100,28.899999618530273,28.399999618530273,28.899999618530273,28.200000762939453,20.18302345275879
1988-09-22,241800,29.0,28.899999618530273,29.0,28.399999618530273,20.538349151611328
1988-09-21,952700,28.799999237060547,29.0,29.600000381469727,28.799999237060547,20.609424591064453
1988-09-20,159500,26.799999237060547,27.399999618530273,27.700000762939453,26.799999237060547,19.47235107421875
1988-09-19,103400,27.399999618530273,26.799999237060547,27.399999618530273,26.600000381469727,19.04595375061035
1988-09-16,167400,27.700000762939453,27.5,27.799999237060547,27.200000762939453,19.543420791625977
1988-09-15,69300,28.200000762939453,27.899999618530273,28.399999618530273,27.899999618530273,19.827688217163086
1988-09-14,33000,28.5,28.399999618530273,28.600000381469727,28.100000381469727,20.18302345275879
1988-09-13,65100,28.100000381469727,28.299999237060547,28.299999237060547,27.799999237060547,20.11195945739746
1988-09-12,77400,27.899999618530273,27.899999618530273,28.100000381469727,27.700000762939453,19.827688217163086
1988-09-09,119500,28.200000762939453,28.0,28.299999237060547,27.799999237060547,19.89875030517578
1988-09-08,181200,28.799999237060547,28.200000762939453,28.799999237060547,28.100000381469727,20.040884017944336
1988-09-07,115800,28.799999237060547,28.700000762939453,28.899999618530273,28.399999618530273,20.396209716796875
1988-09-06,338200,28.799999237060547,28.700000762939453,29.200000762939453,28.399999618530273,20.396209716796875
1988-09-02,120000,28.100000381469727,28.200000762939453,28.5,27.799999237060547,20.040884017944336
1988-09-01,185500,29.399999618530273,28.0,29.399999618530273,27.700000762939453,19.89875030517578
1988-08-31,73500,29.600000381469727,29.399999618530273,29.700000762939453,29.399999618530273,20.893680572509766
1988-08-30,92400,29.5,29.399999618530273,29.5,29.200000762939453,20.893680572509766
1988-08-29,32700,29.5,29.299999237060547,29.600000381469727,29.200000762939453,20.822612762451172
1988-08-26,57800,29.600000381469727,29.299999237060547,29.600000381469727,29.200000762939453,20.822612762451172
1988-08-25,85200,29.700000762939453,29.5,29.700000762939453,29.0,20.964750289916992
1988-08-24,128300,29.399999618530273,29.799999237060547,30.100000381469727,29.399999618530273,21.177961349487305
1988-08-23,74800,29.899999618530273,29.600000381469727,29.899999618530273,29.100000381469727,21.03582191467285
1988-08-22,70400,30.200000762939453,29.700000762939453,30.200000762939453,29.700000762939453,21.10687828063965
1988-08-19,128100,29.200000762939453,29.899999618530273,30.0,29.200000762939453,21.249027252197266
1988-08-18,64500,29.600000381469727,29.399999618530273,29.799999237060547,29.399999618530273,20.808256149291992
1988-08-17,95300,30.299999237060547,29.5,30.299999237060547,29.399999618530273,20.879039764404297
1988-08-16,95700,29.799999237060547,30.299999237060547,30.399999618530273,29.600000381469727,21.445247650146484
1988-08-15,142900,30.0,29.399999618530273,30.0,29.200000762939453,20.808256149291992
1988-08-12,76900,30.100000381469727,30.200000762939453,30.5,29.799999237060547,21.374473571777344
1988-08-11,109200,30.0,29.899999618530273,30.0,29.200000762939453,21.162147521972656
1988-08-10,104600,30.399999618530273,30.0,30.600000381469727,29.799999237060547,21.232921600341797
1988-08-09,225800,31.700000762939453,30.200000762939453,31.700000762939453,29.899999618530273,21.374473571777344
1988-08-08,92600,31.600000381469727,31.600000381469727,32.099998474121094,31.600000381469727,22.365345001220703
1988-08-05,106000,32.0,31.899999618530273,32.0,31.5,22.577669143676758
1988-08-04,71300,31.899999618530273,32.29999923706055,32.5,31.5,22.86078643798828
1988-08-03,129400,31.899999618530273,31.700000762939453,32.29999923706055,31.700000762939453,22.436119079589844
1988-08-02,150200,32.900001525878906,31.799999237060547,33.099998474121094,31.799999237060547,22.50689697265625
1988-08-01,47900,33.099998474121094,32.70000076293945,33.29999923706055,32.70000076293945,23.143892288208008
1988-07-29,156300,31.799999237060547,33.20000076293945,33.20000076293945,31.799999237060547,23.497770309448242
1988-07-28,83400,31.700000762939453,31.600000381469727,31.700000762939453,31.200000762939453,22.365345001220703
1988-07-27,70600,32.5,32.0,32.79999923706055,32.0,22.648456573486328
1988-07-26,120200,32.29999923706055,32.400001525878906,32.79999923706055,32.29999923706055,22.93155860900879
1988-07-25,181600,33.599998474121094,32.5,33.79999923706055,32.099998474121094,23.00234031677246
1988-07-22,110300,34.20000076293945,33.599998474121094,34.20000076293945,33.400001525878906,23.780874252319336
1988-07-21,215700,35.400001525878906,34.099998474121094,35.400001525878906,33.79999923706055,24.13475799560547
1988-07-20,466700,34.599998474121094,35.599998474121094,35.599998474121094,34.599998474121094,25.196399688720703
1988-07-19,379400,33.70000076293945,34.599998474121094,34.79999923706055,32.79999923706055,24.488643646240234
1988-07-18,79100,34.20000076293945,33.599998474121094,34.20000076293945,33.29999923706055,23.780874252319336
1988-07-15,197900,34.599998474121094,34.599998474121094,35.099998474121094,34.20000076293945,24.488643646240234
1988-07-14,386600,34.0,34.599998474121094,34.79999923706055,33.79999923706055,24.488643646240234
1988-07-13,234300,33.79999923706055,34.0,34.0,33.5,24.06397819519043
1988-07-12,100800,33.79999923706055,33.599998474121094,34.0,33.29999923706055,23.780874252319336
1988-07-11,117400,34.900001525878906,34.0,35.0,34.0,24.06397819519043
1988-07-08,219200,34.20000076293945,34.79999923706055,35.099998474121094,34.20000076293945,24.630197525024414
1988-07-07,209300,33.099998474121094,33.900001525878906,34.0,32.900001525878906,23.993209838867188
1988-07-06,183200,32.79999923706055,32.900001525878906,33.0,32.5,23.285444259643555
1988-07-05,67500,32.70000076293945,32.79999923706055,32.79999923706055,32.5,23.21466827392578
1988-07-01,63900,32.900001525878906,32.5,33.0,32.400001525878906,23.00234031677246
1988-06-30,146000,32.79999923706055,32.79999923706055,33.29999923706055,32.599998474121094,23.21466827392578
1988-06-29,226300,33.900001525878906,33.0,33.900001525878906,32.400001525878906,23.356224060058594
1988-06-28,153900,34.0,33.70000076293945,34.0,33.599998474121094,23.851661682128906
1988-06-27,193200,33.79999923706055,33.5,33.79999923706055,33.400001525878906,23.710098266601562
1988-06-24,438500,34.20000076293945,33.5,34.5,33.400001525878906,23.710098266601562
1988-06-23,176200,36.20000076293945,35.599998474121094,36.400001525878906,35.599998474121094,25.196399688720703
1988-06-22,250600,37.29999923706055,36.5,37.29999923706055,36.400001525878906,25.833393096923828
1988-06-21,145500,37.099998474121094,37.29999923706055,37.29999923706055,36.900001525878906,26.39959716796875
1988-06-20,225900,36.79999923706055,37.0,37.20000076293945,36.70000076293945,26.18726921081543
1988-06-17,512700,36.0,36.70000076293945,36.70000076293945,36.0,25.974937438964844
1988-06-16,211300,36.20000076293945,35.79999923706055,36.599998474121094,35.70000076293945,25.33795738220215
1988-06-15,342100,35.79999923706055,36.099998474121094,36.400001525878906,35.5,25.550273895263672
1988-06-14,726300,36.20000076293945,35.70000076293945,36.599998474121094,35.70000076293945,25.267187118530273
1988-06-13,244000,34.099998474121094,35.79999923706055,35.900001525878906,33.79999923706055,25.33795738220215
1988-06-10,223900,34.70000076293945,35.20000076293945,35.5,34.5,24.913299560546875
1988-06-09,220600,33.900001525878906,34.5,34.79999923706055,33.599998474121094,24.417858123779297
1988-06-08,154600,34.400001525878906,34.29999923706055,34.5,33.900001525878906,24.276309967041016
1988-06-07,396600,34.0,33.79999923706055,35.099998474121094,33.79999923706055,23.92241668701172
1988-06-06,395200,33.599998474121094,34.0,35.0,33.5,24.06397819519043
1988-06-03,797400,31.5,33.599998474121094,33.599998474121094,31.299999237060547,23.780874252319336
1988-06-02,273700,30.600000381469727,31.200000762939453,31.600000381469727,30.200000762939453,22.082244873046875
1988-06-01,197900,30.700000762939453,30.5,30.700000762939453,30.299999237060547,21.586803436279297
1988-05-31,301000,30.299999237060547,30.5,30.700000762939453,30.200000762939453,21.586803436279297
1988-05-27,164300,30.0,30.100000381469727,30.100000381469727,30.0,21.30369758605957
1988-05-26,67200,29.5,29.899999618530273,30.0,29.5,21.162147521972656
1988-05-25,53300,30.0,29.600000381469727,30.0,29.5,20.949825286865234
1988-05-24,167700,30.0,30.100000381469727,30.100000381469727,29.600000381469727,21.30369758605957
1988-05-23,205600,29.600000381469727,30.100000381469727,30.100000381469727,29.399999618530273,21.30369758605957
1988-05-20,145500,29.299999237060547,29.299999237060547,29.399999618530273,29.0,20.737483978271484
1988-05-19,319800,29.200000762939453,29.5,29.600000381469727,29.0,20.793968200683594
1988-05-18,41100,28.299999237060547,28.700000762939453,28.799999237060547,28.299999237060547,20.230058670043945
1988-05-17,95300,29.100000381469727,28.399999618530273,29.399999618530273,28.399999618530273,20.018604278564453
1988-05-16,87000,29.0,29.0,29.200000762939453,29.0,20.44153594970703
1988-05-13,82100,29.0,29.100000381469727,29.200000762939453,28.899999618530273,20.51201820373535
1988-05-12,52700,28.299999237060547,28.799999237060547,28.799999237060547,28.299999237060547,20.300546646118164
1988-05-11,45400,28.899999618530273,28.399999618530273,28.899999618530273,28.200000762939453,20.018604278564453
1988-05-10,120000,28.100000381469727,28.899999618530273,28.899999618530273,28.100000381469727,20.37103271484375
1988-05-09,47500,27.899999618530273,28.200000762939453,28.200000762939453,27.899999618530273,19.877622604370117
1988-05-06,72300,27.799999237060547,27.899999618530273,28.0,27.700000762939453,19.666162490844727
1988-05-05,91700,27.899999618530273,28.0,28.0,27.5,19.736648559570312
1988-05-04,58200,28.0,28.0,28.200000762939453,27.700000762939453,19.736648559570312
1988-05-03,55000,27.799999237060547,28.100000381469727,28.100000381469727,27.799999237060547,19.807138442993164
1988-05-02,61800,28.100000381469727,27.799999237060547,28.100000381469727,27.700000762939453,19.595666885375977
1988-04-29,72800,28.299999237060547,28.200000762939453,28.399999618530273,27.799999237060547,19.877622604370117
1988-04-28,94000,28.700000762939453,28.5,28.700000762939453,28.200000762939453,20.08908462524414
1988-04-27,33200,28.700000762939453,28.600000381469727,28.899999618530273,28.600000381469727,20.159574508666992
1988-04-26,79800,28.899999618530273,28.899999618530273,29.0,28.5,20.37103271484375
1988-04-25,86900,28.600000381469727,28.799999237060547,29.100000381469727,28.600000381469727,20.300546646118164
1988-04-22,232600,28.200000762939453,28.399999618530273,28.799999237060547,28.100000381469727,20.018604278564453
1988-04-21,89800,28.899999618530273,28.5,29.299999237060547,28.100000381469727,20.08908462524414
1988-04-20,87200,28.799999237060547,28.899999618530273,29.200000762939453,28.799999237060547,20.37103271484375
1988-04-19,123300,29.0,29.100000381469727,29.200000762939453,28.799999237060547,20.51201820373535
1988-04-18,299900,28.799999237060547,29.0,29.299999237060547,28.799999237060547,20.44153594970703
1988-04-15,84600,28.600000381469727,28.799999237060547,28.899999618530273,28.200000762939453,20.300546646118164
1988-04-14,694900,28.799999237060547,28.399999618530273,29.100000381469727,28.399999618530273,20.018604278564453
1988-04-13,199200,28.899999618530273,29.200000762939453,29.299999237060547,28.899999618530273,20.582500457763672
1988-04-12,202200,28.700000762939453,29.0,29.0,28.5,20.44153594970703
1988-04-11,89000,28.799999237060547,28.600000381469727,28.799999237060547,28.5,20.159574508666992
1988-04-08,129800,28.799999237060547,28.799999237060547,29.0,28.600000381469727,20.300546646118164
1988-04-07,145400,28.0,28.799999237060547,29.100000381469727,28.0,20.300546646118164
1988-04-06,118600,27.899999618530273,28.100000381469727,28.200000762939453,27.799999237060547,19.807138442993164
1988-04-05,74400,28.200000762939453,28.0,28.299999237060547,27.799999237060547,19.736648559570312
1988-04-04,98400,27.600000381469727,28.200000762939453,28.200000762939453,27.600000381469727,19.877622604370117
1988-03-31,164200,27.5,27.600000381469727,27.899999618530273,27.5,19.454696655273438
1988-03-30,84100,27.600000381469727,27.5,27.799999237060547,27.299999237060547,19.384212493896484
1988-03-29,126800,27.399999618530273,27.700000762939453,27.700000762939453,27.399999618530273,19.525190353393555
1988-03-28,92200,27.299999237060547,27.200000762939453,27.399999618530273,26.899999618530273,19.172746658325195
1988-03-25,55200,27.399999618530273,27.399999618530273,27.5,27.100000381469727,19.313716888427734
1988-03-24,160100,28.399999618530273,27.799999237060547,28.5,27.600000381469727,19.595666885375977
1988-03-23,57800,28.0,28.299999237060547,28.299999237060547,28.0,19.948116302490234
1988-03-22,55000,28.0,27.899999618530273,28.100000381469727,27.700000762939453,19.666162490844727
1988-03-21,84700,27.799999237060547,28.0,28.299999237060547,27.799999237060547,19.736648559570312
1988-03-18,169400,28.100000381469727,27.600000381469727,28.100000381469727,27.600000381469727,19.454696655273438
1988-03-17,199900,27.399999618530273,27.799999237060547,27.799999237060547,27.299999237060547,19.595666885375977
1988-03-16,111800,27.899999618530273,27.100000381469727,27.899999618530273,26.899999618530273,19.10226058959961
1988-03-15,209600,28.0,27.799999237060547,28.399999618530273,27.399999618530273,19.595666885375977
1988-03-14,82600,27.899999618530273,28.0,28.200000762939453,27.700000762939453,19.736648559570312
1988-03-11,101900,28.399999618530273,27.899999618530273,28.399999618530273,27.600000381469727,19.666162490844727
1988-03-10,187600,29.200000762939453,28.799999237060547,29.399999618530273,28.600000381469727,20.300546646118164
1988-03-09,391600,29.100000381469727,28.799999237060547,29.700000762939453,28.799999237060547,20.300546646118164
1988-03-08,162100,28.200000762939453,28.700000762939453,29.200000762939453,28.100000381469727,20.230058670043945
1988-03-07,88300,28.600000381469727,28.0,28.799999237060547,27.799999237060547,19.736648559570312
1988-03-04,110300,28.200000762939453,28.399999618530273,28.799999237060547,27.799999237060547,20.018604278564453
1988-03-03,168200,26.799999237060547,28.299999237060547,28.399999618530273,26.700000762939453,19.948116302490234
1988-03-02,52200,27.0,26.899999618530273,27.200000762939453,26.700000762939453,18.961267471313477
1988-03-01,195300,27.200000762939453,27.0,27.399999618530273,26.700000762939453,19.03176498413086
1988-02-29,161500,26.200000762939453,27.5,27.5,26.200000762939453,19.384212493896484
1988-02-26,75400,25.899999618530273,26.399999618530273,26.700000762939453,25.899999618530273,18.608842849731445
1988-02-25,135600,25.899999618530273,26.0,26.799999237060547,25.799999237060547,18.326879501342773
1988-02-24,141100,27.0,26.100000381469727,27.0,25.899999618530273,18.39735984802246
1988-02-23,151600,27.200000762939453,27.0,27.299999237060547,26.600000381469727,19.03176498413086
1988-02-22,155100,26.600000381469727,27.399999618530273,27.600000381469727,26.5,19.313716888427734
1988-02-19,134000,26.799999237060547,26.700000762939453,27.200000762939453,26.5,18.820308685302734
1988-02-18,163500,26.700000762939453,26.799999237060547,27.200000762939453,26.5,18.890798568725586
1988-02-17,142200,26.899999618530273,26.899999618530273,27.200000762939453,26.899999618530273,18.876550674438477
1988-02-16,101400,26.299999237060547,26.799999237060547,27.0,26.299999237060547,18.806379318237305
1988-02-12,223300,26.0,26.399999618530273,26.799999237060547,26.0,18.52569007873535
1988-02-11,193300,26.100000381469727,25.600000381469727,26.200000762939453,25.600000381469727,17.964305877685547
1988-02-10,71200,25.600000381469727,26.0,26.0,25.600000381469727,18.244993209838867
1988-02-09,93400,25.200000762939453,25.399999618530273,25.600000381469727,24.700000762939453,17.82396697998047
1988-02-08,98900,25.100000381469727,25.100000381469727,25.700000762939453,24.799999237060547,17.613441467285156
1988-02-05,69200,24.799999237060547,24.899999618530273,25.100000381469727,24.700000762939453,17.47309112548828
1988-02-04,130400,24.799999237060547,24.600000381469727,25.0,24.299999237060547,17.2625732421875
1988-02-03,239800,25.299999237060547,24.700000762939453,25.799999237060547,24.200000762939453,17.332740783691406
1988-02-02,326300,25.799999237060547,25.799999237060547,26.200000762939453,25.700000762939453,18.104646682739258
1988-02-01,169700,26.100000381469727,25.799999237060547,26.200000762939453,25.5,18.104646682739258
1988-01-29,764900,27.399999618530273,26.100000381469727,27.5,25.100000381469727,18.31517219543457
1988-01-28,1412500,27.5,27.399999618530273,27.700000762939453,27.200000762939453,19.22740936279297
1988-01-27,2632700,27.5,27.299999237060547,28.600000381469727,27.200000762939453,19.15723419189453
1988-01-26,110600,27.5,26.899999618530273,27.700000762939453,26.899999618530273,18.876550674438477
1988-01-25,239500,27.899999618530273,27.299999237060547,27.899999618530273,26.399999618530273,19.15723419189453
1988-01-22,87900,28.100000381469727,27.899999618530273,28.100000381469727,27.5,19.57828140258789
1988-01-21,149500,28.200000762939453,28.100000381469727,28.299999237060547,27.799999237060547,19.718624114990234
1988-01-20,520000,27.299999237060547,27.700000762939453,28.399999618530273,27.100000381469727,19.437944412231445
1988-01-19,61800,27.600000381469727,27.299999237060547,27.700000762939453,27.200000762939453,19.15723419189453
1988-01-18,175500,27.299999237060547,27.799999237060547,28.0,27.299999237060547,19.508102416992188
1988-01-15,230400,27.700000762939453,27.200000762939453,27.899999618530273,27.0,19.08707046508789
1988-01-14,301200,27.200000762939453,27.799999237060547,28.0,27.200000762939453,19.508102416992188
1988-01-13,222600,26.600000381469727,27.200000762939453,27.5,26.100000381469727,19.08707046508789
1988-01-12,274200,25.5,26.0,26.200000762939453,24.399999618530273,18.244993209838867
1988-01-11,180600,25.399999618530273,25.5,25.799999237060547,24.299999237060547,17.894136428833008
1988-01-08,109500,27.200000762939453,25.600000381469727,27.600000381469727,25.399999618530273,17.964305877685547
1988-01-07,96100,27.5,27.399999618530273,27.700000762939453,26.899999618530273,19.22740936279297
1988-01-06,220300,26.5,27.299999237060547,27.399999618530273,26.399999618530273,19.15723419189453
1988-01-05,300100,26.799999237060547,26.899999618530273,27.0,26.299999237060547,18.876550674438477
1988-01-04,170900,27.600000381469727,27.0,27.799999237060547,26.799999237060547,18.946727752685547
1987-12-31,167900,27.600000381469727,28.200000762939453,28.600000381469727,27.399999618530273,19.788806915283203
1987-12-30,161000,27.700000762939453,27.399999618530273,28.0,27.299999237060547,19.22740936279297
1987-12-29,111300,28.0,27.799999237060547,28.100000381469727,27.200000762939453,19.508102416992188
1987-12-28,95500,28.299999237060547,28.399999618530273,28.799999237060547,28.0,19.929141998291016
1987-12-24,49400,28.799999237060547,28.799999237060547,28.799999237060547,28.299999237060547,20.209840774536133
1987-12-23,81700,28.799999237060547,28.700000762939453,29.0,28.200000762939453,20.139663696289062
1987-12-22,145400,28.100000381469727,29.100000381469727,29.200000762939453,28.0,20.420366287231445
1987-12-21,186300,28.399999618530273,28.0,28.600000381469727,27.200000762939453,19.648456573486328
1987-12-18,337700,28.0,28.200000762939453,28.399999618530273,28.0,19.788806915283203
1987-12-17,169200,29.0,28.5,29.0,28.200000762939453,19.99932289123535
1987-12-16,111300,28.299999237060547,29.200000762939453,29.399999618530273,28.299999237060547,20.490522384643555
1987-12-15,230100,30.100000381469727,28.399999618530273,30.299999237060547,28.200000762939453,19.929141998291016
1987-12-14,400600,31.899999618530273,30.5,32.0,30.5,21.40277862548828
1987-12-11,238900,29.899999618530273,30.600000381469727,30.700000762939453,29.600000381469727,21.472951889038086
1987-12-10,126200,28.299999237060547,29.299999237060547,29.5,28.100000381469727,20.560707092285156
1987-12-09,51500,28.299999237060547,28.299999237060547,28.5,28.0,19.858978271484375
1987-12-08,73300,27.5,28.5,28.5,27.299999237060547,19.99932289123535
1987-12-07,153700,25.799999237060547,27.799999237060547,27.799999237060547,25.600000381469727,19.508102416992188
1987-12-04,337400,27.0,25.700000762939453,27.200000762939453,25.0,18.03447151184082
1987-12-03,183300,30.0,26.799999237060547,30.399999618530273,26.600000381469727,18.806379318237305
1987-12-02,325700,30.600000381469727,30.200000762939453,31.5,29.799999237060547,21.192270278930664
1987-12-01,469200,30.200000762939453,30.600000381469727,31.100000381469727,29.799999237060547,21.472951889038086
1987-11-30,1117400,36.400001525878906,30.5,36.400001525878906,29.600000381469727,21.40277862548828
1987-11-27,473200,32.099998474121094,32.20000076293945,32.79999923706055,31.700000762939453,22.595722198486328
1987-11-25,340500,29.399999618530273,31.600000381469727,31.600000381469727,29.299999237060547,22.174686431884766
1987-11-24,340500,27.799999237060547,29.200000762939453,29.200000762939453,27.799999237060547,20.490522384643555
1987-11-23,195100,25.600000381469727,27.600000381469727,28.0,25.600000381469727,19.367765426635742
1987-11-20,206700,25.200000762939453,25.799999237060547,26.700000762939453,24.799999237060547,18.104646682739258
1987-11-19,124300,25.399999618530273,25.0,26.100000381469727,24.600000381469727,17.54326820373535
1987-11-18,138500,25.799999237060547,25.600000381469727,26.200000762939453,24.299999237060547,17.879959106445312
1987-11-17,96200,27.100000381469727,26.700000762939453,27.299999237060547,26.399999618530273,18.648235321044922
1987-11-16,112800,28.0,27.399999618530273,28.700000762939453,27.0,19.137136459350586
1987-11-13,190000,27.700000762939453,28.0,28.700000762939453,27.600000381469727,19.55620002746582
1987-11-12,181300,26.600000381469727,27.5,28.799999237060547,26.299999237060547,19.20698356628418
1987-11-11,94700,26.700000762939453,26.0,27.200000762939453,25.399999618530273,18.159330368041992
1987-11-10,95300,26.600000381469727,26.5,26.899999618530273,26.299999237060547,18.50855255126953
1987-11-09,96200,26.399999618530273,26.899999618530273,27.100000381469727,26.100000381469727,18.787914276123047
1987-11-06,204100,28.600000381469727,26.799999237060547,29.799999237060547,26.799999237060547,18.718074798583984
1987-11-05,342500,28.399999618530273,28.799999237060547,29.0,28.100000381469727,20.11495590209961
1987-11-04,209200,29.600000381469727,29.799999237060547,30.0,29.399999618530273,20.813390731811523
1987-11-03,278600,30.0,30.0,30.100000381469727,28.799999237060547,20.953075408935547
1987-11-02,307100,29.399999618530273,30.0,30.200000762939453,29.200000762939453,20.953075408935547
1987-10-30,495400,28.799999237060547,28.700000762939453,29.399999618530273,27.799999237060547,20.045106887817383
1987-10-29,517400,25.299999237060547,26.600000381469727,27.5,24.0,18.578388214111328
1987-10-28,570700,22.200000762939453,25.5,25.700000762939453,21.799999237060547,17.810110092163086
1987-10-27,649800,24.399999618530273,23.200000762939453,24.899999618530273,22.200000762939453,16.203704833984375
1987-10-26,292600,25.700000762939453,24.299999237060547,25.700000762939453,24.299999237060547,16.971981048583984
1987-10-23,445900,25.399999618530273,26.399999618530273,27.200000762939453,25.100000381469727,18.438703536987305
1987-10-22,819800,25.200000762939453,25.0,27.200000762939453,24.799999237060547,17.460895538330078
1987-10-21,1426600,26.399999618530273,26.200000762939453,27.0,24.600000381469727,18.29901695251465
1987-10-20,683900,28.399999618530273,22.200000762939453,29.0,19.600000381469727,15.505268096923828
1987-10-19,1841000,38.0,28.799999237060547,38.0,28.799999237060547,20.11495590209961
1987-10-16,1752300,40.400001525878906,36.5,41.099998474121094,35.70000076293945,25.492897033691406
1987-10-15,468700,47.0,46.900001525878906,49.599998474121094,46.70000076293945,32.75666427612305
1987-10-14,454800,48.20000076293945,47.0,48.400001525878906,46.70000076293945,32.82649230957031
1987-10-13,224300,48.79999923706055,48.5,49.099998474121094,48.0,33.87412643432617
1987-10-12,241700,49.400001525878906,48.599998474121094,49.400001525878906,48.0,33.94396209716797
1987-10-09,414800,49.400001525878906,49.400001525878906,50.29999923706055,49.0,34.50272750854492
1987-10-08,570300,50.93333435058594,50.53333282470703,51.33333206176758,50.53333282470703,35.294288635253906
1987-10-07,782900,51.46666717529297,51.400001525878906,51.66666793823242,50.93333435058594,35.89958572387695
1987-10-06,686700,52.0,51.79999923706055,52.0,51.400001525878906,36.17898178100586
1987-10-05,587300,50.400001525878906,51.86666488647461,52.0,50.20000076293945,36.22554016113281
1987-10-02,944000,51.46666717529297,50.93333435058594,51.53333282470703,50.79999923706055,35.573631286621094
1987-10-01,1154600,52.266666412353516,51.733333587646484,52.66666793823242,51.53333282470703,36.13243103027344
1987-09-30,1672400,52.33333206176758,52.733333587646484,53.33333206176758,52.266666412353516,36.830867767333984
1987-09-29,1702600,52.06666564941406,52.733333587646484,53.20000076293945,52.06666564941406,36.830867767333984
1987-09-28,2025000,50.400001525878906,51.733333587646484,52.53333282470703,50.266666412353516,36.13243103027344
1987-09-25,1464400,50.66666793823242,50.66666793823242,50.66666793823242,49.599998474121094,35.387420654296875
1987-09-24,1581000,49.599998474121094,50.0,50.20000076293945,49.400001525878906,34.89944076538086
1987-09-23,5632500,50.66666793823242,49.46666717529297,51.400001525878906,49.20000076293945,34.52718734741211
1987-09-22,35324900,51.20000076293945,50.66666793823242,52.79999923706055,50.13333511352539,35.364776611328125
1987-09-21,5550000,50.13333511352539,50.13333511352539,52.93333435058594,48.79999923706055,34.99250411987305
1987-09-18,1360100,53.33333206176758,53.93333435058594,54.06666564941406,53.33333206176758,37.64486312866211
1987-09-17,2474900,53.20000076293945,53.66666793823242,54.0,52.93333435058594,37.458717346191406
1987-09-16,4968700,53.733333587646484,52.86666488647461,53.79999923706055,52.33333206176758,36.900367736816406
1987-09-15,3375000,53.86666488647461,53.93333435058594,54.53333282470703,53.33333206176758,37.64486312866211
1987-09-14,2437400,49.86666488647461,50.93333435058594,51.06666564941406,49.86666488647461,35.55086898803711
1987-09-11,2306200,49.599998474121094,50.06666564941406,50.13333511352539,49.53333282470703,34.94598388671875
1987-09-10,1949900,49.0,49.53333282470703,49.79999923706055,48.86666488647461,34.57373046875
1987-09-09,2137500,48.53333282470703,48.733333587646484,49.06666564941406,48.33333206176758,34.01532745361328
1987-09-08,1987400,48.13333511352539,48.13333511352539,48.53333282470703,47.46666717529297,33.59654235839844
1987-09-04,683900,47.66666793823242,47.13333511352539,47.733333587646484,47.13333511352539,32.89854049682617
1987-09-03,2474900,47.53333282470703,47.53333282470703,47.93333435058594,46.86666488647461,33.17772674560547
1987-09-02,2343700,47.599998474121094,46.400001525878906,47.599998474121094,46.13333511352539,32.38667297363281
1987-09-01,3646900,49.06666564941406,47.20000076293945,49.13333511352539,47.20000076293945,32.9450798034668
1987-08-31,6099300,50.66666793823242,49.06666564941406,50.66666793823242,48.53333282470703,34.24796676635742
1987-08-28,582800,44.266666412353516,44.0,45.20000076293945,43.93333435058594,30.711502075195312
1987-08-27,546000,44.266666412353516,44.266666412353516,44.400001525878906,43.733333587646484,30.89763832092285
1987-08-26,1440400,44.266666412353516,44.53333282470703,45.33333206176758,43.599998474121094,31.083770751953125
1987-08-25,1522600,42.400001525878906,44.66666793823242,44.66666793823242,42.400001525878906,31.17684555053711
1987-08-24,562900,42.13333511352539,42.06666564941406,42.46666717529297,41.599998474121094,29.362064361572266
1987-08-21,1074300,41.06666564941406,42.33333206176758,42.46666717529297,41.0,29.54818344116211
1987-08-20,1378900,41.733333587646484,41.733333587646484,43.66666793823242,41.599998474121094,29.129392623901367
1987-08-19,2025000,44.13333511352539,43.599998474121094,44.13333511352539,42.79999923706055,30.348417282104492
1987-08-18,2250000,45.06666564941406,44.266666412353516,45.33333206176758,43.06666564941406,30.812442779541016
1987-08-17,2550000,42.79999923706055,44.599998474121094,44.66666793823242,42.79999923706055,31.044483184814453
1987-08-14,3281200,44.79999923706055,42.53333282470703,44.79999923706055,42.0,29.605934143066406
1987-08-13,950300,41.06666564941406,41.06666564941406,41.20000076293945,40.46666717529297,28.585050582885742
1987-08-12,1098700,40.06666564941406,41.20000076293945,41.400001525878906,39.93333435058594,28.677846908569336
1987-08-11,1102000,40.400001525878906,40.20000076293945,40.46666717529297,39.599998474121094,27.981792449951172
1987-08-10,1764300,38.53333282470703,39.66666793823242,39.66666793823242,38.13333511352539,27.61055564880371
1987-08-07,852700,37.33333206176758,37.0,37.66666793823242,36.93333435058594,25.7543888092041
1987-08-06,1250000,37.599998474121094,37.20000076293945,37.733333587646484,36.86666488647461,25.893596649169922
1987-08-05,867000,38.400001525878906,38.20000076293945,38.53333282470703,37.86666488647461,26.58966636657715
1987-08-04,2137500,39.46666717529297,39.733333587646484,40.400001525878906,38.46666717529297,27.656949996948242
1987-08-03,1405200,39.46666717529297,40.13333511352539,40.13333511352539,38.46666717529297,27.935400009155273
1987-07-31,670200,35.93333435058594,36.93333435058594,37.06666564941406,35.599998474121094,25.707996368408203
1987-07-30,684800,34.599998474121094,35.46666717529297,35.66666793823242,34.46666717529297,24.687082290649414
1987-07-29,686900,32.93333435058594,34.0,34.0,32.86666488647461,23.66619873046875
1987-07-28,185700,32.06666564941406,32.66666793823242,32.66666793823242,32.0,22.73809242248535
1987-07-27,344700,32.0,32.0,32.400001525878906,31.933332443237305,22.274072647094727
1987-07-24,728700,31.866666793823242,32.266666412353516,32.400001525878906,31.66666603088379,22.459680557250977
1987-07-23,897500,33.33333206176758,32.06666564941406,33.400001525878906,31.866666793823242,22.320470809936523
1987-07-22,1309500,31.933332443237305,33.33333206176758,33.46666717529297,31.799999237060547,23.2021541595459
1987-07-21,907500,31.933332443237305,31.933332443237305,32.400001525878906,31.866666793823242,22.227651596069336
1987-07-20,857400,31.46666717529297,32.33333206176758,32.400001525878906,31.46666717529297,22.506092071533203
1987-07-17,670900,30.866666793823242,30.933332443237305,31.33333396911621,30.600000381469727,21.531591415405273
1987-07-16,764900,30.866666793823242,30.933332443237305,31.33333396911621,30.399999618530273,21.531591415405273
1987-07-15,313900,30.0,30.53333282470703,30.799999237060547,29.733333587646484,21.2531681060791
1987-07-14,802600,29.133333206176758,29.399999618530273,29.600000381469727,28.933332443237305,20.464284896850586
1987-07-13,288500,28.799999237060547,28.933332443237305,28.933332443237305,28.600000381469727,20.13946533203125
1987-07-10,160500,29.066667556762695,28.933332443237305,29.066667556762695,28.733333587646484,20.13946533203125
1987-07-09,525300,28.600000381469727,29.066667556762695,29.200000762939453,28.46666717529297,20.23227882385254
1987-07-08,912900,27.66666603088379,28.799999237060547,29.66666603088379,27.600000381469727,20.046659469604492
1987-07-07,815200,26.399999618530273,27.600000381469727,27.66666603088379,26.33333396911621,19.211381912231445
1987-07-06,537000,25.66666603088379,26.399999618530273,26.53333282470703,25.53333282470703,18.376102447509766
1987-07-02,241400,25.33333396911621,25.866666793823242,25.866666793823242,25.33333396911621,18.004863739013672
1987-07-01,363400,25.266666412353516,25.399999618530273,25.46666717529297,25.066667556762695,17.680036544799805
1987-06-30,295500,24.66666603088379,25.133333206176758,25.133333206176758,24.66666603088379,17.494422912597656
1987-06-29,278600,24.399999618530273,24.866666793823242,24.866666793823242,24.399999618530273,17.308795928955078
1987-06-26,200300,24.66666603088379,24.53333282470703,24.66666603088379,24.46666717529297,17.07677459716797
1987-06-25,410700,24.399999618530273,24.53333282470703,24.66666603088379,24.33333396911621,17.07677459716797
1987-06-24,1240900,24.33333396911621,24.399999618530273,24.600000381469727,24.200000762939453,16.98397445678711
1987-06-23,678000,23.600000381469727,24.200000762939453,24.200000762939453,23.600000381469727,16.844764709472656
1987-06-22,1767400,24.0,23.53333282470703,24.0,23.399999618530273,16.380718231201172
1987-06-19,509200,24.133333206176758,24.266666412353516,24.46666717529297,24.066667556762695,16.89116859436035
1987-06-18,594700,24.0,24.066667556762695,24.200000762939453,24.0,16.7519474029541
1987-06-17,420100,25.133333206176758,24.133333206176758,25.266666412353516,23.933332443237305,16.798357009887695
1987-06-16,353300,26.0,25.0,26.0,24.933332443237305,17.401613235473633
1987-06-15,279300,26.133333206176758,25.933332443237305,26.33333396911621,25.66666603088379,18.0512752532959
1987-06-12,278200,26.733333587646484,26.33333396911621,26.799999237060547,26.33333396911621,18.329689025878906
1987-06-11,398700,26.933332443237305,26.933332443237305,27.066667556762695,26.33333396911621,18.747337341308594
1987-06-10,205100,26.399999618530273,26.433332443237305,26.53333282470703,26.33333396911621,18.39931869506836
1987-06-09,283000,26.399999618530273,26.366666793823242,26.46666717529297,26.266666412353516,18.3529052734375
1987-06-08,193100,26.399999618530273,26.266666412353516,26.46666717529297,26.200000762939453,18.283300399780273
1987-06-05,555300,26.799999237060547,26.233333587646484,26.799999237060547,26.133333206176758,18.260093688964844
1987-06-04,273000,26.46666717529297,26.733333587646484,26.733333587646484,26.33333396911621,18.608121871948242
1987-06-03,387000,26.66666603088379,26.600000381469727,26.66666603088379,26.16666603088379,18.51531219482422
1987-06-02,865800,26.233333587646484,26.66666603088379,26.83333396911621,26.200000762939453,18.561729431152344
1987-06-01,391800,26.133333206176758,26.066667556762695,26.16666603088379,25.766666412353516,18.144075393676758
1987-05-29,445100,26.5,26.433332443237305,26.566667556762695,26.33333396911621,18.39931869506836
1987-05-28,482600,26.133333206176758,26.399999618530273,26.66666603088379,26.133333206176758,18.376102447509766
1987-05-27,501700,25.600000381469727,25.733333587646484,25.933332443237305,25.399999618530273,17.912052154541016
1987-05-26,958800,26.399999618530273,25.633333206176758,26.46666717529297,25.53333282470703,17.842453002929688
1987-05-22,360000,27.33333396911621,27.133333206176758,27.33333396911621,27.0,18.886552810668945
1987-05-21,646900,28.633333206176758,27.33333396911621,28.633333206176758,27.33333396911621,19.02576446533203
1987-05-20,567300,29.200000762939453,28.600000381469727,29.200000762939453,28.266666412353516,19.90744972229004
1987-05-19,552000,28.66666603088379,28.799999237060547,28.799999237060547,28.433332443237305,20.046659469604492
1987-05-18,606700,28.133333206176758,28.46666717529297,28.799999237060547,28.133333206176758,19.814640045166016
1987-05-15,732400,27.733333587646484,28.0,28.399999618530273,27.600000381469727,19.489809036254883
1987-05-14,422200,27.33333396911621,26.899999618530273,27.366666793823242,26.600000381469727,18.724130630493164
1987-05-13,786000,27.46666717529297,27.700000762939453,28.133333206176758,27.399999618530273,19.113649368286133
1987-05-12,197900,27.399999618530273,27.133333206176758,27.53333282470703,27.133333206176758,18.722640991210938
1987-05-11,613100,27.066667556762695,27.200000762939453,27.53333282470703,27.0,18.76864242553711
1987-05-08,907000,26.100000381469727,27.133333206176758,27.733333587646484,25.866666793823242,18.722640991210938
1987-05-07,475100,26.33333396911621,25.899999618530273,26.33333396911621,25.799999237060547,17.871610641479492
1987-05-06,576300,25.600000381469727,26.266666412353516,26.399999618530273,25.566667556762695,18.12462043762207
1987-05-05,492300,25.33333396911621,25.66666603088379,25.83333396911621,25.233333587646484,17.710607528686523
1987-05-04,561300,24.633333206176758,25.46666717529297,25.566667556762695,24.566667556762695,17.57259178161621
1987-05-01,213300,24.266666412353516,24.433332443237305,24.5,24.266666412353516,16.859573364257812
1987-04-30,643800,24.46666717529297,24.200000762939453,24.566667556762695,24.066667556762695,16.698566436767578
1987-04-29,760500,24.0,24.399999618530273,24.399999618530273,24.0,16.836572647094727
1987-04-28,1859200,24.866666793823242,24.0,24.866666793823242,24.0,16.560558319091797
1987-04-27,1387100,26.733333587646484,24.53333282470703,26.799999237060547,24.266666412353516,16.928579330444336
1987-04-24,845600,27.200000762939453,26.266666412353516,27.200000762939453,26.200000762939453,18.12462043762207
1987-04-23,847800,26.200000762939453,26.600000381469727,27.133333206176758,25.933332443237305,18.35462760925293
1987-04-22,686200,25.66666603088379,25.933332443237305,26.133333206176758,25.433332443237305,17.894615173339844
1987-04-21,560500,26.366666793823242,25.733333587646484,26.53333282470703,25.700000762939453,17.7565975189209
1987-04-20,392900,25.33333396911621,26.299999237060547,26.399999618530273,25.266666412353516,18.147626876831055
1987-04-16,1460600,25.0,25.399999618530273,25.46666717529297,24.46666717529297,17.526599884033203
1987-04-15,853400,26.266666412353516,25.200000762939453,26.266666412353516,25.0,17.388587951660156
1987-04-14,1186800,27.066667556762695,26.53333282470703,27.066667556762695,25.66666603088379,18.308624267578125
1987-04-13,535900,26.600000381469727,26.266666412353516,27.16666603088379,26.0,18.12462043762207
1987-04-10,1297000,26.53333282470703,26.53333282470703,27.96666717529297,26.200000762939453,18.308624267578125
1987-04-09,1497300,25.5,27.200000762939453,27.200000762939453,25.33333396911621,18.76864242553711
1987-04-08,799900,25.66666603088379,25.399999618530273,25.96666717529297,25.133333206176758,17.526599884033203
1987-04-07,657700,25.299999237060547,25.600000381469727,26.399999618530273,25.200000762939453,17.66460609436035
1987-04-06,801000,24.733333587646484,25.299999237060547,25.66666603088379,24.66666603088379,17.457592010498047
1987-04-03,917200,24.433332443237305,24.66666603088379,24.700000762939453,24.33333396911621,17.02058219909668
1987-04-02,1011300,24.200000762939453,24.433332443237305,24.66666603088379,24.100000381469727,16.859573364257812
1987-04-01,723700,25.03333282470703,24.03333282470703,25.133333206176758,24.03333282470703,16.583560943603516
1987-03-31,1112600,25.600000381469727,25.16666603088379,25.600000381469727,25.066667556762695,17.365589141845703
1987-03-30,797500,25.066667556762695,25.766666412353516,25.799999237060547,25.066667556762695,17.779613494873047
1987-03-27,912000,24.0,25.399999618530273,25.46666717529297,24.0,17.526599884033203
1987-03-26,511800,23.899999618530273,23.733333587646484,24.0,23.600000381469727,16.376569747924805
1987-03-25,2464800,23.53333282470703,24.0,24.0,23.53333282470703,16.560558319091797
1987-03-24,1712500,22.96666717529297,23.33333396911621,23.33333396911621,22.866666793823242,16.100563049316406
1987-03-23,488200,22.399999618530273,23.0,23.0,22.33333396911621,15.870546340942383
1987-03-20,940500,22.566667556762695,22.700000762939453,22.83333396911621,22.53333282470703,15.66353702545166
1987-03-19,316100,22.700000762939453,22.633333206176758,22.83333396911621,22.600000381469727,15.617536544799805
1987-03-18,583100,23.0,22.700000762939453,23.133333206176758,22.433332443237305,15.66353702545166
1987-03-17,718100,23.366666793823242,22.799999237060547,23.366666793823242,22.733333587646484,15.732537269592285
1987-03-16,558700,24.066667556762695,23.566667556762695,24.066667556762695,23.299999237060547,16.26154899597168
1987-03-13,1091600,23.600000381469727,24.133333206176758,24.66666603088379,23.600000381469727,16.65256118774414
1987-03-12,811000,22.933332443237305,23.433332443237305,23.433332443237305,22.799999237060547,16.16954803466797
1987-03-11,785200,23.066667556762695,22.733333587646484,23.133333206176758,22.733333587646484,15.686538696289062
1987-03-10,341200,21.96666717529297,22.46666717529297,22.5,21.733333587646484,15.502540588378906
1987-03-09,258700,22.266666412353516,21.96666717529297,22.266666412353516,21.866666793823242,15.15751838684082
1987-03-06,232800,22.16666603088379,22.233333587646484,22.33333396911621,22.03333282470703,15.34152889251709
1987-03-05,502800,22.16666603088379,22.366666793823242,22.899999618530273,22.16666603088379,15.433523178100586
1987-03-04,422900,21.733333587646484,22.16666603088379,22.200000762939453,21.566667556762695,15.29552173614502
1987-03-03,283800,21.766666412353516,21.633333206176758,21.799999237060547,21.46666717529297,14.927519798278809
1987-03-02,311200,21.799999237060547,21.700000762939453,21.933332443237305,21.66666603088379,14.973511695861816
1987-02-27,347600,22.133333206176758,21.866666793823242,22.53333282470703,21.600000381469727,15.088507652282715
1987-02-26,350200,21.5,22.066667556762695,22.200000762939453,21.433332443237305,15.226516723632812
1987-02-25,733100,21.399999618530273,21.5,21.733333587646484,21.366666793823242,14.835505485534668
1987-02-24,255300,21.200000762939453,21.433332443237305,21.433332443237305,21.100000381469727,14.789512634277344
1987-02-23,493500,21.03333282470703,21.200000762939453,21.266666412353516,21.0,14.628493309020996
1987-02-20,361100,20.600000381469727,21.16666603088379,21.33333396911621,20.600000381469727,14.605500221252441
1987-02-19,263600,19.933332443237305,20.566667556762695,20.566667556762695,19.899999618530273,14.191488265991211
1987-02-18,767200,20.0,19.933332443237305,20.200000762939453,19.933332443237305,13.754465103149414
1987-02-17,280800,20.233333587646484,20.233333587646484,20.266666412353516,20.066667556762695,13.961482048034668
1987-02-13,636700,20.200000762939453,20.266666412353516,20.366666793823242,20.16666603088379,13.846333503723145
1987-02-12,1127600,20.53333282470703,20.46666717529297,20.96666717529297,20.433332443237305,13.982980728149414
1987-02-11,710600,19.53333282470703,19.933332443237305,20.299999237060547,19.53333282470703,13.618592262268066
1987-02-10,273700,19.266666412353516,19.53333282470703,19.53333282470703,19.266666412353516,13.345320701599121
1987-02-09,863600,19.266666412353516,19.399999618530273,19.46666717529297,19.233333587646484,13.254228591918945
1987-02-06,295100,19.433332443237305,19.46666717529297,19.633333206176758,19.433332443237305,13.29977035522461
1987-02-05,627700,19.200000762939453,19.53333282470703,19.53333282470703,19.133333206176758,13.345320701599121
1987-02-04,660400,18.566667556762695,19.0,19.066667556762695,18.5,12.980944633483887
1987-02-03,480400,18.5,18.566667556762695,18.66666603088379,18.399999618530273,12.684883117675781
1987-02-02,291300,18.600000381469727,18.566667556762695,18.633333206176758,18.53333282470703,12.684883117675781
1987-01-30,703100,18.66666603088379,18.633333206176758,18.700000762939453,18.566667556762695,12.730436325073242
1987-01-29,259100,19.0,18.766666412353516,19.0,18.733333587646484,12.821529388427734
1987-01-28,933700,18.799999237060547,18.899999618530273,19.133333206176758,18.799999237060547,12.912618637084961
1987-01-27,1004200,18.233333587646484,18.633333206176758,18.733333587646484,18.233333587646484,12.730436325073242
1987-01-26,231400,18.066667556762695,18.266666412353516,18.33333396911621,18.066667556762695,12.479920387268066
1987-01-23,954400,18.266666412353516,18.266666412353516,18.600000381469727,18.133333206176758,12.479920387268066
1987-01-22,206200,17.66666603088379,18.066667556762695,18.133333206176758,17.66666603088379,12.34328556060791
1987-01-21,568500,17.600000381469727,17.600000381469727,17.83333396911621,17.600000381469727,12.024445533752441
1987-01-20,1008700,18.33333396911621,18.100000381469727,18.433332443237305,18.0,12.366055488586426
1987-01-19,600700,18.100000381469727,18.266666412353516,18.299999237060547,18.03333282470703,12.479920387268066
1987-01-16,359600,17.766666412353516,17.66666603088379,17.866666793823242,17.600000381469727,12.069997787475586
1987-01-15,788600,17.66666603088379,17.766666412353516,17.83333396911621,17.566667556762695,12.138325691223145
1987-01-14,590200,17.299999237060547,17.66666603088379,17.700000762939453,17.299999237060547,12.069997787475586
1987-01-13,504300,17.03333282470703,17.133333206176758,17.16666603088379,17.0,11.705617904663086
1987-01-12,340900,16.933332443237305,16.96666717529297,17.03333282470703,16.933332443237305,11.591751098632812
1987-01-09,1018400,17.0,16.83333396911621,17.03333282470703,16.799999237060547,11.500656127929688
1987-01-08,597300,17.299999237060547,17.46666717529297,17.5,17.266666412353516,11.93335247039795
1987-01-07,298400,17.133333206176758,17.233333587646484,17.233333587646484,17.0,11.773937225341797
1987-01-06,859100,17.03333282470703,17.233333587646484,17.233333587646484,17.03333282470703,11.773937225341797
1987-01-05,502800,16.5,16.96666717529297,17.03333282470703,16.399999618530273,11.591751098632812
1987-01-02,185200,16.5,16.399999618530273,16.53333282470703,16.366666793823242,11.204601287841797
1986-12-31,352000,15.866666793823242,16.399999618530273,16.399999618530273,15.866666793823242,11.204601287841797
1986-12-30,70400,16.03333282470703,15.933333396911621,16.03333282470703,15.899999618530273,10.885767936706543
1986-12-29,107200,16.066667556762695,16.0,16.133333206176758,15.966666221618652,10.931319236755371
1986-12-26,16100,16.133333206176758,16.100000381469727,16.133333206176758,16.066667556762695,10.9996337890625
1986-12-24,142800,15.899999618530273,16.100000381469727,16.100000381469727,15.899999618530273,10.9996337890625
1986-12-23,107600,15.966666221618652,15.866666793823242,16.0,15.866666793823242,10.840222358703613
1986-12-22,843700,16.133333206176758,16.03333282470703,16.133333206176758,15.966666221618652,10.954092979431152
1986-12-19,502400,15.666666984558105,16.066667556762695,16.133333206176758,15.666666984558105,10.976862907409668
1986-12-18,159600,15.833333015441895,15.766666412353516,15.866666793823242,15.666666984558105,10.771905899047852
1986-12-17,73400,15.866666793823242,15.833333015441895,15.933333396911621,15.800000190734863,10.817444801330566
1986-12-16,177700,15.899999618530273,15.866666793823242,16.0,15.800000190734863,10.840222358703613
1986-12-15,385800,16.03333282470703,15.966666221618652,16.03333282470703,15.800000190734863,10.908544540405273
1986-12-12,79500,15.933333396911621,16.0,16.0,15.866666793823242,10.931319236755371
1986-12-11,151800,16.066667556762695,15.899999618530273,16.066667556762695,15.866666793823242,10.862998962402344
1986-12-10,265800,16.03333282470703,16.066667556762695,16.16666603088379,15.933333396911621,10.976862907409668
1986-12-09,220100,16.266666412353516,15.966666221618652,16.266666412353516,15.966666221618652,10.908544540405273
1986-12-08,311500,16.200000762939453,16.16666603088379,16.266666412353516,16.03333282470703,11.045183181762695
1986-12-05,1111800,16.200000762939453,16.299999237060547,16.366666793823242,16.200000762939453,11.136276245117188
1986-12-04,135700,16.33333396911621,16.266666412353516,16.33333396911621,16.16666603088379,11.113508224487305
1986-12-03,556800,16.366666793823242,16.200000762939453,16.399999618530273,16.16666603088379,11.067955017089844
1986-12-02,720300,15.966666221618652,16.366666793823242,16.46666717529297,15.933333396911621,11.181824684143066
1986-12-01,280800,16.100000381469727,15.899999618530273,16.133333206176758,15.899999618530273,10.862998962402344
1986-11-28,325000,16.133333206176758,16.100000381469727,16.16666603088379,16.066667556762695,10.9996337890625
1986-11-26,599200,15.899999618530273,15.933333396911621,16.0,15.866666793823242,10.885767936706543
1986-11-25,109100,15.600000381469727,15.899999618530273,15.899999618530273,15.600000381469727,10.862998962402344
1986-11-24,641600,15.399999618530273,15.666666984558105,15.666666984558105,15.333333015441895,10.703581809997559
1986-11-21,691500,15.600000381469727,15.399999618530273,15.600000381469727,15.333333015441895,10.521390914916992
1986-11-20,126700,15.466666221618652,15.600000381469727,15.633333206176758,15.433333396911621,10.65803337097168
1986-11-19,662600,15.433333396911621,15.433333396911621,15.566666603088379,15.233333587646484,10.544166564941406
1986-11-18,774000,15.733333587646484,15.333333015441895,15.733333587646484,15.266666412353516,10.33906364440918
1986-11-17,570300,15.699999809265137,15.733333587646484,15.899999618530273,15.699999809265137,10.608786582946777
1986-11-14,232800,16.33333396911621,15.833333015441895,16.366666793823242,15.833333015441895,10.676212310791016
1986-11-13,307100,16.66666603088379,16.399999618530273,16.66666603088379,16.299999237060547,11.058304786682129
1986-11-12,231700,16.600000381469727,16.66666603088379,16.66666603088379,16.566667556762695,11.238114356994629
1986-11-11,501700,16.66666603088379,16.633333206176758,16.700000762939453,16.53333282470703,11.215642929077148
1986-11-10,299200,16.66666603088379,16.633333206176758,16.66666603088379,16.53333282470703,11.215642929077148
1986-11-07,322100,16.600000381469727,16.600000381469727,16.66666603088379,16.566667556762695,11.193169593811035
1986-11-06,109800,16.700000762939453,16.633333206176758,16.700000762939453,16.46666717529297,11.215642929077148
1986-11-05,301500,16.5,16.633333206176758,16.66666603088379,16.433332443237305,11.215642929077148
1986-11-04,268800,16.799999237060547,16.46666717529297,16.799999237060547,16.46666717529297,11.103255271911621
1986-11-03,283400,16.066667556762695,16.866666793823242,16.899999618530273,16.03333282470703,11.372977256774902
1986-10-31,199800,15.666666984558105,15.899999618530273,15.966666221618652,15.600000381469727,10.721163749694824
1986-10-30,454800,15.766666412353516,15.933333396911621,15.933333396911621,15.666666984558105,10.743639945983887
1986-10-29,215600,15.800000190734863,15.766666412353516,15.899999618530273,15.766666412353516,10.63126277923584
1986-10-28,227900,15.933333396911621,16.133333206176758,16.200000762939453,15.933333396911621,10.878499031066895
1986-10-27,131500,15.800000190734863,15.833333015441895,15.899999618530273,15.766666412353516,10.676212310791016
1986-10-24,209200,16.03333282470703,15.766666412353516,16.03333282470703,15.766666412353516,10.63126277923584
1986-10-23,222300,16.399999618530273,16.233333587646484,16.399999618530273,16.233333587646484,10.94593334197998
1986-10-22,575500,16.0,16.399999618530273,16.399999618530273,16.0,11.058304786682129
1986-10-21,137600,16.133333206176758,15.933333396911621,16.133333206176758,15.866666793823242,10.743639945983887
1986-10-20,169100,16.16666603088379,16.100000381469727,16.233333587646484,16.03333282470703,10.856023788452148
1986-10-17,261300,16.53333282470703,16.16666603088379,16.53333282470703,16.100000381469727,10.900976181030273
1986-10-16,149600,16.600000381469727,16.633333206176758,16.633333206176758,16.53333282470703,11.215642929077148
1986-10-15,319100,16.46666717529297,16.5,16.566667556762695,16.433332443237305,11.125737190246582
1986-10-14,503200,16.566667556762695,16.53333282470703,16.566667556762695,16.433332443237305,11.148207664489746
1986-10-13,246000,16.366666793823242,16.566667556762695,16.566667556762695,16.366666793823242,11.17069149017334
1986-10-10,198700,16.299999237060547,16.399999618530273,16.433332443237305,16.233333587646484,11.058304786682129
1986-10-09,258400,16.46666717529297,16.266666412353516,16.566667556762695,16.266666412353516,10.968401908874512
1986-10-08,318300,16.266666412353516,16.53333282470703,16.633333206176758,16.266666412353516,11.148207664489746
1986-10-07,355500,16.399999618530273,16.366666793823242,16.399999618530273,16.266666412353516,11.0358304977417
1986-10-06,268000,16.46666717529297,16.46666717529297,16.53333282470703,16.433332443237305,11.103255271911621
1986-10-03,499800,16.5,16.5,16.53333282470703,16.299999237060547,11.125737190246582
1986-10-02,870400,16.100000381469727,16.53333282470703,16.633333206176758,16.100000381469727,11.148207664489746
1986-10-01,358500,15.966666221618652,16.0,16.066667556762695,15.933333396911621,10.788597106933594
1986-09-30,520000,15.600000381469727,15.933333396911621,15.933333396911621,15.600000381469727,10.743639945983887
1986-09-29,430500,16.0,15.466666221618652,16.0,15.300000190734863,10.428970336914062
1986-09-26,251200,15.966666221618652,16.0,16.066667556762695,15.933333396911621,10.788597106933594
1986-09-25,297700,16.066667556762695,16.03333282470703,16.066667556762695,15.966666221618652,10.811070442199707
1986-09-24,276000,16.16666603088379,16.066667556762695,16.16666603088379,15.933333396911621,10.83354377746582
1986-09-23,257600,16.16666603088379,16.066667556762695,16.16666603088379,15.933333396911621,10.83354377746582
1986-09-22,473600,16.733333587646484,16.366666793823242,16.733333587646484,16.16666603088379,11.0358304977417
1986-09-19,755200,16.233333587646484,16.633333206176758,16.66666603088379,16.233333587646484,11.215642929077148
1986-09-18,1142900,15.666666984558105,16.0,16.03333282470703,15.600000381469727,10.788597106933594
1986-09-17,481100,15.633333206176758,15.733333587646484,15.800000190734863,15.600000381469727,10.608786582946777
1986-09-16,632600,15.433333396911621,15.566666603088379,15.600000381469727,15.333333015441895,10.4964017868042
1986-09-15,337800,15.333333015441895,15.433333396911621,15.433333396911621,14.800000190734863,10.406496047973633
1986-09-12,397500,15.333333015441895,15.300000190734863,15.466666221618652,15.100000381469727,10.316593170166016
1986-09-11,542200,15.466666221618652,15.066666603088379,15.466666221618652,14.533333778381348,10.159257888793945
1986-09-10,799100,15.633333206176758,15.633333206176758,15.933333396911621,15.5,10.541350364685059
1986-09-09,441000,15.533333778381348,15.466666221618652,15.533333778381348,15.333333015441895,10.428970336914062
1986-09-08,404600,15.666666984558105,15.666666984558105,15.733333587646484,15.566666603088379,10.563828468322754
1986-09-05,1043200,15.800000190734863,15.899999618530273,16.0,15.733333587646484,10.721163749694824
1986-09-04,1021500,15.266666412353516,15.399999618530273,15.433333396911621,15.133333206176758,10.384021759033203
1986-09-03,1003800,14.933333396911621,15.199999809265137,15.199999809265137,14.800000190734863,10.249164581298828
1986-09-02,797500,14.399999618530273,14.766666412353516,14.899999618530273,14.333333015441895,9.956976890563965
1986-08-29,208100,14.466666221618652,14.333333015441895,14.533333778381348,14.133333206176758,9.664778709411621
1986-08-28,492700,14.399999618530273,14.433333396911621,14.633333206176758,14.266666412353516,9.732209205627441
1986-08-27,221600,13.800000190734863,14.133333206176758,14.133333206176758,13.800000190734863,9.529925346374512
1986-08-26,292100,13.533333778381348,13.866666793823242,13.899999618530273,13.533333778381348,9.350115776062012
1986-08-25,213300,13.433333396911621,13.533333778381348,13.633333206176758,13.333333015441895,9.125350952148438
1986-08-22,185500,13.733333587646484,13.433333396911621,13.866666793823242,13.333333015441895,9.0579195022583
1986-08-21,142100,13.600000381469727,13.733333587646484,13.800000190734863,13.533333778381348,9.260209083557129
1986-08-20,154100,13.600000381469727,13.600000381469727,13.633333206176758,13.399999618530273,9.170302391052246
1986-08-19,780300,13.133333206176758,13.466666221618652,13.466666221618652,12.933333396911621,8.945405006408691
1986-08-18,438400,13.466666221618652,13.266666412353516,13.466666221618652,13.166666984558105,8.812549591064453
1986-08-15,154100,13.933333396911621,13.866666793823242,13.933333396911621,13.833333015441895,9.211114883422852
1986-08-14,291000,13.933333396911621,13.933333396911621,13.933333396911621,13.800000190734863,9.255395889282227
1986-08-13,261000,14.333333015441895,13.866666793823242,14.366666793823242,13.733333587646484,9.211114883422852
1986-08-12,326600,14.566666603088379,14.266666412353516,14.566666603088379,13.933333396911621,9.476814270019531
1986-08-11,1058900,14.133333206176758,14.566666603088379,14.600000381469727,13.899999618530273,9.676095008850098
1986-08-08,330700,13.433333396911621,13.633333206176758,13.800000190734863,13.399999618530273,9.05611801147461
1986-08-07,493000,13.133333206176758,13.366666793823242,13.533333778381348,13.100000381469727,8.878976821899414
1986-08-06,1125000,12.266666412353516,13.066666603088379,13.199999809265137,12.266666412353516,8.679703712463379
1986-08-05,295800,12.266666412353516,12.300000190734863,12.333333015441895,12.233333587646484,8.170433044433594
1986-08-04,832800,12.333333015441895,12.266666412353516,12.399999618530273,12.266666412353516,8.148287773132324
1986-08-01,919800,12.166666984558105,12.399999618530273,12.433333396911621,12.100000381469727,8.236859321594238
1986-07-31,219700,11.966666221618652,12.166666984558105,12.199999809265137,11.933333396911621,8.081870079040527
1986-07-30,156700,11.699999809265137,11.666666984558105,11.733333587646484,11.600000381469727,7.74973726272583
1986-07-29,280400,11.899999618530273,11.699999809265137,11.933333396911621,11.699999809265137,7.771875858306885
1986-07-28,223100,11.666666984558105,12.033333778381348,12.033333778381348,11.633333206176758,7.993292808532715
1986-07-25,112100,11.433333396911621,11.566666603088379,11.566666603088379,11.433333396911621,7.6833062171936035
1986-07-24,116900,11.533333778381348,11.399999618530273,11.600000381469727,11.399999618530273,7.572596549987793
1986-07-23,281500,11.533333778381348,11.533333778381348,11.666666984558105,11.366666793823242,7.661164283752441
1986-07-22,182600,11.533333778381348,11.566666603088379,11.633333206176758,11.533333778381348,7.6833062171936035
1986-07-21,151800,11.800000190734863,11.533333778381348,11.800000190734863,11.466666221618652,7.661164283752441
1986-07-18,187900,11.800000190734863,11.866666793823242,12.0,11.666666984558105,7.882587909698486
1986-07-17,56600,11.833333015441895,11.833333015441895,11.866666793823242,11.766666412353516,7.860441207885742
1986-07-16,67800,11.899999618530273,11.899999618530273,12.0,11.833333015441895,7.904727935791016
1986-07-15,211800,12.066666603088379,11.933333396911621,12.066666603088379,11.866666793823242,7.926867961883545
1986-07-14,102700,12.199999809265137,12.100000381469727,12.199999809265137,12.100000381469727,8.037578582763672
1986-07-11,128900,12.5,12.266666412353516,12.5,12.133333206176758,8.148287773132324
1986-07-10,118000,12.5,12.5,12.5,12.333333015441895,8.303289413452148
1986-07-09,112800,12.433333396911621,12.5,12.566666603088379,12.399999618530273,8.303289413452148
1986-07-08,261300,11.800000190734863,12.5,12.5,11.733333587646484,8.303289413452148
1986-07-07,332600,12.333333015441895,11.833333015441895,12.333333015441895,11.666666984558105,7.860441207885742
1986-07-03,105700,12.433333396911621,12.333333015441895,12.433333396911621,12.300000190734863,8.192575454711914
1986-07-02,271100,12.5,12.399999618530273,12.5,12.333333015441895,8.236859321594238
1986-07-01,119200,12.5,12.466666221618652,12.5,12.399999618530273,8.281140327453613
1986-06-30,106100,12.433333396911621,12.5,12.5,12.366666793823242,8.303289413452148
1986-06-27,96300,12.266666412353516,12.399999618530273,12.399999618530273,12.233333587646484,8.236859321594238
1986-06-26,78400,12.300000190734863,12.199999809265137,12.366666793823242,12.199999809265137,8.104010581970215
1986-06-25,205500,12.399999618530273,12.366666793823242,12.733333587646484,12.333333015441895,8.214720726013184
1986-06-24,233600,12.266666412353516,12.300000190734863,12.366666793823242,12.133333206176758,8.170433044433594
1986-06-23,127800,12.333333015441895,12.233333587646484,12.433333396911621,12.233333587646484,8.126143455505371
1986-06-20,398200,12.266666412353516,12.300000190734863,12.300000190734863,12.199999809265137,8.170433044433594
1986-06-19,384000,12.533333778381348,12.199999809265137,12.533333778381348,12.199999809265137,8.104010581970215
1986-06-18,418400,12.699999809265137,12.600000381469727,12.766666412353516,12.433333396911621,8.369710922241211
1986-06-17,745500,13.266666412353516,12.800000190734863,13.266666412353516,12.800000190734863,8.5025634765625
1986-06-16,455200,13.699999809265137,13.300000190734863,13.699999809265137,13.199999809265137,8.834698677062988
1986-06-13,177700,13.866666793823242,13.766666412353516,13.899999618530273,13.766666412353516,9.144683837890625
1986-06-12,355900,14.066666603088379,13.800000190734863,14.066666603088379,13.766666412353516,9.166830062866211
1986-06-11,453400,13.800000190734863,14.0,14.300000190734863,13.800000190734863,9.299681663513184
1986-06-10,290200,13.899999618530273,13.800000190734863,13.899999618530273,13.733333587646484,9.166830062866211
1986-06-09,451000,14.0,13.800000190734863,14.0,13.399999618530273,9.166830062866211
1986-06-06,309700,13.366666793823242,13.833333015441895,13.833333015441895,13.300000190734863,9.188965797424316
1986-06-05,588700,12.933333396911621,13.433333396911621,13.466666221618652,12.899999618530273,8.923261642456055
1986-06-04,242900,13.0,12.933333396911621,13.033333778381348,12.800000190734863,8.591134071350098
1986-06-03,189000,12.833333015441895,12.933333396911621,12.966666221618652,12.800000190734863,8.591134071350098
1986-06-02,138000,13.199999809265137,12.933333396911621,13.199999809265137,12.899999618530273,8.591134071350098
1986-05-30,297300,13.066666603088379,13.266666412353516,13.266666412353516,13.066666603088379,8.812549591064453
1986-05-29,199800,13.199999809265137,13.100000381469727,13.199999809265137,12.933333396911621,8.701842308044434
1986-05-28,271900,12.600000381469727,13.266666412353516,13.333333015441895,12.600000381469727,8.812549591064453
1986-05-27,74200,12.5,12.533333778381348,12.600000381469727,12.433333396911621,8.325428009033203
1986-05-23,19800,12.566666603088379,12.566666603088379,12.633333206176758,12.5,8.347572326660156
1986-05-22,162700,12.533333778381348,12.566666603088379,12.600000381469727,12.433333396911621,8.347572326660156
1986-05-21,346500,12.399999618530273,12.533333778381348,12.566666603088379,12.300000190734863,8.325428009033203
1986-05-20,146200,12.399999618530273,12.399999618530273,12.533333778381348,12.199999809265137,8.236859321594238
1986-05-19,862400,12.266666412353516,12.266666412353516,12.399999618530273,12.233333587646484,8.015305519104004
1986-05-16,203200,12.166666984558105,12.233333587646484,12.233333587646484,11.933333396911621,7.9935221672058105
1986-05-15,240300,12.399999618530273,12.199999809265137,12.5,12.133333206176758,7.97174072265625
1986-05-14,402700,12.300000190734863,12.333333015441895,12.333333015441895,12.100000381469727,8.058868408203125
1986-05-13,707600,12.266666412353516,12.366666793823242,12.666666984558105,12.233333587646484,8.080649375915527
1986-05-12,1144400,11.666666984558105,12.233333587646484,12.266666412353516,11.666666984558105,7.9935221672058105
1986-05-09,115400,11.466666221618652,11.733333587646484,11.733333587646484,11.366666793823242,7.666816234588623
1986-05-08,123000,11.466666221618652,11.466666221618652,11.466666221618652,11.399999618530273,7.492564678192139
1986-05-07,294700,11.366666793823242,11.300000190734863,11.366666793823242,10.933333396911621,7.383666038513184
1986-05-06,197200,11.333333015441895,11.333333015441895,11.366666793823242,11.300000190734863,7.405445575714111
1986-05-05,62200,11.366666793823242,11.366666793823242,11.433333396911621,11.333333015441895,7.427224636077881
1986-05-02,148900,11.233333587646484,11.300000190734863,11.533333778381348,11.166666984558105,7.383666038513184
1986-05-01,160900,11.5,11.166666984558105,11.633333206176758,11.066666603088379,7.296543598175049
1986-04-30,83900,11.933333396911621,11.566666603088379,11.966666221618652,11.5,7.557910442352295
1986-04-29,42700,11.933333396911621,11.933333396911621,12.066666603088379,11.899999618530273,7.79749870300293
1986-04-28,81700,11.966666221618652,12.0,12.0,11.899999618530273,7.841058731079102
1986-04-25,151800,11.833333015441895,11.966666221618652,11.966666221618652,11.800000190734863,7.819276809692383
1986-04-24,181800,11.833333015441895,11.866666793823242,12.0,11.766666412353516,7.753937244415283
1986-04-23,269500,11.899999618530273,11.899999618530273,11.966666221618652,11.866666793823242,7.775721073150635
1986-04-22,351300,12.100000381469727,11.966666221618652,12.100000381469727,11.866666793823242,7.819276809692383
1986-04-21,238400,12.333333015441895,12.133333206176758,12.333333015441895,12.133333206176758,7.928183078765869
1986-04-18,1448200,12.466666221618652,12.399999618530273,12.466666221618652,12.266666412353516,8.102428436279297
1986-04-17,66700,12.399999618530273,12.466666221618652,12.466666221618652,12.366666793823242,8.145989418029785
1986-04-16,152900,12.533333778381348,12.5,12.533333778381348,12.300000190734863,8.167768478393555
1986-04-15,135700,12.533333778381348,12.5,12.633333206176758,12.466666221618652,8.167768478393555
1986-04-14,85400,12.466666221618652,12.533333778381348,12.566666603088379,12.399999618530273,8.189549446105957
1986-04-11,150000,12.533333778381348,12.533333778381348,12.666666984558105,12.366666793823242,8.189549446105957
1986-04-10,93000,12.466666221618652,12.533333778381348,12.600000381469727,12.333333015441895,8.189549446105957
1986-04-09,776200,12.033333778381348,12.366666793823242,12.366666793823242,12.033333778381348,8.080649375915527
1986-04-08,349400,12.066666603088379,11.966666221618652,12.100000381469727,11.933333396911621,7.819276809692383
1986-04-07,211800,11.933333396911621,12.066666603088379,12.133333206176758,11.866666793823242,7.884616374969482
1986-04-04,184000,12.233333587646484,11.933333396911621,12.333333015441895,11.866666793823242,7.79749870300293
1986-04-03,111700,12.833333015441895,12.166666984558105,12.833333015441895,12.0,7.949967384338379
1986-04-02,278200,12.800000190734863,12.800000190734863,12.866666793823242,12.666666984558105,8.363795280456543
1986-04-01,285700,13.133333206176758,12.733333587646484,13.133333206176758,12.5,8.320233345031738
1986-03-31,199800,13.333333015441895,13.199999809265137,13.333333015441895,13.166666984558105,8.625167846679688
1986-03-27,549000,13.533333778381348,13.566666603088379,13.600000381469727,13.466666221618652,8.864752769470215
1986-03-26,273000,13.633333206176758,13.600000381469727,13.633333206176758,13.466666221618652,8.886537551879883
1986-03-25,416600,13.399999618530273,13.633333206176758,13.699999809265137,13.399999618530273,8.90831470489502
1986-03-24,280800,13.5,13.399999618530273,13.533333778381348,13.266666412353516,8.755850791931152
1986-03-21,369000,13.533333778381348,13.566666603088379,13.699999809265137,13.5,8.864752769470215
1986-03-20,342700,13.5,13.566666603088379,13.566666603088379,13.466666221618652,8.864752769470215
1986-03-19,58100,13.666666984558105,13.566666603088379,13.699999809265137,13.5,8.864752769470215
1986-03-18,327000,13.666666984558105,13.666666984558105,13.866666793823242,13.533333778381348,8.93009090423584
1986-03-17,147700,13.800000190734863,13.600000381469727,13.800000190734863,13.600000381469727,8.886537551879883
1986-03-14,163100,13.466666221618652,13.833333015441895,13.833333015441895,13.466666221618652,9.03900146484375
1986-03-13,61000,13.5,13.533333778381348,13.600000381469727,13.466666221618652,8.84296989440918
1986-03-12,168300,13.333333015441895,13.5,13.566666603088379,13.333333015441895,8.821192741394043
1986-03-11,227500,13.100000381469727,13.333333015441895,13.399999618530273,13.100000381469727,8.712288856506348
1986-03-10,209200,12.899999618530273,13.033333778381348,13.166666984558105,12.766666412353516,8.516263008117676
1986-03-07,221200,12.666666984558105,12.899999618530273,12.899999618530273,12.633333206176758,8.429140090942383
1986-03-06,194600,12.733333587646484,12.733333587646484,12.800000190734863,12.666666984558105,8.320233345031738
1986-03-05,617900,12.733333587646484,12.766666412353516,12.833333015441895,12.633333206176758,8.342020034790039
1986-03-04,516700,12.699999809265137,12.800000190734863,12.800000190734863,12.533333778381348,8.363795280456543
1986-03-03,341600,12.966666221618652,12.766666412353516,12.966666221618652,12.699999809265137,8.342020034790039
1986-02-28,223100,12.800000190734863,12.933333396911621,12.966666221618652,12.766666412353516,8.450918197631836
1986-02-27,111300,12.833333015441895,12.800000190734863,12.833333015441895,12.733333587646484,8.363795280456543
1986-02-26,198700,12.966666221618652,12.766666412353516,13.0,12.766666412353516,8.342020034790039
1986-02-25,190500,12.899999618530273,13.033333778381348,13.033333778381348,12.899999618530273,8.516263008117676
1986-02-24,177700,12.766666412353516,12.899999618530273,12.933333396911621,12.733333587646484,8.429140090942383
1986-02-21,70100,12.866666793823242,12.833333015441895,12.966666221618652,12.733333587646484,8.385574340820312
1986-02-20,149200,12.733333587646484,12.866666793823242,12.866666793823242,12.733333587646484,8.40736198425293
1986-02-19,391800,12.833333015441895,12.800000190734863,12.966666221618652,12.766666412353516,8.363795280456543
1986-02-18,140200,12.733333587646484,12.800000190734863,12.866666793823242,12.699999809265137,8.363795280456543
1986-02-14,301500,12.666666984558105,12.666666984558105,12.666666984558105,12.533333778381348,8.276671409606934
1986-02-13,208100,12.866666793823242,12.733333587646484,12.933333396911621,12.733333587646484,8.189414978027344
1986-02-12,311200,12.666666984558105,12.833333015441895,12.833333015441895,12.666666984558105,8.25373649597168
1986-02-11,214400,12.800000190734863,12.600000381469727,12.800000190734863,12.600000381469727,8.103665351867676
1986-02-10,352000,12.866666793823242,12.800000190734863,12.899999618530273,12.800000190734863,8.232295989990234
1986-02-07,175100,12.733333587646484,12.766666412353516,12.800000190734863,12.699999809265137,8.210862159729004
1986-02-06,268800,12.733333587646484,12.733333587646484,12.866666793823242,12.733333587646484,8.189414978027344
1986-02-05,94500,12.699999809265137,12.800000190734863,12.800000190734863,12.699999809265137,8.232295989990234
1986-02-04,380200,12.800000190734863,12.800000190734863,12.933333396911621,12.666666984558105,8.232295989990234
1986-02-03,122200,13.566666603088379,13.066666603088379,13.566666603088379,13.066666603088379,8.40380573272705
1986-01-31,165700,13.733333587646484,13.533333778381348,13.766666412353516,13.333333015441895,8.703936576843262
1986-01-30,216000,13.966666221618652,13.800000190734863,14.033333778381348,13.800000190734863,8.875446319580078
1986-01-29,376100,13.800000190734863,13.966666221618652,13.966666221618652,13.733333587646484,8.98263168334961
1986-01-28,55100,13.733333587646484,13.800000190734863,13.800000190734863,13.666666984558105,8.875446319580078
1986-01-27,355100,13.733333587646484,13.733333587646484,13.766666412353516,13.633333206176758,8.83257007598877
1986-01-24,110200,13.333333015441895,13.533333778381348,13.533333778381348,13.300000190734863,8.703936576843262
1986-01-23,167600,13.533333778381348,13.233333587646484,13.533333778381348,13.233333587646484,8.51099681854248
1986-01-22,104600,13.766666412353516,13.600000381469727,13.833333015441895,13.600000381469727,8.746814727783203
1986-01-21,389600,13.866666793823242,13.833333015441895,13.899999618530273,13.800000190734863,8.896885871887207
1986-01-20,129300,13.866666793823242,13.866666793823242,13.933333396911621,13.800000190734863,8.918323516845703
1986-01-17,305900,14.066666603088379,13.899999618530273,14.066666603088379,13.866666793823242,8.939757347106934
1986-01-16,491500,14.133333206176758,14.100000381469727,14.366666793823242,14.0,9.068389892578125
1986-01-15,436400,13.466666221618652,13.733333587646484,13.733333587646484,13.466666221618652,8.83257007598877
1986-01-14,153700,13.399999618530273,13.266666412353516,13.399999618530273,13.266666412353516,8.532425880432129
1986-01-13,214800,13.233333587646484,13.366666793823242,13.466666221618652,13.0,8.596747398376465
1986-01-10,327400,13.199999809265137,13.199999809265137,13.333333015441895,13.133333206176758,8.4895601272583
1986-01-09,234300,12.633333206176758,13.0,13.100000381469727,12.633333206176758,8.360929489135742
1986-01-08,151800,12.699999809265137,12.633333206176758,12.699999809265137,12.566666603088379,8.12511157989502
1986-01-07,87700,12.600000381469727,12.633333206176758,12.666666984558105,12.533333778381348,8.12511157989502
1986-01-06,145900,12.633333206176758,12.600000381469727,12.633333206176758,12.566666603088379,8.103665351867676
1986-01-03,134600,12.5,12.633333206176758,12.633333206176758,12.5,8.12511157989502
1986-01-02,433800,12.5,12.5,12.566666603088379,12.466666221618652,8.039351463317871
1985-12-31,204000,12.266666412353516,12.566666603088379,12.566666603088379,12.266666412353516,8.082230567932129
1985-12-30,77600,12.333333015441895,12.233333587646484,12.333333015441895,12.066666603088379,7.867845058441162
1985-12-27,81000,12.166666984558105,12.300000190734863,12.366666793823242,12.166666984558105,7.910721778869629
1985-12-26,85800,12.300000190734863,12.233333587646484,12.333333015441895,12.199999809265137,7.867845058441162
1985-12-24,266900,12.366666793823242,12.300000190734863,12.366666793823242,12.300000190734863,7.910721778869629
1985-12-23,224600,12.533333778381348,12.300000190734863,12.533333778381348,12.300000190734863,7.910721778869629
1985-12-20,245200,12.533333778381348,12.600000381469727,12.600000381469727,12.466666221618652,8.103665351867676
1985-12-19,335200,12.566666603088379,12.466666221618652,12.633333206176758,12.466666221618652,8.017913818359375
1985-12-18,77200,12.466666221618652,12.633333206176758,12.633333206176758,12.466666221618652,8.12511157989502
1985-12-17,112100,12.666666984558105,12.533333778381348,12.733333587646484,12.533333778381348,8.060792922973633
1985-12-16,144300,12.5,12.600000381469727,12.666666984558105,12.300000190734863,8.103665351867676
1985-12-13,118900,12.399999618530273,12.399999618530273,12.533333778381348,12.166666984558105,7.975038051605225
1985-12-12,133100,12.600000381469727,12.199999809265137,12.600000381469727,12.199999809265137,7.846404075622559
1985-12-11,81700,12.666666984558105,12.666666984558105,12.666666984558105,12.566666603088379,8.146540641784668
1985-12-10,195700,12.966666221618652,12.733333587646484,13.033333778381348,12.699999809265137,8.189414978027344
1985-12-09,323900,12.600000381469727,12.966666221618652,13.066666603088379,12.533333778381348,8.339489936828613
1985-12-06,111000,12.833333015441895,12.899999618530273,13.0,12.666666984558105,8.296611785888672
1985-12-05,111000,12.766666412353516,12.899999618530273,12.966666221618652,12.733333587646484,8.296611785888672
1985-12-04,72700,12.600000381469727,12.766666412353516,12.766666412353516,12.600000381469727,8.210862159729004
1985-12-03,102700,12.666666984558105,12.633333206176758,12.766666412353516,12.5,8.12511157989502
1985-12-02,320600,12.766666412353516,12.633333206176758,12.866666793823242,12.633333206176758,8.12511157989502
1985-11-29,227200,12.833333015441895,12.800000190734863,12.899999618530273,12.766666412353516,8.232295989990234
1985-11-27,189000,12.800000190734863,12.899999618530273,13.033333778381348,12.800000190734863,8.296611785888672
1985-11-26,447300,12.699999809265137,12.833333015441895,12.899999618530273,12.633333206176758,8.25373649597168
1985-11-25,445100,12.333333015441895,12.633333206176758,12.666666984558105,12.066666603088379,8.12511157989502
1985-11-22,427500,11.899999618530273,12.133333206176758,12.199999809265137,11.866666793823242,7.803531169891357
1985-11-21,63000,11.899999618530273,11.800000190734863,11.899999618530273,11.666666984558105,7.589147567749023
1985-11-20,157000,11.933333396911621,11.866666793823242,12.0,11.866666793823242,7.63202428817749
1985-11-19,79500,11.933333396911621,11.933333396911621,12.066666603088379,11.933333396911621,7.674901962280273
1985-11-18,168700,11.966666221618652,12.100000381469727,12.100000381469727,11.933333396911621,7.782094478607178
1985-11-15,104600,11.933333396911621,11.899999618530273,11.966666221618652,11.866666793823242,7.653467655181885
1985-11-14,137600,12.0,12.0,12.066666603088379,11.933333396911621,7.717778205871582
1985-11-13,124800,11.933333396911621,11.933333396911621,12.100000381469727,11.933333396911621,7.674901962280273
1985-11-12,138000,12.033333778381348,11.899999618530273,12.033333778381348,11.866666793823242,7.653467655181885
1985-11-11,170500,11.866666793823242,11.966666221618652,12.0,11.733333587646484,7.6963396072387695
1985-11-08,106500,11.766666412353516,11.933333396911621,11.933333396911621,11.699999809265137,7.674901962280273
1985-11-07,139800,11.899999618530273,11.766666412353516,12.0,11.766666412353516,7.567712783813477
1985-11-06,90700,11.966666221618652,11.933333396911621,12.0,11.899999618530273,7.674901962280273
1985-11-05,475800,11.866666793823242,11.899999618530273,11.933333396911621,11.733333587646484,7.653467655181885
1985-11-04,76000,12.0,11.866666793823242,12.0,11.833333015441895,7.63202428817749
1985-11-01,66000,11.933333396911621,12.033333778381348,12.033333778381348,11.833333015441895,7.739215850830078
1985-10-31,113200,12.033333778381348,11.899999618530273,12.033333778381348,11.866666793823242,7.653467655181885
1985-10-30,70800,12.033333778381348,12.033333778381348,12.066666603088379,12.0,7.739215850830078
1985-10-29,60300,11.966666221618652,12.0,12.066666603088379,11.933333396911621,7.717778205871582
1985-10-28,74500,12.0,12.033333778381348,12.033333778381348,11.966666221618652,7.739215850830078
1985-10-25,44600,12.133333206176758,12.033333778381348,12.133333206176758,12.033333778381348,7.739215850830078
1985-10-24,96700,12.066666603088379,12.133333206176758,12.166666984558105,12.066666603088379,7.803531169891357
1985-10-23,279300,11.899999618530273,12.100000381469727,12.133333206176758,11.899999618530273,7.782094478607178
1985-10-22,188200,11.866666793823242,11.933333396911621,11.933333396911621,11.866666793823242,7.674901962280273
1985-10-21,28100,11.866666793823242,11.899999618530273,11.899999618530273,11.866666793823242,7.653467655181885
1985-10-18,73400,11.899999618530273,11.899999618530273,11.933333396911621,11.866666793823242,7.653467655181885
1985-10-17,108300,11.966666221618652,11.899999618530273,12.033333778381348,11.899999618530273,7.653467655181885
1985-10-16,45300,12.166666984558105,12.033333778381348,12.166666984558105,12.0,7.739215850830078
1985-10-15,43800,12.100000381469727,12.166666984558105,12.166666984558105,12.0,7.824974060058594
1985-10-14,271100,11.866666793823242,11.933333396911621,11.933333396911621,11.800000190734863,7.674901962280273
1985-10-11,132400,11.933333396911621,11.866666793823242,11.933333396911621,11.666666984558105,7.63202428817749
1985-10-10,98200,12.033333778381348,11.933333396911621,12.066666603088379,11.899999618530273,7.674901962280273
1985-10-09,76900,12.066666603088379,12.066666603088379,12.100000381469727,12.0,7.760651111602783
1985-10-08,81300,12.033333778381348,12.0,12.066666603088379,11.933333396911621,7.717778205871582
1985-10-07,183700,11.966666221618652,12.066666603088379,12.066666603088379,11.933333396911621,7.760651111602783
1985-10-04,109500,11.833333015441895,11.899999618530273,11.899999618530273,11.699999809265137,7.653467655181885
1985-10-03,586400,11.600000381469727,11.766666412353516,11.866666793823242,11.5,7.567712783813477
1985-10-02,291700,11.266666412353516,11.5,11.533333778381348,11.266666412353516,7.396202087402344
1985-10-01,230600,11.233333587646484,11.199999809265137,11.266666412353516,11.199999809265137,7.2032575607299805
1985-09-30,133100,11.466666221618652,11.233333587646484,11.466666221618652,11.233333587646484,7.22469425201416
1985-09-26,132700,11.666666984558105,11.5,11.666666984558105,11.466666221618652,7.396202087402344
1985-09-25,85400,11.666666984558105,11.699999809265137,11.733333587646484,11.633333206176758,7.524836540222168
1985-09-24,193100,11.433333396911621,11.666666984558105,11.733333587646484,11.433333396911621,7.503394603729248
1985-09-23,268000,11.333333015441895,11.399999618530273,11.600000381469727,11.333333015441895,7.331892490386963
1985-09-20,192300,11.399999618530273,11.166666984558105,11.566666603088379,11.166666984558105,7.181822776794434
1985-09-19,184400,11.199999809265137,11.266666412353516,11.266666412353516,11.0,7.246135234832764
1985-09-18,166800,11.766666412353516,11.266666412353516,11.766666412353516,11.0,7.246135234832764
1985-09-17,102300,12.0,11.766666412353516,12.033333778381348,11.600000381469727,7.567712783813477
1985-09-16,25100,12.033333778381348,12.033333778381348,12.100000381469727,12.0,7.739215850830078
1985-09-13,247800,12.033333778381348,12.033333778381348,12.100000381469727,12.033333778381348,7.739215850830078
1985-09-12,67100,12.166666984558105,12.0,12.166666984558105,12.0,7.717778205871582
1985-09-11,498700,12.199999809265137,12.133333206176758,12.266666412353516,12.133333206176758,7.803531169891357
1985-09-10,219000,12.166666984558105,12.266666412353516,12.466666221618652,12.166666984558105,7.889284133911133
1985-09-09,158900,11.899999618530273,12.066666603088379,12.100000381469727,11.866666793823242,7.760651111602783
1985-09-06,42700,12.0,11.933333396911621,12.0,11.899999618530273,7.674901962280273
1985-09-05,208100,11.966666221618652,11.933333396911621,12.0,11.899999618530273,7.674901962280273
1985-09-04,57300,12.0,11.966666221618652,12.033333778381348,11.966666221618652,7.6963396072387695
1985-09-03,42300,12.100000381469727,12.0,12.100000381469727,12.0,7.717778205871582
1985-08-30,142800,12.033333778381348,12.066666603088379,12.133333206176758,11.933333396911621,7.760651111602783
1985-08-29,133100,11.966666221618652,11.966666221618652,12.066666603088379,11.933333396911621,7.6963396072387695
1985-08-28,174700,11.899999618530273,11.899999618530273,11.966666221618652,11.833333015441895,7.653467655181885
1985-08-27,79100,12.0,11.933333396911621,12.0,11.933333396911621,7.674901962280273
1985-08-26,24000,11.966666221618652,11.899999618530273,11.966666221618652,11.800000190734863,7.653467655181885
1985-08-23,125900,12.133333206176758,12.033333778381348,12.166666984558105,12.033333778381348,7.739215850830078
1985-08-22,99700,12.300000190734863,12.133333206176758,12.300000190734863,12.133333206176758,7.803531169891357
1985-08-21,76000,12.133333206176758,12.199999809265137,12.266666412353516,12.133333206176758,7.846404075622559
1985-08-20,228300,12.166666984558105,12.166666984558105,12.300000190734863,12.066666603088379,7.824974060058594
1985-08-19,93000,12.399999618530273,12.300000190734863,12.466666221618652,12.300000190734863,7.910721778869629
1985-08-16,63000,12.199999809265137,12.266666412353516,12.433333396911621,12.199999809265137,7.889284133911133
1985-08-15,105400,12.100000381469727,12.133333206176758,12.199999809265137,12.100000381469727,7.803531169891357
1985-08-14,63000,12.0,12.033333778381348,12.133333206176758,12.0,7.739215850830078
1985-08-13,61800,11.966666221618652,12.0,12.066666603088379,11.933333396911621,7.717778205871582
1985-08-12,84700,11.766666412353516,11.933333396911621,12.0,11.766666412353516,7.674901962280273
1985-08-09,112100,11.766666412353516,11.766666412353516,11.800000190734863,11.699999809265137,7.567712783813477
1985-08-08,51400,11.766666412353516,11.766666412353516,11.800000190734863,11.699999809265137,7.567712783813477
1985-08-07,97100,11.666666984558105,11.699999809265137,11.733333587646484,11.666666984558105,7.524836540222168
1985-08-06,141300,11.666666984558105,11.666666984558105,11.800000190734863,11.666666984558105,7.503394603729248
1985-08-05,28800,11.666666984558105,11.600000381469727,11.666666984558105,11.600000381469727,7.460522651672363
1985-08-02,87300,11.800000190734863,11.600000381469727,11.800000190734863,11.600000381469727,7.460522651672363
1985-08-01,50200,11.933333396911621,11.833333015441895,11.966666221618652,11.833333015441895,7.6105828285217285
1985-07-31,224200,11.833333015441895,11.933333396911621,11.966666221618652,11.833333015441895,7.674901962280273
1985-07-30,170500,12.100000381469727,11.833333015441895,12.166666984558105,11.800000190734863,7.6105828285217285
1985-07-29,214000,12.333333015441895,12.133333206176758,12.366666793823242,12.100000381469727,7.803531169891357
1985-07-26,64100,12.100000381469727,12.133333206176758,12.166666984558105,12.033333778381348,7.803531169891357
1985-07-25,74900,11.966666221618652,12.0,12.199999809265137,11.966666221618652,7.717778205871582
1985-07-24,138300,12.333333015441895,11.899999618530273,12.399999618530273,11.866666793823242,7.653467655181885
1985-07-23,335600,12.266666412353516,12.300000190734863,12.466666221618652,12.233333587646484,7.910721778869629
1985-07-22,273400,12.233333587646484,12.266666412353516,12.266666412353516,12.166666984558105,7.889284133911133
1985-07-19,279300,12.266666412353516,12.266666412353516,12.266666412353516,12.166666984558105,7.889284133911133
1985-07-18,369400,11.933333396911621,12.266666412353516,12.399999618530273,11.866666793823242,7.889284133911133
1985-07-17,698500,11.833333015441895,12.0,12.033333778381348,11.833333015441895,7.717778205871582
1985-07-16,576700,11.366666793823242,11.466666221618652,11.466666221618652,11.166666984558105,7.3747639656066895
1985-07-15,256800,11.366666793823242,11.333333015441895,11.366666793823242,11.266666412353516,7.289012908935547
1985-07-12,126300,11.433333396911621,11.399999618530273,11.466666221618652,11.333333015441895,7.331892490386963
1985-07-11,166100,11.333333015441895,11.433333396911621,11.5,11.333333015441895,7.353331565856934
1985-07-10,79500,11.266666412353516,11.333333015441895,11.399999618530273,11.266666412353516,7.289012908935547
1985-07-09,129300,11.033333778381348,11.266666412353516,11.333333015441895,11.033333778381348,7.246135234832764
1985-07-08,99300,10.933333396911621,10.966666221618652,11.033333778381348,10.800000190734863,7.05318546295166
1985-07-05,256800,10.699999809265137,11.0,11.0,10.699999809265137,7.07463264465332
1985-07-03,261300,11.0,10.733333587646484,11.0,10.733333587646484,6.9031219482421875
1985-07-02,141700,11.0,10.933333396911621,11.033333778381348,10.933333396911621,7.031755447387695
1985-07-01,24000,11.066666603088379,10.966666221618652,11.133333206176758,10.966666221618652,7.05318546295166
1985-06-28,86600,11.100000381469727,11.133333206176758,11.199999809265137,11.100000381469727,7.1603827476501465
1985-06-27,107600,11.300000190734863,11.100000381469727,11.300000190734863,11.100000381469727,7.138948440551758
1985-06-26,14900,11.300000190734863,11.333333015441895,11.366666793823242,11.300000190734863,7.289012908935547
1985-06-25,63700,11.266666412353516,11.300000190734863,11.333333015441895,11.266666412353516,7.267575263977051
1985-06-24,60300,11.333333015441895,11.300000190734863,11.366666793823242,11.266666412353516,7.267575263977051
1985-06-21,164200,11.199999809265137,11.266666412353516,11.266666412353516,11.033333778381348,7.246135234832764
1985-06-20,74900,11.433333396911621,11.233333587646484,11.433333396911621,11.233333587646484,7.22469425201416
1985-06-19,87300,11.633333206176758,11.5,11.633333206176758,11.5,7.396202087402344
1985-06-18,189400,11.466666221618652,11.633333206176758,11.699999809265137,11.433333396911621,7.481956958770752
1985-06-17,39700,11.5,11.466666221618652,11.5,11.399999618530273,7.3747639656066895
1985-06-14,170900,11.5,11.566666603088379,11.566666603088379,11.399999618530273,7.439081192016602
1985-06-13,156300,11.666666984558105,11.366666793823242,11.666666984558105,11.366666793823242,7.310451030731201
1985-06-12,236900,11.666666984558105,11.666666984558105,11.766666412353516,11.633333206176758,7.503394603729248
1985-06-11,66700,11.699999809265137,11.699999809265137,11.733333587646484,11.666666984558105,7.524836540222168
1985-06-10,105400,11.800000190734863,11.733333587646484,11.800000190734863,11.733333587646484,7.546273708343506
1985-06-07,74500,11.800000190734863,11.866666793823242,11.866666793823242,11.800000190734863,7.63202428817749
1985-06-06,241800,11.733333587646484,11.833333015441895,11.899999618530273,11.699999809265137,7.6105828285217285
1985-06-05,112400,11.899999618530273,11.766666412353516,11.966666221618652,11.766666412353516,7.567712783813477
1985-06-04,798700,11.866666793823242,11.866666793823242,11.966666221618652,11.833333015441895,7.63202428817749
1985-06-03,190100,12.033333778381348,11.866666793823242,12.033333778381348,11.833333015441895,7.63202428817749
1985-05-31,150000,11.833333015441895,12.033333778381348,12.033333778381348,11.833333015441895,7.739215850830078
1985-05-30,68600,11.899999618530273,11.899999618530273,11.933333396911621,11.866666793823242,7.653467655181885
1985-05-29,272600,11.866666793823242,11.933333396911621,12.0,11.833333015441895,7.674901962280273
1985-05-28,311500,11.866666793823242,11.866666793823242,11.933333396911621,11.766666412353516,7.63202428817749
1985-05-24,239900,11.866666793823242,11.800000190734863,11.933333396911621,11.800000190734863,7.589147567749023
1985-05-23,203600,11.966666221618652,11.899999618530273,11.966666221618652,11.866666793823242,7.653467655181885
1985-05-22,491200,12.100000381469727,12.0,12.100000381469727,11.966666221618652,7.717778205871582
1985-05-21,227500,12.066666603088379,12.100000381469727,12.100000381469727,12.033333778381348,7.782094478607178
1985-05-20,323500,12.100000381469727,12.100000381469727,12.199999809265137,12.033333778381348,7.782094478607178
1985-05-17,36400,12.0,12.100000381469727,12.133333206176758,12.0,7.782094478607178
1985-05-16,102700,12.033333778381348,11.966666221618652,12.033333778381348,11.966666221618652,7.6963396072387695
1985-05-15,413600,12.100000381469727,12.0,12.100000381469727,12.0,7.717778205871582
1985-05-14,410600,12.199999809265137,12.133333206176758,12.266666412353516,12.100000381469727,7.803531169891357
1985-05-13,315400,11.866666793823242,12.166666984558105,12.166666984558105,11.866666793823242,7.824974060058594
1985-05-10,76000,11.833333015441895,11.899999618530273,12.0,11.833333015441895,7.653467655181885
1985-05-09,40800,11.899999618530273,11.833333015441895,11.899999618530273,11.833333015441895,7.6105828285217285
1985-05-08,71900,11.933333396911621,11.866666793823242,12.0,11.833333015441895,7.63202428817749
1985-05-07,215600,11.866666793823242,12.0,12.0,11.866666793823242,7.717778205871582
1985-05-06,159300,11.800000190734863,11.866666793823242,11.966666221618652,11.800000190734863,7.63202428817749
1985-05-03,190900,11.766666412353516,11.800000190734863,11.833333015441895,11.766666412353516,7.589147567749023
1985-05-02,252300,11.766666412353516,11.800000190734863,11.833333015441895,11.733333587646484,7.589147567749023
1985-05-01,74200,11.766666412353516,11.733333587646484,11.800000190734863,11.733333587646484,7.546273708343506
1985-04-30,129300,11.800000190734863,11.800000190734863,11.833333015441895,11.766666412353516,7.589147567749023
1985-04-29,33300,11.600000381469727,11.800000190734863,11.833333015441895,11.600000381469727,7.589147567749023
1985-04-26,169400,11.933333396911621,11.666666984558105,12.0,11.633333206176758,7.503394603729248
1985-04-25,137600,11.800000190734863,11.933333396911621,11.933333396911621,11.733333587646484,7.674901962280273
1985-04-24,82800,12.100000381469727,11.866666793823242,12.100000381469727,11.833333015441895,7.63202428817749
1985-04-23,91100,12.033333778381348,12.066666603088379,12.100000381469727,11.933333396911621,7.760651111602783
1985-04-22,224900,12.266666412353516,12.100000381469727,12.333333015441895,12.066666603088379,7.782094478607178
1985-04-19,75300,12.333333015441895,12.333333015441895,12.333333015441895,12.300000190734863,7.932161808013916
1985-04-18,96300,12.333333015441895,12.333333015441895,12.399999618530273,12.333333015441895,7.932161808013916
1985-04-17,67500,12.399999618530273,12.333333015441895,12.433333396911621,12.333333015441895,7.932161808013916
1985-04-16,227500,12.266666412353516,12.399999618530273,12.466666221618652,12.233333587646484,7.975038051605225
1985-04-15,360000,11.866666793823242,12.199999809265137,12.199999809265137,11.866666793823242,7.846404075622559
1985-04-12,288000,11.800000190734863,11.800000190734863,11.866666793823242,11.699999809265137,7.589147567749023
1985-04-11,330700,11.699999809265137,11.800000190734863,11.833333015441895,11.666666984558105,7.589147567749023
1985-04-10,259500,11.766666412353516,11.666666984558105,11.800000190734863,11.666666984558105,7.503394603729248
1985-04-09,40100,11.633333206176758,11.633333206176758,11.733333587646484,11.600000381469727,7.481956958770752
1985-04-08,143900,11.666666984558105,11.633333206176758,11.800000190734863,11.633333206176758,7.481956958770752
1985-04-04,95200,11.666666984558105,11.600000381469727,11.733333587646484,11.600000381469727,7.460522651672363
1985-04-03,152200,11.600000381469727,11.600000381469727,11.733333587646484,11.566666603088379,7.460522651672363
1985-04-02,150700,11.699999809265137,11.566666603088379,11.733333587646484,11.566666603088379,7.439081192016602
1985-04-01,80600,11.699999809265137,11.633333206176758,11.699999809265137,11.633333206176758,7.481956958770752
1985-03-29,60700,11.666666984558105,11.800000190734863,11.833333015441895,11.666666984558105,7.589147567749023
1985-03-28,124500,11.566666603088379,11.666666984558105,11.699999809265137,11.566666603088379,7.503394603729248
1985-03-27,211400,11.366666793823242,11.5,11.533333778381348,11.333333015441895,7.396202087402344
1985-03-26,254900,11.199999809265137,11.199999809265137,11.266666412353516,11.133333206176758,7.2032575607299805
1985-03-25,62200,11.133333206176758,11.100000381469727,11.133333206176758,11.100000381469727,7.138948440551758
1985-03-22,166500,11.166666984558105,11.133333206176758,11.166666984558105,11.033333778381348,7.1603827476501465
1985-03-21,322100,11.100000381469727,11.133333206176758,11.266666412353516,11.066666603088379,7.1603827476501465
1985-03-20,323200,11.033333778381348,11.0,11.133333206176758,10.966666221618652,7.07463264465332
1985-03-19,862800,10.933333396911621,11.100000381469727,11.166666984558105,10.600000381469727,7.138948440551758
1985-03-18,262500,10.666666984558105,10.600000381469727,10.733333587646484,10.5,6.8173699378967285
1985-03-15,318300,10.899999618530273,10.666666984558105,10.899999618530273,10.600000381469727,6.860250473022461
1985-03-14,16100,11.033333778381348,10.966666221618652,11.066666603088379,10.966666221618652,7.05318546295166
1985-03-13,547000,11.199999809265137,11.033333778381348,11.266666412353516,11.033333778381348,7.096069812774658
1985-03-12,75300,11.066666603088379,11.133333206176758,11.166666984558105,11.066666603088379,7.1603827476501465
1985-03-11,91500,11.166666984558105,11.100000381469727,11.166666984558105,11.100000381469727,7.138948440551758
1985-03-08,239200,11.300000190734863,11.199999809265137,11.333333015441895,11.199999809265137,7.2032575607299805
1985-03-07,154800,11.300000190734863,11.266666412353516,11.300000190734863,11.199999809265137,7.246135234832764
1985-03-06,211800,11.199999809265137,11.233333587646484,11.300000190734863,11.199999809265137,7.22469425201416
1985-03-05,77200,11.366666793823242,11.266666412353516,11.366666793823242,11.266666412353516,7.246135234832764
1985-03-04,51700,11.399999618530273,11.366666793823242,11.399999618530273,11.333333015441895,7.310451030731201
1985-03-01,164600,11.333333015441895,11.466666221618652,11.466666221618652,11.333333015441895,7.3747639656066895
1985-02-28,422900,11.433333396911621,11.366666793823242,11.433333396911621,11.233333587646484,7.310451030731201
1985-02-27,107200,11.300000190734863,11.366666793823242,11.433333396911621,11.266666412353516,7.310451030731201
1985-02-26,468700,11.233333587646484,11.233333587646484,11.333333015441895,11.199999809265137,7.22469425201416
1985-02-25,823400,11.233333587646484,11.266666412353516,11.266666412353516,11.133333206176758,7.246135234832764
1985-02-22,136100,11.333333015441895,11.333333015441895,11.433333396911621,11.300000190734863,7.289012908935547
1985-02-21,202900,11.466666221618652,11.333333015441895,11.466666221618652,11.333333015441895,7.289012908935547
1985-02-20,63400,11.533333778381348,11.5,11.566666603088379,11.5,7.396202087402344
1985-02-19,51700,11.600000381469727,11.533333778381348,11.633333206176758,11.533333778381348,7.417643070220947
1985-02-15,79100,11.633333206176758,11.633333206176758,11.699999809265137,11.633333206176758,7.481956958770752
1985-02-14,582000,11.666666984558105,11.633333206176758,11.800000190734863,11.633333206176758,7.481956958770752
1985-02-13,64100,11.566666603088379,11.733333587646484,11.733333587646484,11.533333778381348,7.546273708343506
1985-02-12,57300,11.699999809265137,11.633333206176758,11.699999809265137,11.566666603088379,7.481956958770752
1985-02-11,283400,11.600000381469727,11.633333206176758,11.699999809265137,11.600000381469727,7.481956958770752
1985-02-08,268400,11.733333587646484,11.633333206176758,12.166666984558105,11.633333206176758,7.481956958770752
1985-02-07,209200,11.533333778381348,11.733333587646484,11.733333587646484,11.5,7.546273708343506
1985-02-06,158500,11.466666221618652,11.5,11.600000381469727,11.466666221618652,7.396202087402344
1985-02-05,312300,11.233333587646484,11.433333396911621,11.5,11.233333587646484,7.353331565856934
1985-02-04,190500,11.466666221618652,11.300000190734863,11.466666221618652,11.233333587646484,7.267575263977051
1985-02-01,331800,11.733333587646484,11.666666984558105,11.733333587646484,11.566666603088379,7.503394603729248
1985-01-31,488600,11.333333015441895,11.800000190734863,11.866666793823242,11.300000190734863,7.589147567749023
1985-01-30,819000,11.0,11.266666412353516,11.266666412353516,10.966666221618652,7.246135234832764
1985-01-29,229500,10.800000190734863,10.933333396911621,10.933333396911621,10.766666412353516,7.031755447387695
1985-01-28,202900,10.800000190734863,10.733333587646484,10.800000190734863,10.633333206176758,6.9031219482421875
1985-01-25,172800,10.899999618530273,10.800000190734863,10.899999618530273,10.699999809265137,6.9460039138793945
1985-01-24,287200,10.866666793823242,10.866666793823242,10.933333396911621,10.866666793823242,6.988880157470703
1985-01-23,298900,10.733333587646484,10.933333396911621,10.933333396911621,10.699999809265137,7.031755447387695
1985-01-22,424500,10.800000190734863,10.733333587646484,10.933333396911621,10.699999809265137,6.9031219482421875
1985-01-21,207000,10.433333396911621,10.833333015441895,10.866666793823242,10.433333396911621,6.967436790466309
1985-01-18,95600,10.166666984558105,10.5,10.5,10.166666984558105,6.753056049346924
1985-01-17,43400,10.166666984558105,10.199999809265137,10.233333587646484,10.133333206176758,6.560111999511719
1985-01-16,48700,10.233333587646484,10.233333587646484,10.300000190734863,10.166666984558105,6.581550121307373
1985-01-15,232500,10.066666603088379,10.300000190734863,10.333333015441895,10.066666603088379,6.624426364898682
1985-01-14,287600,9.866666793823242,10.066666603088379,10.133333206176758,9.800000190734863,6.474353790283203
1985-01-11,69300,9.800000190734863,9.899999618530273,9.899999618530273,9.800000190734863,6.367165565490723
1985-01-10,91500,9.766666412353516,9.833333015441895,9.833333015441895,9.766666412353516,6.324289798736572
1985-01-09,139400,9.699999809265137,9.766666412353516,9.866666793823242,9.699999809265137,6.281414031982422
1985-01-08,80600,9.733333587646484,9.766666412353516,9.766666412353516,9.733333587646484,6.281414031982422
1985-01-07,148900,9.600000381469727,9.733333587646484,9.766666412353516,9.600000381469727,6.259976387023926
1985-01-04,135400,9.699999809265137,9.666666984558105,9.699999809265137,9.600000381469727,6.21710205078125
1985-01-03,128500,9.533333778381348,9.699999809265137,9.699999809265137,9.466666221618652,6.238539695739746
1985-01-02,115400,9.533333778381348,9.566666603088379,9.633333206176758,9.533333778381348,6.15278434753418
1984-12-31,96000,9.399999618530273,9.566666603088379,9.566666603088379,9.399999618530273,6.15278434753418
1984-12-28,135700,9.433333396911621,9.433333396911621,9.433333396911621,9.366666793823242,6.067028045654297
1984-12-27,1057800,9.433333396911621,9.300000190734863,9.466666221618652,9.300000190734863,5.9812774658203125
1984-12-26,79500,9.333333015441895,9.433333396911621,9.466666221618652,9.333333015441895,6.067028045654297
1984-12-24,508900,9.199999809265137,9.366666793823242,9.399999618530273,9.166666984558105,6.0241546630859375
1984-12-21,181100,9.199999809265137,9.166666984558105,9.233333587646484,9.133333206176758,5.895523548126221
1984-12-20,205800,9.300000190734863,9.233333587646484,9.333333015441895,9.166666984558105,5.938398838043213
1984-12-19,475100,9.533333778381348,9.366666793823242,9.533333778381348,9.300000190734863,6.0241546630859375
1984-12-18,684700,9.466666221618652,9.566666603088379,9.566666603088379,9.466666221618652,6.15278434753418
1984-12-17,233200,9.366666793823242,9.566666603088379,9.566666603088379,9.366666793823242,6.15278434753418
1984-12-14,355500,9.5,9.5,9.566666603088379,9.399999618530273,6.109910488128662
1984-12-13,270300,9.600000381469727,9.466666221618652,9.600000381469727,9.433333396911621,6.0884690284729
1984-12-12,46800,9.699999809265137,9.666666984558105,9.733333587646484,9.633333206176758,6.21710205078125
1984-12-11,36700,9.600000381469727,9.666666984558105,9.666666984558105,9.600000381469727,6.21710205078125
1984-12-10,85100,9.666666984558105,9.600000381469727,9.699999809265137,9.600000381469727,6.174224853515625
1984-12-07,102700,9.699999809265137,9.733333587646484,9.800000190734863,9.699999809265137,6.259976387023926
1984-12-06,113900,9.666666984558105,9.699999809265137,9.800000190734863,9.666666984558105,6.238539695739746
1984-12-05,72700,9.600000381469727,9.666666984558105,9.699999809265137,9.600000381469727,6.21710205078125
1984-12-04,90700,9.600000381469727,9.633333206176758,9.699999809265137,9.600000381469727,6.19566011428833
1984-12-03,75300,9.600000381469727,9.566666603088379,9.666666984558105,9.533333778381348,6.15278434753418
1984-11-30,98200,9.600000381469727,9.666666984558105,9.666666984558105,9.533333778381348,6.21710205078125
1984-11-29,85800,9.600000381469727,9.533333778381348,9.733333587646484,9.533333778381348,6.131344795227051
1984-11-28,356600,9.866666793823242,9.600000381469727,9.933333396911621,9.600000381469727,6.174224853515625
1984-11-27,229000,10.366666793823242,10.0,10.366666793823242,9.966666221618652,6.431483745574951
1984-11-26,97400,10.633333206176758,10.433333396911621,10.633333206176758,10.399999618530273,6.710180282592773
1984-11-23,93400,10.533333778381348,10.600000381469727,10.666666984558105,10.533333778381348,6.8173699378967285
1984-11-21,95600,10.699999809265137,10.600000381469727,10.699999809265137,10.5,6.8173699378967285
1984-11-20,37500,10.699999809265137,10.733333587646484,10.733333587646484,10.699999809265137,6.9031219482421875
1984-11-19,135700,10.733333587646484,10.699999809265137,10.766666412353516,10.699999809265137,6.881685733795166
1984-11-16,264700,10.766666412353516,10.800000190734863,10.800000190734863,10.733333587646484,6.9460039138793945
1984-11-15,132400,10.800000190734863,10.800000190734863,10.833333015441895,10.766666412353516,6.9460039138793945
1984-11-14,167600,10.933333396911621,10.833333015441895,10.966666221618652,10.833333015441895,6.967436790466309
1984-11-13,217900,10.933333396911621,10.933333396911621,11.033333778381348,10.933333396911621,7.031755447387695
1984-11-12,111000,10.800000190734863,10.866666793823242,10.866666793823242,10.800000190734863,6.988880157470703
1984-11-09,361800,10.833333015441895,10.800000190734863,10.933333396911621,10.800000190734863,6.9460039138793945
1984-11-08,301900,10.666666984558105,10.800000190734863,10.866666793823242,10.666666984558105,6.9460039138793945
1984-11-07,116900,10.699999809265137,10.800000190734863,10.833333015441895,10.699999809265137,6.9460039138793945
1984-11-06,406800,10.733333587646484,10.733333587646484,10.766666412353516,10.633333206176758,6.9031219482421875
1984-11-05,258400,10.399999618530273,10.666666984558105,10.733333587646484,10.399999618530273,6.860250473022461
1984-11-02,378700,10.066666603088379,10.333333015441895,10.333333015441895,10.033333778381348,6.645862579345703
1984-11-01,173500,9.5,9.733333587646484,9.800000190734863,9.5,6.259976387023926
1984-10-31,23200,9.600000381469727,9.5,9.633333206176758,9.5,6.109910488128662
1984-10-30,45700,9.466666221618652,9.566666603088379,9.566666603088379,9.466666221618652,6.15278434753418
1984-10-29,124500,9.333333015441895,9.5,9.5,9.333333015441895,6.109910488128662
1984-10-26,170200,9.399999618530273,9.399999618530273,9.466666221618652,9.333333015441895,6.045592784881592
1984-10-25,246400,9.399999618530273,9.466666221618652,9.566666603088379,9.333333015441895,6.0884690284729
1984-10-24,166500,9.466666221618652,9.399999618530273,9.533333778381348,9.399999618530273,6.045592784881592
1984-10-23,80600,9.333333015441895,9.533333778381348,9.600000381469727,9.333333015441895,6.131344795227051
1984-10-22,44600,9.433333396911621,9.333333015441895,9.433333396911621,9.333333015441895,6.002717971801758
1984-10-19,135700,9.466666221618652,9.433333396911621,9.566666603088379,9.399999618530273,6.067028045654297
1984-10-18,96700,9.266666412353516,9.399999618530273,9.433333396911621,9.199999809265137,6.045592784881592
1984-10-17,82800,9.300000190734863,9.300000190734863,9.399999618530273,9.300000190734863,5.9812774658203125
1984-10-16,31800,9.333333015441895,9.333333015441895,9.399999618530273,9.333333015441895,6.002717971801758
1984-10-15,285000,9.333333015441895,9.333333015441895,9.399999618530273,9.266666412353516,6.002717971801758
1984-10-12,150700,9.366666793823242,9.333333015441895,9.5,9.266666412353516,6.002717971801758
1984-10-11,123000,9.466666221618652,9.366666793823242,9.5,9.366666793823242,6.0241546630859375
1984-10-10,136800,9.633333206176758,9.433333396911621,9.666666984558105,9.399999618530273,6.067028045654297
1984-10-09,79100,9.766666412353516,9.699999809265137,9.833333015441895,9.699999809265137,6.238539695739746
1984-10-08,49900,9.833333015441895,9.800000190734863,9.833333015441895,9.733333587646484,6.302850723266602
1984-10-05,162000,9.899999618530273,9.866666793823242,9.966666221618652,9.766666412353516,6.345728397369385
1984-10-04,88000,9.766666412353516,9.899999618530273,10.0,9.766666412353516,6.367165565490723
1984-10-03,202100,9.666666984558105,9.800000190734863,9.966666221618652,9.666666984558105,6.302850723266602
1984-10-02,64900,9.666666984558105,9.600000381469727,9.699999809265137,9.533333778381348,6.174224853515625
1984-10-01,76900,9.466666221618652,9.600000381469727,9.733333587646484,9.466666221618652,6.174224853515625
1984-09-28,128900,9.533333778381348,9.466666221618652,9.533333778381348,9.333333015441895,6.0884690284729
1984-09-27,47200,9.566666603088379,9.566666603088379,9.666666984558105,9.566666603088379,6.15278434753418
1984-09-26,144300,9.666666984558105,9.533333778381348,9.800000190734863,9.399999618530273,6.131344795227051
1984-09-25,66700,9.600000381469727,9.600000381469727,9.666666984558105,9.466666221618652,6.174224853515625
1984-09-24,44600,9.733333587646484,9.666666984558105,9.800000190734863,9.666666984558105,6.21710205078125
1984-09-21,349400,9.533333778381348,9.666666984558105,9.800000190734863,9.5,6.21710205078125
1984-09-20,175900,9.133333206176758,9.399999618530273,9.399999618530273,9.133333206176758,6.045592784881592
1984-09-19,161200,9.333333015441895,9.199999809265137,9.333333015441895,9.199999809265137,5.916964054107666
1984-09-18,162400,9.266666412353516,9.333333015441895,9.333333015441895,9.233333587646484,6.002717971801758
1984-09-17,93000,9.466666221618652,9.266666412353516,9.466666221618652,9.199999809265137,5.959838390350342
1984-09-14,192300,9.766666412353516,9.466666221618652,9.866666793823242,9.466666221618652,6.0884690284729
1984-09-13,48300,9.733333587646484,9.699999809265137,9.733333587646484,9.666666984558105,6.238539695739746
1984-09-12,62200,9.800000190734863,9.800000190734863,9.866666793823242,9.733333587646484,6.302850723266602
1984-09-11,43100,10.066666603088379,9.866666793823242,10.133333206176758,9.866666793823242,6.345728397369385
1984-09-10,109100,10.066666603088379,9.966666221618652,10.100000381469727,9.800000190734863,6.410043716430664
1984-09-07,422200,10.266666412353516,10.066666603088379,10.300000190734863,10.033333778381348,6.474353790283203
1984-09-06,128900,10.133333206176758,10.300000190734863,10.300000190734863,10.133333206176758,6.624426364898682
1984-09-05,149600,10.100000381469727,10.133333206176758,10.199999809265137,10.100000381469727,6.517236232757568
1984-09-04,235100,10.066666603088379,10.100000381469727,10.133333206176758,10.033333778381348,6.495791435241699
1984-08-31,26200,10.133333206176758,10.266666412353516,10.266666412353516,10.133333206176758,6.602989196777344
1984-08-30,67100,10.133333206176758,10.100000381469727,10.133333206176758,10.066666603088379,6.495791435241699
1984-08-29,489700,9.866666793823242,10.133333206176758,10.233333587646484,9.866666793823242,6.517236232757568
1984-08-28,98600,9.666666984558105,9.800000190734863,9.800000190734863,9.600000381469727,6.302850723266602
1984-08-27,36000,9.800000190734863,9.566666603088379,9.800000190734863,9.533333778381348,6.15278434753418
1984-08-24,373100,9.866666793823242,9.766666412353516,9.866666793823242,9.666666984558105,6.281414031982422
1984-08-23,204000,9.866666793823242,9.800000190734863,10.0,9.666666984558105,6.302850723266602
1984-08-22,130800,9.666666984558105,9.800000190734863,9.800000190734863,9.399999618530273,6.302850723266602
1984-08-21,162400,10.033333778381348,9.733333587646484,10.133333206176758,9.666666984558105,6.259976387023926
1984-08-20,91500,10.133333206176758,10.133333206176758,10.199999809265137,10.066666603088379,6.517236232757568
1984-08-17,85800,10.266666412353516,10.133333206176758,10.266666412353516,10.100000381469727,6.517236232757568
1984-08-16,780700,10.399999618530273,10.199999809265137,10.399999618530273,10.066666603088379,6.560111999511719
1984-08-15,384700,10.066666603088379,10.399999618530273,10.433333396911621,10.066666603088379,6.688740253448486
1984-08-14,278600,10.133333206176758,10.233333587646484,10.333333015441895,10.133333206176758,6.581550121307373
1984-08-13,139400,9.600000381469727,9.933333396911621,10.0,9.600000381469727,6.388606071472168
1984-08-10,1387100,9.333333015441895,9.666666984558105,9.800000190734863,9.333333015441895,6.21710205078125
1984-08-09,347200,8.733333587646484,8.933333396911621,9.0,8.666666984558105,5.745455741882324
1984-08-08,95200,9.233333587646484,8.733333587646484,9.300000190734863,8.733333587646484,5.616827487945557
1984-08-07,107200,9.266666412353516,9.199999809265137,9.466666221618652,9.133333206176758,5.916964054107666
1984-08-06,286900,9.800000190734863,9.399999618530273,10.199999809265137,9.399999618530273,6.045592784881592
1984-08-03,666000,9.199999809265137,9.800000190734863,10.066666603088379,9.199999809265137,6.302850723266602
1984-08-02,1435800,8.600000381469727,9.066666603088379,9.133333206176758,8.533333778381348,5.831210136413574
1984-08-01,196800,8.533333778381348,8.566666603088379,8.566666603088379,8.433333396911621,5.509637355804443
1984-07-31,234300,8.5,8.600000381469727,8.600000381469727,8.5,5.531073570251465
1984-07-30,83900,8.600000381469727,8.5,8.600000381469727,8.466666221618652,5.466761589050293
1984-07-27,121100,8.333333015441895,8.666666984558105,8.666666984558105,8.266666412353516,5.573949337005615
1984-07-26,76500,8.533333778381348,8.399999618530273,8.600000381469727,8.333333015441895,5.402444362640381
1984-07-25,210300,8.466666221618652,8.533333778381348,8.533333778381348,8.333333015441895,5.488201141357422
1984-07-24,113200,8.733333587646484,8.533333778381348,8.733333587646484,8.533333778381348,5.488201141357422
1984-07-23,207300,8.666666984558105,8.733333587646484,8.866666793823242,8.333333015441895,5.616827487945557
1984-07-20,285000,9.066666603088379,8.800000190734863,9.066666603088379,8.800000190734863,5.659705638885498
1984-07-19,43400,9.199999809265137,9.066666603088379,9.199999809265137,9.0,5.831210136413574
1984-07-18,141300,9.399999618530273,9.133333206176758,9.399999618530273,9.066666603088379,5.874087333679199
1984-07-17,163800,9.466666221618652,9.433333396911621,9.533333778381348,9.266666412353516,6.067028045654297
1984-07-16,130800,9.333333015441895,9.399999618530273,9.399999618530273,9.066666603088379,6.045592784881592
1984-07-13,100400,8.866666793823242,9.266666412353516,9.266666412353516,8.866666793823242,5.959838390350342
1984-07-12,321700,9.0,8.800000190734863,9.0,8.800000190734863,5.659705638885498
1984-07-11,74500,9.066666603088379,9.066666603088379,9.266666412353516,9.0,5.831210136413574
1984-07-10,131500,9.133333206176758,9.066666603088379,9.333333015441895,9.066666603088379,5.831210136413574
1984-07-09,237300,9.133333206176758,9.066666603088379,9.133333206176758,8.966666221618652,5.831210136413574
1984-07-06,264700,8.933333396911621,9.066666603088379,9.133333206176758,8.666666984558105,5.831210136413574
1984-07-05,1111800,9.600000381469727,9.066666603088379,9.600000381469727,9.0,5.831210136413574
1984-07-03,195700,9.866666793823242,9.766666412353516,9.866666793823242,9.733333587646484,6.281414031982422
1984-07-02,74900,9.899999618530273,9.933333396911621,9.933333396911621,9.833333015441895,6.388606071472168
1984-06-29,314600,9.800000190734863,9.866666793823242,9.899999618530273,9.699999809265137,6.345728397369385
1984-06-28,71900,9.733333587646484,9.733333587646484,9.800000190734863,9.666666984558105,6.259976387023926
1984-06-27,74900,9.733333587646484,9.733333587646484,9.800000190734863,9.699999809265137,6.259976387023926
1984-06-26,30300,9.733333587646484,9.733333587646484,9.766666412353516,9.600000381469727,6.259976387023926
1984-06-25,130800,9.866666793823242,9.800000190734863,9.866666793823242,9.699999809265137,6.302850723266602
1984-06-22,24000,9.899999618530273,9.833333015441895,9.899999618530273,9.766666412353516,6.324289798736572
1984-06-21,114700,9.899999618530273,9.899999618530273,9.933333396911621,9.866666793823242,6.367165565490723
1984-06-20,78400,10.0,10.0,10.066666603088379,9.966666221618652,6.431483745574951
1984-06-19,136800,10.233333587646484,10.166666984558105,10.266666412353516,10.133333206176758,6.538670539855957
1984-06-18,99700,9.899999618530273,10.199999809265137,10.266666412353516,9.899999618530273,6.560111999511719
1984-06-15,98600,10.266666412353516,9.966666221618652,10.266666412353516,9.899999618530273,6.410043716430664
1984-06-14,55500,10.333333015441895,10.266666412353516,10.433333396911621,10.266666412353516,6.602989196777344
1984-06-13,218600,10.333333015441895,10.300000190734863,10.399999618530273,10.266666412353516,6.624426364898682
1984-06-12,163500,10.5,10.399999618530273,10.533333778381348,10.333333015441895,6.688740253448486
1984-06-11,194600,10.699999809265137,10.433333396911621,10.766666412353516,10.399999618530273,6.710180282592773
1984-06-08,100100,11.066666603088379,10.800000190734863,11.066666603088379,10.733333587646484,6.9460039138793945
1984-06-07,29600,11.133333206176758,11.066666603088379,11.133333206176758,11.0,7.117505073547363
1984-06-06,34900,11.066666603088379,11.166666984558105,11.166666984558105,10.933333396911621,7.181822776794434
1984-06-05,106500,11.166666984558105,11.100000381469727,11.166666984558105,11.066666603088379,7.138948440551758
1984-06-04,408300,11.333333015441895,11.133333206176758,11.333333015441895,11.066666603088379,7.1603827476501465
1984-06-01,390700,11.066666603088379,11.333333015441895,11.533333778381348,11.066666603088379,7.289012908935547
1984-05-31,179600,11.266666412353516,10.766666412353516,11.266666412353516,10.733333587646484,6.924562454223633
1984-05-30,163800,11.600000381469727,11.333333015441895,11.600000381469727,11.333333015441895,7.289012908935547
1984-05-29,60700,11.766666412353516,11.699999809265137,11.766666412353516,11.633333206176758,7.524836540222168
1984-05-25,313100,11.933333396911621,11.800000190734863,12.0,11.800000190734863,7.589147567749023
1984-05-24,298900,12.033333778381348,11.833333015441895,12.066666603088379,11.800000190734863,7.6105828285217285
1984-05-23,33300,12.066666603088379,12.066666603088379,12.066666603088379,12.0,7.760651111602783
1984-05-22,102300,11.899999618530273,12.066666603088379,12.133333206176758,11.899999618530273,7.760651111602783
1984-05-21,42300,12.0,11.966666221618652,12.199999809265137,11.966666221618652,7.6963396072387695
1984-05-18,113900,11.933333396911621,11.933333396911621,11.966666221618652,11.866666793823242,7.674901962280273
1984-05-17,111700,11.866666793823242,12.066666603088379,12.133333206176758,11.866666793823242,7.760651111602783
1984-05-16,139400,11.966666221618652,11.766666412353516,11.966666221618652,11.733333587646484,7.567712783813477
1984-05-15,162400,12.133333206176758,11.933333396911621,12.166666984558105,11.866666793823242,7.674901962280273
1984-05-14,216000,12.333333015441895,12.133333206176758,12.333333015441895,11.933333396911621,7.803531169891357
1984-05-11,192700,12.766666412353516,12.399999618530273,12.766666412353516,12.333333015441895,7.975038051605225
1984-05-10,122200,12.666666984558105,12.699999809265137,12.766666412353516,12.633333206176758,8.167984962463379
1984-05-09,97100,12.966666221618652,12.733333587646484,12.966666221618652,12.666666984558105,8.189414978027344
1984-05-08,92200,12.866666793823242,12.899999618530273,12.966666221618652,12.866666793823242,8.296611785888672
1984-05-07,59900,12.899999618530273,12.899999618530273,13.0,12.833333015441895,8.296611785888672
1984-05-04,54000,13.0,12.866666793823242,13.0,12.833333015441895,8.275175094604492
1984-05-03,20200,12.899999618530273,12.933333396911621,12.933333396911621,12.833333015441895,8.3180513381958
1984-05-02,17900,12.899999618530273,12.833333015441895,13.0,12.833333015441895,8.25373649597168
1984-05-01,121500,12.800000190734863,12.800000190734863,13.0,12.800000190734863,8.232295989990234
1984-04-30,117300,12.866666793823242,12.766666412353516,12.933333396911621,12.666666984558105,8.210862159729004
1984-04-27,101900,12.899999618530273,12.933333396911621,12.966666221618652,12.899999618530273,8.3180513381958
1984-04-26,105400,13.0,12.899999618530273,13.0,12.899999618530273,8.296611785888672
1984-04-25,83600,13.199999809265137,13.066666603088379,13.266666412353516,13.066666603088379,8.40380573272705
1984-04-24,97800,13.333333015441895,13.199999809265137,13.333333015441895,13.166666984558105,8.4895601272583
1984-04-23,124800,13.266666412353516,13.333333015441895,13.399999618530273,13.233333587646484,8.575311660766602
1984-04-19,60300,13.399999618530273,13.199999809265137,13.399999618530273,13.199999809265137,8.4895601272583
1984-04-18,246700,13.399999618530273,13.366666793823242,13.666666984558105,13.300000190734863,8.596747398376465
1984-04-17,29600,13.399999618530273,13.399999618530273,13.399999618530273,13.266666412353516,8.618185997009277
1984-04-16,113900,13.399999618530273,13.466666221618652,13.466666221618652,13.266666412353516,8.66106128692627
1984-04-13,53200,13.833333015441895,13.466666221618652,13.833333015441895,13.466666221618652,8.66106128692627
1984-04-12,89500,13.666666984558105,13.833333015441895,13.833333015441895,13.600000381469727,8.896885871887207
1984-04-11,326600,13.666666984558105,13.733333587646484,13.800000190734863,13.600000381469727,8.83257007598877
1984-04-10,51400,13.766666412353516,13.633333206176758,13.766666412353516,13.600000381469727,8.768255233764648
1984-04-09,152600,13.666666984558105,13.699999809265137,13.833333015441895,13.600000381469727,8.811132431030273
1984-04-06,37500,13.399999618530273,13.5,13.566666603088379,13.333333015441895,8.682502746582031
1984-04-05,69700,13.600000381469727,13.433333396911621,13.600000381469727,13.433333396911621,8.639618873596191
1984-04-04,24300,13.566666603088379,13.633333206176758,13.699999809265137,13.566666603088379,8.768255233764648
1984-04-03,32500,13.733333587646484,13.633333206176758,13.733333587646484,13.600000381469727,8.768255233764648
1984-04-02,83200,13.600000381469727,13.800000190734863,13.800000190734863,13.600000381469727,8.875446319580078
1984-03-30,58100,13.800000190734863,13.666666984558105,13.833333015441895,13.666666984558105,8.789692878723145
1984-03-29,47900,13.866666793823242,13.833333015441895,13.866666793823242,13.800000190734863,8.896885871887207
1984-03-28,158900,13.600000381469727,13.866666793823242,13.866666793823242,13.566666603088379,8.918323516845703
1984-03-27,43400,13.600000381469727,13.600000381469727,13.666666984558105,13.600000381469727,8.746814727783203
1984-03-26,223100,13.666666984558105,13.600000381469727,13.733333587646484,13.600000381469727,8.746814727783203
1984-03-23,323900,13.733333587646484,13.733333587646484,13.733333587646484,13.600000381469727,8.83257007598877
1984-03-22,135000,13.666666984558105,13.733333587646484,13.866666793823242,13.633333206176758,8.83257007598877
1984-03-21,72700,13.566666603088379,13.600000381469727,13.666666984558105,13.566666603088379,8.746814727783203
1984-03-20,285000,13.733333587646484,13.533333778381348,13.733333587646484,13.399999618530273,8.703936576843262
1984-03-19,58400,13.933333396911621,13.666666984558105,13.933333396911621,13.600000381469727,8.789692878723145
1984-03-16,87700,14.133333206176758,13.866666793823242,14.133333206176758,13.733333587646484,8.918323516845703
1984-03-15,99700,14.0,14.0,14.066666603088379,13.933333396911621,9.004072189331055
1984-03-14,415100,14.466666221618652,14.066666603088379,14.5,14.066666603088379,9.046951293945312
1984-03-13,616400,14.300000190734863,14.399999618530273,14.5,14.266666412353516,9.261336326599121
1984-03-12,59900,14.333333015441895,14.233333587646484,14.333333015441895,14.199999809265137,9.154147148132324
1984-03-09,448400,14.199999809265137,14.266666412353516,14.266666412353516,14.133333206176758,9.175580024719238
1984-03-08,218600,13.866666793823242,14.266666412353516,14.333333015441895,13.833333015441895,9.175580024719238
1984-03-07,453700,14.433333396911621,14.199999809265137,14.433333396911621,14.133333206176758,9.13270378112793
1984-03-06,236900,14.399999618530273,14.433333396911621,14.533333778381348,14.199999809265137,9.282771110534668
1984-03-05,462700,14.533333778381348,14.466666221618652,14.566666603088379,14.399999618530273,9.304210662841797
1984-03-02,174000,14.066666603088379,14.333333015441895,14.333333015441895,14.066666603088379,9.218461036682129
1984-03-01,125900,14.133333206176758,13.933333396911621,14.199999809265137,13.933333396911621,8.961198806762695
1984-02-29,87700,14.333333015441895,14.199999809265137,14.333333015441895,14.033333778381348,9.13270378112793
1984-02-28,207000,14.399999618530273,14.333333015441895,14.5,14.266666412353516,9.218461036682129
1984-02-27,321700,14.166666984558105,14.533333778381348,14.633333206176758,14.166666984558105,9.347089767456055
1984-02-24,378700,13.866666793823242,14.199999809265137,14.466666221618652,13.866666793823242,9.13270378112793
1984-02-23,732700,13.399999618530273,13.933333396911621,13.933333396911621,13.366666793823242,8.961198806762695
1984-02-22,426000,13.066666603088379,13.399999618530273,13.399999618530273,13.0,8.618185997009277
1984-02-21,250800,12.733333587646484,12.766666412353516,12.866666793823242,12.633333206176758,8.210862159729004
1984-02-17,80600,12.5,12.399999618530273,12.5,12.333333015441895,7.975038051605225
1984-02-16,190100,12.399999618530273,12.466666221618652,12.600000381469727,12.399999618530273,8.017913818359375
1984-02-15,440200,12.333333015441895,12.466666221618652,12.600000381469727,12.333333015441895,8.017913818359375
1984-02-14,81000,12.300000190734863,12.333333015441895,12.5,12.266666412353516,7.932161808013916
1984-02-13,67500,12.266666412353516,12.266666412353516,12.399999618530273,12.266666412353516,7.889284133911133
1984-02-10,56600,12.333333015441895,12.333333015441895,12.466666221618652,12.199999809265137,7.932161808013916
1984-02-09,142400,12.666666984558105,12.399999618530273,12.666666984558105,12.266666412353516,7.975038051605225
1984-02-08,200500,13.0,12.666666984558105,13.0,12.600000381469727,8.146540641784668
1984-02-07,123700,13.066666603088379,13.033333778381348,13.199999809265137,12.933333396911621,8.382364273071289
1984-02-06,207300,13.300000190734863,13.233333587646484,13.300000190734863,13.066666603088379,8.51099681854248
1984-02-03,730500,13.333333015441895,13.366666793823242,13.466666221618652,13.333333015441895,8.596747398376465
1984-02-02,546700,13.333333015441895,13.333333015441895,13.399999618530273,13.266666412353516,8.575311660766602
1984-02-01,577500,12.666666984558105,12.899999618530273,12.933333396911621,12.666666984558105,8.296611785888672
1984-01-31,656500,12.533333778381348,12.533333778381348,12.600000381469727,12.366666793823242,8.060792922973633
1984-01-30,264700,12.566666603088379,12.300000190734863,12.566666603088379,12.300000190734863,7.910721778869629
1984-01-27,293200,12.866666793823242,12.5,12.866666793823242,12.399999618530273,8.039351463317871
1984-01-26,362200,12.533333778381348,12.933333396911621,12.933333396911621,12.466666221618652,8.3180513381958
1984-01-25,205800,12.600000381469727,12.466666221618652,12.733333587646484,12.466666221618652,8.017913818359375
1984-01-24,118900,12.666666984558105,12.600000381469727,12.699999809265137,12.600000381469727,8.103665351867676
1984-01-23,88400,12.733333587646484,12.600000381469727,12.733333587646484,12.600000381469727,8.103665351867676
1984-01-20,124800,12.733333587646484,12.666666984558105,12.800000190734863,12.633333206176758,8.146540641784668
1984-01-19,116500,12.600000381469727,12.733333587646484,12.733333587646484,12.600000381469727,8.189414978027344
1984-01-18,137200,12.666666984558105,12.633333206176758,12.733333587646484,12.633333206176758,8.12511157989502
1984-01-17,45700,12.600000381469727,12.666666984558105,12.733333587646484,12.600000381469727,8.146540641784668
1984-01-16,83900,12.600000381469727,12.633333206176758,12.633333206176758,12.5,8.12511157989502
1984-01-13,107200,12.733333587646484,12.666666984558105,12.766666412353516,12.600000381469727,8.146540641784668
1984-01-12,113900,12.666666984558105,12.733333587646484,12.766666412353516,12.666666984558105,8.189414978027344
1984-01-11,129700,12.800000190734863,12.733333587646484,12.800000190734863,12.666666984558105,8.189414978027344
1984-01-10,249700,12.933333396911621,12.733333587646484,12.933333396911621,12.666666984558105,8.189414978027344
1984-01-09,403800,12.800000190734863,12.866666793823242,12.933333396911621,12.699999809265137,8.275175094604492
1984-01-06,166500,13.266666412353516,12.933333396911621,13.266666412353516,12.800000190734863,8.3180513381958
1984-01-05,216000,13.399999618530273,13.399999618530273,13.433333396911621,13.300000190734863,8.618185997009277
1984-01-04,283000,13.533333778381348,13.399999618530273,13.600000381469727,13.399999618530273,8.618185997009277
1984-01-03,172800,13.466666221618652,13.466666221618652,13.466666221618652,13.399999618530273,8.66106128692627
1983-12-30,148500,13.600000381469727,13.533333778381348,13.600000381469727,13.533333778381348,8.703936576843262
1983-12-29,64500,13.600000381469727,13.533333778381348,13.666666984558105,13.533333778381348,8.703936576843262
1983-12-28,152600,13.600000381469727,13.533333778381348,13.666666984558105,13.533333778381348,8.703936576843262
1983-12-27,82800,13.666666984558105,13.533333778381348,13.666666984558105,13.533333778381348,8.703936576843262
1983-12-23,136100,13.600000381469727,13.533333778381348,13.666666984558105,13.533333778381348,8.703936576843262
1983-12-22,146600,13.433333396911621,13.666666984558105,13.733333587646484,13.399999618530273,8.789692878723145
1983-12-21,105400,13.600000381469727,13.433333396911621,13.600000381469727,13.433333396911621,8.639618873596191
1983-12-20,166800,13.733333587646484,13.566666603088379,13.733333587646484,13.566666603088379,8.72537899017334
1983-12-19,97400,13.800000190734863,13.666666984558105,13.800000190734863,13.600000381469727,8.789692878723145
1983-12-16,65200,13.766666412353516,13.800000190734863,13.933333396911621,13.766666412353516,8.875446319580078
1983-12-15,153300,13.866666793823242,13.766666412353516,13.933333396911621,13.733333587646484,8.85400676727295
1983-12-14,91500,14.066666603088379,14.066666603088379,14.266666412353516,14.066666603088379,9.046951293945312
1983-12-13,115400,13.866666793823242,13.933333396911621,14.033333778381348,13.766666412353516,8.961198806762695
1983-12-12,148100,14.100000381469727,13.899999618530273,14.100000381469727,13.866666793823242,8.939757347106934
1983-12-09,571100,14.300000190734863,14.066666603088379,14.333333015441895,14.066666603088379,9.046951293945312
1983-12-08,314200,14.533333778381348,14.399999618530273,14.666666984558105,14.399999618530273,9.261336326599121
1983-12-07,556800,14.5,14.5,14.533333778381348,14.399999618530273,9.325648307800293
1983-12-06,158900,14.466666221618652,14.433333396911621,14.5,14.399999618530273,9.282771110534668
1983-12-05,103000,14.466666221618652,14.600000381469727,14.600000381469727,14.433333396911621,9.389968872070312
1983-12-02,71200,14.733333587646484,14.399999618530273,14.800000190734863,14.399999618530273,9.261336326599121
1983-12-01,186700,14.333333015441895,14.533333778381348,14.566666603088379,14.333333015441895,9.347089767456055
1983-11-30,353200,14.199999809265137,14.5,14.533333778381348,14.199999809265137,9.325648307800293
1983-11-29,266200,14.066666603088379,14.133333206176758,14.133333206176758,13.933333396911621,9.089826583862305
1983-11-28,177000,13.866666793823242,13.966666221618652,14.133333206176758,13.866666793823242,8.98263168334961
1983-11-25,98900,13.333333015441895,13.600000381469727,13.666666984558105,13.333333015441895,8.746814727783203
1983-11-23,151500,13.600000381469727,13.533333778381348,13.666666984558105,13.466666221618652,8.703936576843262
1983-11-22,63700,13.366666793823242,13.5,13.566666603088379,13.333333015441895,8.682502746582031
1983-11-21,332200,13.0,13.333333015441895,13.5,13.0,8.575311660766602
1983-11-18,74500,13.199999809265137,13.266666412353516,13.333333015441895,13.066666603088379,8.532425880432129
1983-11-17,108700,13.333333015441895,13.333333015441895,13.5,13.199999809265137,8.575311660766602
1983-11-16,171700,13.866666793823242,13.399999618530273,13.866666793823242,13.233333587646484,8.618185997009277
1983-11-15,96300,13.666666984558105,13.666666984558105,13.666666984558105,13.600000381469727,8.789692878723145
1983-11-14,52500,13.333333015441895,13.5,13.600000381469727,13.333333015441895,8.682502746582031
1983-11-11,160100,12.933333396911621,13.133333206176758,13.199999809265137,12.933333396911621,8.446680068969727
1983-11-10,90700,12.666666984558105,13.066666603088379,13.066666603088379,12.666666984558105,8.40380573272705
1983-11-09,127400,12.466666221618652,12.533333778381348,12.766666412353516,12.399999618530273,8.060792922973633
1983-11-08,97400,12.300000190734863,12.399999618530273,12.466666221618652,12.300000190734863,7.975038051605225
1983-11-07,94800,12.466666221618652,12.300000190734863,12.466666221618652,12.300000190734863,7.910721778869629
1983-11-04,69700,12.466666221618652,12.466666221618652,12.5,12.433333396911621,8.017913818359375
1983-11-03,163100,12.566666603088379,12.399999618530273,12.566666603088379,12.333333015441895,7.975038051605225
1983-11-02,234000,12.600000381469727,12.533333778381348,12.666666984558105,12.533333778381348,8.060792922973633
1983-11-01,143900,12.5,12.433333396911621,12.600000381469727,12.333333015441895,7.996480464935303
1983-10-31,100400,12.666666984558105,12.566666603088379,12.733333587646484,12.566666603088379,8.082230567932129
1983-10-28,82800,12.733333587646484,12.800000190734863,12.866666793823242,12.600000381469727,8.232295989990234
1983-10-27,207000,12.866666793823242,12.800000190734863,12.866666793823242,12.566666603088379,8.232295989990234
1983-10-26,136500,13.166666984558105,13.100000381469727,13.300000190734863,12.833333015441895,8.425240516662598
1983-10-25,192700,13.366666793823242,13.199999809265137,13.533333778381348,13.100000381469727,8.4895601272583
1983-10-24,530200,12.533333778381348,13.433333396911621,13.433333396911621,12.399999618530273,8.639618873596191
1983-10-21,140900,12.699999809265137,12.533333778381348,12.733333587646484,12.266666412353516,8.060792922973633
1983-10-20,96000,13.0,12.699999809265137,13.066666603088379,12.566666603088379,8.167984962463379
1983-10-19,177700,13.066666603088379,13.166666984558105,13.199999809265137,12.933333396911621,8.468116760253906
1983-10-18,74900,13.100000381469727,13.066666603088379,13.166666984558105,13.0,8.40380573272705
1983-10-17,142400,13.466666221618652,13.233333587646484,13.466666221618652,13.233333587646484,8.51099681854248
1983-10-14,112800,13.300000190734863,13.466666221618652,13.5,13.300000190734863,8.66106128692627
1983-10-13,89900,13.300000190734863,13.366666793823242,13.399999618530273,13.266666412353516,8.596747398376465
1983-10-12,47200,13.100000381469727,13.199999809265137,13.333333015441895,13.066666603088379,8.4895601272583
1983-10-11,97800,13.233333587646484,13.166666984558105,13.333333015441895,13.066666603088379,8.468116760253906
1983-10-10,58800,13.0,13.233333587646484,13.233333587646484,12.933333396911621,8.51099681854248
1983-10-07,229500,12.533333778381348,13.066666603088379,13.133333206176758,12.533333778381348,8.40380573272705
1983-10-06,280100,12.600000381469727,12.533333778381348,12.600000381469727,12.399999618530273,8.060792922973633
1983-10-05,598100,12.433333396911621,12.600000381469727,12.600000381469727,12.333333015441895,8.103665351867676
1983-10-04,143500,12.533333778381348,12.5,12.666666984558105,12.466666221618652,8.039351463317871
1983-10-03,194200,12.399999618530273,12.466666221618652,12.533333778381348,12.133333206176758,8.017913818359375
1983-09-30,186700,13.266666412353516,12.866666793823242,13.333333015441895,12.800000190734863,8.275175094604492
1983-09-29,471700,14.066666603088379,13.333333015441895,14.133333206176758,13.266666412353516,8.575311660766602
1983-09-28,84300,14.199999809265137,14.066666603088379,14.233333587646484,14.066666603088379,9.046951293945312
1983-09-27,65200,14.300000190734863,14.133333206176758,14.366666793823242,14.066666603088379,9.089826583862305
1983-09-26,170500,14.166666984558105,14.266666412353516,14.333333015441895,14.066666603088379,9.175580024719238
1983-09-23,123300,14.199999809265137,14.100000381469727,14.300000190734863,13.966666221618652,9.068389892578125
1983-09-22,106100,14.199999809265137,14.033333778381348,14.266666412353516,14.0,9.0255126953125
1983-09-21,143900,14.266666412353516,14.266666412353516,14.466666221618652,14.266666412353516,9.175580024719238
1983-09-20,154100,14.5,14.5,14.633333206176758,14.466666221618652,9.325648307800293
1983-09-19,87300,14.133333206176758,14.433333396911621,14.5,14.133333206176758,9.282771110534668
1983-09-16,151800,13.933333396911621,14.266666412353516,14.266666412353516,13.933333396911621,9.175580024719238
1983-09-15,164600,14.666666984558105,14.399999618530273,14.666666984558105,14.333333015441895,9.261336326599121
1983-09-14,323200,14.800000190734863,14.733333587646484,14.899999618530273,14.533333778381348,9.475717544555664
1983-09-13,459300,15.433333396911621,14.899999618530273,15.433333396911621,14.766666412353516,9.582901954650879
1983-09-12,318700,15.733333587646484,15.399999618530273,16.0,15.399999618530273,9.90447998046875
1983-09-09,53600,15.600000381469727,15.666666984558105,15.733333587646484,15.466666221618652,10.07598876953125
1983-09-08,132700,15.600000381469727,15.533333778381348,15.666666984558105,15.399999618530273,9.990241050720215
1983-09-07,228700,15.966666221618652,15.600000381469727,16.03333282470703,15.533333778381348,10.033114433288574
1983-09-06,120000,15.866666793823242,16.100000381469727,16.133333206176758,15.866666793823242,10.354689598083496
1983-09-02,83900,15.633333206176758,15.800000190734863,15.866666793823242,15.600000381469727,10.161742210388184
1983-09-01,163100,15.899999618530273,15.633333206176758,15.933333396911621,15.633333206176758,10.054548263549805
1983-08-31,143900,15.966666221618652,15.833333015441895,15.966666221618652,15.833333015441895,10.183182716369629
1983-08-30,86200,16.100000381469727,16.03333282470703,16.200000762939453,16.0,10.311812400817871
1983-08-29,292100,15.699999809265137,16.233333587646484,16.233333587646484,15.699999809265137,10.440438270568848
1983-08-26,41600,15.399999618530273,15.666666984558105,15.666666984558105,15.399999618530273,10.07598876953125
1983-08-25,46800,15.266666412353516,15.333333015441895,15.333333015441895,15.199999809265137,9.861605644226074
1983-08-24,66000,15.300000190734863,15.266666412353516,15.533333778381348,15.233333587646484,9.818732261657715
1983-08-23,121800,15.266666412353516,15.399999618530273,15.600000381469727,15.266666412353516,9.90447998046875
1983-08-22,106500,15.466666221618652,15.366666793823242,15.666666984558105,15.366666793823242,9.883042335510254
1983-08-19,56900,15.266666412353516,15.300000190734863,15.333333015441895,15.066666603088379,9.840167999267578
1983-08-18,100800,15.666666984558105,15.399999618530273,15.733333587646484,15.233333587646484,9.90447998046875
1983-08-17,121800,15.666666984558105,15.666666984558105,15.733333587646484,15.533333778381348,10.07598876953125
1983-08-16,70800,15.533333778381348,15.566666603088379,15.666666984558105,15.399999618530273,10.011675834655762
1983-08-15,77200,15.199999809265137,15.466666221618652,15.533333778381348,15.199999809265137,9.947356224060059
1983-08-12,51400,15.100000381469727,15.199999809265137,15.233333587646484,15.033333778381348,9.775853157043457
1983-08-11,59200,15.233333587646484,15.166666984558105,15.300000190734863,15.0,9.754412651062012
1983-08-10,71200,15.199999809265137,15.266666412353516,15.266666412353516,15.066666603088379,9.818732261657715
1983-08-09,208800,15.199999809265137,15.199999809265137,15.199999809265137,15.066666603088379,9.775853157043457
1983-08-08,79500,15.333333015441895,15.233333587646484,15.399999618530273,15.166666984558105,9.797290802001953
1983-08-05,93400,15.333333015441895,15.399999618530273,15.399999618530273,15.333333015441895,9.90447998046875
1983-08-04,73800,15.399999618530273,15.266666412353516,15.466666221618652,15.233333587646484,9.818732261657715
1983-08-03,115800,15.399999618530273,15.466666221618652,15.666666984558105,15.366666793823242,9.947356224060059
1983-08-02,108700,15.333333015441895,15.5,15.533333778381348,15.300000190734863,9.968794822692871
1983-08-01,42300,15.266666412353516,15.333333015441895,15.433333396911621,15.266666412353516,9.861605644226074
1983-07-29,111700,15.533333778381348,15.433333396911621,15.533333778381348,15.333333015441895,9.925919532775879
1983-07-28,44200,15.666666984558105,15.533333778381348,15.666666984558105,15.5,9.990241050720215
1983-07-27,370100,15.666666984558105,15.600000381469727,15.833333015441895,15.600000381469727,10.033114433288574
1983-07-26,161200,15.466666221618652,15.566666603088379,15.666666984558105,15.466666221618652,10.011675834655762
1983-07-25,44200,15.033333778381348,15.333333015441895,15.333333015441895,15.0,9.861605644226074
1983-07-22,93700,15.066666603088379,15.100000381469727,15.199999809265137,14.933333396911621,9.711538314819336
1983-07-21,138300,14.933333396911621,15.066666603088379,15.300000190734863,14.933333396911621,9.69010066986084
1983-07-20,265800,14.600000381469727,14.933333396911621,14.933333396911621,14.600000381469727,9.604348182678223
1983-07-19,88800,14.266666412353516,14.399999618530273,14.466666221618652,14.266666412353516,9.261336326599121
1983-07-18,265400,14.466666221618652,14.199999809265137,14.5,14.066666603088379,9.13270378112793
1983-07-15,158200,14.666666984558105,14.399999618530273,14.866666793823242,14.399999618530273,9.261336326599121
1983-07-14,47500,14.933333396911621,14.733333587646484,15.0,14.733333587646484,9.475717544555664
1983-07-13,109500,14.933333396911621,14.933333396911621,14.933333396911621,14.733333587646484,9.604348182678223
1983-07-12,58800,15.066666603088379,14.866666793823242,15.066666603088379,14.866666793823242,9.561471939086914
1983-07-11,66700,14.933333396911621,15.066666603088379,15.166666984558105,14.866666793823242,9.69010066986084
1983-07-08,301500,15.0,14.733333587646484,15.033333778381348,14.733333587646484,9.475717544555664
1983-07-07,132000,14.633333206176758,14.933333396911621,15.133333206176758,14.600000381469727,9.604348182678223
1983-07-06,44200,14.266666412353516,14.466666221618652,14.466666221618652,14.266666412353516,9.304210662841797
1983-07-05,112400,14.366666793823242,14.266666412353516,14.433333396911621,14.266666412353516,9.175580024719238
1983-07-01,118000,14.133333206176758,14.433333396911621,14.433333396911621,14.066666603088379,9.282771110534668
1983-06-30,93000,14.033333778381348,14.0,14.266666412353516,13.866666793823242,9.004072189331055
1983-06-29,68200,14.066666603088379,14.100000381469727,14.133333206176758,13.933333396911621,9.068389892578125
1983-06-28,67100,14.600000381469727,14.166666984558105,14.600000381469727,14.133333206176758,9.111268997192383
1983-06-27,112800,14.666666984558105,14.533333778381348,14.766666412353516,14.333333015441895,9.347089767456055
1983-06-24,73800,14.833333015441895,14.800000190734863,14.833333015441895,14.699999809265137,9.518599510192871
1983-06-23,132700,14.866666793823242,14.833333015441895,14.899999618530273,14.733333587646484,9.540035247802734
1983-06-22,67100,14.866666793823242,14.933333396911621,15.0,14.699999809265137,9.604348182678223
1983-06-21,153700,14.733333587646484,14.866666793823242,14.866666793823242,14.666666984558105,9.561471939086914
1983-06-20,169800,14.766666412353516,14.666666984558105,14.766666412353516,14.399999618530273,9.432833671569824
1983-06-17,108700,14.933333396911621,14.699999809265137,14.933333396911621,14.666666984558105,9.45427417755127
1983-06-16,335900,15.199999809265137,14.899999618530273,15.433333396911621,14.866666793823242,9.582901954650879
1983-06-15,66000,15.199999809265137,15.266666412353516,15.266666412353516,15.100000381469727,9.818732261657715
1983-06-14,169100,15.433333396911621,15.266666412353516,15.566666603088379,15.266666412353516,9.818732261657715
1983-06-13,69700,15.366666793823242,15.5,15.533333778381348,15.333333015441895,9.968794822692871
1983-06-10,78700,15.333333015441895,15.333333015441895,15.399999618530273,15.300000190734863,9.861605644226074
1983-06-09,169400,15.0,15.399999618530273,15.399999618530273,14.966666221618652,9.90447998046875
1983-06-08,149600,14.933333396911621,14.933333396911621,14.933333396911621,14.800000190734863,9.604348182678223
1983-06-07,88000,15.0,14.866666793823242,15.0,14.833333015441895,9.561471939086914
1983-06-06,56900,15.233333587646484,15.066666603088379,15.233333587646484,14.966666221618652,9.69010066986084
1983-06-03,195700,15.166666984558105,15.333333015441895,15.466666221618652,15.100000381469727,9.861605644226074
1983-06-02,70100,15.199999809265137,15.066666603088379,15.199999809265137,14.966666221618652,9.69010066986084
1983-06-01,355500,14.733333587646484,15.066666603088379,15.066666603088379,14.733333587646484,9.69010066986084
1983-05-31,124800,15.333333015441895,15.199999809265137,15.800000190734863,15.199999809265137,9.775853157043457
1983-05-27,169400,15.733333587646484,15.266666412353516,15.733333587646484,15.266666412353516,9.818732261657715
1983-05-26,218600,15.933333396911621,15.666666984558105,15.966666221618652,15.666666984558105,10.07598876953125
1983-05-25,278900,16.0,15.833333015441895,16.0,15.733333587646484,10.183182716369629
1983-05-24,279700,15.399999618530273,15.833333015441895,15.866666793823242,15.333333015441895,10.183182716369629
1983-05-23,128500,15.199999809265137,15.366666793823242,15.466666221618652,15.033333778381348,9.883042335510254
1983-05-20,217100,15.266666412353516,15.133333206176758,15.366666793823242,15.066666603088379,9.732975006103516
1983-05-19,223100,15.533333778381348,15.399999618530273,15.566666603088379,15.066666603088379,9.90447998046875
1983-05-18,397500,15.199999809265137,15.333333015441895,15.566666603088379,15.133333206176758,9.861605644226074
1983-05-17,226800,14.966666221618652,15.133333206176758,15.133333206176758,14.800000190734863,9.732975006103516
1983-05-16,111300,14.966666221618652,14.800000190734863,14.966666221618652,14.733333587646484,9.518599510192871
1983-05-13,169400,14.800000190734863,14.899999618530273,15.0,14.800000190734863,9.582901954650879
1983-05-12,925900,15.199999809265137,14.866666793823242,15.199999809265137,14.666666984558105,9.561471939086914
1983-05-11,258000,15.333333015441895,15.066666603088379,15.399999618530273,15.066666603088379,9.69010066986084
1983-05-10,532400,15.0,15.399999618530273,15.399999618530273,14.966666221618652,9.90447998046875
1983-05-09,501300,14.666666984558105,14.866666793823242,15.133333206176758,14.633333206176758,9.561471939086914
1983-05-06,284500,14.466666221618652,14.766666412353516,14.800000190734863,14.433333396911621,9.497159004211426
1983-05-05,754000,14.600000381469727,14.533333778381348,14.666666984558105,14.533333778381348,9.347089767456055
1983-05-04,487400,14.633333206176758,14.633333206176758,14.800000190734863,14.466666221618652,9.41140079498291
1983-05-03,109500,14.399999618530273,14.466666221618652,14.466666221618652,14.333333015441895,9.304210662841797
1983-05-02,468000,14.266666412353516,14.266666412353516,14.5,14.0,9.175580024719238
1983-04-29,136800,14.366666793823242,14.399999618530273,14.399999618530273,14.333333015441895,9.261336326599121
1983-04-28,167200,14.5,14.533333778381348,14.600000381469727,14.399999618530273,9.347089767456055
1983-04-27,905200,14.566666603088379,14.533333778381348,14.733333587646484,14.399999618530273,9.347089767456055
1983-04-26,63000,14.5,14.666666984558105,14.666666984558105,14.333333015441895,9.432833671569824
1983-04-25,119600,14.5,14.399999618530273,14.666666984558105,14.333333015441895,9.261336326599121
1983-04-22,134600,14.399999618530273,14.233333587646484,14.399999618530273,14.066666603088379,9.154147148132324
1983-04-21,315000,14.633333206176758,14.399999618530273,14.633333206176758,14.133333206176758,9.261336326599121
1983-04-20,63700,14.399999618530273,14.533333778381348,14.600000381469727,14.333333015441895,9.347089767456055
1983-04-19,266600,14.666666984558105,14.300000190734863,14.733333587646484,14.300000190734863,9.197022438049316
1983-04-18,130400,14.733333587646484,14.666666984558105,14.800000190734863,14.666666984558105,9.432833671569824
1983-04-15,416200,14.899999618530273,14.533333778381348,14.899999618530273,14.466666221618652,9.347089767456055
1983-04-14,249000,14.666666984558105,14.866666793823242,14.866666793823242,14.399999618530273,9.561471939086914
1983-04-13,204000,14.766666412353516,14.600000381469727,14.833333015441895,14.533333778381348,9.389968872070312
1983-04-12,118500,14.733333587646484,14.666666984558105,14.800000190734863,14.666666984558105,9.432833671569824
1983-04-11,276700,14.399999618530273,14.633333206176758,14.666666984558105,14.366666793823242,9.41140079498291
1983-04-08,163100,14.133333206176758,14.333333015441895,14.366666793823242,14.033333778381348,9.218461036682129
1983-04-07,43100,14.300000190734863,14.399999618530273,14.399999618530273,14.133333206176758,9.261336326599121
1983-04-06,94800,14.366666793823242,14.300000190734863,14.399999618530273,14.199999809265137,9.197022438049316
1983-04-05,131500,14.133333206176758,14.266666412353516,14.399999618530273,14.133333206176758,9.175580024719238
1983-04-04,359600,13.800000190734863,14.133333206176758,14.133333206176758,13.600000381469727,9.089826583862305
1983-03-31,184400,13.600000381469727,13.800000190734863,13.933333396911621,13.600000381469727,8.875446319580078
1983-03-30,118000,13.300000190734863,13.433333396911621,13.433333396911621,13.300000190734863,8.639618873596191
1983-03-29,144300,13.133333206176758,13.233333587646484,13.266666412353516,13.066666603088379,8.51099681854248
1983-03-28,40800,13.233333587646484,13.133333206176758,13.233333587646484,13.0,8.446680068969727
1983-03-25,126700,13.199999809265137,13.300000190734863,13.366666793823242,13.199999809265137,8.553866386413574
1983-03-24,301100,13.133333206176758,13.199999809265137,13.466666221618652,13.100000381469727,8.4895601272583
1983-03-23,153700,13.166666984558105,13.133333206176758,13.166666984558105,12.933333396911621,8.446680068969727
1983-03-22,130400,13.233333587646484,13.166666984558105,13.366666793823242,13.100000381469727,8.468116760253906
1983-03-21,131200,13.233333587646484,13.233333587646484,13.233333587646484,12.933333396911621,8.51099681854248
1983-03-18,227500,13.333333015441895,13.300000190734863,13.333333015441895,13.133333206176758,8.553866386413574
1983-03-17,562400,13.533333778381348,13.333333015441895,13.566666603088379,13.233333587646484,8.575311660766602
1983-03-16,231700,13.766666412353516,13.533333778381348,13.866666793823242,13.399999618530273,8.703936576843262
1983-03-15,83900,14.033333778381348,13.766666412353516,14.066666603088379,13.733333587646484,8.85400676727295
1983-03-14,83200,13.833333015441895,14.033333778381348,14.033333778381348,13.633333206176758,9.0255126953125
1983-03-11,325000,13.866666793823242,13.833333015441895,13.866666793823242,13.699999809265137,8.896885871887207
1983-03-10,431200,14.133333206176758,14.0,14.300000190734863,14.0,9.004072189331055
1983-03-09,456000,14.066666603088379,14.133333206176758,14.199999809265137,14.0,9.089826583862305
1983-03-08,433400,14.199999809265137,14.066666603088379,14.266666412353516,14.0,9.046951293945312
1983-03-07,298900,14.133333206176758,14.199999809265137,14.266666412353516,14.0,9.13270378112793
1983-03-04,338200,14.066666603088379,14.133333206176758,14.199999809265137,14.0,9.089826583862305
1983-03-03,535900,13.766666412353516,14.066666603088379,14.066666603088379,13.766666412353516,9.046951293945312
1983-03-02,716600,13.733333587646484,13.766666412353516,13.933333396911621,13.699999809265137,8.85400676727295
1983-03-01,1063100,13.466666221618652,13.733333587646484,13.866666793823242,13.366666793823242,8.83257007598877
1983-02-28,367400,13.733333587646484,13.466666221618652,13.733333587646484,13.466666221618652,8.66106128692627
1983-02-25,319800,14.933333396911621,14.399999618530273,15.0,14.266666412353516,9.261336326599121
1983-02-24,367800,14.066666603088379,14.933333396911621,14.933333396911621,14.066666603088379,9.604348182678223
1983-02-23,246700,14.266666412353516,14.066666603088379,14.266666412353516,14.0,9.046951293945312
1983-02-22,190100,14.833333015441895,14.533333778381348,14.833333015441895,14.399999618530273,9.347089767456055
1983-02-18,146600,15.0,14.966666221618652,15.0,14.800000190734863,9.625788688659668
1983-02-17,114700,15.333333015441895,15.066666603088379,15.533333778381348,15.066666603088379,9.69010066986084
1983-02-16,127100,15.300000190734863,15.333333015441895,15.466666221618652,15.199999809265137,9.861605644226074
1983-02-15,249000,15.5,15.300000190734863,15.633333206176758,15.233333587646484,9.840167999267578
1983-02-14,470200,15.433333396911621,15.5,15.633333206176758,15.366666793823242,9.968794822692871
1983-02-11,447700,15.533333778381348,15.433333396911621,15.733333587646484,15.366666793823242,9.925919532775879
1983-02-10,245200,15.166666984558105,15.533333778381348,15.733333587646484,15.166666984558105,9.990241050720215
1983-02-09,45300,15.033333778381348,15.100000381469727,15.333333015441895,15.033333778381348,9.711538314819336
1983-02-08,93400,15.199999809265137,15.0,15.199999809265137,14.933333396911621,9.647221565246582
1983-02-07,1325900,15.066666603088379,15.199999809265137,15.333333015441895,14.866666793823242,9.775853157043457
1983-02-04,169400,15.066666603088379,15.066666603088379,15.133333206176758,14.800000190734863,9.69010066986084
1983-02-03,164600,15.133333206176758,15.066666603088379,15.166666984558105,15.0,9.69010066986084
1983-02-02,236900,15.199999809265137,15.133333206176758,15.333333015441895,14.933333396911621,9.732975006103516
1983-02-01,284500,15.800000190734863,15.199999809265137,15.833333015441895,15.199999809265137,9.775853157043457
1983-01-31,524200,15.5,15.800000190734863,15.800000190734863,15.5,10.161742210388184
1983-01-28,517100,15.100000381469727,15.366666793823242,15.433333396911621,15.100000381469727,9.883042335510254
1983-01-27,397500,14.766666412353516,14.933333396911621,15.066666603088379,14.766666412353516,9.604348182678223
1983-01-26,637100,14.466666221618652,14.533333778381348,14.666666984558105,14.399999618530273,9.347089767456055
1983-01-25,303300,14.366666793823242,14.466666221618652,14.5,14.366666793823242,9.304210662841797
1983-01-24,282300,14.399999618530273,14.133333206176758,14.399999618530273,13.899999618530273,9.089826583862305
1983-01-21,701600,14.733333587646484,14.666666984558105,14.733333587646484,14.600000381469727,9.432833671569824
1983-01-20,173500,14.966666221618652,14.833333015441895,14.966666221618652,14.666666984558105,9.540035247802734
1983-01-19,297700,15.199999809265137,15.066666603088379,15.366666793823242,14.866666793823242,9.69010066986084
1983-01-18,231700,15.166666984558105,15.199999809265137,15.266666412353516,14.866666793823242,9.775853157043457
1983-01-17,461200,15.600000381469727,15.166666984558105,15.833333015441895,15.100000381469727,9.754412651062012
1983-01-14,717700,15.800000190734863,15.600000381469727,15.800000190734863,15.533333778381348,10.033114433288574
1983-01-13,519700,16.16666603088379,15.899999618530273,16.33333396911621,15.899999618530273,10.226062774658203
1983-01-12,636700,15.866666793823242,16.16666603088379,16.33333396911621,15.800000190734863,10.397562026977539
1983-01-11,387000,16.366666793823242,15.866666793823242,16.366666793823242,15.766666412353516,10.204614639282227
1983-01-10,717000,15.600000381469727,16.46666717529297,16.53333282470703,15.600000381469727,10.590505599975586
1983-01-07,711300,15.366666793823242,15.600000381469727,15.733333587646484,14.933333396911621,10.033114433288574
1983-01-06,721100,14.533333778381348,15.366666793823242,15.466666221618652,14.533333778381348,9.883042335510254
1983-01-05,277100,14.399999618530273,14.533333778381348,14.733333587646484,14.399999618530273,9.347089767456055
1983-01-04,257200,14.433333396911621,14.366666793823242,14.5,14.199999809265137,9.239895820617676
1983-01-03,176200,14.666666984558105,14.433333396911621,15.033333778381348,14.433333396911621,9.282771110534668
1982-12-31,138000,14.733333587646484,14.666666984558105,14.766666412353516,14.533333778381348,9.432833671569824
1982-12-30,217500,14.566666603088379,14.733333587646484,14.800000190734863,14.533333778381348,9.475717544555664
1982-12-29,264300,14.266666412353516,14.566666603088379,14.633333206176758,14.166666984558105,9.368525505065918
1982-12-28,259900,14.300000190734863,14.266666412353516,14.399999618530273,14.166666984558105,9.175580024719238
1982-12-27,310400,13.833333015441895,14.300000190734863,14.366666793823242,13.800000190734863,9.197022438049316
1982-12-23,194200,13.766666412353516,13.833333015441895,13.866666793823242,13.633333206176758,8.896885871887207
1982-12-22,235500,13.633333206176758,13.766666412353516,13.933333396911621,13.633333206176758,8.85400676727295
1982-12-21,157400,13.100000381469727,13.566666603088379,13.566666603088379,13.100000381469727,8.72537899017334
1982-12-20,129300,13.033333778381348,13.066666603088379,13.266666412353516,13.033333778381348,8.40380573272705
1982-12-17,104100,12.800000190734863,13.0,13.066666603088379,12.800000190734863,8.360929489135742
1982-12-16,144300,12.666666984558105,12.733333587646484,12.866666793823242,12.666666984558105,8.189414978027344
1982-12-15,278200,12.933333396911621,12.666666984558105,13.0,12.600000381469727,8.146540641784668
1982-12-14,323500,13.300000190734863,12.933333396911621,13.733333587646484,12.800000190734863,8.3180513381958
1982-12-13,119200,12.866666793823242,13.300000190734863,13.300000190734863,12.866666793823242,8.553866386413574
1982-12-10,129700,12.733333587646484,12.866666793823242,12.933333396911621,12.733333587646484,8.275175094604492
1982-12-09,507000,12.833333015441895,12.733333587646484,12.833333015441895,12.600000381469727,8.189414978027344
1982-12-08,182900,13.233333587646484,12.866666793823242,13.233333587646484,12.866666793823242,8.275175094604492
1982-12-07,250800,13.199999809265137,13.233333587646484,13.566666603088379,13.199999809265137,8.51099681854248
1982-12-06,146600,12.766666412353516,13.166666984558105,13.166666984558105,12.699999809265137,8.468116760253906
1982-12-03,89500,12.633333206176758,12.766666412353516,12.800000190734863,12.633333206176758,8.210862159729004
1982-12-02,213300,12.466666221618652,12.600000381469727,12.733333587646484,12.399999618530273,8.103665351867676
1982-12-01,358100,12.133333206176758,12.466666221618652,12.733333587646484,11.866666793823242,8.017913818359375
1982-11-30,155900,11.5,12.133333206176758,12.133333206176758,11.5,7.803531169891357
1982-11-29,106500,11.333333015441895,11.433333396911621,11.600000381469727,11.333333015441895,7.353331565856934
1982-11-26,91100,10.933333396911621,11.266666412353516,11.333333015441895,10.833333015441895,7.246135234832764
1982-11-24,194900,10.933333396911621,10.933333396911621,11.033333778381348,10.866666793823242,7.031755447387695
1982-11-23,110200,11.166666984558105,10.933333396911621,11.166666984558105,10.933333396911621,7.031755447387695
1982-11-22,88800,11.600000381469727,11.199999809265137,11.666666984558105,11.0,7.2032575607299805
1982-11-19,142100,11.866666793823242,11.600000381469727,12.0,11.600000381469727,7.460522651672363
1982-11-18,289800,11.866666793823242,11.866666793823242,11.933333396911621,11.733333587646484,7.63202428817749
1982-11-17,100800,11.733333587646484,11.866666793823242,11.866666793823242,11.666666984558105,7.63202428817749
1982-11-16,157000,11.833333015441895,11.733333587646484,11.833333015441895,11.633333206176758,7.546273708343506
1982-11-15,109100,11.866666793823242,11.833333015441895,11.899999618530273,11.766666412353516,7.6105828285217285
1982-11-12,251900,11.800000190734863,11.866666793823242,12.0,11.800000190734863,7.63202428817749
1982-11-11,86200,11.633333206176758,11.766666412353516,11.766666412353516,11.533333778381348,7.567712783813477
1982-11-10,227500,11.366666793823242,11.633333206176758,11.699999809265137,11.366666793823242,7.481956958770752
1982-11-09,389900,11.433333396911621,11.333333015441895,11.466666221618652,11.233333587646484,7.289012908935547
1982-11-08,331800,11.699999809265137,11.433333396911621,11.699999809265137,11.433333396911621,7.353331565856934
1982-11-05,220500,11.766666412353516,11.833333015441895,11.899999618530273,11.633333206176758,7.6105828285217285
1982-11-04,265100,11.666666984558105,11.766666412353516,12.100000381469727,11.666666984558105,7.567712783813477
1982-11-03,283400,11.133333206176758,11.266666412353516,11.399999618530273,11.133333206176758,7.246135234832764
1982-11-02,484100,11.033333778381348,11.133333206176758,11.166666984558105,10.933333396911621,7.1603827476501465
1982-11-01,219700,10.666666984558105,11.033333778381348,11.033333778381348,10.666666984558105,7.096069812774658
1982-10-29,248200,10.733333587646484,10.666666984558105,10.800000190734863,10.5,6.860250473022461
1982-10-28,922400,11.066666603088379,10.733333587646484,11.133333206176758,10.633333206176758,6.9031219482421875
1982-10-27,367800,11.0,11.066666603088379,11.199999809265137,10.933333396911621,7.117505073547363
1982-10-26,255700,10.866666793823242,11.0,11.0,10.766666412353516,7.07463264465332
1982-10-25,308900,11.399999618530273,10.866666793823242,11.399999618530273,10.866666793823242,6.988880157470703
1982-10-22,214800,11.733333587646484,11.466666221618652,11.733333587646484,11.466666221618652,7.3747639656066895
1982-10-21,318700,11.899999618530273,11.766666412353516,12.133333206176758,11.533333778381348,7.567712783813477
1982-10-20,206600,12.0,11.899999618530273,12.0,11.733333587646484,7.653467655181885
1982-10-19,768300,11.933333396911621,12.0,12.100000381469727,11.933333396911621,7.717778205871582
1982-10-18,299200,12.033333778381348,11.899999618530273,12.133333206176758,11.899999618530273,7.653467655181885
1982-10-15,257600,12.066666603088379,12.033333778381348,12.166666984558105,12.0,7.739215850830078
1982-10-14,990700,12.066666603088379,12.066666603088379,12.333333015441895,12.066666603088379,7.760651111602783
1982-10-13,198300,11.866666793823242,12.0,12.199999809265137,11.866666793823242,7.717778205871582
1982-10-12,449500,11.699999809265137,11.866666793823242,12.133333206176758,11.699999809265137,7.63202428817749
1982-10-11,155200,11.366666793823242,11.566666603088379,11.699999809265137,11.366666793823242,7.439081192016602
1982-10-08,153700,11.033333778381348,11.166666984558105,11.333333015441895,11.033333778381348,7.181822776794434
1982-10-07,350200,10.933333396911621,11.033333778381348,11.199999809265137,10.933333396911621,7.096069812774658
1982-10-06,156700,10.333333015441895,10.5,10.600000381469727,10.333333015441895,6.753056049346924
1982-10-05,35200,10.100000381469727,10.266666412353516,10.333333015441895,10.100000381469727,6.602989196777344
1982-10-04,113600,10.033333778381348,10.033333778381348,10.166666984558105,9.866666793823242,6.452919006347656
1982-10-01,131200,9.699999809265137,10.033333778381348,10.066666603088379,9.699999809265137,6.452919006347656
1982-09-30,161600,9.733333587646484,9.699999809265137,9.766666412353516,9.633333206176758,6.238539695739746
1982-09-29,122600,10.066666603088379,9.733333587646484,10.066666603088379,9.699999809265137,6.259976387023926
1982-09-28,224900,10.333333015441895,10.133333206176758,10.333333015441895,10.066666603088379,6.517236232757568
1982-09-27,351700,10.533333778381348,10.333333015441895,10.533333778381348,10.333333015441895,6.645862579345703
1982-09-24,242900,11.199999809265137,10.533333778381348,11.266666412353516,10.466666221618652,6.774497985839844
1982-09-23,196100,11.533333778381348,11.199999809265137,11.533333778381348,11.066666603088379,7.2032575607299805
1982-09-22,485600,11.766666412353516,11.699999809265137,12.0,11.666666984558105,7.524836540222168
1982-09-21,459700,11.533333778381348,11.766666412353516,11.800000190734863,11.466666221618652,7.567712783813477
1982-09-20,198700,11.600000381469727,11.533333778381348,11.600000381469727,11.466666221618652,7.417643070220947
1982-09-17,414000,11.399999618530273,11.600000381469727,11.600000381469727,11.366666793823242,7.460522651672363
1982-09-16,385500,11.533333778381348,11.399999618530273,11.533333778381348,11.333333015441895,7.331892490386963
1982-09-15,486000,11.533333778381348,11.533333778381348,11.533333778381348,11.333333015441895,7.417643070220947
1982-09-14,527600,11.899999618530273,11.733333587646484,12.0,11.733333587646484,7.546273708343506
1982-09-13,1240000,12.133333206176758,11.899999618530273,12.166666984558105,11.666666984558105,7.653467655181885
1982-09-10,1027100,11.933333396911621,12.133333206176758,12.133333206176758,11.866666793823242,7.803531169891357
1982-09-09,380500,12.133333206176758,11.933333396911621,12.133333206176758,11.899999618530273,7.674901962280273
1982-09-08,359200,12.133333206176758,12.133333206176758,12.266666412353516,12.033333778381348,7.803531169891357
1982-09-07,376400,12.0,12.133333206176758,12.333333015441895,12.0,7.803531169891357
1982-09-03,364400,11.533333778381348,11.899999618530273,12.066666603088379,11.533333778381348,7.653467655181885
1982-09-02,150000,11.366666793823242,11.533333778381348,11.666666984558105,11.300000190734863,7.417643070220947
1982-09-01,121500,11.333333015441895,11.366666793823242,11.399999618530273,11.300000190734863,7.310451030731201
1982-08-31,101200,11.133333206176758,11.333333015441895,11.433333396911621,11.100000381469727,7.289012908935547
1982-08-30,376800,11.066666603088379,11.133333206176758,11.133333206176758,10.966666221618652,7.1603827476501465
1982-08-27,157400,11.233333587646484,11.066666603088379,11.266666412353516,11.066666603088379,7.117505073547363
1982-08-26,718800,11.133333206176758,11.233333587646484,11.733333587646484,11.100000381469727,7.22469425201416
1982-08-25,439100,10.966666221618652,11.133333206176758,11.166666984558105,10.933333396911621,7.1603827476501465
1982-08-24,614200,10.800000190734863,10.966666221618652,11.033333778381348,10.800000190734863,7.05318546295166
1982-08-23,304100,10.233333587646484,10.666666984558105,10.733333587646484,10.233333587646484,6.860250473022461
1982-08-20,180700,9.866666793823242,10.233333587646484,10.233333587646484,9.866666793823242,6.581550121307373
1982-08-19,252700,9.533333778381348,9.600000381469727,9.633333206176758,9.5,6.174224853515625
1982-08-18,205500,9.533333778381348,9.533333778381348,9.800000190734863,9.533333778381348,6.131344795227051
1982-08-17,115000,9.100000381469727,9.433333396911621,9.466666221618652,9.033333778381348,6.067028045654297
1982-08-16,26200,8.966666221618652,9.100000381469727,9.133333206176758,8.966666221618652,5.852648735046387
1982-08-13,63700,8.866666793823242,8.899999618530273,8.966666221618652,8.833333015441895,5.724019527435303
1982-08-12,184000,9.066666603088379,8.866666793823242,9.066666603088379,8.866666793823242,5.702581405639648
1982-08-11,204400,9.133333206176758,9.066666603088379,9.133333206176758,9.066666603088379,5.831210136413574
1982-08-10,223400,9.066666603088379,9.133333206176758,9.133333206176758,9.0,5.874087333679199
1982-08-09,249000,9.199999809265137,9.066666603088379,9.199999809265137,9.0,5.831210136413574
1982-08-06,316800,9.100000381469727,9.266666412353516,9.433333396911621,9.100000381469727,5.959838390350342
1982-08-05,64500,9.100000381469727,9.066666603088379,9.133333206176758,9.0,5.831210136413574
1982-08-04,174000,9.166666984558105,9.100000381469727,9.166666984558105,9.066666603088379,5.852648735046387
1982-08-03,98200,9.0,9.233333587646484,9.266666412353516,9.0,5.938398838043213
1982-08-02,109100,8.699999809265137,8.899999618530273,8.899999618530273,8.699999809265137,5.724019527435303
1982-07-30,31400,8.633333206176758,8.633333206176758,8.699999809265137,8.633333206176758,5.552513122558594
1982-07-29,70800,8.733333587646484,8.600000381469727,8.733333587646484,8.566666603088379,5.531073570251465
1982-07-28,86900,9.133333206176758,8.866666793823242,9.133333206176758,8.866666793823242,5.702581405639648
1982-07-27,81300,9.199999809265137,9.133333206176758,9.266666412353516,9.133333206176758,5.874087333679199
1982-07-26,120000,9.333333015441895,9.199999809265137,9.333333015441895,9.166666984558105,5.916964054107666
1982-07-23,66300,9.366666793823242,9.5,9.5,9.366666793823242,6.109910488128662
1982-07-22,89500,9.100000381469727,9.300000190734863,9.300000190734863,9.066666603088379,5.9812774658203125
1982-07-21,187900,9.066666603088379,9.100000381469727,9.333333015441895,9.066666603088379,5.852648735046387
1982-07-20,97800,8.533333778381348,8.766666412353516,8.766666412353516,8.5,5.638267517089844
1982-07-19,48300,8.5,8.533333778381348,8.600000381469727,8.5,5.488201141357422
1982-07-16,86600,8.633333206176758,8.5,8.733333587646484,8.5,5.466761589050293
1982-07-15,78000,8.600000381469727,8.633333206176758,8.699999809265137,8.600000381469727,5.552513122558594
1982-07-14,44600,8.899999618530273,8.5,8.933333396911621,8.5,5.466761589050293
1982-07-13,86900,8.699999809265137,8.899999618530273,9.066666603088379,8.699999809265137,5.724019527435303
1982-07-12,205100,8.666666984558105,8.699999809265137,8.800000190734863,8.666666984558105,5.595388889312744
1982-07-09,311500,8.0,8.233333587646484,8.399999618530273,8.0,5.295252799987793
1982-07-08,392200,8.133333206176758,8.0,8.199999809265137,7.833333492279053,5.145186901092529
1982-07-07,163100,8.466666221618652,8.133333206176758,8.466666221618652,8.133333206176758,5.230936050415039
1982-07-06,51700,8.666666984558105,8.600000381469727,8.666666984558105,8.566666603088379,5.531073570251465
1982-07-02,58800,8.699999809265137,8.733333587646484,8.733333587646484,8.666666984558105,5.616827487945557
1982-07-01,86200,8.666666984558105,8.699999809265137,8.800000190734863,8.666666984558105,5.595388889312744
1982-06-30,105700,8.566666603088379,8.633333206176758,8.666666984558105,8.566666603088379,5.552513122558594
1982-06-29,110600,8.300000190734863,8.333333015441895,8.433333396911621,8.300000190734863,5.359569549560547
1982-06-28,106500,8.166666984558105,8.300000190734863,8.333333015441895,8.133333206176758,5.338129997253418
1982-06-25,44900,7.900000095367432,8.166666984558105,8.166666984558105,7.900000095367432,5.252376556396484
1982-06-24,256800,7.866666793823242,7.900000095367432,7.933333396911621,7.866666793823242,5.080871105194092
1982-06-23,254200,7.866666793823242,7.866666793823242,7.933333396911621,7.766666889190674,5.0594305992126465
1982-06-22,209900,7.400000095367432,7.866666793823242,7.866666793823242,7.366666793823242,5.0594305992126465
1982-06-21,116900,7.5333333015441895,7.400000095367432,7.5333333015441895,7.400000095367432,4.7592997550964355
1982-06-18,233200,7.800000190734863,7.666666507720947,7.800000190734863,7.633333206176758,4.930802822113037
1982-06-17,141300,8.233333587646484,7.833333492279053,8.233333587646484,7.766666889190674,5.037994384765625
1982-06-16,44900,8.266666412353516,8.233333587646484,8.366666793823242,8.233333587646484,5.295252799987793
1982-06-15,59900,8.333333015441895,8.266666412353516,8.333333015441895,8.233333587646484,5.316690444946289
1982-06-14,127100,8.466666221618652,8.366666793823242,8.5,8.366666793823242,5.381006717681885
1982-06-11,91900,8.399999618530273,8.466666221618652,8.633333206176758,8.333333015441895,5.445321559906006
1982-06-10,35200,8.433333396911621,8.399999618530273,8.466666221618652,8.333333015441895,5.402444362640381
1982-06-09,45700,8.433333396911621,8.433333396911621,8.466666221618652,8.366666793823242,5.423880577087402
1982-06-08,146200,8.5,8.433333396911621,8.533333778381348,8.433333396911621,5.423880577087402
1982-06-07,57700,8.699999809265137,8.5,8.766666412353516,8.5,5.466761589050293
1982-06-04,77200,8.699999809265137,8.699999809265137,8.766666412353516,8.666666984558105,5.595388889312744
1982-06-03,25800,8.533333778381348,8.699999809265137,8.699999809265137,8.466666221618652,5.595388889312744
1982-06-02,219300,8.666666984558105,8.533333778381348,8.666666984558105,8.433333396911621,5.488201141357422
1982-06-01,133500,8.866666793823242,8.666666984558105,8.866666793823242,8.666666984558105,5.573949337005615
1982-05-28,40500,8.933333396911621,8.899999618530273,8.933333396911621,8.899999618530273,5.724019527435303
1982-05-27,80200,9.033333778381348,9.0,9.033333778381348,8.933333396911621,5.788333415985107
1982-05-26,39700,9.133333206176758,9.100000381469727,9.166666984558105,9.033333778381348,5.852648735046387
1982-05-25,42300,9.199999809265137,9.133333206176758,9.300000190734863,9.133333206176758,5.874087333679199
1982-05-24,40800,9.233333587646484,9.199999809265137,9.233333587646484,9.166666984558105,5.916964054107666
1982-05-21,104600,9.233333587646484,9.233333587646484,9.300000190734863,9.166666984558105,5.938398838043213
1982-05-20,56900,9.300000190734863,9.233333587646484,9.300000190734863,9.233333587646484,5.938398838043213
1982-05-19,38200,9.333333015441895,9.333333015441895,9.399999618530273,9.300000190734863,6.002717971801758
1982-05-18,44900,9.300000190734863,9.333333015441895,9.399999618530273,9.300000190734863,6.002717971801758
1982-05-17,25800,9.333333015441895,9.300000190734863,9.333333015441895,9.300000190734863,5.9812774658203125
1982-05-14,19800,9.266666412353516,9.333333015441895,9.366666793823242,9.266666412353516,6.002717971801758
1982-05-13,32900,9.333333015441895,9.266666412353516,9.333333015441895,9.166666984558105,5.959838390350342
1982-05-12,69700,9.433333396911621,9.333333015441895,9.433333396911621,9.333333015441895,6.002717971801758
1982-05-11,54300,9.233333587646484,9.433333396911621,9.533333778381348,9.199999809265137,6.067028045654297
1982-05-10,29900,9.333333015441895,9.233333587646484,9.333333015441895,9.233333587646484,5.938398838043213
1982-05-07,58100,9.5,9.366666793823242,9.566666603088379,9.366666793823242,6.0241546630859375
1982-05-06,44900,9.533333778381348,9.5,9.633333206176758,9.466666221618652,6.109910488128662
1982-05-05,138300,9.533333778381348,9.533333778381348,9.699999809265137,9.533333778381348,6.131344795227051
1982-05-04,61400,9.333333015441895,9.466666221618652,9.533333778381348,9.333333015441895,6.0884690284729
1982-05-03,20500,9.199999809265137,9.199999809265137,9.300000190734863,9.166666984558105,5.916964054107666
1982-04-30,51700,9.266666412353516,9.199999809265137,9.333333015441895,9.133333206176758,5.916964054107666
1982-04-29,629200,9.666666984558105,9.266666412353516,9.733333587646484,9.233333587646484,5.959838390350342
1982-04-28,172000,10.100000381469727,9.666666984558105,10.133333206176758,9.666666984558105,6.21710205078125
1982-04-27,53600,10.033333778381348,10.100000381469727,10.199999809265137,10.033333778381348,6.495791435241699
1982-04-26,31800,10.0,10.0,10.066666603088379,9.866666793823242,6.431483745574951
1982-04-23,127400,9.866666793823242,10.0,10.0,9.833333015441895,6.431483745574951
1982-04-22,36400,9.833333015441895,9.866666793823242,9.933333396911621,9.800000190734863,6.345728397369385
1982-04-21,74900,9.833333015441895,9.833333015441895,9.833333015441895,9.666666984558105,6.324289798736572
1982-04-20,112100,9.899999618530273,9.833333015441895,9.933333396911621,9.800000190734863,6.324289798736572
1982-04-19,248200,10.066666603088379,9.899999618530273,10.100000381469727,9.899999618530273,6.367165565490723
1982-04-16,263200,10.100000381469727,10.066666603088379,10.166666984558105,10.033333778381348,6.474353790283203
1982-04-15,156300,9.966666221618652,10.100000381469727,10.100000381469727,9.866666793823242,6.495791435241699
1982-04-14,83600,9.733333587646484,9.966666221618652,9.966666221618652,9.733333587646484,6.410043716430664
1982-04-13,56600,9.600000381469727,9.733333587646484,9.733333587646484,9.600000381469727,6.259976387023926
1982-04-12,46800,9.566666603088379,9.566666603088379,9.566666603088379,9.5,6.15278434753418
1982-04-08,30300,9.5,9.600000381469727,9.600000381469727,9.399999618530273,6.174224853515625
1982-04-07,113200,9.466666221618652,9.5,9.666666984558105,9.466666221618652,6.109910488128662
1982-04-06,101900,9.566666603088379,9.433333396911621,9.566666603088379,9.366666793823242,6.067028045654297
1982-04-05,76000,9.5,9.566666603088379,9.600000381469727,9.5,6.15278434753418
1982-04-02,106500,9.166666984558105,9.366666793823242,9.366666793823242,9.133333206176758,6.0241546630859375
1982-04-01,68200,8.800000190734863,9.166666984558105,9.166666984558105,8.733333587646484,5.895523548126221
1982-03-31,43800,8.733333587646484,8.800000190734863,8.866666793823242,8.733333587646484,5.659705638885498
1982-03-30,40100,8.800000190734863,8.699999809265137,8.899999618530273,8.699999809265137,5.595388889312744
1982-03-29,81700,8.866666793823242,8.800000190734863,8.866666793823242,8.800000190734863,5.659705638885498
1982-03-26,50600,9.066666603088379,8.966666221618652,9.066666603088379,8.933333396911621,5.766894817352295
1982-03-25,210300,9.166666984558105,9.100000381469727,9.233333587646484,9.066666603088379,5.852648735046387
1982-03-24,108300,9.199999809265137,9.166666984558105,9.300000190734863,9.066666603088379,5.895523548126221
1982-03-23,108000,8.966666221618652,9.199999809265137,9.199999809265137,8.966666221618652,5.916964054107666
1982-03-22,65200,8.600000381469727,8.899999618530273,8.933333396911621,8.600000381469727,5.724019527435303
1982-03-19,358800,8.566666603088379,8.566666603088379,8.699999809265137,8.566666603088379,5.509637355804443
1982-03-18,139800,8.166666984558105,8.533333778381348,8.533333778381348,8.133333206176758,5.488201141357422
1982-03-17,26600,8.100000381469727,8.166666984558105,8.199999809265137,8.033333778381348,5.252376556396484
1982-03-16,145000,8.033333778381348,8.100000381469727,8.266666412353516,8.033333778381348,5.20950174331665
1982-03-15,96300,7.833333492279053,7.9666666984558105,8.0,7.766666889190674,5.123748302459717
1982-03-12,90700,8.033333778381348,7.833333492279053,8.033333778381348,7.766666889190674,5.037994384765625
1982-03-11,73400,8.033333778381348,8.033333778381348,8.166666984558105,8.0,5.166624069213867
1982-03-10,85400,8.166666984558105,8.033333778381348,8.166666984558105,8.033333778381348,5.166624069213867
1982-03-09,273700,8.199999809265137,8.199999809265137,8.199999809265137,7.866666793823242,5.273812770843506
1982-03-08,406400,8.5,8.199999809265137,8.533333778381348,8.199999809265137,5.273812770843506
1982-03-05,150000,8.666666984558105,8.5,8.800000190734863,8.5,5.466761589050293
1982-03-04,103000,8.933333396911621,8.666666984558105,8.933333396911621,8.666666984558105,5.573949337005615
1982-03-03,125900,9.233333587646484,8.933333396911621,9.233333587646484,8.933333396911621,5.745455741882324
1982-03-02,138700,9.233333587646484,9.233333587646484,9.300000190734863,9.233333587646484,5.938398838043213
1982-03-01,95600,9.300000190734863,9.233333587646484,9.300000190734863,9.233333587646484,5.938398838043213
1982-02-26,87300,9.433333396911621,9.333333015441895,9.433333396911621,9.333333015441895,6.002717971801758
1982-02-25,30300,9.466666221618652,9.466666221618652,9.566666603088379,9.399999618530273,6.0884690284729
1982-02-24,130800,9.533333778381348,9.466666221618652,9.533333778381348,9.333333015441895,6.0884690284729
1982-02-23,46800,9.666666984558105,9.533333778381348,9.666666984558105,9.466666221618652,6.131344795227051
1982-02-22,150300,9.600000381469727,9.666666984558105,9.733333587646484,9.600000381469727,6.21710205078125
1982-02-19,119600,9.466666221618652,9.533333778381348,9.533333778381348,9.433333396911621,6.131344795227051
1982-02-18,100400,9.433333396911621,9.466666221618652,9.533333778381348,9.433333396911621,6.0884690284729
1982-02-17,99700,9.533333778381348,9.433333396911621,9.533333778381348,9.399999618530273,6.067028045654297
1982-02-16,103400,9.666666984558105,9.600000381469727,9.666666984558105,9.533333778381348,6.174224853515625
1982-02-12,37100,9.699999809265137,9.733333587646484,9.833333015441895,9.666666984558105,6.259976387023926
1982-02-11,247800,9.533333778381348,9.699999809265137,9.699999809265137,9.466666221618652,6.238539695739746
1982-02-10,76500,9.399999618530273,9.533333778381348,9.600000381469727,9.399999618530273,6.131344795227051
1982-02-09,92200,9.699999809265137,9.399999618530273,9.733333587646484,9.366666793823242,6.045592784881592
1982-02-08,193100,9.733333587646484,9.699999809265137,9.733333587646484,9.666666984558105,6.238539695739746
1982-02-05,66700,10.066666603088379,9.800000190734863,10.133333206176758,9.800000190734863,6.302850723266602
1982-02-04,198700,10.366666793823242,10.066666603088379,10.399999618530273,9.966666221618652,6.474353790283203
1982-02-03,202900,10.333333015441895,10.366666793823242,10.533333778381348,10.333333015441895,6.667305946350098
1982-02-02,93400,9.933333396911621,10.266666412353516,10.266666412353516,9.933333396911621,6.602989196777344
1982-02-01,65600,10.033333778381348,9.899999618530273,10.033333778381348,9.899999618530273,6.367165565490723
1982-01-29,130800,9.933333396911621,10.133333206176758,10.133333206176758,9.933333396911621,6.517236232757568
1982-01-28,98900,9.633333206176758,9.933333396911621,9.966666221618652,9.633333206176758,6.388606071472168
1982-01-27,76500,9.600000381469727,9.633333206176758,9.733333587646484,9.600000381469727,6.19566011428833
1982-01-26,88400,9.733333587646484,9.600000381469727,9.733333587646484,9.600000381469727,6.174224853515625
1982-01-25,56600,9.699999809265137,9.733333587646484,9.766666412353516,9.566666603088379,6.259976387023926
1982-01-22,145400,9.5,9.699999809265137,9.699999809265137,9.5,6.238539695739746
1982-01-21,222300,9.466666221618652,9.5,9.533333778381348,9.366666793823242,6.109910488128662
1982-01-20,150700,9.466666221618652,9.466666221618652,9.533333778381348,9.333333015441895,6.0884690284729
1982-01-19,224200,9.733333587646484,9.466666221618652,9.866666793823242,9.466666221618652,6.0884690284729
1982-01-18,157000,10.0,9.733333587646484,10.0,9.600000381469727,6.259976387023926
1982-01-15,144700,10.0,10.066666603088379,10.166666984558105,10.0,6.474353790283203
1982-01-14,132400,9.866666793823242,9.966666221618652,10.0,9.766666412353516,6.410043716430664
1982-01-13,176600,10.233333587646484,9.866666793823242,10.233333587646484,9.833333015441895,6.345728397369385
1982-01-12,171700,10.366666793823242,10.233333587646484,10.366666793823242,10.133333206176758,6.581550121307373
1982-01-11,545200,10.800000190734863,10.466666221618652,10.866666793823242,10.333333015441895,6.731620788574219
1982-01-08,98200,10.800000190734863,10.800000190734863,10.866666793823242,10.733333587646484,6.9460039138793945
1982-01-07,563600,10.833333015441895,10.800000190734863,10.833333015441895,10.699999809265137,6.9460039138793945
1982-01-06,249700,11.199999809265137,10.899999618530273,11.199999809265137,10.800000190734863,7.010315418243408
1982-01-05,113600,11.600000381469727,11.199999809265137,11.600000381469727,11.199999809265137,7.2032575607299805
1982-01-04,29600,11.5,11.600000381469727,11.600000381469727,11.466666221618652,7.460522651672363
1981-12-31,197600,11.5,11.5,11.533333778381348,11.433333396911621,7.396202087402344
1981-12-30,432300,11.433333396911621,11.5,11.600000381469727,11.366666793823242,7.396202087402344
1981-12-29,276700,11.666666984558105,11.433333396911621,11.666666984558105,11.399999618530273,7.353331565856934
1981-12-28,51000,11.766666412353516,11.699999809265137,11.800000190734863,11.699999809265137,7.524836540222168
1981-12-24,43100,11.733333587646484,11.766666412353516,11.766666412353516,11.699999809265137,7.567712783813477
1981-12-23,72700,11.833333015441895,11.733333587646484,11.833333015441895,11.733333587646484,7.546273708343506
1981-12-22,80600,11.800000190734863,11.833333015441895,11.933333396911621,11.733333587646484,7.6105828285217285
1981-12-21,157000,11.833333015441895,11.800000190734863,11.899999618530273,11.800000190734863,7.589147567749023
1981-12-18,149600,11.800000190734863,11.833333015441895,12.0,11.800000190734863,7.6105828285217285
1981-12-17,140600,11.766666412353516,11.766666412353516,11.866666793823242,11.699999809265137,7.567712783813477
1981-12-16,186700,11.633333206176758,11.766666412353516,11.800000190734863,11.633333206176758,7.567712783813477
1981-12-15,162000,11.666666984558105,11.633333206176758,11.666666984558105,11.566666603088379,7.481956958770752
1981-12-14,113600,11.866666793823242,11.666666984558105,11.866666793823242,11.666666984558105,7.503394603729248
1981-12-11,110200,12.133333206176758,11.899999618530273,12.133333206176758,11.833333015441895,7.653467655181885
1981-12-10,255300,12.300000190734863,12.233333587646484,12.333333015441895,12.100000381469727,7.867845058441162
1981-12-09,512600,12.066666603088379,12.300000190734863,12.366666793823242,12.066666603088379,7.910721778869629
1981-12-08,108700,12.133333206176758,12.066666603088379,12.166666984558105,11.966666221618652,7.760651111602783
1981-12-07,77600,12.433333396911621,12.133333206176758,12.533333778381348,12.133333206176758,7.803531169891357
1981-12-04,116500,12.566666603088379,12.433333396911621,12.733333587646484,12.433333396911621,7.996480464935303
1981-12-03,215200,12.466666221618652,12.566666603088379,12.633333206176758,12.466666221618652,8.082230567932129
1981-12-02,259900,12.899999618530273,12.433333396911621,12.899999618530273,12.399999618530273,7.996480464935303
1981-12-01,110200,13.133333206176758,12.966666221618652,13.133333206176758,12.899999618530273,8.339489936828613
1981-11-30,136500,13.0,13.166666984558105,13.166666984558105,12.933333396911621,8.468116760253906
1981-11-27,117700,13.033333778381348,13.0,13.066666603088379,12.833333015441895,8.360929489135742
1981-11-25,238800,13.233333587646484,13.033333778381348,13.266666412353516,13.0,8.382364273071289
1981-11-24,221600,12.866666793823242,13.233333587646484,13.333333015441895,12.833333015441895,8.51099681854248
1981-11-23,151100,12.933333396911621,12.866666793823242,13.100000381469727,12.866666793823242,8.275175094604492
1981-11-20,181100,12.833333015441895,12.933333396911621,13.0,12.833333015441895,8.3180513381958
1981-11-19,280800,12.666666984558105,12.800000190734863,12.933333396911621,12.533333778381348,8.232295989990234
1981-11-18,86200,12.733333587646484,12.666666984558105,12.733333587646484,12.600000381469727,8.146540641784668
1981-11-17,108000,12.533333778381348,12.733333587646484,12.733333587646484,12.5,8.189414978027344
1981-11-16,76500,12.733333587646484,12.533333778381348,12.733333587646484,12.5,8.060792922973633
1981-11-13,351700,12.733333587646484,12.800000190734863,13.266666412353516,12.733333587646484,8.232295989990234
1981-11-12,172000,12.366666793823242,12.699999809265137,12.733333587646484,12.366666793823242,8.167984962463379
1981-11-11,457800,12.166666984558105,12.300000190734863,12.333333015441895,12.100000381469727,7.910721778869629
1981-11-10,250400,12.066666603088379,12.166666984558105,12.433333396911621,12.066666603088379,7.824974060058594
1981-11-09,273400,12.5,12.0,12.5,11.866666793823242,7.717778205871582
1981-11-06,238800,12.466666221618652,12.533333778381348,12.566666603088379,12.366666793823242,8.060792922973633
1981-11-05,212500,12.533333778381348,12.466666221618652,12.699999809265137,12.399999618530273,8.017913818359375
1981-11-04,240700,12.566666603088379,12.533333778381348,12.566666603088379,12.433333396911621,8.060792922973633
1981-11-03,205800,12.833333015441895,12.566666603088379,12.866666793823242,12.533333778381348,8.082230567932129
1981-11-02,290600,12.666666984558105,12.833333015441895,13.033333778381348,12.666666984558105,8.25373649597168
1981-10-30,662200,12.300000190734863,12.600000381469727,12.600000381469727,12.300000190734863,8.103665351867676
1981-10-29,343100,12.466666221618652,12.300000190734863,12.566666603088379,12.199999809265137,7.910721778869629
1981-10-28,472400,12.300000190734863,12.466666221618652,12.5,12.199999809265137,8.017913818359375
1981-10-27,568500,12.133333206176758,12.300000190734863,12.466666221618652,12.133333206176758,7.910721778869629
1981-10-26,1299400,12.199999809265137,12.033333778381348,12.199999809265137,11.733333587646484,7.739215850830078
1981-10-23,1525100,13.066666603088379,12.266666412353516,13.133333206176758,12.199999809265137,7.889284133911133
1981-10-22,3779200,13.866666793823242,13.066666603088379,13.866666793823242,12.800000190734863,8.40380573272705
1981-10-21,420300,15.199999809265137,14.300000190734863,15.333333015441895,14.300000190734863,9.197022438049316
1981-10-20,615300,15.433333396911621,15.199999809265137,15.600000381469727,14.966666221618652,9.775853157043457
1981-10-19,421800,15.600000381469727,15.433333396911621,15.600000381469727,15.233333587646484,9.925919532775879
1981-10-16,342400,16.566667556762695,16.266666412353516,16.799999237060547,16.233333587646484,10.461872100830078
1981-10-15,1438500,16.16666603088379,16.566667556762695,16.866666793823242,15.600000381469727,10.654821395874023
1981-10-14,484500,16.96666717529297,16.16666603088379,16.96666717529297,16.16666603088379,10.397562026977539
1981-10-13,409400,17.133333206176758,16.96666717529297,17.399999618530273,16.866666793823242,10.912079811096191
1981-10-12,282300,17.33333396911621,17.133333206176758,17.33333396911621,16.933332443237305,11.019274711608887
1981-10-09,416600,17.46666717529297,17.33333396911621,17.766666412353516,17.233333587646484,11.14789867401123
1981-10-08,457500,17.399999618530273,17.46666717529297,17.933332443237305,17.233333587646484,11.233654975891113
1981-10-07,660000,16.5,17.399999618530273,17.399999618530273,16.5,11.190777778625488
1981-10-06,308200,15.366666793823242,15.633333206176758,15.800000190734863,15.266666412353516,10.054548263549805
1981-10-05,267300,15.666666984558105,15.366666793823242,15.899999618530273,15.333333015441895,9.883042335510254
1981-10-02,503200,15.5,15.666666984558105,15.899999618530273,15.5,10.07598876953125
1981-10-01,613100,14.399999618530273,15.5,15.5,14.399999618530273,9.968794822692871
1981-09-30,223400,13.666666984558105,13.933333396911621,13.966666221618652,13.366666793823242,8.961198806762695
1981-09-29,275600,13.666666984558105,13.666666984558105,13.766666412353516,13.333333015441895,8.789692878723145
1981-09-28,437200,13.666666984558105,13.666666984558105,13.666666984558105,13.133333206176758,8.789692878723145
1981-09-25,374200,14.600000381469727,13.733333587646484,14.600000381469727,13.733333587646484,8.83257007598877
1981-09-24,602200,14.833333015441895,14.666666984558105,15.033333778381348,14.533333778381348,9.432833671569824
1981-09-23,466900,15.066666603088379,14.833333015441895,15.066666603088379,14.466666221618652,9.540035247802734
1981-09-22,280800,16.0,15.666666984558105,16.33333396911621,15.666666984558105,10.07598876953125
1981-09-21,222300,16.133333206176758,16.0,16.266666412353516,15.966666221618652,10.290373802185059
1981-09-18,635600,16.0,16.133333206176758,16.600000381469727,16.0,10.37612533569336
1981-09-17,540300,15.866666793823242,16.0,16.5,15.833333015441895,10.290373802185059
1981-09-16,293600,15.833333015441895,15.866666793823242,16.0,15.699999809265137,10.204614639282227
1981-09-15,271500,16.33333396911621,15.833333015441895,16.46666717529297,15.766666412353516,10.183182716369629
1981-09-14,281900,16.46666717529297,16.33333396911621,16.46666717529297,15.933333396911621,10.504753112792969
1981-09-11,427500,16.0,16.46666717529297,16.600000381469727,15.600000381469727,10.590505599975586
1981-09-10,463000,15.199999809265137,16.0,16.0,15.199999809265137,10.290373802185059
1981-09-09,480400,14.366666793823242,14.899999618530273,14.899999618530273,14.199999809265137,9.582901954650879
1981-09-08,470600,15.199999809265137,14.366666793823242,15.199999809265137,14.133333206176758,9.239895820617676
1981-09-04,310400,15.533333778381348,15.266666412353516,15.566666603088379,15.133333206176758,9.818732261657715
1981-09-03,271100,16.03333282470703,15.533333778381348,16.200000762939453,15.466666221618652,9.990241050720215
1981-09-02,275600,16.100000381469727,16.03333282470703,16.399999618530273,16.0,10.311812400817871
1981-09-01,568800,16.03333282470703,16.100000381469727,16.46666717529297,15.566666603088379,10.354689598083496
1981-08-31,394800,17.03333282470703,16.03333282470703,17.33333396911621,15.966666221618652,10.311812400817871
1981-08-28,287600,17.066667556762695,17.03333282470703,17.233333587646484,16.866666793823242,10.95495891571045
1981-08-27,507400,17.433332443237305,17.066667556762695,17.5,17.03333282470703,10.976402282714844
1981-08-26,537700,17.266666412353516,17.433332443237305,17.566667556762695,17.266666412353516,11.212214469909668
1981-08-25,609700,17.46666717529297,17.266666412353516,17.46666717529297,17.133333206176758,11.105026245117188
1981-08-24,449200,18.233333587646484,17.600000381469727,18.233333587646484,17.53333282470703,11.319411277770996
1981-08-21,354700,18.766666412353516,18.33333396911621,18.766666412353516,18.266666412353516,11.791047096252441
1981-08-20,348300,18.933332443237305,18.799999237060547,18.933332443237305,18.700000762939453,12.091185569763184
1981-08-19,512600,19.5,19.266666412353516,19.53333282470703,19.133333206176758,12.39132022857666
1981-08-18,473600,19.933332443237305,19.5,20.03333282470703,19.266666412353516,12.541397094726562
1981-08-17,448000,20.799999237060547,19.933332443237305,20.83333396911621,19.866666793823242,12.820087432861328
1981-08-14,716600,20.66666603088379,20.799999237060547,21.133333206176758,20.53333282470703,13.377480506896973
1981-08-13,834300,19.899999618530273,20.66666603088379,20.866666793823242,19.733333587646484,13.291725158691406
1981-08-12,821900,19.266666412353516,19.899999618530273,20.0,19.266666412353516,12.798646926879883
1981-08-11,434500,18.899999618530273,19.200000762939453,19.266666412353516,18.866666793823242,12.34844970703125
1981-08-10,414700,18.899999618530273,18.899999618530273,19.233333587646484,18.799999237060547,12.155500411987305
1981-08-07,346500,19.266666412353516,18.899999618530273,19.266666412353516,18.866666793823242,12.155500411987305
1981-08-06,887600,18.83333396911621,19.366666793823242,19.600000381469727,18.83333396911621,12.45564079284668
1981-08-05,517800,18.46666717529297,18.53333282470703,18.766666412353516,18.46666717529297,11.919676780700684
1981-08-04,266200,18.133333206176758,18.33333396911621,18.600000381469727,18.133333206176758,11.791047096252441
1981-08-03,114300,17.866666793823242,18.0,18.066667556762695,17.83333396911621,11.576666831970215
1981-07-31,298000,17.799999237060547,17.866666793823242,18.266666412353516,17.799999237060547,11.490911483764648
1981-07-30,83200,17.733333587646484,17.799999237060547,17.83333396911621,17.700000762939453,11.448039054870605
1981-07-29,224600,17.66666603088379,17.733333587646484,17.866666793823242,17.66666603088379,11.405162811279297
1981-07-28,161600,17.899999618530273,17.66666603088379,17.899999618530273,17.600000381469727,11.362283706665039
1981-07-27,255700,17.799999237060547,17.899999618530273,17.933332443237305,17.566667556762695,11.512356758117676
1981-07-24,96700,17.866666793823242,17.799999237060547,17.96666717529297,17.766666412353516,11.448039054870605
1981-07-23,235500,17.933332443237305,17.866666793823242,17.933332443237305,17.66666603088379,11.490911483764648
1981-07-22,289100,17.899999618530273,17.933332443237305,18.066667556762695,17.53333282470703,11.53378963470459
1981-07-21,254900,18.0,17.899999618530273,18.266666412353516,17.733333587646484,11.512356758117676
1981-07-20,199000,18.266666412353516,18.0,18.33333396911621,17.866666793823242,11.576666831970215
1981-07-17,518500,18.700000762939453,18.266666412353516,19.133333206176758,18.266666412353516,11.748174667358398
1981-07-16,887600,18.600000381469727,18.700000762939453,19.233333587646484,18.433332443237305,12.026874542236328
1981-07-15,1652200,17.766666412353516,18.600000381469727,18.766666412353516,17.766666412353516,11.962554931640625
1981-07-14,228300,17.799999237060547,17.766666412353516,17.866666793823242,17.566667556762695,11.426597595214844
1981-07-13,429300,17.53333282470703,17.799999237060547,18.066667556762695,17.53333282470703,11.448039054870605
1981-07-10,346500,17.100000381469727,17.46666717529297,17.83333396911621,17.100000381469727,11.233654975891113
1981-07-09,258000,16.933332443237305,17.100000381469727,17.133333206176758,16.933332443237305,10.99782943725586
1981-07-08,246400,16.933332443237305,16.933332443237305,17.133333206176758,16.633333206176758,10.890643119812012
1981-07-07,301100,16.96666717529297,16.933332443237305,17.299999237060547,16.66666603088379,10.890643119812012
1981-07-06,251600,17.33333396911621,16.96666717529297,17.33333396911621,16.96666717529297,10.912079811096191
1981-07-02,757900,18.03333282470703,17.566667556762695,18.233333587646484,17.33333396911621,11.297974586486816
1981-07-01,656500,17.66666603088379,18.03333282470703,18.33333396911621,17.66666603088379,11.59810733795166
1981-06-30,691800,16.933332443237305,17.53333282470703,17.733333587646484,16.933332443237305,11.276535034179688
1981-06-29,270700,16.33333396911621,16.733333587646484,16.766666412353516,16.33333396911621,10.76201343536377
1981-06-26,460800,15.866666793823242,16.133333206176758,16.600000381469727,15.833333015441895,10.37612533569336
1981-06-25,159300,15.800000190734863,15.866666793823242,15.966666221618652,15.666666984558105,10.204614639282227
1981-06-24,224600,15.699999809265137,15.800000190734863,16.0,15.699999809265137,10.161742210388184
1981-06-23,289100,15.333333015441895,15.699999809265137,15.699999809265137,15.300000190734863,10.097423553466797
1981-06-22,373500,15.899999618530273,15.333333015441895,16.03333282470703,15.266666412353516,9.861605644226074
1981-06-19,502100,16.0,15.899999618530273,16.0,15.733333587646484,10.226062774658203
1981-06-18,118500,16.200000762939453,16.133333206176758,16.200000762939453,16.100000381469727,10.37612533569336
1981-06-17,162700,16.266666412353516,16.233333587646484,16.399999618530273,16.133333206176758,10.440438270568848
1981-06-16,182200,16.733333587646484,16.266666412353516,16.766666412353516,16.266666412353516,10.461872100830078
1981-06-15,193800,17.0,16.733333587646484,17.03333282470703,16.733333587646484,10.76201343536377
1981-06-12,372000,16.83333396911621,17.0,17.16666603088379,16.83333396911621,10.933523178100586
1981-06-11,190500,16.600000381469727,16.766666412353516,16.933332443237305,16.46666717529297,10.783452033996582
1981-06-10,278900,16.266666412353516,16.600000381469727,16.733333587646484,16.266666412353516,10.676259994506836
1981-06-09,147000,16.700000762939453,16.266666412353516,16.733333587646484,16.200000762939453,10.461872100830078
1981-06-08,217900,16.700000762939453,16.700000762939453,16.83333396911621,16.700000762939453,10.740572929382324
1981-06-05,196100,17.100000381469727,16.700000762939453,17.133333206176758,16.700000762939453,10.740572929382324
1981-06-04,399000,16.700000762939453,17.100000381469727,17.366666793823242,16.700000762939453,10.99782943725586
1981-06-03,292800,16.600000381469727,16.66666603088379,16.866666793823242,16.600000381469727,10.719139099121094
1981-06-02,355500,16.266666412353516,16.566667556762695,16.66666603088379,16.066667556762695,10.654821395874023
1981-06-01,355100,16.266666412353516,16.266666412353516,16.66666603088379,16.266666412353516,10.461872100830078
1981-05-29,117700,16.299999237060547,16.266666412353516,16.366666793823242,16.233333587646484,10.461872100830078
1981-05-28,202900,16.866666793823242,16.299999237060547,16.96666717529297,16.266666412353516,10.483315467834473
1981-05-27,380900,16.46666717529297,16.866666793823242,16.933332443237305,16.133333206176758,10.847761154174805
1981-05-26,194600,16.733333587646484,16.46666717529297,16.766666412353516,16.266666412353516,10.590505599975586
1981-05-22,249000,16.866666793823242,16.733333587646484,16.933332443237305,16.66666603088379,10.76201343536377
1981-05-21,419600,17.233333587646484,16.866666793823242,17.233333587646484,16.866666793823242,10.847761154174805
1981-05-20,257200,17.5,17.233333587646484,17.53333282470703,17.100000381469727,11.083588600158691
1981-05-19,122600,17.899999618530273,17.5,17.899999618530273,17.5,11.255094528198242
1981-05-18,99700,18.200000762939453,17.933332443237305,18.200000762939453,17.799999237060547,11.53378963470459
1981-05-15,251600,18.066667556762695,18.266666412353516,18.299999237060547,18.066667556762695,11.748174667358398
1981-05-14,202500,17.799999237060547,18.0,18.133333206176758,17.733333587646484,11.576666831970215
1981-05-13,331500,17.53333282470703,17.799999237060547,17.899999618530273,17.5,11.448039054870605
1981-05-12,404600,17.433332443237305,17.53333282470703,17.53333282470703,17.233333587646484,11.276535034179688
1981-05-11,526500,17.933332443237305,17.433332443237305,17.933332443237305,17.399999618530273,11.212214469909668
1981-05-08,797200,17.66666603088379,17.933332443237305,18.233333587646484,17.66666603088379,11.53378963470459
1981-05-07,125900,17.233333587646484,17.299999237060547,17.399999618530273,17.200000762939453,11.126465797424316
1981-05-06,352800,17.600000381469727,17.233333587646484,17.66666603088379,17.200000762939453,11.083588600158691
1981-05-05,642700,17.066667556762695,17.600000381469727,17.733333587646484,17.0,11.319411277770996
1981-05-04,702700,17.66666603088379,17.066667556762695,17.66666603088379,16.83333396911621,10.976402282714844
1981-05-01,599900,18.066667556762695,17.96666717529297,18.16666603088379,17.766666412353516,11.555235862731934
1981-04-30,927300,18.433332443237305,18.066667556762695,18.66666603088379,17.66666603088379,11.619544982910156
1981-04-29,1497300,18.233333587646484,18.433332443237305,18.799999237060547,18.16666603088379,11.855366706848145
1981-04-28,1143300,17.399999618530273,18.233333587646484,18.266666412353516,17.399999618530273,11.72673511505127
1981-04-27,622500,16.46666717529297,16.66666603088379,17.0,16.399999618530273,10.719139099121094
1981-04-24,595100,15.899999618530273,16.46666717529297,16.766666412353516,15.766666412353516,10.590505599975586
1981-04-23,406100,15.933333396911621,15.899999618530273,15.933333396911621,15.533333778381348,10.226062774658203
1981-04-22,408700,16.366666793823242,16.0,16.366666793823242,15.699999809265137,10.290373802185059
1981-04-21,434900,16.46666717529297,16.433332443237305,16.53333282470703,16.433332443237305,10.569068908691406
1981-04-20,125200,16.53333282470703,16.46666717529297,16.53333282470703,16.433332443237305,10.590505599975586
1981-04-16,600700,16.233333587646484,16.53333282470703,16.600000381469727,16.233333587646484,10.633380889892578
1981-04-15,805500,15.399999618530273,16.200000762939453,16.200000762939453,15.399999618530273,10.4190034866333
1981-04-14,601000,16.066667556762695,15.399999618530273,16.066667556762695,15.399999618530273,9.90447998046875
1981-04-13,651700,17.633333206176758,16.33333396911621,17.633333206176758,16.33333396911621,10.504753112792969
1981-04-10,309700,17.46666717529297,17.66666603088379,17.66666603088379,17.399999618530273,11.362283706665039
1981-04-09,679800,17.200000762939453,17.46666717529297,17.53333282470703,17.200000762939453,11.233654975891113
1981-04-08,395200,16.799999237060547,16.866666793823242,17.46666717529297,16.700000762939453,10.847761154174805
1981-04-07,472100,16.700000762939453,16.799999237060547,16.96666717529297,16.53333282470703,10.804888725280762
1981-04-06,485600,16.766666412353516,16.700000762939453,16.766666412353516,16.53333282470703,10.740572929382324
1981-04-03,276300,16.799999237060547,16.83333396911621,16.899999618530273,16.766666412353516,10.82633113861084
1981-04-02,410200,16.933332443237305,16.799999237060547,16.933332443237305,16.733333587646484,10.804888725280762
1981-04-01,397500,16.53333282470703,16.96666717529297,17.0,16.53333282470703,10.912079811096191
1981-03-31,562400,16.100000381469727,16.53333282470703,16.766666412353516,16.100000381469727,10.633380889892578
1981-03-30,297300,16.16666603088379,15.899999618530273,16.16666603088379,15.899999618530273,10.226062774658203
1981-03-27,553100,15.800000190734863,16.16666603088379,16.399999618530273,15.800000190734863,10.397562026977539
1981-03-26,617200,15.666666984558105,15.733333587646484,15.899999618530273,15.566666603088379,10.118861198425293
1981-03-25,322400,15.600000381469727,15.666666984558105,15.866666793823242,15.266666412353516,10.07598876953125
1981-03-24,560200,15.933333396911621,15.600000381469727,15.966666221618652,15.600000381469727,10.033114433288574
1981-03-23,715000,16.100000381469727,15.933333396911621,16.100000381469727,15.866666793823242,10.247496604919434
1981-03-20,1269700,16.46666717529297,16.133333206176758,16.46666717529297,15.666666984558105,10.37612533569336
1981-03-19,1023400,14.800000190734863,16.46666717529297,16.46666717529297,14.800000190734863,10.590505599975586
1981-03-18,343800,14.699999809265137,14.699999809265137,14.966666221618652,14.633333206176758,9.45427417755127
1981-03-17,420300,14.833333015441895,14.699999809265137,15.066666603088379,14.666666984558105,9.45427417755127
1981-03-16,691800,15.133333206176758,14.833333015441895,15.133333206176758,14.699999809265137,9.540035247802734
1981-03-13,1549100,14.699999809265137,15.266666412353516,15.399999618530273,14.699999809265137,9.818732261657715
1981-03-12,972000,13.600000381469727,14.533333778381348,14.633333206176758,13.600000381469727,9.347089767456055
1981-03-11,794900,12.800000190734863,13.333333015441895,13.399999618530273,12.800000190734863,8.575311660766602
1981-03-10,382100,13.066666603088379,12.600000381469727,13.300000190734863,12.533333778381348,8.103665351867676
1981-03-09,556100,12.466666221618652,13.066666603088379,13.066666603088379,12.466666221618652,8.40380573272705
1981-03-06,371600,12.133333206176758,12.466666221618652,12.5,12.133333206176758,8.017913818359375
1981-03-05,175100,11.866666793823242,12.0,12.233333587646484,11.800000190734863,7.717778205871582
1981-03-04,188200,12.0,11.866666793823242,12.0,11.766666412353516,7.63202428817749
1981-03-03,223800,12.166666984558105,12.0,12.233333587646484,11.966666221618652,7.717778205871582
1981-03-02,158500,12.466666221618652,12.166666984558105,12.466666221618652,12.133333206176758,7.824974060058594
1981-02-27,244900,12.199999809265137,12.533333778381348,12.699999809265137,12.066666603088379,8.060792922973633
1981-02-26,204000,11.966666221618652,12.199999809265137,12.300000190734863,11.933333396911621,7.846404075622559
1981-02-25,308200,12.166666984558105,11.966666221618652,12.199999809265137,11.800000190734863,7.6963396072387695
1981-02-24,721800,12.300000190734863,12.166666984558105,12.399999618530273,12.066666603088379,7.824974060058594
1981-02-23,205500,12.466666221618652,12.300000190734863,12.533333778381348,12.300000190734863,7.910721778869629
1981-02-20,186300,12.666666984558105,12.466666221618652,12.666666984558105,12.266666412353516,8.017913818359375
1981-02-19,199000,12.733333587646484,12.666666984558105,12.866666793823242,12.433333396911621,8.146540641784668
1981-02-18,96300,12.399999618530273,12.733333587646484,12.733333587646484,12.333333015441895,8.189414978027344
1981-02-17,103800,12.533333778381348,12.399999618530273,12.600000381469727,12.399999618530273,7.975038051605225
1981-02-13,210300,12.266666412353516,12.533333778381348,12.533333778381348,12.199999809265137,8.060792922973633
1981-02-12,92600,12.266666412353516,12.266666412353516,12.266666412353516,12.100000381469727,7.889284133911133
1981-02-11,70100,12.300000190734863,12.266666412353516,12.333333015441895,12.266666412353516,7.889284133911133
1981-02-10,57300,12.333333015441895,12.300000190734863,12.399999618530273,12.300000190734863,7.910721778869629
1981-02-09,142100,12.5,12.333333015441895,12.533333778381348,12.300000190734863,7.932161808013916
1981-02-06,93700,12.600000381469727,12.5,12.766666412353516,12.5,8.039351463317871
1981-02-05,200900,12.600000381469727,12.600000381469727,12.733333587646484,12.533333778381348,8.103665351867676
1981-02-04,196800,12.600000381469727,12.600000381469727,12.800000190734863,12.399999618530273,8.103665351867676
1981-02-03,223800,12.466666221618652,12.600000381469727,12.600000381469727,12.300000190734863,8.103665351867676
1981-02-02,294300,13.166666984558105,12.466666221618652,13.166666984558105,12.300000190734863,8.017913818359375
1981-01-30,246400,13.566666603088379,13.199999809265137,13.733333587646484,13.199999809265137,8.4895601272583
1981-01-29,1257700,13.666666984558105,13.566666603088379,14.866666793823242,13.066666603088379,8.72537899017334
1981-01-28,447700,12.366666793823242,13.666666984558105,13.666666984558105,12.333333015441895,8.789692878723145
1981-01-27,305900,12.166666984558105,12.366666793823242,12.366666793823242,11.966666221618652,7.9536004066467285
1981-01-26,246700,12.433333396911621,12.166666984558105,12.433333396911621,12.0,7.824974060058594
1981-01-23,152900,12.433333396911621,12.466666221618652,12.600000381469727,12.366666793823242,8.017913818359375
1981-01-22,198300,12.833333015441895,12.433333396911621,12.899999618530273,12.166666984558105,7.996480464935303
1981-01-21,252300,11.966666221618652,12.833333015441895,12.966666221618652,11.933333396911621,8.25373649597168
1981-01-20,205800,12.266666412353516,11.966666221618652,12.266666412353516,11.933333396911621,7.6963396072387695
1981-01-19,250800,11.966666221618652,12.266666412353516,12.300000190734863,11.800000190734863,7.889284133911133
1981-01-16,255700,11.733333587646484,11.966666221618652,11.966666221618652,11.666666984558105,7.6963396072387695
1981-01-15,143200,11.933333396911621,11.733333587646484,12.066666603088379,11.666666984558105,7.546273708343506
1981-01-14,263600,11.899999618530273,11.933333396911621,11.933333396911621,11.800000190734863,7.674901962280273
1981-01-13,181800,11.633333206176758,11.899999618530273,11.899999618530273,11.633333206176758,7.653467655181885
1981-01-12,176200,11.966666221618652,11.633333206176758,12.066666603088379,11.533333778381348,7.481956958770752
1981-01-09,270700,11.899999618530273,11.966666221618652,11.966666221618652,11.733333587646484,7.6963396072387695
1981-01-08,223800,12.399999618530273,11.899999618530273,12.433333396911621,11.733333587646484,7.653467655181885
1981-01-07,233200,12.533333778381348,12.399999618530273,12.533333778381348,12.199999809265137,7.975038051605225
1981-01-06,518900,12.800000190734863,12.899999618530273,13.0,12.800000190734863,8.296611785888672
1981-01-05,427100,12.666666984558105,12.800000190734863,13.233333587646484,12.666666984558105,8.232295989990234
1981-01-02,81300,12.399999618530273,12.466666221618652,12.533333778381348,12.333333015441895,8.017913818359375
1980-12-31,83200,12.100000381469727,12.399999618530273,12.433333396911621,11.966666221618652,7.975038051605225
1980-12-30,188600,12.266666412353516,12.100000381469727,12.333333015441895,11.833333015441895,7.782094478607178
1980-12-29,135000,12.5,12.266666412353516,12.5,12.199999809265137,7.889284133911133
1980-12-26,25100,12.933333396911621,12.800000190734863,13.0,12.800000190734863,8.232295989990234
1980-12-24,42300,12.866666793823242,12.933333396911621,12.933333396911621,12.666666984558105,8.3180513381958
1980-12-23,152900,12.933333396911621,12.866666793823242,13.033333778381348,12.833333015441895,8.275175094604492
1980-12-22,166100,12.866666793823242,12.933333396911621,13.0,12.866666793823242,8.3180513381958
1980-12-19,239200,12.866666793823242,12.833333015441895,12.866666793823242,12.699999809265137,8.25373649597168
1980-12-18,138300,12.966666221618652,12.866666793823242,13.066666603088379,12.800000190734863,8.275175094604492
1980-12-17,239500,13.133333206176758,12.966666221618652,13.133333206176758,12.966666221618652,8.339489936828613
1980-12-16,124100,13.166666984558105,13.133333206176758,13.166666984558105,12.933333396911621,8.446680068969727
1980-12-15,200900,13.399999618530273,13.399999618530273,13.933333396911621,13.366666793823242,8.618185997009277
1980-12-12,237700,13.0,13.399999618530273,13.600000381469727,13.0,8.618185997009277
1980-12-11,296500,13.433333396911621,12.933333396911621,13.433333396911621,12.666666984558105,8.3180513381958
1980-12-10,281200,14.0,13.733333587646484,14.266666412353516,13.733333587646484,8.83257007598877
1980-12-09,155600,14.0,14.0,14.0,13.766666412353516,9.004072189331055
1980-12-08,258400,14.600000381469727,14.133333206176758,14.600000381469727,14.066666603088379,9.089826583862305
1980-12-05,305900,14.666666984558105,14.666666984558105,14.666666984558105,14.233333587646484,9.432833671569824
1980-12-04,181100,14.800000190734863,14.766666412353516,14.833333015441895,14.666666984558105,9.497159004211426
1980-12-03,290600,14.533333778381348,14.800000190734863,14.800000190734863,14.466666221618652,9.518599510192871
1980-12-02,147000,14.533333778381348,14.533333778381348,14.533333778381348,14.366666793823242,9.347089767456055
1980-12-01,299200,14.600000381469727,14.666666984558105,14.800000190734863,14.600000381469727,9.432833671569824
1980-11-28,46400,14.666666984558105,14.600000381469727,14.666666984558105,14.5,9.389968872070312
1980-11-26,285700,14.466666221618652,14.733333587646484,14.866666793823242,14.466666221618652,9.475717544555664
1980-11-25,243700,14.399999618530273,14.466666221618652,14.533333778381348,14.333333015441895,9.304210662841797
1980-11-24,138300,14.399999618530273,14.399999618530273,14.399999618530273,14.0,9.261336326599121
1980-11-21,188200,14.800000190734863,14.533333778381348,15.133333206176758,14.533333778381348,9.347089767456055
1980-11-20,458900,14.533333778381348,14.800000190734863,14.933333396911621,14.399999618530273,9.518599510192871
1980-11-19,270700,14.266666412353516,14.533333778381348,14.933333396911621,14.199999809265137,9.347089767456055
1980-11-18,208400,13.933333396911621,14.266666412353516,14.300000190734863,13.933333396911621,9.175580024719238
1980-11-17,154100,13.566666603088379,13.733333587646484,13.766666412353516,13.533333778381348,8.83257007598877
1980-11-14,232100,13.399999618530273,13.566666603088379,13.733333587646484,13.233333587646484,8.72537899017334
1980-11-13,211100,13.333333015441895,13.399999618530273,13.533333778381348,13.199999809265137,8.618185997009277
1980-11-12,198700,13.066666603088379,13.333333015441895,13.333333015441895,13.066666603088379,8.575311660766602
1980-11-11,164600,13.0,13.0,13.100000381469727,12.899999618530273,8.360929489135742
1980-11-10,495400,12.699999809265137,13.0,13.0,12.699999809265137,8.360929489135742
1980-11-07,616800,12.866666793823242,12.699999809265137,12.866666793823242,12.5,8.167984962463379
1980-11-06,181100,14.0,13.333333015441895,14.0,13.266666412353516,8.575311660766602
1980-11-05,440600,14.133333206176758,14.333333015441895,14.733333587646484,14.133333206176758,9.218461036682129
1980-11-03,239500,14.133333206176758,13.933333396911621,14.133333206176758,13.666666984558105,8.961198806762695
1980-10-31,414000,14.466666221618652,14.233333587646484,14.466666221618652,14.033333778381348,9.154147148132324
1980-10-30,177000,14.766666412353516,14.600000381469727,14.766666412353516,14.600000381469727,9.389968872070312
1980-10-29,79500,14.600000381469727,14.766666412353516,14.766666412353516,14.566666603088379,9.497159004211426
1980-10-28,122200,14.766666412353516,14.600000381469727,14.766666412353516,14.399999618530273,9.389968872070312
1980-10-27,96700,14.633333206176758,14.800000190734863,14.833333015441895,14.633333206176758,9.518599510192871
1980-10-24,139400,14.566666603088379,14.566666603088379,14.566666603088379,14.300000190734863,9.368525505065918
1980-10-23,310400,14.766666412353516,14.600000381469727,14.766666412353516,14.366666793823242,9.389968872070312
1980-10-22,93000,15.266666412353516,14.833333015441895,15.399999618530273,14.833333015441895,9.540035247802734
1980-10-21,173500,15.266666412353516,15.266666412353516,15.466666221618652,15.266666412353516,9.818732261657715
1980-10-20,154800,15.266666412353516,15.266666412353516,15.266666412353516,14.933333396911621,9.818732261657715
1980-10-17,374200,15.100000381469727,15.466666221618652,15.699999809265137,15.0,9.947356224060059
1980-10-16,404900,15.033333778381348,15.100000381469727,15.600000381469727,15.033333778381348,9.711538314819336
1980-10-15,219300,14.300000190734863,14.5,14.733333587646484,14.300000190734863,9.325648307800293
1980-10-14,426700,14.5,14.300000190734863,14.533333778381348,14.300000190734863,9.197022438049316
1980-10-13,244900,14.466666221618652,14.5,14.600000381469727,14.466666221618652,9.325648307800293
1980-10-10,100100,14.633333206176758,14.433333396911621,14.666666984558105,14.433333396911621,9.282771110534668
1980-10-09,145000,14.5,14.633333206176758,14.766666412353516,14.5,9.41140079498291
1980-10-08,101200,14.533333778381348,14.5,14.666666984558105,14.399999618530273,9.325648307800293
1980-10-07,112400,14.833333015441895,14.533333778381348,14.899999618530273,14.399999618530273,9.347089767456055
1980-10-06,123700,14.366666793823242,14.833333015441895,14.866666793823242,14.366666793823242,9.540035247802734
1980-10-03,264300,14.366666793823242,14.366666793823242,14.366666793823242,14.199999809265137,9.239895820617676
1980-10-02,216000,14.466666221618652,14.399999618530273,14.533333778381348,14.199999809265137,9.261336326599121
1980-10-01,239200,14.399999618530273,14.466666221618652,14.5,14.166666984558105,9.304210662841797
1980-09-30,311500,14.233333587646484,14.399999618530273,14.600000381469727,14.233333587646484,9.261336326599121
1980-09-29,266600,14.333333015441895,13.833333015441895,14.333333015441895,13.733333587646484,8.896885871887207
1980-09-26,299200,15.233333587646484,14.766666412353516,15.233333587646484,14.399999618530273,9.497159004211426
1980-09-25,376800,15.733333587646484,15.566666603088379,15.800000190734863,15.5,10.011675834655762
1980-09-24,390300,15.800000190734863,15.733333587646484,15.833333015441895,15.333333015441895,10.118861198425293
1980-09-23,376100,16.16666603088379,15.800000190734863,16.16666603088379,15.733333587646484,10.161742210388184
1980-09-22,371600,15.666666984558105,16.16666603088379,16.233333587646484,15.666666984558105,10.397562026977539
1980-09-19,160100,14.866666793823242,15.0,15.100000381469727,14.800000190734863,9.647221565246582
1980-09-18,597300,14.899999618530273,14.866666793823242,15.199999809265137,14.866666793823242,9.561471939086914
1980-09-17,175500,15.0,14.899999618530273,15.066666603088379,14.899999618530273,9.582901954650879
1980-09-16,178800,14.699999809265137,15.0,15.066666603088379,14.666666984558105,9.647221565246582
1980-09-15,170900,14.933333396911621,14.699999809265137,14.933333396911621,14.600000381469727,9.45427417755127
1980-09-12,223100,14.966666221618652,15.0,15.266666412353516,14.966666221618652,9.647221565246582
1980-09-11,224900,15.0,14.899999618530273,15.066666603088379,14.699999809265137,9.582901954650879
1980-09-10,373100,14.833333015441895,15.0,15.366666793823242,14.833333015441895,9.647221565246582
1980-09-09,460800,14.399999618530273,14.633333206176758,14.800000190734863,14.399999618530273,9.41140079498291
1980-09-08,561700,13.466666221618652,14.399999618530273,14.466666221618652,13.466666221618652,9.261336326599121
1980-09-05,170200,13.466666221618652,13.466666221618652,13.633333206176758,13.366666793823242,8.66106128692627
1980-09-04,470600,13.5,13.466666221618652,13.699999809265137,13.433333396911621,8.66106128692627
1980-09-03,232800,13.333333015441895,13.5,13.733333587646484,13.266666412353516,8.682502746582031
1980-09-02,208400,13.066666603088379,13.333333015441895,13.399999618530273,12.833333015441895,8.575311660766602
1980-08-29,78700,12.933333396911621,13.066666603088379,13.100000381469727,12.866666793823242,8.40380573272705
1980-08-28,98600,13.199999809265137,12.933333396911621,13.233333587646484,12.933333396911621,8.3180513381958
1980-08-27,78400,13.300000190734863,13.199999809265137,13.300000190734863,13.199999809265137,8.4895601272583
1980-08-26,121100,13.399999618530273,13.333333015441895,13.466666221618652,13.266666412353516,8.575311660766602
1980-08-25,225300,13.199999809265137,13.399999618530273,13.633333206176758,13.199999809265137,8.618185997009277
1980-08-22,169800,13.199999809265137,13.199999809265137,13.399999618530273,13.199999809265137,8.4895601272583
1980-08-21,431900,12.399999618530273,13.100000381469727,13.199999809265137,12.399999618530273,8.425240516662598
1980-08-20,159600,12.100000381469727,12.333333015441895,12.366666793823242,11.966666221618652,7.932161808013916
1980-08-19,121100,12.166666984558105,12.100000381469727,12.233333587646484,12.066666603088379,7.782094478607178
1980-08-18,168700,12.366666793823242,12.166666984558105,12.366666793823242,12.133333206176758,7.824974060058594
1980-08-15,96000,12.466666221618652,12.566666603088379,12.766666412353516,12.466666221618652,8.082230567932129
1980-08-14,152600,12.300000190734863,12.433333396911621,12.633333206176758,12.300000190734863,7.996480464935303
1980-08-13,98900,12.233333587646484,12.266666412353516,12.433333396911621,12.233333587646484,7.889284133911133
1980-08-12,183700,12.733333587646484,12.233333587646484,12.733333587646484,12.199999809265137,7.867845058441162
1980-08-11,278600,12.533333778381348,12.766666412353516,12.866666793823242,12.466666221618652,8.210862159729004
1980-08-08,211800,12.533333778381348,12.533333778381348,12.833333015441895,12.533333778381348,8.060792922973633
1980-08-07,173500,12.0,12.533333778381348,12.533333778381348,12.0,8.060792922973633
1980-08-06,118500,11.699999809265137,11.833333015441895,11.866666793823242,11.633333206176758,7.6105828285217285
1980-08-05,79800,11.833333015441895,11.699999809265137,11.833333015441895,11.633333206176758,7.524836540222168
1980-08-04,78000,11.933333396911621,11.933333396911621,11.933333396911621,11.666666984558105,7.674901962280273
1980-08-01,100100,12.066666603088379,12.0,12.266666412353516,11.933333396911621,7.717778205871582
1980-07-31,152600,12.066666603088379,12.066666603088379,12.066666603088379,11.666666984558105,7.760651111602783
1980-07-30,212900,12.466666221618652,12.066666603088379,12.566666603088379,12.066666603088379,7.760651111602783
1980-07-29,245200,12.600000381469727,12.466666221618652,12.633333206176758,12.300000190734863,8.017913818359375
1980-07-28,195300,12.566666603088379,12.600000381469727,12.666666984558105,12.466666221618652,8.103665351867676
1980-07-25,298400,12.666666984558105,12.566666603088379,12.800000190734863,12.5,8.082230567932129
1980-07-24,204400,12.666666984558105,12.666666984558105,12.800000190734863,12.666666984558105,8.146540641784668
1980-07-23,335600,12.666666984558105,12.666666984558105,12.766666412353516,12.600000381469727,8.146540641784668
1980-07-22,211800,12.466666221618652,12.666666984558105,12.733333587646484,12.466666221618652,8.146540641784668
1980-07-21,116900,12.199999809265137,12.333333015441895,12.333333015441895,12.100000381469727,7.932161808013916
1980-07-18,323500,11.899999618530273,12.199999809265137,12.233333587646484,11.899999618530273,7.846404075622559
1980-07-17,222700,11.533333778381348,11.866666793823242,12.0,11.533333778381348,7.63202428817749
1980-07-16,147700,11.5,11.5,11.566666603088379,11.199999809265137,7.396202087402344
1980-07-15,201300,11.399999618530273,11.5,11.633333206176758,11.399999618530273,7.396202087402344
1980-07-14,143200,11.399999618530273,11.399999618530273,11.433333396911621,11.199999809265137,7.331892490386963
1980-07-11,86900,11.233333587646484,11.399999618530273,11.399999618530273,11.233333587646484,7.331892490386963
1980-07-10,168700,11.366666793823242,11.233333587646484,11.466666221618652,11.233333587646484,7.22469425201416
1980-07-09,92200,11.466666221618652,11.366666793823242,11.533333778381348,11.366666793823242,7.310451030731201
1980-07-08,444000,11.333333015441895,11.466666221618652,11.633333206176758,11.333333015441895,7.3747639656066895
1980-07-07,400800,11.5,11.199999809265137,11.533333778381348,11.066666603088379,7.2032575607299805
1980-07-03,314600,11.666666984558105,11.5,11.666666984558105,11.199999809265137,7.396202087402344
1980-07-02,476500,11.899999618530273,11.733333587646484,12.133333206176758,11.733333587646484,7.546273708343506
1980-07-01,212200,11.133333206176758,11.899999618530273,11.899999618530273,11.133333206176758,7.653467655181885
1980-06-30,229900,11.066666603088379,11.100000381469727,11.333333015441895,11.066666603088379,7.138948440551758
1980-06-27,453000,10.866666793823242,10.966666221618652,11.133333206176758,10.866666793823242,7.05318546295166
1980-06-26,277500,10.633333206176758,10.666666984558105,11.0,10.633333206176758,6.860250473022461
1980-06-25,397500,10.266666412353516,10.533333778381348,10.733333587646484,10.266666412353516,6.774497985839844
1980-06-24,429000,10.066666603088379,10.066666603088379,10.066666603088379,9.833333015441895,6.474353790283203
1980-06-23,92600,10.066666603088379,10.066666603088379,10.266666412353516,9.966666221618652,6.474353790283203
1980-06-20,206600,10.199999809265137,10.066666603088379,10.199999809265137,9.899999618530273,6.474353790283203
1980-06-19,109500,10.333333015441895,10.266666412353516,10.333333015441895,10.066666603088379,6.602989196777344
1980-06-18,199000,10.5,10.333333015441895,10.566666603088379,10.300000190734863,6.645862579345703
1980-06-17,335900,10.733333587646484,10.5,10.733333587646484,10.399999618530273,6.753056049346924
1980-06-16,396700,10.833333015441895,10.766666412353516,10.866666793823242,10.466666221618652,6.924562454223633
1980-06-13,359200,10.866666793823242,10.833333015441895,10.866666793823242,10.699999809265137,6.967436790466309
1980-06-12,370100,10.866666793823242,10.866666793823242,10.933333396911621,10.566666603088379,6.988880157470703
1980-06-11,271100,10.933333396911621,10.866666793823242,11.033333778381348,10.833333015441895,6.988880157470703
1980-06-10,209900,11.100000381469727,10.933333396911621,11.100000381469727,10.866666793823242,7.031755447387695
1980-06-09,405700,10.966666221618652,11.133333206176758,11.166666984558105,10.966666221618652,7.1603827476501465
1980-06-06,408300,10.533333778381348,10.733333587646484,10.833333015441895,10.533333778381348,6.9031219482421875
1980-06-05,422900,10.466666221618652,10.399999618530273,10.600000381469727,10.333333015441895,6.688740253448486
1980-06-04,323200,10.033333778381348,10.466666221618652,10.466666221618652,10.033333778381348,6.731620788574219
1980-06-03,149200,10.266666412353516,10.0,10.266666412353516,9.966666221618652,6.431483745574951
1980-06-02,208100,10.300000190734863,10.300000190734863,10.466666221618652,10.300000190734863,6.624426364898682
1980-05-30,202500,10.066666603088379,10.199999809265137,10.233333587646484,9.733333587646484,6.560111999511719
1980-05-29,89500,10.199999809265137,10.066666603088379,10.199999809265137,10.0,6.474353790283203
1980-05-28,85400,10.333333015441895,10.199999809265137,10.333333015441895,10.133333206176758,6.560111999511719
1980-05-27,327700,10.300000190734863,10.399999618530273,10.566666603088379,10.300000190734863,6.688740253448486
1980-05-23,319800,9.866666793823242,10.166666984558105,10.266666412353516,9.866666793823242,6.538670539855957
1980-05-22,194600,9.733333587646484,9.733333587646484,9.800000190734863,9.633333206176758,6.259976387023926
1980-05-21,290200,9.600000381469727,9.733333587646484,9.866666793823242,9.533333778381348,6.259976387023926
1980-05-20,287600,9.600000381469727,9.600000381469727,9.600000381469727,9.433333396911621,6.174224853515625
1980-05-19,269200,9.466666221618652,9.600000381469727,10.066666603088379,9.399999618530273,6.174224853515625
1980-05-16,254900,9.199999809265137,9.466666221618652,9.600000381469727,9.199999809265137,6.0884690284729
1980-05-15,116900,8.899999618530273,9.166666984558105,9.266666412353516,8.866666793823242,5.895523548126221
1980-05-14,194900,8.633333206176758,8.899999618530273,8.899999618530273,8.633333206176758,5.724019527435303
1980-05-13,480000,8.333333015441895,8.566666603088379,8.633333206176758,8.300000190734863,5.509637355804443
1980-05-12,271500,8.333333015441895,8.333333015441895,8.466666221618652,8.133333206176758,5.359569549560547
1980-05-09,110200,8.533333778381348,8.333333015441895,8.533333778381348,8.199999809265137,5.359569549560547
1980-05-08,230600,8.666666984558105,8.600000381469727,8.766666412353516,8.399999618530273,5.531073570251465
1980-05-07,150300,8.733333587646484,8.666666984558105,8.933333396911621,8.666666984558105,5.573949337005615
1980-05-06,178800,8.833333015441895,8.733333587646484,8.933333396911621,8.600000381469727,5.616827487945557
1980-05-05,84700,8.966666221618652,8.833333015441895,8.966666221618652,8.733333587646484,5.6811418533325195
1980-05-02,258000,8.800000190734863,9.033333778381348,9.066666603088379,8.533333778381348,5.809772491455078
1980-05-01,157400,9.433333396911621,8.800000190734863,9.433333396911621,8.800000190734863,5.659705638885498
1980-04-30,63000,9.366666793823242,9.433333396911621,9.433333396911621,9.333333015441895,6.067028045654297
1980-04-29,126700,9.366666793823242,9.366666793823242,9.466666221618652,9.366666793823242,6.0241546630859375
1980-04-28,151800,9.600000381469727,9.333333015441895,9.699999809265137,9.333333015441895,6.002717971801758
1980-04-25,325800,9.533333778381348,9.600000381469727,9.933333396911621,9.466666221618652,6.174224853515625
1980-04-24,229000,9.366666793823242,9.533333778381348,9.733333587646484,9.266666412353516,6.131344795227051
1980-04-23,178800,9.133333206176758,9.366666793823242,9.466666221618652,9.033333778381348,6.0241546630859375
1980-04-22,196400,8.800000190734863,9.133333206176758,9.133333206176758,8.800000190734863,5.874087333679199
1980-04-21,127800,8.566666603088379,8.533333778381348,8.766666412353516,8.533333778381348,5.488201141357422
1980-04-18,227900,8.566666603088379,8.566666603088379,8.666666984558105,8.466666221618652,5.509637355804443
1980-04-17,173500,8.699999809265137,8.566666603088379,8.699999809265137,8.533333778381348,5.509637355804443
1980-04-16,121100,9.100000381469727,8.733333587646484,9.199999809265137,8.733333587646484,5.616827487945557
1980-04-15,106500,9.366666793823242,9.100000381469727,9.366666793823242,9.100000381469727,5.852648735046387
1980-04-14,558700,9.466666221618652,9.399999618530273,9.566666603088379,9.366666793823242,6.045592784881592
1980-04-11,222300,9.866666793823242,9.466666221618652,9.866666793823242,9.399999618530273,6.0884690284729
1980-04-10,176200,10.0,9.866666793823242,10.166666984558105,9.766666412353516,6.345728397369385
1980-04-09,207300,9.933333396911621,10.0,10.133333206176758,9.933333396911621,6.431483745574951
1980-04-08,624300,9.066666603088379,9.666666984558105,9.666666984558105,9.0,6.21710205078125
1980-04-07,187400,9.166666984558105,9.066666603088379,9.166666984558105,9.0,5.831210136413574
1980-04-03,352400,9.533333778381348,9.199999809265137,9.533333778381348,9.166666984558105,5.916964054107666
1980-04-02,419200,9.600000381469727,9.533333778381348,9.600000381469727,9.399999618530273,6.131344795227051
1980-04-01,162700,10.233333587646484,9.966666221618652,10.333333015441895,9.966666221618652,6.410043716430664
1980-03-31,419200,10.133333206176758,10.233333587646484,10.533333778381348,10.133333206176758,6.581550121307373
1980-03-28,277100,9.333333015441895,10.0,10.0,9.333333015441895,6.431483745574951
1980-03-27,609000,9.766666412353516,9.333333015441895,9.766666412353516,8.699999809265137,6.002717971801758
1980-03-26,315000,10.066666603088379,9.866666793823242,10.166666984558105,9.866666793823242,6.345728397369385
1980-03-25,315700,9.933333396911621,10.066666603088379,10.100000381469727,9.699999809265137,6.474353790283203
1980-03-24,256800,10.600000381469727,9.933333396911621,10.600000381469727,9.833333015441895,6.388606071472168
1980-03-21,229000,10.800000190734863,10.666666984558105,10.833333015441895,10.333333015441895,6.860250473022461
1980-03-20,607100,10.766666412353516,10.800000190734863,11.0,10.566666603088379,6.9460039138793945
1980-03-19,407900,10.533333778381348,10.766666412353516,10.833333015441895,10.333333015441895,6.924562454223633
1980-03-18,659200,10.266666412353516,10.533333778381348,10.533333778381348,9.5,6.774497985839844
1980-03-17,519300,9.966666221618652,10.266666412353516,10.399999618530273,9.966666221618652,6.602989196777344
