date,volume,open,close,high,low,adjclose
2019-02-15,118600,79.0999984741211,79.69000244140625,80.30000305175781,78.62999725341797,79.69000244140625
2019-02-14,106000,78.38999938964844,78.4800033569336,79.27999877929688,77.69999694824219,78.4800033569336
2019-02-13,102300,79.77999877929688,79.12000274658203,79.94000244140625,78.76000213623047,79.12000274658203
2019-02-12,99100,78.2699966430664,79.33999633789062,79.4800033569336,78.2699966430664,79.33999633789062
2019-02-11,130700,76.97000122070312,77.76000213623047,78.16000366210938,76.0199966430664,77.76000213623047
2019-02-08,131500,76.94000244140625,76.73999786376953,77.76000213623047,76.12000274658203,76.73999786376953
2019-02-07,102200,77.76000213623047,77.19000244140625,78.23999786376953,76.66000366210938,77.19000244140625
2019-02-06,60100,78.61000061035156,78.5199966430664,79.19000244140625,77.2699966430664,78.5199966430664
2019-02-05,121000,78.93000030517578,78.7699966430664,79.45999908447266,78.08999633789062,78.7699966430664
2019-02-04,83600,77.33000183105469,77.83000183105469,77.94000244140625,76.9000015258789,77.83000183105469
2019-02-01,140700,77.30000305175781,77.25,77.62000274658203,76.30999755859375,77.25
2019-01-31,131800,77.41000366210938,76.58000183105469,77.41000366210938,76.1500015258789,76.58000183105469
2019-01-30,83100,76.9800033569336,77.26000213623047,77.5199966430664,75.98999786376953,77.26000213623047
2019-01-29,82100,77.36000061035156,76.75,77.54000091552734,76.55000305175781,76.75
2019-01-28,88100,76.30000305175781,77.36000061035156,77.69999694824219,76.16999816894531,77.36000061035156
2019-01-25,130200,77.5199966430664,76.86000061035156,77.77999877929688,76.04000091552734,76.86000061035156
2019-01-24,95200,75.87000274658203,76.83000183105469,77.01000213623047,75.52999877929688,76.83000183105469
2019-01-23,135500,75.66999816894531,75.9800033569336,76.69999694824219,74.98999786376953,75.9800033569336
2019-01-22,175500,76.4000015258789,75.36000061035156,76.62000274658203,75.0,75.36000061035156
2019-01-18,100600,76.05999755859375,76.83000183105469,77.20999908447266,75.9800033569336,76.83000183105469
2019-01-17,179200,73.87999725341797,75.33000183105469,76.27999877929688,73.87999725341797,75.33000183105469
2019-01-16,113200,75.26000213623047,74.7300033569336,76.04000091552734,74.41000366210938,74.38999938964844
2019-01-15,138400,74.37999725341797,75.16000366210938,75.47000122070312,73.4800033569336,74.81804656982422
2019-01-14,111300,75.1500015258789,74.13999938964844,75.47000122070312,73.88999938964844,73.80268096923828
2019-01-11,136200,74.19000244140625,75.7699966430664,76.08000183105469,74.19000244140625,75.42526245117188
2019-01-10,110200,74.94000244140625,74.12999725341797,74.94000244140625,73.12999725341797,73.792724609375
2019-01-09,222100,77.72000122070312,76.47000122070312,78.25,75.98999786376953,76.12208557128906
2019-01-08,252200,75.91999816894531,77.16999816894531,77.2300033569336,74.58999633789062,76.81889343261719
2019-01-07,191400,73.5999984741211,74.61000061035156,75.5999984741211,73.5999984741211,74.27054595947266
2019-01-04,217500,71.5,73.62999725341797,74.12000274658203,69.68000030517578,73.29499816894531
2019-01-03,142200,72.18000030517578,70.7699966430664,72.58999633789062,70.5999984741211,70.44801330566406
2019-01-02,184200,70.12999725341797,72.5999984741211,73.69000244140625,69.62000274658203,72.26968383789062
2018-12-31,154600,71.08999633789062,71.04000091552734,71.66000366210938,70.27999877929688,70.71678924560547
2018-12-28,262100,70.5999984741211,70.76000213623047,71.22000122070312,68.69000244140625,70.43806457519531
2018-12-27,174200,67.44999694824219,69.58999633789062,69.62000274658203,66.79000091552734,69.27337646484375
2018-12-26,146100,65.62000274658203,68.48999786376953,68.55999755859375,65.05999755859375,68.17838287353516
2018-12-24,97500,64.98999786376953,65.12999725341797,66.63999938964844,64.0,64.83367156982422
2018-12-21,510700,66.9000015258789,65.30000305175781,67.63999938964844,64.9000015258789,65.0029067993164
2018-12-20,191600,67.75,66.66999816894531,68.33000183105469,65.58000183105469,66.36666870117188
2018-12-19,191100,70.02999877929688,68.02999877929688,70.31999969482422,67.68000030517578,67.7204818725586
2018-12-18,207500,69.88999938964844,69.06999969482422,71.31999969482422,69.0199966430664,68.75575256347656
2018-12-17,316700,69.44999694824219,69.4000015258789,71.51000213623047,68.63999938964844,69.0842514038086
2018-12-14,456600,66.2300033569336,69.56999969482422,71.62000274658203,66.05999755859375,69.25347137451172
2018-12-13,1514400,63.810001373291016,67.23999786376953,70.79000091552734,63.5,66.93407440185547
2018-12-12,275400,74.02999877929688,74.80999755859375,75.29000091552734,72.70999908447266,74.46963500976562
2018-12-11,138600,73.9000015258789,73.91999816894531,76.19000244140625,73.11000061035156,73.58367919921875
2018-12-10,238200,75.55000305175781,73.43000030517578,75.55000305175781,72.55999755859375,73.09590911865234
2018-12-07,207300,78.2300033569336,75.30000305175781,78.4800033569336,74.25,74.95740509033203
2018-12-06,137400,78.54000091552734,78.27999877929688,79.13999938964844,75.88999938964844,77.92384338378906
2018-12-04,193100,82.80999755859375,79.55000305175781,84.56999969482422,79.0,79.18807220458984
2018-12-03,162300,80.75,83.0,83.69999694824219,80.75,82.62236785888672
2018-11-30,215900,79.19000244140625,80.38999938964844,82.20999908447266,79.19000244140625,80.02424621582031
2018-11-29,127800,79.22000122070312,79.2699966430664,81.16000366210938,77.05000305175781,78.90933990478516
2018-11-28,262100,79.33999633789062,79.5199966430664,80.2699966430664,77.8499984741211,79.158203125
2018-11-27,163700,80.80000305175781,79.12000274658203,81.20999908447266,78.55999755859375,78.76002502441406
2018-11-26,162100,81.05999755859375,81.41999816894531,81.95999908447266,80.33000183105469,81.049560546875
2018-11-23,82800,79.79000091552734,80.13999938964844,81.54000091552734,79.43000030517578,79.77538299560547
2018-11-21,327200,84.47000122070312,80.08000183105469,84.5,79.66000366210938,79.71566009521484
2018-11-20,165800,85.58999633789062,84.76000213623047,87.95999908447266,83.80000305175781,84.3743667602539
2018-11-19,118800,89.4800033569336,87.83999633789062,90.0,86.9800033569336,87.44034576416016
2018-11-16,175700,88.33000183105469,89.47000122070312,90.73999786376953,87.48999786376953,89.06293487548828
2018-11-15,87800,87.76000213623047,88.98999786376953,89.0199966430664,84.7699966430664,88.58511352539062
2018-11-14,98800,88.87000274658203,88.41999816894531,90.6500015258789,87.70999908447266,88.01770782470703
2018-11-13,148700,89.6500015258789,87.97000122070312,90.77999877929688,87.33999633789062,87.56976318359375
2018-11-12,160300,90.18000030517578,89.3499984741211,90.80999755859375,89.11000061035156,88.9434814453125
2018-11-09,109200,92.0999984741211,90.16999816894531,92.44999694824219,89.80999755859375,89.75975036621094
2018-11-08,101600,91.05999755859375,92.47000122070312,92.4800033569336,90.16999816894531,92.04928588867188
2018-11-07,118100,90.31999969482422,91.19000244140625,91.31999969482422,88.5199966430664,90.77510833740234
2018-11-06,168100,90.83000183105469,90.13999938964844,91.36000061035156,89.5999984741211,89.72988891601562
2018-11-05,127100,92.3499984741211,90.9800033569336,93.41999816894531,90.68000030517578,90.56607055664062
2018-11-02,170800,92.41000366210938,91.94999694824219,93.5199966430664,90.97000122070312,91.53164672851562
2018-11-01,112900,89.22000122070312,91.56999969482422,92.41000366210938,89.08000183105469,91.15338134765625
2018-10-31,111100,90.95999908447266,88.9800033569336,91.18000030517578,88.95999908447266,88.57516479492188
2018-10-30,100800,86.52999877929688,89.76000213623047,90.06999969482422,86.52999877929688,89.35161590576172
2018-10-29,96100,86.48999786376953,86.41999816894531,88.7699966430664,85.41000366210938,86.02680969238281
2018-10-26,160600,84.33999633789062,85.44999694824219,86.5999984741211,83.37000274658203,85.06121826171875
2018-10-25,156100,84.41000366210938,85.06999969482422,85.19999694824219,83.79000091552734,84.68295288085938
2018-10-24,191900,83.11000061035156,83.76000213623047,86.1500015258789,83.0999984741211,83.37891387939453
2018-10-23,89300,81.5199966430664,83.01000213623047,83.22000122070312,80.81999969482422,82.63233184814453
2018-10-22,75300,81.4800033569336,82.41999816894531,82.6500015258789,80.87000274658203,82.04500579833984
2018-10-19,206900,83.05000305175781,81.30000305175781,83.30000305175781,80.98999786376953,80.93010711669922
2018-10-18,117800,82.19999694824219,83.0,83.25,82.02999877929688,82.62236785888672
2018-10-17,99600,82.86000061035156,83.08000183105469,83.29000091552734,81.33000183105469,82.36355590820312
2018-10-16,87600,80.97000122070312,83.0,83.19000244140625,79.97000122070312,82.28424072265625
2018-10-15,95100,79.52999877929688,80.2699966430664,81.05000305175781,79.3499984741211,79.5777816772461
2018-10-12,101800,80.63999938964844,79.73999786376953,81.73999786376953,79.22000122070312,79.05236053466797
2018-10-11,189600,78.88999938964844,79.20999908447266,80.98999786376953,78.55999755859375,78.52693176269531
2018-10-10,181700,82.5,79.19000244140625,82.5,79.0,78.5071029663086
2018-10-09,132300,83.93000030517578,82.83000183105469,84.37999725341797,82.4000015258789,82.11571502685547
2018-10-08,132000,83.97000122070312,84.01000213623047,84.72000122070312,83.12000274658203,83.28553771972656
2018-10-05,84000,85.5199966430664,84.20999908447266,85.61000061035156,83.11000061035156,83.48381042480469
2018-10-04,111800,85.4000015258789,85.51000213623047,86.63999938964844,84.93000030517578,84.7726058959961
2018-10-03,72500,86.44999694824219,86.16999816894531,87.2699966430664,85.88999938964844,85.4269027709961
2018-10-02,99300,89.62000274658203,86.16999816894531,89.62000274658203,85.93000030517578,85.4269027709961
2018-10-01,120100,90.33000183105469,89.62999725341797,90.7699966430664,89.19999694824219,88.85707092285156
2018-09-28,107000,89.26000213623047,90.19999694824219,91.2699966430664,89.26000213623047,89.42214965820312
2018-09-27,56000,89.20999908447266,89.58999633789062,90.45999908447266,89.20999908447266,88.81741333007812
2018-09-26,96800,88.05000305175781,89.08000183105469,90.08000183105469,87.08000183105469,88.31181335449219
2018-09-25,69000,88.16000366210938,88.02999877929688,88.43000030517578,87.44999694824219,87.27086639404297
2018-09-24,103400,89.58000183105469,87.91000366210938,89.58000183105469,87.02999877929688,87.15190124511719
2018-09-21,210300,89.52999877929688,89.58000183105469,90.5999984741211,89.26000213623047,88.80750274658203
2018-09-20,107000,88.05999755859375,89.4000015258789,89.51000213623047,87.19999694824219,88.6290512084961
2018-09-19,126700,89.75,87.72000122070312,89.75,86.87999725341797,86.96354675292969
2018-09-18,119300,91.8499984741211,89.94999694824219,92.0,89.80999755859375,89.17430877685547
2018-09-17,194700,90.05000305175781,91.61000061035156,91.87999725341797,89.20999908447266,90.81999206542969
2018-09-14,140200,89.55000305175781,89.58999633789062,91.37999725341797,89.0,88.81741333007812
2018-09-13,445500,88.0,89.79000091552734,92.72000122070312,84.75,89.01568603515625
2018-09-12,305100,90.80000305175781,90.26000213623047,91.88999938964844,89.54000091552734,89.48163604736328
2018-09-11,185400,89.7300033569336,90.9000015258789,91.18000030517578,88.58999633789062,90.11611938476562
2018-09-10,122500,88.91999816894531,89.83000183105469,90.9000015258789,88.91999816894531,89.05534362792969
2018-09-07,117800,90.80000305175781,89.05999755859375,91.37000274658203,88.73999786376953,88.29198455810547
2018-09-06,58500,91.7300033569336,90.93000030517578,92.79000091552734,90.8499984741211,90.1458511352539
2018-09-05,77500,92.8499984741211,91.47000122070312,92.8499984741211,90.19000244140625,90.68119812011719
2018-09-04,66500,93.12000274658203,93.04000091552734,93.33000183105469,91.70999908447266,92.23766326904297
2018-08-31,70800,91.6500015258789,93.08999633789062,93.2300033569336,90.9800033569336,92.28722381591797
2018-08-30,74700,93.45999908447266,91.80999755859375,93.98999786376953,91.70999908447266,91.01827239990234
2018-08-29,117000,94.27999877929688,93.55000305175781,94.27999877929688,92.26000213623047,92.74327087402344
2018-08-28,45700,93.0999984741211,94.37999725341797,94.4800033569336,92.62000274658203,93.56610107421875
2018-08-27,67500,93.80000305175781,93.08999633789062,93.95999908447266,92.62999725341797,92.28722381591797
2018-08-24,69700,94.19999694824219,93.31999969482422,94.30000305175781,92.91999816894531,92.51524353027344
2018-08-23,62000,94.80000305175781,94.1500015258789,95.4000015258789,93.55000305175781,93.33808898925781
2018-08-22,95200,95.0,94.83000183105469,96.05000305175781,94.58000183105469,94.0122299194336
2018-08-21,110400,94.58999633789062,95.25,95.51000213623047,93.75,94.42860412597656
2018-08-20,121400,94.11000061035156,94.23999786376953,94.33999633789062,93.16000366210938,93.42731475830078
2018-08-17,86000,93.25,93.87999725341797,94.16000366210938,92.4800033569336,93.0704116821289
2018-08-16,50700,94.55000305175781,93.04000091552734,94.62000274658203,92.95999908447266,92.23766326904297
2018-08-15,114600,95.61000061035156,94.25,95.73999786376953,93.66000366210938,93.4372329711914
2018-08-14,120900,94.62999725341797,96.11000061035156,96.3499984741211,94.51000213623047,95.28118896484375
2018-08-13,79500,95.0199966430664,94.16000366210938,95.19999694824219,93.75,93.34800720214844
2018-08-10,58900,93.91999816894531,94.79000091552734,95.86000061035156,93.41000366210938,93.97257232666016
2018-08-09,87400,92.86000061035156,94.69000244140625,95.25,92.86000061035156,93.8734359741211
2018-08-08,65600,92.44000244140625,92.80000305175781,93.41999816894531,91.75,91.9997329711914
2018-08-07,120600,92.41000366210938,92.26000213623047,92.80000305175781,91.1500015258789,91.46438598632812
2018-08-06,87000,91.41999816894531,92.1500015258789,92.26000213623047,91.04000091552734,91.35533905029297
2018-08-03,93500,92.9000015258789,91.29000091552734,93.16999816894531,90.52999877929688,90.50275421142578
2018-08-02,74200,90.3499984741211,92.70999908447266,92.80000305175781,90.27999877929688,91.91050720214844
2018-08-01,65200,92.18000030517578,90.76000213623047,92.18000030517578,90.5,89.97732543945312
2018-07-31,89500,91.9800033569336,92.12000274658203,92.6500015258789,91.08000183105469,91.32559967041016
2018-07-30,81100,92.13999938964844,91.38999938964844,92.58000183105469,90.70999908447266,90.60189056396484
2018-07-27,172700,95.5999984741211,92.13999938964844,96.08000183105469,91.44999694824219,91.34542083740234
2018-07-26,189600,94.73999786376953,95.63999938964844,97.19000244140625,94.73999786376953,94.81524658203125
2018-07-25,114100,92.33000183105469,94.72000122070312,94.83999633789062,92.06999969482422,93.9031753540039
2018-07-24,134800,93.0,92.56999969482422,93.20999908447266,91.58000183105469,91.77171325683594
2018-07-23,205700,92.80999755859375,92.5,93.25,91.62000274658203,91.70231628417969
2018-07-20,178500,92.66000366210938,93.0,93.25,92.2300033569336,92.19800567626953
2018-07-19,124400,90.58999633789062,92.7300033569336,92.80999755859375,90.58999633789062,91.93033599853516
2018-07-18,105100,90.05000305175781,91.20999908447266,91.22000122070312,89.36000061035156,90.08637237548828
2018-07-17,234200,88.68000030517578,90.25,90.5,88.68000030517578,89.13819885253906
2018-07-16,193300,87.3499984741211,88.76000213623047,89.22000122070312,86.63999938964844,87.66656494140625
2018-07-13,125300,85.30999755859375,87.20999908447266,87.47000122070312,85.30999755859375,86.13565063476562
2018-07-12,215600,85.62999725341797,85.4800033569336,85.81999969482422,83.70999908447266,84.42697143554688
2018-07-11,117100,85.6500015258789,84.91999816894531,85.8499984741211,84.37999725341797,83.87385559082031
2018-07-10,106100,85.93000030517578,85.80000305175781,86.43000030517578,85.27999877929688,84.74302673339844
2018-07-09,77700,85.30999755859375,85.5999984741211,85.87000274658203,84.44000244140625,84.54548645019531
2018-07-06,127700,84.12000274658203,85.11000061035156,85.25,83.55000305175781,84.0615234375
2018-07-05,158700,84.23999786376953,84.12999725341797,84.30000305175781,82.7300033569336,83.09359741210938
2018-07-03,90700,83.66999816894531,83.75,84.5,82.81999969482422,82.71826934814453
2018-07-02,85300,82.73999786376953,83.44000244140625,83.47000122070312,82.01000213623047,82.41209411621094
2018-06-29,166400,83.9800033569336,82.9800033569336,84.47000122070312,82.51000213623047,81.957763671875
2018-06-28,143900,83.11000061035156,83.27999877929688,83.9800033569336,82.86000061035156,82.25405883789062
2018-06-27,224200,85.13999938964844,83.19000244140625,86.0,83.19000244140625,82.16517639160156
2018-06-26,141400,82.9000015258789,84.91000366210938,85.08999633789062,82.75,83.86398315429688
2018-06-25,152000,83.66000366210938,82.80999755859375,84.13999938964844,82.27999877929688,81.78985595703125
2018-06-22,334400,84.87000274658203,83.80000305175781,84.87000274658203,83.41000366210938,82.76765441894531
2018-06-21,128800,83.97000122070312,84.3499984741211,85.16999816894531,83.73999786376953,83.31088256835938
2018-06-20,166400,82.79000091552734,83.69000244140625,84.06999969482422,81.27999877929688,82.65901947021484
2018-06-19,193800,83.02999877929688,82.4800033569336,83.16000366210938,80.9000015258789,81.46392822265625
2018-06-18,162300,83.0999984741211,83.58000183105469,84.51000213623047,83.0999984741211,82.55037689208984
2018-06-15,531000,84.98999786376953,83.41999816894531,85.0,82.05999755859375,82.39234161376953
2018-06-14,380600,88.13999938964844,85.58000183105469,88.5199966430664,85.45999908447266,84.5257339477539
2018-06-13,799800,88.0,88.1500015258789,91.19999694824219,86.56999969482422,87.0640640258789
2018-06-12,399800,90.0999984741211,92.51000213623047,93.43000030517578,89.76000213623047,91.370361328125
2018-06-11,206300,91.05000305175781,90.06999969482422,91.91000366210938,89.68000030517578,88.96041870117188
2018-06-08,140800,91.26000213623047,91.19000244140625,91.66000366210938,90.47000122070312,90.06661987304688
2018-06-07,260300,91.87999725341797,91.5,93.47000122070312,91.25,90.372802734375
2018-06-06,172100,90.30000305175781,90.08000183105469,90.62999725341797,89.0,88.97029876708984
2018-06-05,202600,87.37000274658203,90.4000015258789,90.45999908447266,86.94999694824219,89.2863540649414
2018-06-04,145300,85.72000122070312,87.19999694824219,87.3499984741211,85.3499984741211,86.12577056884766
2018-06-01,149900,83.27999877929688,85.06999969482422,85.11000061035156,83.12000274658203,84.02201080322266
2018-05-31,91300,83.41000366210938,82.5199966430664,83.5,82.29000091552734,81.50342559814453
2018-05-30,152900,82.95999908447266,83.1500015258789,83.93000030517578,82.88999938964844,82.12566375732422
2018-05-29,175700,81.69000244140625,82.45999908447266,83.18000030517578,81.69000244140625,81.44416046142578
2018-05-25,200500,81.44999694824219,82.33000183105469,83.36000061035156,81.19999694824219,81.31576538085938
2018-05-24,168400,79.9000015258789,81.5,81.55999755859375,78.80000305175781,80.4959945678711
2018-05-23,147400,78.16000366210938,80.05000305175781,80.20999908447266,78.16000366210938,79.06385803222656
2018-05-22,60800,79.66000366210938,78.5199966430664,80.73999786376953,78.37000274658203,77.55269622802734
2018-05-21,89100,79.0,79.47000122070312,79.87999725341797,78.94999694824219,78.49100494384766
2018-05-18,134700,79.93000030517578,79.01000213623047,80.29000091552734,78.80000305175781,78.03667449951172
2018-05-17,81900,80.55000305175781,80.02999877929688,81.13999938964844,79.62999725341797,79.04410552978516
2018-05-16,108300,78.88999938964844,80.55999755859375,81.37000274658203,78.80999755859375,79.56757354736328
2018-05-15,136000,78.23999786376953,78.62999725341797,79.69000244140625,77.30000305175781,77.66134643554688
2018-05-14,53500,78.75,78.48999786376953,79.44000244140625,78.31999969482422,77.5230712890625
2018-05-11,42400,78.41000366210938,78.70999908447266,79.68000030517578,78.41000366210938,77.74036407470703
2018-05-10,83200,79.30000305175781,78.45999908447266,79.4800033569336,77.86000061035156,77.49343872070312
2018-05-09,172100,78.22000122070312,79.41999816894531,79.87999725341797,77.6500015258789,78.44161224365234
2018-05-08,92400,76.77999877929688,78.08000183105469,78.33000183105469,76.77999877929688,77.11811828613281
2018-05-07,70400,76.45999908447266,76.79000091552734,76.9800033569336,75.62999725341797,75.84402465820312
2018-05-04,86400,74.3499984741211,76.01000213623047,76.33000183105469,73.66999816894531,75.0736312866211
2018-05-03,79200,75.30999755859375,74.68000030517578,75.30999755859375,74.0,73.760009765625
2018-05-02,58900,75.68000030517578,75.62000274658203,76.19000244140625,75.16000366210938,74.68843078613281
2018-05-01,91100,77.05999755859375,75.87999725341797,78.55000305175781,74.61000061035156,74.94522094726562
2018-04-30,120700,77.9000015258789,77.04000091552734,78.75,76.75,76.0909423828125
2018-04-27,69900,77.61000061035156,77.80000305175781,79.1500015258789,77.19000244140625,76.84156799316406
2018-04-26,72400,76.29000091552734,77.69000244140625,78.05999755859375,75.43000030517578,76.7329330444336
2018-04-25,65100,76.5999984741211,76.26000213623047,77.29000091552734,76.06999969482422,75.32054901123047
2018-04-24,58800,76.76000213623047,76.72000122070312,77.43000030517578,76.01000213623047,75.77488708496094
2018-04-23,72500,76.54000091552734,76.5199966430664,77.9000015258789,76.2699966430664,75.57733917236328
2018-04-20,91100,76.5999984741211,76.25,77.0,75.97000122070312,75.3106689453125
2018-04-19,69800,77.66999816894531,76.94000244140625,77.76000213623047,75.63999938964844,75.99217224121094
2018-04-18,97300,78.5,78.16999816894531,79.41999816894531,78.0999984741211,76.87120819091797
2018-04-17,79300,78.4800033569336,78.0999984741211,78.4800033569336,77.4000015258789,76.8023681640625
2018-04-16,229500,77.5,77.86000061035156,78.16000366210938,76.44000244140625,76.56636047363281
2018-04-13,120500,78.45999908447266,77.0199966430664,78.45999908447266,76.86000061035156,75.74031066894531
2018-04-12,129600,77.94999694824219,78.05999755859375,78.62000274658203,77.58000183105469,76.76303100585938
2018-04-11,131700,76.11000061035156,77.7300033569336,77.95999908447266,76.11000061035156,76.43851470947266
2018-04-10,96900,74.97000122070312,76.43000030517578,76.5,73.97000122070312,75.16011047363281
2018-04-09,131700,75.94999694824219,73.93000030517578,75.94999694824219,73.30000305175781,72.70165252685547
2018-04-06,195700,76.06999969482422,75.44999694824219,77.4800033569336,74.25,74.19639587402344
2018-04-05,255300,76.2300033569336,76.61000061035156,78.01000213623047,76.2300033569336,75.33712768554688
2018-04-04,226500,73.12000274658203,75.58999633789062,75.91000366210938,73.12000274658203,74.33406829833984
2018-04-03,149200,73.0999984741211,74.61000061035156,74.66000366210938,73.0999984741211,73.370361328125
2018-04-02,192800,73.91999816894531,72.70999908447266,73.91999816894531,72.01000213623047,71.50192260742188
2018-03-29,356300,74.5,74.55999755859375,76.87000274658203,72.05000305175781,73.32118225097656
2018-03-28,220200,77.05000305175781,75.5,78.33000183105469,75.43000030517578,74.24557495117188
2018-03-27,152400,80.16000366210938,76.9000015258789,80.29000091552734,76.45999908447266,75.62230682373047
2018-03-26,159200,77.58000183105469,79.5199966430664,79.58000183105469,76.97000122070312,78.19876861572266
2018-03-23,138800,78.66999816894531,76.38999938964844,79.02999877929688,76.31999969482422,75.12078094482422
2018-03-22,142900,79.73999786376953,78.41000366210938,80.77999877929688,78.31999969482422,77.10722351074219
2018-03-21,62000,79.41000366210938,80.47000122070312,81.45999908447266,79.36000061035156,79.13298797607422
2018-03-20,104400,79.5199966430664,79.4800033569336,80.2699966430664,78.83000183105469,78.1594467163086
2018-03-19,58700,80.1500015258789,79.52999877929688,80.37999725341797,78.54000091552734,78.20861053466797
2018-03-16,213000,79.52999877929688,80.5,80.5199966430664,79.13999938964844,79.16248321533203
2018-03-15,76400,80.04000091552734,79.5199966430664,81.5,79.01000213623047,78.19876861572266
2018-03-14,90700,80.55000305175781,79.68000030517578,80.94999694824219,78.9800033569336,78.35612487792969
2018-03-13,56800,80.94999694824219,80.25,81.58000183105469,80.19999694824219,78.9166488647461
2018-03-12,139900,82.05000305175781,80.68000030517578,82.36000061035156,79.7699966430664,79.3395004272461
2018-03-09,99400,82.4800033569336,82.04000091552734,82.4800033569336,81.26000213623047,80.67691040039062
2018-03-08,89200,82.91000366210938,81.83000183105469,82.91000366210938,80.83000183105469,80.47039031982422
2018-03-07,99600,82.97000122070312,82.51000213623047,83.83000183105469,82.41999816894531,81.13910675048828
2018-03-06,101200,82.75,83.54000091552734,83.75,81.36000061035156,82.1519775390625
2018-03-05,87500,81.58999633789062,82.45999908447266,83.2300033569336,81.05000305175781,81.08992004394531
2018-03-02,70400,79.69999694824219,81.94999694824219,82.16000366210938,78.31999969482422,80.58839416503906
2018-03-01,97100,79.83999633789062,80.41000366210938,81.43000030517578,78.18000030517578,79.07398986816406
2018-02-28,127200,81.62000274658203,79.91999816894531,82.75,79.91999816894531,78.59211730957031
2018-02-27,94200,83.26000213623047,81.37999725341797,83.5199966430664,81.37000274658203,80.02787017822266
2018-02-26,92500,81.36000061035156,82.86000061035156,83.1500015258789,80.8499984741211,81.48328399658203
2018-02-23,58000,81.05000305175781,80.95999908447266,81.19999694824219,80.05000305175781,79.61485290527344
2018-02-22,115000,81.51000213623047,80.48999786376953,81.69999694824219,79.37999725341797,79.15265655517578
2018-02-21,98900,79.66999816894531,81.33000183105469,82.55000305175781,79.66999816894531,79.97870635986328
2018-02-20,102100,78.68000030517578,79.33999633789062,80.19000244140625,77.76000213623047,78.02176666259766
2018-02-16,86300,79.52999877929688,79.37000274658203,80.16999816894531,78.91000366210938,78.05127716064453
2018-02-15,80200,80.41999816894531,79.87000274658203,80.44999694824219,78.37999725341797,78.54296875
2018-02-14,58800,78.05000305175781,79.94000244140625,80.22000122070312,77.4000015258789,78.61180114746094
2018-02-13,69800,78.70999908447266,78.37999725341797,79.73999786376953,77.94000244140625,77.07771301269531
2018-02-12,94500,78.0,79.08999633789062,79.33999633789062,76.69000244140625,77.77590942382812
2018-02-09,109600,77.29000091552734,77.80000305175781,78.97000122070312,75.13999938964844,76.50735473632812
2018-02-08,112900,79.83000183105469,76.5199966430664,80.37000274658203,76.43000030517578,75.24861907958984
2018-02-07,96900,77.62999725341797,79.91000366210938,81.23999786376953,77.62999725341797,78.5822982788086
2018-02-06,169000,75.16999816894531,77.58000183105469,78.58999633789062,74.61000061035156,76.29100799560547
2018-02-05,83400,78.81999969482422,76.58999633789062,79.19999694824219,76.47000122070312,75.31745147705078
2018-02-02,174800,79.08000183105469,79.19999694824219,79.83000183105469,78.97000122070312,77.88409423828125
2018-02-01,160100,77.9800033569336,79.26000213623047,79.29000091552734,77.2699966430664,77.94309997558594
2018-01-31,126000,80.94999694824219,78.80000305175781,80.94999694824219,78.55000305175781,77.4907455444336
2018-01-30,80800,81.11000061035156,80.86000061035156,81.94000244140625,80.68000030517578,79.51651763916016
2018-01-29,188300,84.08000183105469,81.68000030517578,84.27999877929688,81.56999969482422,80.32289123535156
2018-01-26,108900,84.1500015258789,84.19999694824219,84.31999969482422,82.8499984741211,82.801025390625
2018-01-25,123100,82.83999633789062,83.91999816894531,84.0,81.1500015258789,82.52566528320312
2018-01-24,95700,82.95999908447266,82.44000244140625,83.5199966430664,82.08999633789062,81.07025909423828
2018-01-23,81200,82.05000305175781,82.93000030517578,83.19999694824219,81.80000305175781,81.55211639404297
2018-01-22,76800,83.83000183105469,82.37000274658203,83.83000183105469,81.80999755859375,81.00142669677734
2018-01-19,120500,80.4000015258789,83.63999938964844,83.83000183105469,80.4000015258789,82.25032043457031
2018-01-18,71500,81.05000305175781,80.5999984741211,82.12999725341797,80.44000244140625,79.26083374023438
2018-01-17,144800,82.37000274658203,81.16000366210938,82.38999938964844,80.66000366210938,79.5460205078125
2018-01-16,121900,83.05000305175781,81.5999984741211,84.06999969482422,81.54000091552734,79.97725677490234
2018-01-12,94100,82.6500015258789,82.27999877929688,82.9000015258789,81.7699966430664,80.64373016357422
2018-01-11,165100,81.44000244140625,82.16999816894531,82.30000305175781,80.56999969482422,80.53592681884766
2018-01-10,116600,78.94000244140625,81.2300033569336,81.23999786376953,77.0999984741211,79.6146240234375
2018-01-09,102800,79.9000015258789,78.58999633789062,80.0,77.91999816894531,77.02711486816406
2018-01-08,150600,80.05000305175781,79.25,81.36000061035156,79.06999969482422,77.67398834228516
2018-01-05,180900,79.6500015258789,80.01000213623047,80.58000183105469,79.19000244140625,78.41888427734375
2018-01-04,145500,78.66000366210938,79.41000366210938,79.44000244140625,76.8499984741211,77.83082580566406
2018-01-03,147000,77.25,76.30999755859375,77.37000274658203,75.91000366210938,74.79244995117188
2018-01-02,242600,75.6500015258789,77.3499984741211,77.3499984741211,75.29000091552734,75.81177520751953
2017-12-29,62200,76.04000091552734,75.19000244140625,76.08999633789062,75.16000366210938,73.69474029541016
2017-12-28,55100,75.9000015258789,75.83000183105469,76.47000122070312,75.72000122070312,74.32201385498047
2017-12-27,55600,75.44999694824219,75.72000122070312,76.1500015258789,75.30000305175781,74.21419525146484
2017-12-26,53200,74.80999755859375,75.33000183105469,75.63999938964844,74.75,73.83194732666016
2017-12-22,281600,74.88999938964844,74.69999694824219,75.08000183105469,73.54000091552734,73.21446990966797
2017-12-21,78600,73.20999908447266,74.12999725341797,74.2300033569336,72.83000183105469,72.65581512451172
2017-12-20,110500,71.83000183105469,73.02999877929688,73.2300033569336,71.33999633789062,71.57768249511719
2017-12-19,141500,72.6500015258789,72.4800033569336,73.1500015258789,71.79000091552734,71.03862762451172
2017-12-18,166900,72.6500015258789,72.69000244140625,73.19000244140625,72.25,71.24446105957031
2017-12-15,387800,70.41000366210938,72.27999877929688,72.94999694824219,70.11000061035156,70.84260559082031
2017-12-14,159400,70.94999694824219,70.33999633789062,71.68000030517578,70.02999877929688,68.9411849975586
2017-12-13,116900,69.73999786376953,70.76000213623047,71.7699966430664,69.55000305175781,69.35282897949219
2017-12-12,97900,70.79000091552734,69.95999908447266,70.91999816894531,69.62999725341797,68.56874084472656
2017-12-11,120100,71.36000061035156,70.58999633789062,71.36000061035156,70.3499984741211,69.18620300292969
2017-12-08,153700,72.61000061035156,70.9800033569336,72.9000015258789,70.88999938964844,69.5684585571289
2017-12-07,409500,72.5,72.58000183105469,72.91999816894531,71.93000030517578,71.13664245605469
2017-12-06,515400,69.2699966430664,72.05000305175781,73.62000274658203,69.08000183105469,70.61717987060547
2017-12-05,140300,66.68000030517578,66.18000030517578,67.75,65.1500015258789,64.8639144897461
2017-12-04,136100,66.44999694824219,66.45999908447266,68.23999786376953,65.91999816894531,65.13833618164062
2017-12-01,198700,66.97000122070312,66.02999877929688,67.0,63.810001373291016,64.7168960571289
2017-11-30,198300,70.0999984741211,69.0,70.88999938964844,67.9800033569336,67.62783813476562
2017-11-29,161100,66.44999694824219,69.8499984741211,70.30000305175781,66.20999908447266,68.46092224121094
2017-11-28,104600,64.91000366210938,66.33000183105469,66.58999633789062,64.70999908447266,65.01092529296875
2017-11-27,88600,65.44999694824219,64.80999755859375,66.16000366210938,64.5999984741211,63.52116394042969
2017-11-24,35000,65.63999938964844,65.11000061035156,65.63999938964844,64.76000213623047,63.815189361572266
2017-11-22,66200,65.5199966430664,65.48999786376953,66.75,65.43000030517578,64.18762969970703
2017-11-21,72200,65.94999694824219,65.5,66.18000030517578,65.16999816894531,64.19743347167969
2017-11-20,85900,65.6500015258789,66.04000091552734,66.08000183105469,65.22000122070312,64.72669219970703
2017-11-17,66400,64.4000015258789,65.3499984741211,65.5,64.3499984741211,64.0504150390625
2017-11-16,122200,63.130001068115234,64.41000366210938,64.5199966430664,62.97999954223633,63.12911605834961
2017-11-15,66000,62.7599983215332,63.209999084472656,63.5,62.599998474121094,61.952972412109375
2017-11-14,67000,63.04999923706055,63.060001373291016,63.310001373291016,62.52000045776367,61.80595779418945
2017-11-13,65800,63.380001068115234,63.22999954223633,64.19000244140625,62.95000076293945,61.97257995605469
2017-11-10,99400,61.7400016784668,63.560001373291016,64.0,61.7400016784668,62.29601287841797
2017-11-09,81400,61.130001068115234,61.529998779296875,61.93000030517578,60.41999816894531,60.3063850402832
2017-11-08,91000,62.16999816894531,61.459999084472656,62.189998626708984,60.599998474121094,60.23777389526367
2017-11-07,359800,63.08000183105469,62.16999816894531,63.70000076293945,61.119998931884766,60.93365478515625
2017-11-06,90600,62.95000076293945,63.0099983215332,63.869998931884766,62.61000061035156,61.75695037841797
2017-11-03,92800,63.54999923706055,62.70000076293945,63.90999984741211,62.560001373291016,61.4531135559082
2017-11-02,78500,64.33000183105469,63.59000015258789,64.83000183105469,62.93000030517578,62.325416564941406
2017-11-01,82000,64.86000061035156,64.04000091552734,65.01000213623047,63.22999954223633,62.7664680480957
2017-10-31,107600,64.30999755859375,64.5999984741211,64.98999786376953,63.70000076293945,63.31532287597656
2017-10-30,73300,65.20999908447266,64.58999633789062,65.20999908447266,63.880001068115234,63.30552673339844
2017-10-27,72100,65.37000274658203,65.22000122070312,65.56999969482422,64.29000091552734,63.92300796508789
2017-10-26,69900,65.66000366210938,65.43000030517578,66.02999877929688,65.25,64.12882995605469
2017-10-25,78300,65.45999908447266,65.48999786376953,66.02999877929688,64.5,64.18762969970703
2017-10-24,84700,65.4800033569336,65.66999816894531,65.94000244140625,65.05999755859375,64.36405181884766
2017-10-23,83500,65.05999755859375,65.23999786376953,65.87999725341797,64.16000366210938,63.942596435546875
2017-10-20,208600,65.55999755859375,64.95999908447266,66.25,64.52999877929688,63.66816711425781
2017-10-19,122400,64.77999877929688,64.94000244140625,65.20999908447266,63.779998779296875,63.64856719970703
2017-10-18,116700,64.33000183105469,64.9800033569336,65.20999908447266,64.0,63.687782287597656
2017-10-17,71600,63.209999084472656,63.77000045776367,64.36000061035156,63.209999084472656,62.5018424987793
2017-10-16,177600,63.459999084472656,63.02000045776367,64.04000091552734,62.849998474121094,61.76675796508789
2017-10-13,207500,63.650001525878906,63.630001068115234,64.4800033569336,63.209999084472656,62.364627838134766
2017-10-12,108600,63.08000183105469,63.220001220703125,63.33000183105469,61.810001373291016,61.962772369384766
2017-10-11,93600,63.70000076293945,63.290000915527344,63.97999954223633,62.959999084472656,61.766754150390625
2017-10-10,105800,63.09000015258789,63.779998779296875,64.16000366210938,62.7599983215332,62.244956970214844
2017-10-09,119100,64.4000015258789,62.959999084472656,64.4000015258789,62.84000015258789,61.4446907043457
2017-10-06,153400,64.7699966430664,64.4000015258789,64.80000305175781,64.0,62.850040435791016
2017-10-05,160400,65.33999633789062,64.88999938964844,65.83000183105469,63.95000076293945,63.32823944091797
2017-10-04,254100,65.4000015258789,65.43000030517578,65.88999938964844,65.08999633789062,63.85525131225586
2017-10-03,142600,64.88999938964844,65.2699966430664,65.29000091552734,64.20999908447266,63.6990966796875
2017-10-02,210000,63.619998931884766,64.83999633789062,64.9000015258789,63.09000015258789,63.27945327758789
2017-09-29,94800,62.970001220703125,63.540000915527344,63.90999984741211,62.970001220703125,62.0107421875
2017-09-28,123400,63.79999923706055,62.959999084472656,64.48999786376953,62.38999938964844,61.4446907043457
2017-09-27,153400,61.40999984741211,63.869998931884766,63.939998626708984,61.11000061035156,62.33279037475586
2017-09-26,158000,61.25,61.380001068115234,61.79999923706055,60.720001220703125,59.9027214050293
2017-09-25,237800,59.90999984741211,61.130001068115234,62.099998474121094,59.90999984741211,59.65874099731445
2017-09-22,142600,59.56999969482422,60.15999984741211,60.20000076293945,59.52000045776367,58.71208572387695
2017-09-21,87600,60.18000030517578,59.7400016784668,60.349998474121094,59.38999938964844,58.30220031738281
2017-09-20,282800,59.709999084472656,60.119998931884766,60.79999923706055,59.709999084472656,58.67304611206055
2017-09-19,187200,59.54999923706055,60.04999923706055,60.09000015258789,59.45000076293945,58.60472869873047
2017-09-18,117400,60.279998779296875,59.68000030517578,60.5,59.22999954223633,58.24363708496094
2017-09-15,442100,59.95000076293945,60.31999969482422,60.5,58.97999954223633,58.86823272705078
2017-09-14,144200,60.630001068115234,59.61000061035156,60.709999084472656,58.90999984741211,58.17531967163086
2017-09-13,137800,59.900001525878906,60.75,60.77000045776367,59.650001525878906,59.28788375854492
2017-09-12,267500,60.2599983215332,59.650001525878906,60.38999938964844,59.400001525878906,58.21436309814453
2017-09-11,167200,60.599998474121094,60.20000076293945,61.209999084472656,60.04999923706055,58.751121520996094
2017-09-08,217900,62.560001373291016,60.2599983215332,63.2599983215332,59.810001373291016,58.8096809387207
2017-09-07,117700,65.06999969482422,64.20999908447266,65.06999969482422,64.0,62.664608001708984
2017-09-06,270600,63.77000045776367,64.76000213623047,65.0999984741211,63.77000045776367,63.20137405395508
2017-09-05,281400,62.75,63.61000061035156,63.90999984741211,62.689998626708984,62.07905578613281
2017-09-01,699200,58.70000076293945,62.72999954223633,64.0,58.150001525878906,61.22023010253906
2017-08-31,290000,58.65999984741211,57.810001373291016,59.20000076293945,57.540000915527344,56.418643951416016
2017-08-30,251200,59.68000030517578,58.439998626708984,59.959999084472656,58.41999816894531,57.03348159790039
2017-08-29,105400,59.650001525878906,59.689998626708984,59.97999954223633,59.02000045776367,58.25339126586914
2017-08-28,136800,60.11000061035156,59.86000061035156,60.439998626708984,59.459999084472656,58.41930389404297
2017-08-25,150300,58.34000015258789,60.029998779296875,60.27000045776367,57.79999923706055,58.58521270751953
2017-08-24,202600,58.5,58.20000076293945,59.08000183105469,57.869998931884766,56.79926300048828
2017-08-23,118700,57.54999923706055,57.91999816894531,58.650001525878906,57.36000061035156,56.52599334716797
2017-08-22,116300,58.22999954223633,57.81999969482422,59.63999938964844,57.5099983215332,56.42840576171875
2017-08-21,88400,57.88999938964844,58.060001373291016,58.72999954223633,57.40999984741211,56.66262435913086
2017-08-18,94800,58.29999923706055,57.97999954223633,58.29999923706055,57.720001220703125,56.584556579589844
2017-08-17,135500,59.4900016784668,58.650001525878906,59.91999816894531,58.5099983215332,57.23843002319336
2017-08-16,227500,60.130001068115234,59.869998931884766,61.04999923706055,59.63999938964844,58.42906188964844
2017-08-15,88200,61.939998626708984,60.0,61.939998626708984,59.689998626708984,58.555938720703125
2017-08-14,68900,61.81999969482422,61.93000030517578,62.599998474121094,61.68000030517578,60.439483642578125
2017-08-11,134600,58.290000915527344,61.439998626708984,61.97999954223633,58.290000915527344,59.961280822753906
2017-08-10,96600,61.130001068115234,60.5099983215332,61.29999923706055,59.849998474121094,59.05366516113281
2017-08-09,81600,62.16999816894531,61.5099983215332,62.470001220703125,61.310001373291016,60.02959442138672
2017-08-08,130000,62.689998626708984,62.470001220703125,63.06999969482422,62.099998474121094,60.96648406982422
2017-08-07,138600,62.13999938964844,62.47999954223633,62.70000076293945,61.93000030517578,60.97624969482422
2017-08-04,106100,62.65999984741211,62.06999969482422,63.709999084472656,61.91999816894531,60.57611846923828
2017-08-03,70600,62.83000183105469,62.310001373291016,63.470001220703125,61.599998474121094,60.810340881347656
2017-08-02,68800,63.68000030517578,62.81999969482422,64.0,62.720001220703125,61.30807113647461
2017-08-01,81600,63.43000030517578,63.650001525878906,63.72999954223633,61.58000183105469,62.11808776855469
2017-07-31,104200,63.099998474121094,63.130001068115234,63.13999938964844,62.04999923706055,61.61060333251953
2017-07-28,73900,62.65999984741211,62.91999816894531,63.04999923706055,62.130001068115234,61.40565490722656
2017-07-27,61700,63.04999923706055,62.810001373291016,63.04999923706055,61.959999084472656,61.298309326171875
2017-07-26,39000,63.25,63.0,63.65999984741211,61.720001220703125,61.483734130859375
2017-07-25,77800,62.5,63.150001525878906,63.83000183105469,62.189998626708984,61.63011932373047
2017-07-24,60700,62.380001068115234,62.150001525878906,63.029998779296875,61.880001068115234,60.6541862487793
2017-07-21,65800,63.20000076293945,62.689998626708984,63.25,62.279998779296875,61.181190490722656
2017-07-20,123200,62.709999084472656,63.029998779296875,63.45000076293945,61.970001220703125,61.51301193237305
2017-07-19,180300,61.59000015258789,62.65999984741211,63.43000030517578,61.59000015258789,61.15191650390625
2017-07-18,60100,61.02000045776367,60.86000061035156,61.18000030517578,60.540000915527344,59.395240783691406
2017-07-17,118100,60.04999923706055,61.22999954223633,62.11000061035156,59.81999969482422,59.75633239746094
2017-07-14,130900,60.2400016784668,59.91999816894531,60.939998626708984,59.88999938964844,58.47785949707031
2017-07-13,117800,59.61000061035156,60.25,60.369998931884766,59.099998474121094,58.79991912841797
2017-07-12,68200,59.540000915527344,59.47999954223633,60.0,59.13999938964844,58.04845428466797
2017-07-11,98500,59.810001373291016,59.16999816894531,60.310001373291016,58.599998474121094,57.48240280151367
2017-07-10,136400,59.779998779296875,59.88999938964844,60.15999984741211,58.40999984741211,58.18187713623047
2017-07-07,174000,59.91999816894531,60.029998779296875,60.439998626708984,59.619998931884766,58.317874908447266
2017-07-06,116300,61.2400016784668,59.599998474121094,61.54999923706055,59.310001373291016,57.900142669677734
2017-07-05,181300,63.08000183105469,61.70000076293945,64.44000244140625,61.13999938964844,59.94024658203125
2017-07-03,95300,62.75,63.33000183105469,63.650001525878906,62.560001373291016,61.52375411987305
2017-06-30,116700,62.77000045776367,62.4900016784668,63.29999923706055,62.36000061035156,60.70771789550781
2017-06-29,87000,62.91999816894531,62.54999923706055,63.02000045776367,61.900001525878906,60.766014099121094
2017-06-28,224200,62.25,62.7599983215332,63.040000915527344,62.16999816894531,60.970008850097656
2017-06-27,270500,61.97999954223633,61.84000015258789,62.540000915527344,61.560001373291016,60.076255798339844
2017-06-26,170300,62.970001220703125,62.04999923706055,63.290000915527344,61.939998626708984,60.280269622802734
2017-06-23,440700,61.5099983215332,62.77000045776367,63.040000915527344,61.119998931884766,60.979732513427734
2017-06-22,123200,60.470001220703125,61.43000030517578,61.540000915527344,60.16999816894531,59.67795181274414
2017-06-21,129100,61.150001525878906,60.47999954223633,61.77000045776367,60.349998474121094,58.75504684448242
2017-06-20,99400,62.849998474121094,60.91999816894531,62.849998474121094,60.900001525878906,59.182491302490234
2017-06-19,116800,62.79999923706055,62.81999969482422,63.099998474121094,62.20000076293945,61.02830505371094
2017-06-16,172000,62.2400016784668,62.65999984741211,62.79999923706055,61.91999816894531,60.87287139892578
2017-06-15,135000,62.15999984741211,62.869998931884766,63.060001373291016,61.79999923706055,61.076873779296875
2017-06-14,199300,62.83000183105469,62.970001220703125,63.27000045776367,62.119998931884766,61.17402648925781
2017-06-13,206400,62.459999084472656,62.61000061035156,62.959999084472656,61.81999969482422,60.82429122924805
2017-06-12,228000,61.4900016784668,62.150001525878906,63.529998779296875,61.380001068115234,60.37741470336914
2017-06-09,288400,59.630001068115234,61.4900016784668,62.29999923706055,59.4900016784668,59.73624038696289
2017-06-08,275300,57.79999923706055,59.5,60.56999969482422,57.189998626708984,57.8029899597168
2017-06-07,533200,58.20000076293945,57.75,58.4900016784668,56.400001525878906,56.102909088134766
2017-06-06,416700,56.95000076293945,59.61000061035156,59.65999984741211,56.95000076293945,57.909854888916016
2017-06-05,238800,56.099998474121094,57.119998931884766,57.4900016784668,55.709999084472656,55.49087142944336
2017-06-02,141800,55.939998626708984,56.45000076293945,56.790000915527344,54.959999084472656,54.83998489379883
2017-06-01,148200,53.849998474121094,55.52000045776367,55.56999969482422,53.540000915527344,53.9365119934082
2017-05-31,64100,53.91999816894531,53.7400016784668,54.029998779296875,52.88999938964844,52.207275390625
2017-05-30,88700,53.43000030517578,53.849998474121094,54.2400016784668,53.34000015258789,52.31414031982422
2017-05-26,158700,54.79999923706055,53.47999954223633,54.88999938964844,53.380001068115234,51.95469284057617
2017-05-25,125500,53.709999084472656,54.880001068115234,55.02000045776367,53.369998931884766,53.314762115478516
2017-05-24,141000,54.279998779296875,53.2599983215332,54.34000015258789,52.619998931884766,51.740966796875
2017-05-23,78300,54.79999923706055,54.220001220703125,54.81999969482422,54.040000915527344,52.67359161376953
2017-05-22,101000,54.59000015258789,54.779998779296875,55.58000183105469,54.5,53.217613220214844
2017-05-19,124500,53.59000015258789,54.47999954223633,54.65999984741211,53.029998779296875,52.92617416381836
2017-05-18,153400,53.2599983215332,53.630001068115234,54.11000061035156,53.22999954223633,52.10041809082031
2017-05-17,126200,54.7599983215332,53.150001525878906,54.7599983215332,53.13999938964844,51.63410949707031
2017-05-16,93200,56.22999954223633,54.7599983215332,56.22999954223633,54.58000183105469,53.198184967041016
2017-05-15,73100,56.79999923706055,56.060001373291016,57.220001220703125,55.93000030517578,54.46110916137695
2017-05-12,126300,58.099998474121094,56.779998779296875,58.099998474121094,56.220001220703125,55.16057205200195
2017-05-11,234800,59.77000045776367,57.869998931884766,59.77000045776367,56.61000061035156,56.21949005126953
2017-05-10,189600,58.86000061035156,60.369998931884766,60.400001525878906,58.86000061035156,58.6481819152832
2017-05-09,80300,58.369998931884766,59.11000061035156,59.189998626708984,58.34000015258789,57.42412185668945
2017-05-08,162400,57.25,58.310001373291016,58.939998626708984,57.2400016784668,56.64693832397461
2017-05-05,161700,57.209999084472656,57.220001220703125,58.040000915527344,56.880001068115234,55.5880241394043
2017-05-04,78900,57.189998626708984,57.09000015258789,57.189998626708984,56.279998779296875,55.46173095703125
2017-05-03,92200,57.52000045776367,56.88999938964844,57.65999984741211,56.560001373291016,55.26743698120117
2017-05-02,136700,56.77000045776367,57.72999954223633,58.08000183105469,56.66999816894531,56.08347702026367
2017-05-01,306500,57.81999969482422,56.66999816894531,57.88999938964844,55.68000030517578,55.053707122802734
2017-04-28,168700,59.54999923706055,57.97999954223633,59.54999923706055,57.68000030517578,56.32634735107422
2017-04-27,128400,59.36000061035156,59.25,59.38999938964844,58.61000061035156,57.560123443603516
2017-04-26,148000,58.619998931884766,59.119998931884766,59.52000045776367,57.91999816894531,57.433834075927734
2017-04-25,152900,57.91999816894531,58.34000015258789,58.470001220703125,57.45000076293945,56.676082611083984
2017-04-24,154400,56.81999969482422,57.47999954223633,57.779998779296875,56.619998931884766,55.840606689453125
2017-04-21,135700,57.349998474121094,55.97999954223633,57.959999084472656,55.880001068115234,54.38338851928711
2017-04-20,155000,56.66999816894531,57.439998626708984,57.66999816894531,56.66999816894531,55.80175018310547
2017-04-19,158800,55.5099983215332,56.45000076293945,56.599998474121094,55.310001373291016,54.83998489379883
2017-04-18,153800,54.16999816894531,55.16999816894531,55.38999938964844,52.540000915527344,53.59648895263672
2017-04-17,117300,54.97999954223633,54.77000045776367,55.06999969482422,54.349998474121094,53.20790100097656
2017-04-13,144400,55.09000015258789,54.779998779296875,55.4900016784668,54.56999969482422,53.217613220214844
2017-04-12,128800,55.4900016784668,55.15999984741211,55.560001373291016,55.02000045776367,53.58677673339844
2017-04-11,174300,54.4900016784668,55.75,55.79999923706055,54.34000015258789,54.15995407104492
2017-04-10,236900,54.68000030517578,54.9900016784668,55.66999816894531,54.43000030517578,53.159332275390625
2017-04-07,246000,54.040000915527344,54.68000030517578,54.779998779296875,53.689998626708984,52.85964584350586
2017-04-06,289600,54.189998626708984,54.38999938964844,55.439998626708984,54.060001373291016,52.57930374145508
2017-04-05,206100,54.68000030517578,54.099998474121094,54.81999969482422,53.70000076293945,52.298954010009766
2017-04-04,138000,55.599998474121094,54.29999923706055,56.029998779296875,54.18000030517578,52.4922981262207
2017-04-03,234400,57.66999816894531,55.65999984741211,57.72999954223633,55.59000015258789,53.8070182800293
2017-03-31,238100,58.220001220703125,57.2599983215332,58.59000015258789,57.060001373291016,55.353755950927734
2017-03-30,144500,59.04999923706055,58.150001525878906,59.04999923706055,57.849998474121094,56.21412658691406
2017-03-29,164400,57.720001220703125,58.970001220703125,59.31999969482422,56.41999816894531,57.006832122802734
2017-03-28,194700,56.9900016784668,57.9900016784668,58.25,56.439998626708984,56.05945587158203
2017-03-27,416300,55.45000076293945,57.150001525878906,57.90999984741211,54.91999816894531,55.24741744995117
2017-03-24,794300,49.5,56.43000030517578,56.619998931884766,49.5,54.551387786865234
2017-03-23,560300,52.90999984741211,53.459999084472656,54.16999816894531,52.369998931884766,51.68026351928711
2017-03-22,292000,52.63999938964844,52.4900016784668,52.959999084472656,51.75,50.742557525634766
2017-03-21,239200,55.189998626708984,52.5,55.189998626708984,51.900001525878906,50.752220153808594
2017-03-20,268800,56.7400016784668,54.790000915527344,56.7400016784668,54.65999984741211,52.96598434448242
2017-03-17,240100,56.040000915527344,56.86000061035156,57.0099983215332,55.45000076293945,54.967071533203125
2017-03-16,282000,54.56999969482422,56.0,57.2599983215332,54.2599983215332,54.13570785522461
2017-03-15,208200,53.369998931884766,53.709999084472656,54.43000030517578,52.880001068115234,51.921939849853516
2017-03-14,92700,52.529998779296875,53.16999816894531,53.16999816894531,52.400001525878906,51.3999137878418
2017-03-13,356600,52.83000183105469,52.75,53.22999954223633,51.54999923706055,50.993896484375
2017-03-10,109800,52.36000061035156,52.400001525878906,52.88999938964844,51.810001373291016,50.65555191040039
2017-03-09,132200,53.970001220703125,52.27000045776367,54.220001220703125,52.09000015258789,50.529884338378906
2017-03-08,325900,53.68000030517578,54.16999816894531,54.189998626708984,53.099998474121094,52.36662292480469
2017-03-07,141100,53.970001220703125,53.4900016784668,54.11000061035156,53.31999969482422,51.70926284790039
2017-03-06,111700,54.83000183105469,54.0,55.0,53.66999816894531,52.20228576660156
2017-03-03,125900,56.689998626708984,54.75,56.900001525878906,54.209999084472656,52.92732238769531
2017-03-02,93300,56.88999938964844,56.66999816894531,57.29999923706055,56.43000030517578,54.78339385986328
2017-03-01,179000,56.849998474121094,57.060001373291016,57.220001220703125,55.619998931884766,55.16041564941406
2017-02-28,135800,57.459999084472656,56.209999084472656,57.540000915527344,55.83000183105469,54.33871078491211
2017-02-27,77100,57.34000015258789,57.54999923706055,57.79999923706055,56.959999084472656,55.63410186767578
2017-02-24,86800,55.959999084472656,57.279998779296875,57.54999923706055,54.33000183105469,55.37308883666992
2017-02-23,126500,58.130001068115234,56.22999954223633,58.130001068115234,56.040000915527344,54.3580436706543
2017-02-22,114300,56.88999938964844,57.630001068115234,58.02000045776367,56.84000015258789,55.71144104003906
2017-02-21,93900,56.58000183105469,57.04999923706055,57.38999938964844,56.58000183105469,55.15074920654297
2017-02-17,146600,56.41999816894531,56.459999084472656,56.63999938964844,55.689998626708984,54.58039093017578
2017-02-16,157700,56.06999969482422,56.54999923706055,56.54999923706055,55.220001220703125,54.667388916015625
2017-02-15,107900,55.33000183105469,56.16999816894531,56.369998931884766,55.25,54.3000373840332
2017-02-14,83700,55.5,55.86000061035156,56.310001373291016,55.5,54.000362396240234
2017-02-13,108400,56.470001220703125,55.65999984741211,56.470001220703125,55.279998779296875,53.8070182800293
2017-02-10,290500,54.20000076293945,56.290000915527344,56.47999954223633,53.849998474121094,54.41604995727539
2017-02-09,180400,52.59000015258789,53.790000915527344,54.77000045776367,52.52000045776367,51.99927520751953
2017-02-08,139500,51.83000183105469,52.43000030517578,52.72999954223633,51.349998474121094,50.68455123901367
2017-02-07,92400,53.779998779296875,52.099998474121094,53.779998779296875,51.790000915527344,50.365535736083984
2017-02-06,70400,52.959999084472656,53.5,53.880001068115234,52.459999084472656,51.71893310546875
2017-02-03,105600,52.77000045776367,53.16999816894531,53.38999938964844,51.54999923706055,51.3999137878418
2017-02-02,103600,53.599998474121094,52.939998626708984,54.0,52.79999923706055,51.17757034301758
2017-02-01,141600,55.04999923706055,54.20000076293945,55.130001068115234,54.040000915527344,52.395626068115234
2017-01-31,119400,52.84000015258789,55.02000045776367,55.04999923706055,51.97999954223633,53.188323974609375
2017-01-30,97400,53.58000183105469,53.689998626708984,54.2400016784668,52.869998931884766,51.90260696411133
2017-01-27,194200,54.470001220703125,54.06999969482422,54.470001220703125,53.41999816894531,52.269954681396484
2017-01-26,157700,54.900001525878906,54.5099983215332,55.4900016784668,54.099998474121094,52.69530487060547
2017-01-25,131700,54.22999954223633,54.959999084472656,55.5099983215332,54.22999954223633,53.13032913208008
2017-01-24,285600,52.779998779296875,53.97999954223633,54.11000061035156,52.2599983215332,52.18294906616211
2017-01-23,176700,52.380001068115234,52.36000061035156,52.630001068115234,51.810001373291016,50.61688232421875
2017-01-20,190400,53.04999923706055,52.2599983215332,53.5099983215332,51.880001068115234,50.52021026611328
2017-01-19,164100,54.16999816894531,53.09000015258789,54.849998474121094,52.88999938964844,51.32257843017578
2017-01-18,197000,55.63999938964844,54.0,55.63999938964844,52.75,52.20228576660156
2017-01-17,186900,54.52000045776367,55.2400016784668,55.65999984741211,54.33000183105469,53.401004791259766
2017-01-13,160200,55.15999984741211,54.47999954223633,55.66999816894531,54.29999923706055,52.66630554199219
2017-01-12,227600,55.970001220703125,55.029998779296875,56.5,54.439998626708984,53.197998046875
2017-01-11,169700,58.150001525878906,56.439998626708984,58.34000015258789,56.400001525878906,54.561058044433594
2017-01-10,428900,57.59000015258789,58.15999984741211,58.290000915527344,57.0099983215332,55.9627799987793
2017-01-09,199500,58.13999938964844,57.290000915527344,58.279998779296875,56.880001068115234,55.12565231323242
2017-01-06,210100,59.59000015258789,58.130001068115234,59.599998474121094,57.86000061035156,55.933921813964844
2017-01-05,190300,60.130001068115234,59.47999954223633,60.130001068115234,58.060001373291016,57.23291778564453
2017-01-04,118300,60.08000183105469,60.75,61.68000030517578,60.08000183105469,58.45492935180664
2017-01-03,137500,60.84000015258789,60.369998931884766,62.08000183105469,59.810001373291016,58.08929443359375
2016-12-30,72500,60.84000015258789,60.130001068115234,61.040000915527344,60.0,57.858360290527344
2016-12-29,111100,61.13999938964844,60.81999969482422,61.970001220703125,60.68000030517578,58.52228927612305
2016-12-28,139000,62.0099983215332,61.279998779296875,62.16999816894531,60.91999816894531,58.964908599853516
2016-12-27,240500,61.02000045776367,61.900001525878906,62.2400016784668,61.02000045776367,59.561485290527344
2016-12-23,156600,60.9900016784668,60.970001220703125,61.88999938964844,60.7599983215332,58.6666259765625
2016-12-22,272500,61.5,60.900001525878906,61.869998931884766,60.630001068115234,58.59926223754883
2016-12-21,168400,61.790000915527344,61.75,62.52000045776367,61.5,59.417152404785156
2016-12-20,101400,60.849998474121094,62.0,62.27000045776367,60.52000045776367,59.657711029052734
2016-12-19,166700,60.540000915527344,60.66999816894531,61.16999816894531,60.40999984741211,58.37795639038086
2016-12-16,253700,61.65999984741211,60.59000015258789,61.849998474121094,60.40999984741211,58.30098342895508
2016-12-15,185800,61.970001220703125,61.540000915527344,62.2400016784668,61.150001525878906,59.215091705322266
2016-12-14,133900,63.18000030517578,61.900001525878906,63.34000015258789,61.880001068115234,59.561485290527344
2016-12-13,186000,61.77000045776367,62.61000061035156,63.060001373291016,61.45000076293945,60.244667053222656
2016-12-12,210300,62.720001220703125,61.79999923706055,62.7599983215332,61.59000015258789,59.465267181396484
2016-12-09,280000,62.7400016784668,62.7400016784668,63.150001525878906,61.95000076293945,60.3697624206543
2016-12-08,569400,64.04000091552734,62.40999984741211,64.16999816894531,61.349998474121094,60.05222702026367
2016-12-07,1516600,62.36000061035156,63.439998626708984,65.87000274658203,61.7400016784668,61.04330825805664
2016-12-06,228500,72.36000061035156,71.72000122070312,72.36000061035156,70.11000061035156,69.01051330566406
2016-12-05,126700,69.87000274658203,71.55999755859375,71.97000122070312,69.87000274658203,68.85653686523438
2016-12-02,152000,70.69999694824219,68.98999786376953,70.69999694824219,68.0199966430664,66.38363647460938
2016-12-01,315700,72.69999694824219,70.5,73.55000305175781,70.33000183105469,67.83660125732422
2016-11-30,116600,75.04000091552734,72.66000366210938,75.5199966430664,72.45999908447266,69.91499328613281
2016-11-29,100000,75.55999755859375,75.04000091552734,76.0,74.87000274658203,72.20506286621094
2016-11-28,125500,75.9000015258789,75.0999984741211,75.9000015258789,74.68000030517578,72.2628173828125
2016-11-25,33700,75.51000213623047,76.12000274658203,76.19000244140625,75.19999694824219,73.24427032470703
2016-11-23,60000,75.5,75.55000305175781,75.70999908447266,74.4000015258789,72.69580841064453
2016-11-22,99300,74.73999786376953,75.69000244140625,75.79000091552734,74.0,72.83052825927734
2016-11-21,125600,73.68000030517578,74.66000366210938,74.91000366210938,73.2699966430664,71.83943939208984
2016-11-18,224000,72.38999938964844,73.80000305175781,73.80999755859375,71.47000122070312,71.01192474365234
2016-11-17,145200,71.95999908447266,72.66000366210938,72.9000015258789,71.16999816894531,69.91499328613281
2016-11-16,122700,72.80000305175781,71.95999908447266,72.94999694824219,71.02999877929688,69.2414321899414
2016-11-15,167600,74.58999633789062,72.9800033569336,74.75,72.16999816894531,70.22290802001953
2016-11-14,167400,70.83999633789062,71.7300033569336,73.13999938964844,70.79000091552734,69.02013397216797
2016-11-11,174500,66.33999633789062,69.94000244140625,70.02999877929688,66.13999938964844,67.29774475097656
2016-11-10,126700,65.44999694824219,66.5999984741211,67.04000091552734,64.77999877929688,64.08392333984375
2016-11-09,124100,62.2400016784668,64.7699966430664,65.16000366210938,60.849998474121094,62.32305908203125
2016-11-08,109400,62.31999969482422,63.150001525878906,63.5099983215332,61.709999084472656,60.7642707824707
2016-11-07,107400,62.5099983215332,62.33000183105469,62.52000045776367,61.400001525878906,59.97523880004883
2016-11-04,82800,61.130001068115234,61.369998931884766,62.79999923706055,60.279998779296875,59.051509857177734
2016-11-03,81000,61.56999969482422,60.75,61.95000076293945,60.619998931884766,58.45492935180664
2016-11-02,114200,62.61000061035156,61.119998931884766,62.849998474121094,61.09000015258789,58.81095504760742
2016-11-01,159300,62.65999984741211,62.86000061035156,64.77999877929688,62.65999984741211,60.48522186279297
2016-10-31,95800,62.65999984741211,62.720001220703125,62.93000030517578,62.029998779296875,60.35051345825195
2016-10-28,116600,62.150001525878906,62.779998779296875,63.09000015258789,61.38999938964844,60.40824508666992
2016-10-27,137400,61.68000030517578,62.369998931884766,62.40999984741211,61.099998474121094,60.01374053955078
2016-10-26,122500,62.20000076293945,61.59000015258789,63.08000183105469,61.380001068115234,59.26320266723633
2016-10-25,136100,62.18000030517578,62.34000015258789,62.58000183105469,61.84000015258789,59.984867095947266
2016-10-24,117300,62.189998626708984,62.81999969482422,63.04999923706055,62.18000030517578,60.44673538208008
2016-10-21,98900,62.439998626708984,62.060001373291016,62.83000183105469,61.75,59.71544647216797
2016-10-20,253400,62.810001373291016,63.25,63.45000076293945,62.40999984741211,60.86048126220703
2016-10-19,417600,64.91000366210938,63.099998474121094,64.91000366210938,61.90999984741211,60.716156005859375
2016-10-18,69300,65.80999755859375,65.18000030517578,65.98999786376953,65.1500015258789,62.71757507324219
2016-10-17,87600,66.7699966430664,65.16999816894531,66.87000274658203,65.16000366210938,62.70796203613281
2016-10-14,145200,66.52999877929688,66.98999786376953,67.19000244140625,66.4000015258789,64.4592056274414
2016-10-13,199400,66.66999816894531,66.05999755859375,66.77999877929688,65.5,63.5643310546875
2016-10-12,97300,66.87999725341797,67.13999938964844,68.0,66.55999755859375,64.60353088378906
2016-10-11,120700,66.91000366210938,67.0199966430664,68.0,66.73999786376953,64.2282485961914
2016-10-10,148700,66.5,67.08999633789062,67.33000183105469,65.8499984741211,64.29534912109375
2016-10-07,118100,66.47000122070312,66.12999725341797,67.23999786376953,65.69000244140625,63.37533187866211
2016-10-06,217800,67.5,66.08999633789062,67.5,64.98999786376953,63.33699417114258
2016-10-05,215600,67.69999694824219,67.5999984741211,68.01000213623047,67.20999908447266,64.78408813476562
2016-10-04,146900,66.98999786376953,67.22000122070312,67.45999908447266,66.16000366210938,64.41992950439453
2016-10-03,144400,67.5999984741211,66.80000305175781,68.4800033569336,66.61000061035156,64.01742553710938
2016-09-30,97300,68.0,67.69999694824219,68.83999633789062,67.63999938964844,64.87993621826172
2016-09-29,171900,68.18000030517578,67.52999877929688,68.83000183105469,67.23999786376953,64.71701049804688
2016-09-28,124100,67.80999755859375,67.12999725341797,68.25,66.5999984741211,64.33368682861328
2016-09-27,88700,67.5999984741211,68.01000213623047,68.18000030517578,66.69000244140625,65.17703247070312
2016-09-26,215400,69.12999725341797,67.33999633789062,69.88999938964844,67.26000213623047,64.53494262695312
2016-09-23,610000,71.04000091552734,69.62999725341797,71.41000366210938,69.04000091552734,66.72952270507812
2016-09-22,122600,69.33000183105469,68.5999984741211,69.75,68.0,65.74244689941406
2016-09-21,93800,68.45999908447266,68.9800033569336,69.19999694824219,67.91999816894531,66.10661315917969
2016-09-20,102300,69.3499984741211,68.25,69.77999877929688,68.13999938964844,65.40703582763672
2016-09-19,123400,69.01000213623047,69.02999877929688,69.5999984741211,68.0,66.15453338623047
2016-09-16,140600,69.52999877929688,68.62999725341797,69.69999694824219,68.51000213623047,65.77119445800781
2016-09-15,206400,67.72000122070312,69.66000366210938,69.75,67.48999786376953,66.75830078125
2016-09-14,201400,68.87999725341797,68.05000305175781,69.48999786376953,67.55000305175781,65.21536254882812
2016-09-13,182700,70.0999984741211,69.06999969482422,70.69999694824219,68.48999786376953,66.19286346435547
2016-09-12,296000,69.12000274658203,70.66000366210938,70.7300033569336,68.18000030517578,67.71663665771484
2016-09-09,235600,70.37000274658203,69.48999786376953,71.41000366210938,69.2300033569336,66.59536743164062
2016-09-08,274900,71.18000030517578,70.87000274658203,71.18000030517578,70.05000305175781,67.91790008544922
2016-09-07,206100,70.80999755859375,71.38999938964844,71.68000030517578,69.80000305175781,68.41624450683594
2016-09-06,196000,71.51000213623047,70.62999725341797,71.51000213623047,70.08999633789062,67.6878890991211
2016-09-02,393400,72.61000061035156,71.18000030517578,74.0,70.02999877929688,68.21497344970703
2016-09-01,1275000,67.8499984741211,72.43000030517578,72.44999694824219,67.8499984741211,69.41291809082031
2016-08-31,401800,63.9900016784668,62.40999984741211,64.37999725341797,61.47999954223633,59.81029510498047
2016-08-30,465100,64.5,63.689998626708984,65.25,62.5,61.03697204589844
2016-08-29,212000,63.86000061035156,64.41000366210938,64.83999633789062,63.31999969482422,61.726985931396484
2016-08-26,110000,63.79999923706055,63.40999984741211,64.7699966430664,62.93000030517578,60.768638610839844
2016-08-25,90000,63.060001373291016,64.04000091552734,64.06999969482422,62.810001373291016,61.37239074707031
2016-08-24,106700,63.33000183105469,63.41999816894531,63.7599983215332,62.29999923706055,60.77821731567383
2016-08-23,130300,63.41999816894531,63.61000061035156,63.91999816894531,63.41999816894531,60.960304260253906
2016-08-22,47300,63.45000076293945,63.310001373291016,63.52000045776367,62.72999954223633,60.67280578613281
2016-08-19,84400,62.7400016784668,63.4900016784668,63.70000076293945,61.84000015258789,60.845306396484375
2016-08-18,180100,61.20000076293945,62.7400016784668,64.31999969482422,61.20000076293945,60.126548767089844
2016-08-17,117800,61.16999816894531,61.130001068115234,61.279998779296875,60.56999969482422,58.583614349365234
2016-08-16,128400,60.779998779296875,61.41999816894531,62.29999923706055,60.779998779296875,58.86152648925781
2016-08-15,88000,58.93000030517578,60.970001220703125,60.9900016784668,58.93000030517578,58.43027877807617
2016-08-12,64200,58.61000061035156,58.91999816894531,59.630001068115234,58.290000915527344,56.46566390991211
2016-08-11,197700,56.25,58.5,58.9900016784668,56.25,56.06317138671875
2016-08-10,92900,56.29999923706055,55.95000076293945,57.4900016784668,55.7400016784668,53.619384765625
2016-08-09,71300,56.45000076293945,56.09000015258789,56.65999984741211,55.79999923706055,53.7535514831543
2016-08-08,80900,57.810001373291016,56.709999084472656,58.59000015258789,56.4900016784668,54.34773254394531
2016-08-05,107000,56.34000015258789,57.72999954223633,58.130001068115234,56.0099983215332,55.32524108886719
2016-08-04,94100,56.02000045776367,55.900001525878906,56.689998626708984,55.68000030517578,53.571468353271484
2016-08-03,126900,55.900001525878906,55.959999084472656,57.0099983215332,55.13999938964844,53.62896728515625
2016-08-02,179100,57.349998474121094,56.279998779296875,57.43000030517578,55.959999084472656,53.93564224243164
2016-08-01,124300,57.18000030517578,57.5099983215332,58.2400016784668,56.13999938964844,55.114402770996094
2016-07-29,160600,57.0099983215332,57.18000030517578,57.27000045776367,56.470001220703125,54.798152923583984
2016-07-28,256400,56.880001068115234,56.95000076293945,57.560001373291016,56.43000030517578,54.577728271484375
2016-07-27,123600,57.869998931884766,57.13999938964844,58.040000915527344,56.790000915527344,54.75981903076172
2016-07-26,240500,57.459999084472656,57.72999954223633,58.16999816894531,57.25,55.32524108886719
2016-07-25,130200,57.5099983215332,57.540000915527344,57.93000030517578,56.939998626708984,55.143157958984375
2016-07-22,98300,58.29999923706055,57.65999984741211,58.29999923706055,56.79999923706055,55.25815200805664
2016-07-21,72000,59.72999954223633,58.36000061035156,59.93000030517578,58.119998931884766,55.92899703979492
2016-07-20,112500,60.11000061035156,59.59000015258789,60.38999938964844,59.540000915527344,57.10776138305664
2016-07-19,131900,60.4900016784668,60.11000061035156,60.4900016784668,59.060001373291016,57.60609817504883
2016-07-18,94000,60.13999938964844,60.4900016784668,60.95000076293945,59.560001373291016,57.97026824951172
2016-07-15,86200,60.47999954223633,60.209999084472656,60.47999954223633,59.36000061035156,57.70193099975586
2016-07-14,118100,60.0,60.119998931884766,60.58000183105469,59.09000015258789,57.61568069458008
2016-07-13,90900,60.310001373291016,59.599998474121094,60.310001373291016,59.09000015258789,57.117340087890625
2016-07-12,91700,59.09000015258789,60.130001068115234,60.58000183105469,59.0099983215332,57.36651611328125
2016-07-11,154200,57.93000030517578,58.93000030517578,59.0,57.720001220703125,56.22167205810547
2016-07-08,344900,58.099998474121094,57.529998779296875,59.290000915527344,57.40999984741211,54.8859977722168
2016-07-07,126400,56.650001525878906,57.47999954223633,57.58000183105469,56.439998626708984,54.83829879760742
2016-07-06,102600,55.540000915527344,56.790000915527344,57.02000045776367,55.290000915527344,54.180015563964844
2016-07-05,86300,56.68000030517578,55.650001525878906,56.72999954223633,55.189998626708984,53.092411041259766
2016-07-01,104000,56.709999084472656,57.06999969482422,58.040000915527344,56.709999084472656,54.4471549987793
2016-06-30,118600,55.790000915527344,56.619998931884766,56.65999984741211,55.09000015258789,54.017826080322266
2016-06-29,172800,54.97999954223633,55.470001220703125,56.0,54.619998931884766,52.920677185058594
2016-06-28,210200,53.70000076293945,54.150001525878906,55.209999084472656,53.540000915527344,51.661346435546875
2016-06-27,280800,55.619998931884766,53.66999816894531,55.619998931884766,52.540000915527344,51.203407287597656
2016-06-24,249500,56.709999084472656,55.939998626708984,57.630001068115234,55.880001068115234,53.369083404541016
2016-06-23,120500,58.689998626708984,59.029998779296875,59.04999923706055,58.040000915527344,56.31706619262695
2016-06-22,159300,58.5099983215332,58.029998779296875,58.5099983215332,57.849998474121094,55.3630256652832
2016-06-21,97700,59.119998931884766,58.15999984741211,59.459999084472656,57.779998779296875,55.4870491027832
2016-06-20,150200,59.65999984741211,58.9900016784668,60.38999938964844,58.97999954223633,56.27890396118164
2016-06-17,194600,58.220001220703125,58.81999969482422,59.31999969482422,57.58000183105469,56.11671829223633
2016-06-16,165800,58.47999954223633,58.279998779296875,59.130001068115234,58.0,55.60153579711914
2016-06-15,361100,57.220001220703125,58.720001220703125,59.290000915527344,57.20000076293945,56.02131652832031
2016-06-14,226500,57.83000183105469,57.16999816894531,58.369998931884766,56.86000061035156,54.54255294799805
2016-06-13,253500,59.099998474121094,58.11000061035156,59.5,57.81999969482422,55.439353942871094
2016-06-10,338800,60.9900016784668,59.40999984741211,61.040000915527344,58.91999816894531,56.67959976196289
2016-06-09,427000,64.16999816894531,61.7599983215332,64.27999877929688,61.20000076293945,58.921600341796875
2016-06-08,893300,60.02000045776367,64.5,65.1500015258789,58.63999938964844,61.53567886352539
2016-06-07,177800,65.16999816894531,65.12999725341797,65.41999816894531,64.44999694824219,62.13671875
2016-06-06,147800,64.0999984741211,65.44000244140625,66.05999755859375,63.720001220703125,62.432472229003906
2016-06-03,177500,64.6500015258789,64.12999725341797,64.6500015258789,63.68000030517578,61.182674407958984
2016-06-02,139000,64.29000091552734,64.55999755859375,65.23999786376953,64.01000213623047,61.59291458129883
2016-06-01,205200,62.939998626708984,64.33999633789062,65.11000061035156,62.939998626708984,61.38302993774414
2016-05-31,92200,64.41999816894531,63.369998931884766,64.77999877929688,63.22999954223633,60.457611083984375
2016-05-27,88000,62.40999984741211,64.05000305175781,64.1500015258789,62.40999984741211,61.10635757446289
2016-05-26,68300,62.84000015258789,62.56999969482422,63.20000076293945,62.27000045776367,59.69437789916992
2016-05-25,118000,62.65999984741211,62.619998931884766,63.150001525878906,62.029998779296875,59.74207305908203
2016-05-24,180900,60.720001220703125,62.810001373291016,62.95000076293945,60.619998931884766,59.9233512878418
2016-05-23,112800,61.0,60.54999923706055,62.0,60.459999084472656,57.7672119140625
2016-05-20,184400,60.880001068115234,60.95000076293945,61.310001373291016,60.060001373291016,58.148834228515625
2016-05-19,182700,59.189998626708984,60.81999969482422,60.86000061035156,58.86000061035156,58.024803161621094
2016-05-18,126700,59.31999969482422,59.290000915527344,59.75,58.40999984741211,56.565120697021484
2016-05-17,252200,59.77000045776367,59.75,60.36000061035156,59.08000183105469,57.00397872924805
2016-05-16,136500,59.4900016784668,59.84000015258789,60.41999816894531,59.220001220703125,57.089839935302734
2016-05-13,125700,60.720001220703125,60.04999923706055,61.650001525878906,60.02000045776367,57.29019546508789
2016-05-12,302400,60.220001220703125,60.81999969482422,60.97999954223633,59.4900016784668,58.024803161621094
2016-05-11,181600,61.75,59.90999984741211,61.75,57.5099983215332,57.15663146972656
2016-05-10,146200,62.2400016784668,62.33000183105469,62.779998779296875,61.79999923706055,59.46540832519531
2016-05-09,160500,60.91999816894531,62.15999984741211,62.7400016784668,60.439998626708984,59.303218841552734
2016-05-06,205800,62.459999084472656,60.90999984741211,62.900001525878906,60.31999969482422,58.11066436767578
2016-05-05,107400,64.01000213623047,62.75,64.01000213623047,62.72999954223633,59.86610794067383
2016-05-04,73000,65.16000366210938,64.1500015258789,65.51000213623047,63.88999938964844,61.20176315307617
2016-05-03,117800,65.37000274658203,65.41999816894531,66.5999984741211,64.4800033569336,62.41339874267578
2016-05-02,347000,66.86000061035156,66.0,67.1500015258789,65.66000366210938,62.966732025146484
2016-04-29,82600,66.95999908447266,66.41999816894531,66.95999908447266,65.47000122070312,63.367435455322266
2016-04-28,92700,68.33999633789062,67.22000122070312,69.0,66.9000015258789,64.13066101074219
2016-04-27,79100,68.87999725341797,68.38999938964844,69.2300033569336,68.12999725341797,65.24690246582031
2016-04-26,178800,69.76000213623047,69.08000183105469,70.19000244140625,68.5,65.90518951416016
2016-04-25,212300,68.77999877929688,69.4800033569336,69.83999633789062,68.33000183105469,66.28679656982422
2016-04-22,173800,69.12999725341797,68.7300033569336,69.97000122070312,68.45999908447266,65.57127380371094
2016-04-21,259200,65.0999984741211,68.93000030517578,69.18000030517578,64.23999786376953,65.7620849609375
2016-04-20,386300,63.0,64.55000305175781,65.69000244140625,62.400001525878906,61.5833740234375
2016-04-19,126600,62.130001068115234,62.0099983215332,62.56999969482422,61.45000076293945,59.16010284423828
2016-04-18,56300,62.06999969482422,62.27000045776367,62.650001525878906,61.689998626708984,59.40816116333008
2016-04-15,112300,61.75,62.279998779296875,62.45000076293945,61.41999816894531,59.41770553588867
2016-04-14,147200,61.65999984741211,61.97999954223633,62.439998626708984,61.279998779296875,59.131492614746094
2016-04-13,127500,60.380001068115234,61.7400016784668,62.0,60.380001068115234,58.902523040771484
2016-04-12,178000,58.77000045776367,60.5,60.7599983215332,58.619998931884766,57.4619140625
2016-04-11,390400,60.099998474121094,58.66999816894531,61.209999084472656,58.279998779296875,55.723819732666016
2016-04-08,125900,61.529998779296875,59.79999923706055,61.529998779296875,59.2400016784668,56.79706573486328
2016-04-07,143400,62.15999984741211,61.349998474121094,63.130001068115234,60.939998626708984,58.269229888916016
2016-04-06,185300,62.900001525878906,62.439998626708984,63.45000076293945,62.119998931884766,59.30449295043945
2016-04-05,205000,63.29999923706055,62.849998474121094,63.599998474121094,62.16999816894531,59.693904876708984
2016-04-04,179000,66.41999816894531,63.84000015258789,66.9000015258789,63.279998779296875,60.63418960571289
2016-04-01,181400,66.73999786376953,66.36000061035156,67.30999755859375,66.1500015258789,63.02764892578125
2016-03-31,157100,67.75,67.2300033569336,68.52999877929688,66.98999786376953,63.85395812988281
2016-03-30,173900,68.9000015258789,67.88999938964844,68.9000015258789,67.62999725341797,64.48081970214844
2016-03-29,194100,67.63999938964844,68.43000030517578,68.86000061035156,67.63999938964844,64.99369812011719
2016-03-28,302600,67.80000305175781,67.5999984741211,68.4800033569336,67.48999786376953,64.20537567138672
2016-03-24,413500,70.30000305175781,67.62000274658203,70.41000366210938,66.18000030517578,64.22438049316406
2016-03-23,167200,74.04000091552734,72.58000183105469,74.43000030517578,72.4000015258789,68.93531036376953
2016-03-22,139400,77.2300033569336,74.66000366210938,77.2300033569336,74.45999908447266,70.91085815429688
2016-03-21,102000,75.94999694824219,77.0,77.44000244140625,75.7300033569336,73.13336181640625
2016-03-18,195100,75.69999694824219,76.1500015258789,77.27999877929688,75.6500015258789,72.3260269165039
2016-03-17,144100,75.87000274658203,75.11000061035156,76.0,74.41999816894531,71.33827209472656
2016-03-16,103300,74.81999969482422,76.05000305175781,76.3499984741211,74.22000122070312,72.2310562133789
2016-03-15,103300,76.11000061035156,75.33000183105469,76.52999877929688,74.73999786376953,71.5472183227539
2016-03-14,125000,76.36000061035156,76.54000091552734,76.80000305175781,75.20999908447266,72.69644927978516
2016-03-11,114800,75.04000091552734,76.08999633789062,76.16999816894531,74.13999938964844,72.26902770996094
2016-03-10,146200,73.91000366210938,74.4000015258789,75.44000244140625,72.70999908447266,70.6639175415039
2016-03-09,109700,75.79000091552734,74.31999969482422,76.31999969482422,74.0,70.58792114257812
2016-03-08,116000,75.5199966430664,75.41999816894531,76.80999755859375,75.0999984741211,71.63267517089844
2016-03-07,112800,76.02999877929688,76.23999786376953,76.75,74.91000366210938,72.41151428222656
2016-03-04,198800,77.41999816894531,76.20999908447266,77.81999969482422,76.0199966430664,72.3830337524414
2016-03-03,116900,76.05999755859375,77.41999816894531,77.98999786376953,76.05999755859375,73.53225708007812
2016-03-02,137700,73.94000244140625,76.37999725341797,76.48999786376953,73.62000274658203,72.54448699951172
2016-03-01,154700,73.0999984741211,74.0999984741211,74.11000061035156,71.79000091552734,70.37898254394531
2016-02-29,106000,72.12999725341797,72.62999725341797,73.02999877929688,71.52999877929688,68.9827880859375
2016-02-26,106400,72.58000183105469,71.97000122070312,72.61000061035156,71.06999969482422,68.35594940185547
2016-02-25,83500,71.25,72.20999908447266,72.31999969482422,70.6500015258789,68.5838851928711
2016-02-24,84600,69.58000183105469,70.9800033569336,71.26000213623047,69.12999725341797,67.41564178466797
2016-02-23,111500,70.61000061035156,69.91999816894531,71.94000244140625,69.62999725341797,66.40887451171875
2016-02-22,126000,70.9000015258789,70.73999786376953,71.58000183105469,69.68000030517578,67.18771362304688
2016-02-19,223800,69.02999877929688,70.0,70.61000061035156,68.54000091552734,66.48487091064453
2016-02-18,158200,69.25,69.80000305175781,71.4000015258789,68.51000213623047,66.29490661621094
2016-02-17,154000,67.55999755859375,69.2300033569336,70.2300033569336,67.5,65.75352478027344
2016-02-16,144500,64.45999908447266,66.1500015258789,66.48999786376953,63.77000045776367,62.828189849853516
2016-02-12,158500,62.599998474121094,63.5,64.43000030517578,61.90999984741211,60.31126403808594
2016-02-11,139500,62.18000030517578,62.2599983215332,62.779998779296875,60.54999923706055,59.1335334777832
2016-02-10,134900,64.5199966430664,62.83000183105469,64.94999694824219,62.54999923706055,59.6749153137207
2016-02-09,106500,65.25,63.880001068115234,66.55000305175781,62.84000015258789,60.67218780517578
2016-02-08,128400,66.0,65.7699966430664,66.30000305175781,64.25,62.46727752685547
2016-02-05,151900,67.55999755859375,66.9000015258789,68.88999938964844,66.52999877929688,63.54051971435547
2016-02-04,139900,68.66999816894531,68.02999877929688,69.36000061035156,67.68000030517578,64.6137924194336
2016-02-03,195700,69.0999984741211,69.41000366210938,69.62000274658203,67.30999755859375,65.92447662353516
2016-02-02,169400,68.83000183105469,68.56999969482422,69.75,68.05999755859375,65.12666320800781
2016-02-01,207300,69.19000244140625,68.76000213623047,69.41999816894531,68.5,65.30712890625
2016-01-29,208200,67.43000030517578,69.86000061035156,69.86000061035156,67.04000091552734,66.35189819335938
2016-01-28,174800,66.01000213623047,67.3499984741211,67.37000274658203,65.29000091552734,63.96793746948242
2016-01-27,176500,63.779998779296875,65.0,65.91000366210938,62.7599983215332,61.735939025878906
2016-01-26,112800,62.349998474121094,64.0999984741211,64.30000305175781,61.900001525878906,60.881141662597656
2016-01-25,87900,61.25,62.02000045776367,62.369998931884766,60.7400016784668,58.90558624267578
2016-01-22,184100,61.56999969482422,61.4900016784668,62.650001525878906,60.95000076293945,58.4022102355957
2016-01-21,130800,60.970001220703125,60.79999923706055,62.0,60.0,57.746849060058594
2016-01-20,114800,58.65999984741211,60.599998474121094,61.380001068115234,57.400001525878906,57.55689239501953
2016-01-19,167800,61.08000183105469,59.5,61.52000045776367,58.25,56.51212692260742
2016-01-15,194000,59.18000030517578,60.45000076293945,61.45000076293945,58.709999084472656,57.41443634033203
2016-01-14,184900,60.18000030517578,60.59000015258789,61.279998779296875,58.79999923706055,57.547393798828125
2016-01-13,220700,59.75,60.09000015258789,61.95000076293945,59.47999954223633,57.0724983215332
2016-01-12,181300,57.25,60.0,60.65999984741211,57.25,56.74958038330078
2016-01-11,140300,56.709999084472656,55.90999984741211,57.459999084472656,54.790000915527344,52.88114547729492
2016-01-08,190100,59.470001220703125,56.599998474121094,59.939998626708984,55.130001068115234,53.53376770019531
2016-01-07,175000,59.22999954223633,59.08000183105469,61.0,58.560001373291016,55.879417419433594
2016-01-06,155900,60.25,60.34000015258789,60.970001220703125,59.099998474121094,57.07115936279297
2016-01-05,138400,62.5099983215332,61.09000015258789,62.97999954223633,60.709999084472656,57.7805290222168
2016-01-04,217500,62.22999954223633,62.06999969482422,62.97999954223633,61.529998779296875,58.707435607910156
2015-12-31,179900,64.68000030517578,63.81999969482422,65.16999816894531,63.790000915527344,60.362632751464844
2015-12-30,106900,65.18000030517578,64.87000274658203,65.44000244140625,64.56999969482422,61.35576248168945
2015-12-29,90000,64.8499984741211,65.30000305175781,65.33000183105469,64.12000274658203,61.7624626159668
2015-12-28,96400,63.7599983215332,64.19999694824219,64.58999633789062,63.15999984741211,60.7220458984375
2015-12-24,69300,65.02999877929688,63.97999954223633,65.30999755859375,63.720001220703125,60.51396560668945
2015-12-23,102400,63.7400016784668,64.91000366210938,65.0,62.939998626708984,61.393585205078125
2015-12-22,95300,62.68000030517578,63.13999938964844,63.220001220703125,61.060001373291016,59.71946716308594
2015-12-21,99700,61.4900016784668,62.470001220703125,62.4900016784668,61.06999969482422,59.085777282714844
2015-12-18,197600,63.310001373291016,61.310001373291016,63.310001373291016,60.959999084472656,57.98861312866211
2015-12-17,127700,65.19999694824219,63.7400016784668,65.4000015258789,63.0,60.28696823120117
2015-12-16,116500,63.810001373291016,65.0999984741211,65.55999755859375,63.720001220703125,61.57328414916992
2015-12-15,152000,63.959999084472656,63.290000915527344,64.48999786376953,62.459999084472656,59.86134338378906
2015-12-14,318400,60.84000015258789,63.77000045776367,64.68000030517578,60.650001525878906,60.31534194946289
2015-12-11,169000,60.91999816894531,60.880001068115234,61.7599983215332,60.560001373291016,57.581912994384766
2015-12-10,186200,62.75,62.02000045776367,62.84000015258789,61.33000183105469,58.66014862060547
2015-12-09,673700,67.94999694824219,63.04999923706055,67.94999694824219,60.029998779296875,59.63434982299805
2015-12-08,168600,69.37999725341797,68.8499984741211,70.02999877929688,68.5,65.12013244628906
2015-12-07,135800,70.18000030517578,69.5999984741211,70.18000030517578,68.4800033569336,65.82951354980469
2015-12-04,174700,68.80999755859375,70.33999633789062,70.61000061035156,68.01000213623047,66.5294189453125
2015-12-03,177500,70.22000122070312,68.48999786376953,70.22000122070312,67.58000183105469,64.7796401977539
2015-12-02,156300,67.9000015258789,69.0,69.80000305175781,67.79000091552734,65.26202392578125
2015-12-01,89100,68.26000213623047,67.93000030517578,68.54000091552734,67.58999633789062,64.24998474121094
2015-11-30,87700,68.44999694824219,67.94000244140625,68.44999694824219,66.79000091552734,64.25942993164062
2015-11-27,44700,69.0,68.55999755859375,69.16000366210938,67.94999694824219,64.84585571289062
2015-11-25,115900,69.11000061035156,68.91999816894531,69.69000244140625,68.45999908447266,65.18634796142578
2015-11-24,91100,68.01000213623047,68.88999938964844,69.51000213623047,67.38999938964844,65.15797424316406
2015-11-23,89400,69.12000274658203,68.3499984741211,69.2699966430664,68.04000091552734,64.6472396850586
2015-11-20,111700,67.27999877929688,68.9800033569336,69.08000183105469,67.2699966430664,65.24309539794922
2015-11-19,155600,64.9000015258789,66.58000183105469,67.75,64.61000061035156,62.97312545776367
2015-11-18,127500,62.20000076293945,65.19999694824219,65.29000091552734,61.95000076293945,61.66787338256836
2015-11-17,151200,63.40999984741211,61.86000061035156,63.40999984741211,61.18000030517578,58.50880813598633
2015-11-16,236600,60.9900016784668,63.58000183105469,63.65999984741211,60.95000076293945,60.13563537597656
2015-11-13,303400,66.0199966430664,61.040000915527344,66.12000274658203,60.369998931884766,57.733238220214844
2015-11-12,89400,66.01000213623047,67.0199966430664,67.19000244140625,65.5999984741211,63.3892707824707
2015-11-11,107000,67.7699966430664,66.36000061035156,67.7699966430664,65.83000183105469,62.765037536621094
2015-11-10,228000,67.86000061035156,67.95999908447266,68.33999633789062,66.2699966430664,64.27835845947266
2015-11-09,119500,71.41000366210938,68.12000274658203,71.41000366210938,68.06999969482422,64.42967224121094
2015-11-06,72000,72.9800033569336,71.76000213623047,73.43000030517578,71.08000183105469,67.87248992919922
2015-11-05,108200,71.91000366210938,73.43000030517578,73.79000091552734,71.16000366210938,69.4520263671875
2015-11-04,122300,72.86000061035156,71.7300033569336,73.27999877929688,71.08999633789062,67.84412384033203
2015-11-03,133100,73.7699966430664,72.73999786376953,74.72000122070312,72.33999633789062,68.79940032958984
2015-11-02,87400,72.91999816894531,73.79000091552734,73.88999938964844,71.51000213623047,69.79252624511719
2015-10-30,91700,72.12000274658203,72.81999969482422,73.12999725341797,71.91999816894531,68.87508392333984
2015-10-29,79900,72.5,72.29000091552734,73.26000213623047,72.16999816894531,68.373779296875
2015-10-28,98700,70.33999633789062,72.66999816894531,72.9800033569336,70.01000213623047,68.73320007324219
2015-10-27,114200,70.77999877929688,70.12000274658203,71.38999938964844,69.58000183105469,66.32132720947266
2015-10-26,267800,70.02999877929688,71.01000213623047,72.80999755859375,69.63999938964844,67.16312408447266
2015-10-23,163300,73.58999633789062,68.97000122070312,73.80999755859375,67.62000274658203,65.23365020751953
2015-10-22,90000,74.33000183105469,73.51000213623047,74.9000015258789,72.56999969482422,69.52769470214844
2015-10-21,144000,75.77999877929688,73.7699966430664,76.55000305175781,73.52999877929688,69.77359771728516
2015-10-20,181900,75.70999908447266,75.44000244140625,76.83999633789062,74.18000030517578,71.35313415527344
2015-10-19,187300,74.4000015258789,75.66000366210938,76.26000213623047,73.75,71.56122589111328
2015-10-16,143000,73.76000213623047,74.58000183105469,74.9800033569336,72.87999725341797,70.53972625732422
2015-10-15,139900,73.08999633789062,73.37999725341797,73.80000305175781,72.05999755859375,69.40473175048828
2015-10-14,127600,73.33999633789062,72.94000244140625,73.97000122070312,72.33000183105469,68.98857116699219
2015-10-13,87100,73.8499984741211,73.41999816894531,75.1500015258789,73.0999984741211,69.20610046386719
2015-10-12,127000,74.47000122070312,74.12999725341797,75.0,73.44000244140625,69.87535858154297
2015-10-09,151200,74.73999786376953,74.19999694824219,74.73999786376953,73.02999877929688,69.94133758544922
2015-10-08,185500,73.56999969482422,74.80999755859375,75.30999755859375,73.29000091552734,70.51631927490234
2015-10-07,193900,73.33999633789062,73.9000015258789,75.23999786376953,72.16000366210938,69.6585693359375
2015-10-06,132800,76.91000366210938,73.29000091552734,77.13999938964844,72.9000015258789,69.08356475830078
2015-10-05,209600,75.44000244140625,76.98999786376953,77.08000183105469,75.16000366210938,72.57120513916016
2015-10-02,122600,73.29000091552734,74.94000244140625,74.98999786376953,72.05999755859375,70.63887023925781
2015-10-01,197800,73.77999877929688,73.93000030517578,74.0,72.12000274658203,69.68684387207031
2015-09-30,159000,73.80000305175781,73.87999725341797,74.48999786376953,72.61000061035156,69.63970184326172
2015-09-29,201600,71.94999694824219,73.12999725341797,73.77999877929688,70.58000183105469,68.93274688720703
2015-09-28,195200,74.88999938964844,71.81999969482422,74.88999938964844,71.12999725341797,67.69792175292969
2015-09-25,141400,76.52999877929688,75.25,76.8499984741211,74.91999816894531,70.93106842041016
2015-09-24,152300,76.80999755859375,76.18000030517578,77.0,75.55999755859375,71.80770874023438
2015-09-23,149900,79.08000183105469,77.3499984741211,79.4000015258789,77.0,72.91055297851562
2015-09-22,147800,79.94000244140625,78.7699966430664,80.86000061035156,78.44999694824219,74.24903869628906
2015-09-21,78200,80.20999908447266,80.77999877929688,82.44000244140625,79.87999725341797,76.14368438720703
2015-09-18,159900,81.66999816894531,79.62000274658203,82.80000305175781,79.30999755859375,75.0502700805664
2015-09-17,130800,81.80000305175781,82.26000213623047,83.16000366210938,81.70999908447266,77.53875732421875
2015-09-16,153300,79.80999755859375,82.38999938964844,82.70999908447266,79.80000305175781,77.66128540039062
2015-09-15,169900,79.08000183105469,79.93000030517578,80.0,78.68000030517578,75.34246826171875
2015-09-14,105600,80.91000366210938,79.05000305175781,81.56999969482422,78.9000015258789,74.51297760009766
2015-09-11,110600,80.13999938964844,81.11000061035156,81.38999938964844,79.9000015258789,76.45474243164062
2015-09-10,128400,81.70999908447266,80.47000122070312,82.93000030517578,80.06999969482422,75.85147857666016
2015-09-09,217800,85.58000183105469,81.62999725341797,85.91999816894531,81.45999908447266,76.94489288330078
2015-09-08,192600,83.37999725341797,84.91999816894531,85.1500015258789,83.0,80.04607391357422
2015-09-04,367200,78.73999786376953,82.63999938964844,83.61000061035156,78.0199966430664,77.89691925048828
2015-09-03,567500,83.76000213623047,78.94999694824219,83.80999755859375,78.54000091552734,74.41871643066406
2015-09-02,285500,81.5,83.55999755859375,84.56999969482422,81.5,78.76412963867188
2015-09-01,257500,83.01000213623047,81.56999969482422,84.25,81.41000366210938,76.88833618164062
2015-08-31,152900,81.04000091552734,84.16000366210938,84.61000061035156,80.83000183105469,79.32969665527344
2015-08-28,205300,81.83000183105469,81.5199966430664,82.91999816894531,80.76000213623047,76.8412094116211
2015-08-27,181100,80.91000366210938,82.48999786376953,83.7300033569336,80.5999984741211,77.75553894042969
2015-08-26,174700,80.97000122070312,80.5,81.76000213623047,79.0199966430664,75.8797607421875
2015-08-25,207200,82.68000030517578,79.94000244140625,84.26000213623047,79.86000061035156,75.35189819335938
2015-08-24,145800,78.98999786376953,81.0,82.61000061035156,78.73999786376953,76.35106658935547
2015-08-21,127800,83.86000061035156,82.41999816894531,84.08000183105469,81.55999755859375,77.6895523071289
2015-08-20,65100,86.86000061035156,85.18000030517578,86.86000061035156,85.06999969482422,80.29114532470703
2015-08-19,127000,87.70999908447266,87.47000122070312,88.62999725341797,86.6500015258789,82.44971466064453
2015-08-18,162000,90.66999816894531,88.52999877929688,91.23999786376953,88.31999969482422,83.44886016845703
2015-08-17,206600,87.52999877929688,90.4000015258789,90.4000015258789,86.2300033569336,85.2115478515625
2015-08-14,161200,84.44999694824219,87.55000305175781,87.79000091552734,84.27999877929688,82.52513885498047
2015-08-13,99100,85.20999908447266,84.55999755859375,85.87999725341797,84.26000213623047,79.70673370361328
2015-08-12,134400,85.7699966430664,85.08999633789062,85.7699966430664,83.61000061035156,80.20631408691406
2015-08-11,128100,85.3499984741211,86.4800033569336,86.86000061035156,84.79000091552734,81.51655578613281
2015-08-10,93800,85.80000305175781,86.0199966430664,87.13999938964844,85.30000305175781,81.08293914794922
2015-08-07,79100,84.01000213623047,85.31999969482422,85.63999938964844,83.68000030517578,80.42311096191406
2015-08-06,124000,84.30000305175781,84.36000061035156,84.91999816894531,82.9800033569336,79.51821899414062
2015-08-05,102500,82.05999755859375,84.54000091552734,85.08000183105469,82.05999755859375,79.6878890991211
2015-08-04,133700,80.41000366210938,81.87999725341797,82.70999908447266,80.0,77.18054962158203
2015-08-03,117100,83.68000030517578,80.2300033569336,83.94000244140625,80.05000305175781,75.62525939941406
2015-07-31,159400,84.36000061035156,83.93000030517578,84.5999984741211,83.08000183105469,79.11287689208984
2015-07-30,158500,84.08000183105469,84.08999633789062,84.62999725341797,83.7699966430664,79.26370239257812
2015-07-29,140100,84.72000122070312,84.52999877929688,84.7699966430664,83.4000015258789,79.67845916748047
2015-07-28,229400,84.01000213623047,84.37000274658203,84.72000122070312,82.44999694824219,79.52764129638672
2015-07-27,140600,83.66000366210938,83.56999969482422,84.27999877929688,82.44000244140625,78.77356719970703
2015-07-24,106400,83.73999786376953,83.62999725341797,84.12999725341797,82.87999725341797,78.83012390136719
2015-07-23,117100,84.93000030517578,83.91999816894531,85.5199966430664,83.56999969482422,79.10345458984375
2015-07-22,103900,84.66999816894531,85.19999694824219,85.62000274658203,84.0999984741211,80.31001281738281
2015-07-21,107700,84.0,84.55000305175781,84.98999786376953,83.5999984741211,79.69730377197266
2015-07-20,227000,83.95999908447266,84.12999725341797,85.01000213623047,83.48999786376953,79.3014144897461
2015-07-17,161400,83.98999786376953,84.22000122070312,84.38999938964844,82.79000091552734,79.3862533569336
2015-07-16,181900,84.54000091552734,84.25,85.13999938964844,83.5999984741211,79.41453552246094
2015-07-15,257000,85.55000305175781,84.02999877929688,85.80999755859375,83.5999984741211,79.2071533203125
2015-07-14,161500,87.37999725341797,86.16999816894531,87.37999725341797,85.80999755859375,80.98869323730469
2015-07-13,150600,86.9000015258789,87.58000183105469,88.47000122070312,86.29000091552734,82.31388854980469
2015-07-10,129800,86.13999938964844,86.25,86.4800033569336,84.95999908447266,81.0638656616211
2015-07-09,192900,88.5199966430664,85.0,88.94000244140625,84.91000366210938,79.88902282714844
2015-07-08,223500,87.58000183105469,87.69999694824219,88.6500015258789,86.55999755859375,82.42668151855469
2015-07-07,225200,86.87999725341797,87.97000122070312,88.30000305175781,86.19000244140625,82.6804428100586
2015-07-06,153600,85.95999908447266,87.08000183105469,88.62999725341797,85.20999908447266,81.84397888183594
2015-07-02,207600,86.5,86.37000274658203,86.87000274658203,84.62000274658203,81.1766586303711
2015-07-01,163100,87.91999816894531,86.12999725341797,88.58000183105469,85.5,80.9510726928711
2015-06-30,165500,87.7300033569336,87.44999694824219,88.87000274658203,86.86000061035156,82.19171142578125
2015-06-29,159100,88.79000091552734,86.77999877929688,89.33999633789062,86.55000305175781,81.56200408935547
2015-06-26,157300,88.83999633789062,89.44000244140625,90.0,88.55000305175781,84.06205749511719
2015-06-25,136300,87.87999725341797,88.9000015258789,89.77999877929688,87.19999694824219,83.55451202392578
2015-06-24,120300,88.1500015258789,87.4000015258789,88.77999877929688,86.72000122070312,82.14472961425781
2015-06-23,161500,88.33999633789062,88.5,89.29000091552734,88.08000183105469,83.17858123779297
2015-06-22,152000,89.58000183105469,88.41000366210938,90.0,88.04000091552734,83.09400177001953
2015-06-19,167700,87.94000244140625,88.68000030517578,89.6500015258789,87.52999877929688,83.3477554321289
2015-06-18,172700,86.55000305175781,87.83000183105469,89.69999694824219,86.2699966430664,82.54886627197266
2015-06-17,102800,87.02999877929688,86.36000061035156,87.30999755859375,85.94999694824219,81.1672592163086
2015-06-16,280200,84.3499984741211,86.6500015258789,86.83999633789062,84.11000061035156,81.43982696533203
2015-06-15,182000,83.18000030517578,84.31999969482422,84.94000244140625,82.23999786376953,79.24993133544922
2015-06-12,147500,83.54000091552734,83.94999694824219,84.83999633789062,83.1500015258789,78.90215301513672
2015-06-11,358100,84.87999725341797,83.87999725341797,85.98999786376953,83.58000183105469,78.83638000488281
2015-06-10,1127400,89.33000183105469,84.55000305175781,89.79000091552734,84.13999938964844,79.46607971191406
2015-06-09,465700,79.33999633789062,81.01000213623047,82.26000213623047,78.02999877929688,76.13894653320312
2015-06-08,205100,78.66000366210938,79.55000305175781,80.36000061035156,77.9800033569336,74.7667465209961
2015-06-05,151700,78.5999984741211,79.11000061035156,79.55000305175781,77.19999694824219,74.35317993164062
2015-06-04,238800,77.2300033569336,78.52999877929688,79.4800033569336,77.19999694824219,73.80806732177734
2015-06-03,86900,76.30000305175781,77.72000122070312,78.26000213623047,76.26000213623047,73.04676818847656
2015-06-02,85400,75.33000183105469,76.11000061035156,77.25,75.30000305175781,71.5335693359375
2015-06-01,86700,75.8499984741211,75.7699966430664,76.66999816894531,74.3499984741211,71.21401977539062
2015-05-29,118100,76.25,75.87000274658203,77.36000061035156,75.45999908447266,71.3080062866211
2015-05-28,87900,75.8499984741211,76.44999694824219,77.77999877929688,75.83999633789062,71.85313415527344
2015-05-27,116600,74.05999755859375,76.22000122070312,76.51000213623047,73.36000061035156,71.636962890625
2015-05-26,110500,76.54000091552734,73.83999633789062,76.54000091552734,73.77999877929688,69.40005493164062
2015-05-22,58600,77.58999633789062,76.9800033569336,77.86000061035156,76.69000244140625,72.35126495361328
2015-05-21,76400,78.77999877929688,77.6500015258789,79.01000213623047,77.20999908447266,72.98098754882812
2015-05-20,141400,77.51000213623047,78.72000122070312,79.5999984741211,77.06999969482422,73.98663330078125
2015-05-19,54400,76.41000366210938,77.19000244140625,77.3499984741211,76.41000366210938,72.54863739013672
2015-05-18,97700,76.19999694824219,76.62000274658203,76.6500015258789,75.81999969482422,72.01292419433594
2015-05-15,64700,76.44000244140625,76.33999633789062,76.86000061035156,75.94999694824219,71.749755859375
2015-05-14,110300,76.0199966430664,76.33999633789062,77.69999694824219,74.54000091552734,71.749755859375
2015-05-13,121700,76.02999877929688,75.29000091552734,76.02999877929688,74.5999984741211,70.76287841796875
2015-05-12,63000,76.08999633789062,75.94999694824219,76.5999984741211,75.0,71.38319396972656
2015-05-11,93900,75.95999908447266,76.41999816894531,77.62999725341797,75.9000015258789,71.82493591308594
2015-05-08,109200,77.30999755859375,76.30000305175781,78.0199966430664,76.05000305175781,71.71216583251953
2015-05-07,108500,76.86000061035156,76.6500015258789,77.3499984741211,76.2699966430664,72.04109954833984
2015-05-06,93600,76.83999633789062,76.7699966430664,77.4000015258789,75.61000061035156,72.15387725830078
2015-05-05,133900,77.5199966430664,76.88999938964844,78.66999816894531,76.56999969482422,72.26667022705078
2015-05-04,153000,78.0,77.29000091552734,78.86000061035156,76.55999755859375,72.64262390136719
2015-05-01,140200,79.88999938964844,78.11000061035156,79.91999816894531,77.66000366210938,73.413330078125
2015-04-30,198800,79.0,79.44999694824219,79.75,78.48999786376953,74.67274475097656
2015-04-29,162800,78.80999755859375,79.33000183105469,79.98999786376953,77.66000366210938,74.55995178222656
2015-04-28,187700,79.08999633789062,79.23999786376953,80.0999984741211,78.3499984741211,74.47537231445312
2015-04-27,322300,80.30999755859375,79.08999633789062,80.31999969482422,78.69999694824219,74.33438110351562
2015-04-24,213700,80.19000244140625,79.94000244140625,80.93000030517578,78.5,75.1332778930664
2015-04-23,332300,79.30999755859375,80.0999984741211,80.36000061035156,79.0,75.2836685180664
2015-04-22,271200,80.0,79.41999816894531,80.0,78.2300033569336,74.6445541381836
2015-04-21,456600,78.02999877929688,79.94999694824219,80.0,77.0999984741211,75.1426773071289
2015-04-20,975300,75.81999969482422,77.93000030517578,80.19000244140625,74.25,73.24414825439453
2015-04-17,199200,73.02999877929688,73.04000091552734,73.5,72.02999877929688,68.64817810058594
2015-04-16,163900,72.54000091552734,73.69000244140625,74.25,72.41999816894531,69.25909423828125
2015-04-15,157200,73.5999984741211,72.94000244140625,74.88999938964844,72.87000274658203,68.55418395996094
2015-04-14,234400,74.38999938964844,73.77999877929688,74.94999694824219,72.9000015258789,69.10871124267578
2015-04-13,184300,75.73999786376953,74.58000183105469,76.01000213623047,74.22000122070312,69.85807037353516
2015-04-10,186900,74.80999755859375,75.37000274658203,75.58000183105469,74.48999786376953,70.59803771972656
2015-04-09,225700,77.33999633789062,74.5999984741211,77.33999633789062,73.45999908447266,69.87679290771484
2015-04-08,224100,75.58999633789062,77.33000183105469,77.41999816894531,75.58999633789062,72.43392944335938
2015-04-07,142100,75.91999816894531,75.5,75.93000030517578,75.08000183105469,70.71981811523438
2015-04-06,206600,74.4000015258789,75.6500015258789,76.79000091552734,74.02999877929688,70.86030578613281
2015-04-02,353000,74.44999694824219,74.33999633789062,75.66000366210938,74.05999755859375,69.63324737548828
2015-04-01,395400,75.05000305175781,74.2300033569336,75.16999816894531,73.33999633789062,69.53022003173828
2015-03-31,416100,72.2699966430664,75.44999694824219,76.30000305175781,71.76000213623047,70.67298889160156
2015-03-30,289300,71.5,72.16000366210938,73.13999938964844,71.5,67.59127807617188
2015-03-27,1118200,68.88999938964844,70.80000305175781,73.94999694824219,67.97000122070312,66.31737518310547
2015-03-26,207500,57.68000030517578,59.5099983215332,60.65999984741211,57.16999816894531,55.742191314697266
2015-03-25,151800,59.369998931884766,57.58000183105469,59.369998931884766,57.5,53.934391021728516
2015-03-24,215000,59.11000061035156,59.0099983215332,59.70000076293945,58.54999923706055,55.273860931396484
2015-03-23,138000,58.33000183105469,59.310001373291016,59.4900016784668,58.18000030517578,55.55485534667969
2015-03-20,140000,58.75,58.380001068115234,59.349998474121094,58.040000915527344,54.683746337890625
2015-03-19,137900,57.560001373291016,58.459999084472656,58.70000076293945,56.900001525878906,54.75867462158203
2015-03-18,97300,56.16999816894531,57.70000076293945,58.290000915527344,55.22999954223633,54.046791076660156
2015-03-17,65300,55.83000183105469,56.52000045776367,56.63999938964844,55.52000045776367,52.94150161743164
2015-03-16,68200,56.2400016784668,56.13999938964844,56.439998626708984,55.63999938964844,52.58555603027344
2015-03-13,109000,56.0099983215332,56.150001525878906,56.619998931884766,54.529998779296875,52.59493637084961
2015-03-12,171000,53.63999938964844,56.40999984741211,57.09000015258789,53.63999938964844,52.83845520019531
2015-03-11,106900,52.470001220703125,53.380001068115234,53.439998626708984,51.79999923706055,50.00032043457031
2015-03-10,82300,51.58000183105469,52.439998626708984,52.560001373291016,51.130001068115234,49.11982345581055
2015-03-09,52400,53.029998779296875,51.9900016784668,53.33000183105469,51.72999954223633,48.69831848144531
2015-03-06,51300,54.06999969482422,52.709999084472656,54.27000045776367,52.689998626708984,49.37273406982422
2015-03-05,46300,55.380001068115234,54.529998779296875,55.380001068115234,53.66999816894531,51.07749938964844
2015-03-04,32600,54.529998779296875,54.310001373291016,54.869998931884766,54.0,50.87143325805664
2015-03-03,37800,55.2599983215332,54.779998779296875,55.2599983215332,54.2400016784668,51.31167984008789
2015-03-02,55700,54.849998474121094,55.540000915527344,56.400001525878906,54.720001220703125,52.02355194091797
2015-02-27,83200,54.529998779296875,55.029998779296875,55.65999984741211,54.400001525878906,51.54584884643555
2015-02-26,48300,54.5,54.459999084472656,54.66999816894531,54.189998626708984,51.01192855834961
2015-02-25,57200,54.2400016784668,54.56999969482422,55.040000915527344,54.13999938964844,51.114967346191406
2015-02-24,59700,54.27000045776367,54.31999969482422,54.97999954223633,54.06999969482422,50.880794525146484
2015-02-23,60000,54.0,54.16999816894531,54.470001220703125,53.790000915527344,50.740291595458984
2015-02-20,410900,52.65999984741211,54.310001373291016,54.380001068115234,52.220001220703125,50.87143325805664
2015-02-19,247600,52.47999954223633,52.52000045776367,53.0,52.0,49.194766998291016
2015-02-18,128600,52.75,52.369998931884766,53.189998626708984,52.2400016784668,49.05425262451172
2015-02-17,106500,53.560001373291016,53.040000915527344,53.79999923706055,53.040000915527344,49.68183898925781
2015-02-13,156200,54.599998474121094,53.689998626708984,54.93000030517578,53.689998626708984,50.290687561035156
2015-02-12,166800,55.18000030517578,54.619998931884766,55.439998626708984,54.540000915527344,51.16179656982422
2015-02-11,145200,55.029998779296875,54.84000015258789,55.13999938964844,54.720001220703125,51.36786651611328
2015-02-10,119800,55.86000061035156,54.97999954223633,56.33000183105469,54.869998931884766,51.49900436401367
2015-02-09,172000,55.9900016784668,55.34000015258789,56.2400016784668,55.16999816894531,51.83620834350586
2015-02-06,145000,57.09000015258789,56.25,57.2599983215332,56.130001068115234,52.688602447509766
2015-02-05,56700,56.66999816894531,57.13999938964844,57.33000183105469,56.29999923706055,53.52225112915039
2015-02-04,64600,57.34000015258789,56.33000183105469,57.72999954223633,56.220001220703125,52.76353454589844
2015-02-03,85800,57.22999954223633,57.720001220703125,57.869998931884766,57.08000183105469,54.065528869628906
2015-02-02,84900,56.220001220703125,56.70000076293945,56.79999923706055,55.36000061035156,53.110111236572266
2015-01-30,101600,58.09000015258789,55.939998626708984,58.45000076293945,55.83000183105469,52.39822769165039
2015-01-29,101200,58.529998779296875,58.709999084472656,59.0,57.709999084472656,54.99284744262695
2015-01-28,115500,58.86000061035156,58.290000915527344,59.2400016784668,58.0,54.59945297241211
2015-01-27,99600,56.939998626708984,58.41999816894531,58.7599983215332,56.709999084472656,54.7212028503418
2015-01-26,205300,56.58000183105469,57.380001068115234,57.470001220703125,55.75,53.74705505371094
2015-01-23,132900,58.20000076293945,56.720001220703125,58.91999816894531,56.52000045776367,53.12884521484375
2015-01-22,160600,56.40999984741211,58.029998779296875,58.08000183105469,55.869998931884766,54.35589599609375
2015-01-21,125700,55.15999984741211,56.11000061035156,56.33000183105469,55.13999938964844,52.55746078491211
2015-01-20,175300,55.88999938964844,55.189998626708984,55.900001525878906,54.81999969482422,51.695716857910156
2015-01-16,155200,54.04999923706055,55.7400016784668,55.91999816894531,54.04999923706055,52.21088409423828
2015-01-15,135400,55.470001220703125,54.220001220703125,55.59000015258789,53.470001220703125,50.78712844848633
2015-01-14,92800,55.029998779296875,55.36000061035156,55.709999084472656,54.38999938964844,51.85494613647461
2015-01-13,141800,57.06999969482422,55.59000015258789,57.849998474121094,54.779998779296875,51.873680114746094
2015-01-12,252300,53.939998626708984,56.709999084472656,56.880001068115234,53.56999969482422,52.91880416870117
2015-01-09,111800,54.75,54.2400016784668,54.75,53.54999923706055,50.61393737792969
2015-01-08,286200,51.93000030517578,54.689998626708984,54.95000076293945,51.77000045776367,51.033843994140625
2015-01-07,119500,50.72999954223633,51.279998779296875,51.95000076293945,50.29999923706055,47.85181427001953
2015-01-06,114400,52.38999938964844,50.2599983215332,52.38999938964844,50.130001068115234,46.900001525878906
2015-01-05,112900,53.849998474121094,52.459999084472656,53.849998474121094,52.18000030517578,48.95293426513672
2015-01-02,100000,55.310001373291016,54.04999923706055,55.900001525878906,53.060001373291016,50.43663024902344
2014-12-31,76100,55.61000061035156,55.209999084472656,56.41999816894531,55.029998779296875,51.519081115722656
2014-12-30,73600,55.83000183105469,55.43000030517578,56.310001373291016,55.29999923706055,51.72438430786133
2014-12-29,102800,54.650001525878906,55.779998779296875,56.0099983215332,54.459999084472656,52.050987243652344
2014-12-26,39800,54.59000015258789,54.7400016784668,54.9900016784668,54.2400016784668,51.080509185791016
2014-12-24,27600,55.11000061035156,54.369998931884766,55.4900016784668,54.33000183105469,50.73523712158203
2014-12-23,105400,55.290000915527344,55.290000915527344,56.02000045776367,54.959999084472656,51.5937385559082
2014-12-22,76200,53.63999938964844,54.75,54.79999923706055,53.63999938964844,51.089847564697266
2014-12-19,175200,54.0,53.380001068115234,54.0,52.66999816894531,49.811431884765625
2014-12-18,266700,54.52000045776367,54.029998779296875,55.04999923706055,53.9900016784668,50.41797637939453
2014-12-17,216000,53.560001373291016,54.22999954223633,54.959999084472656,53.0,50.60460662841797
2014-12-16,151600,53.97999954223633,53.470001220703125,54.79999923706055,52.91999816894531,49.89540100097656
2014-12-15,128700,56.58000183105469,53.939998626708984,56.58000183105469,53.7400016784668,50.333980560302734
2014-12-12,225000,56.470001220703125,56.0099983215332,56.47999954223633,55.0099983215332,52.26559829711914
2014-12-11,528300,59.04999923706055,56.77000045776367,59.04999923706055,56.119998931884766,52.974788665771484
2014-12-10,72700,62.59000015258789,61.27000045776367,62.970001220703125,61.150001525878906,57.1739501953125
2014-12-09,56500,61.790000915527344,62.58000183105469,63.0,61.790000915527344,58.39638900756836
2014-12-08,49800,64.01000213623047,62.61000061035156,64.61000061035156,62.349998474121094,58.42437744140625
2014-12-05,35600,63.84000015258789,64.2699966430664,64.5999984741211,63.459999084472656,59.973392486572266
2014-12-04,124000,65.19000244140625,63.900001525878906,65.5999984741211,63.33000183105469,59.62813949584961
2014-12-03,75100,65.16000366210938,65.43000030517578,66.05999755859375,64.58000183105469,61.055850982666016
2014-12-02,45100,64.98999786376953,64.73999786376953,65.43000030517578,64.52999877929688,60.41197204589844
2014-12-01,84600,65.80000305175781,65.05000305175781,66.25,64.94000244140625,60.701255798339844
2014-11-28,32200,65.5,66.2300033569336,66.94000244140625,65.01000213623047,61.80238342285156
2014-11-26,48200,65.38999938964844,65.55000305175781,66.12000274658203,65.0199966430664,61.1678352355957
2014-11-25,34600,66.19999694824219,65.66999816894531,66.19999694824219,65.22000122070312,61.27980422973633
2014-11-24,46400,65.2699966430664,65.73999786376953,66.01000213623047,65.18000030517578,61.34512710571289
2014-11-21,44900,66.3499984741211,65.30000305175781,67.08000183105469,65.18000030517578,60.934547424316406
2014-11-20,73500,65.44999694824219,65.7300033569336,66.43000030517578,65.30000305175781,61.335819244384766
2014-11-19,62500,65.4000015258789,65.87999725341797,66.31999969482422,65.2699966430664,61.475765228271484
2014-11-18,49500,65.4800033569336,65.41000366210938,66.0999984741211,65.3499984741211,61.03719711303711
2014-11-17,49500,65.19999694824219,65.36000061035156,65.80999755859375,65.01000213623047,60.99052810668945
2014-11-14,33500,65.75,65.5,65.97000122070312,65.30999755859375,61.12117385864258
2014-11-13,58100,66.87999725341797,65.6500015258789,67.12999725341797,65.38999938964844,61.26115036010742
2014-11-12,49400,65.2699966430664,66.70999908447266,66.8499984741211,65.2699966430664,62.25027847290039
2014-11-11,70700,65.80999755859375,65.43000030517578,66.22000122070312,65.25,61.055850982666016
2014-11-10,111500,64.7300033569336,65.66000366210938,65.75,64.7300033569336,61.27048110961914
2014-11-07,96500,63.959999084472656,64.8499984741211,64.97000122070312,63.77000045776367,60.51462173461914
2014-11-06,70800,62.41999816894531,64.16999816894531,64.2699966430664,62.41999816894531,59.880088806152344
2014-11-05,40000,62.43000030517578,62.59000015258789,62.77000045776367,61.91999816894531,58.40571975708008
2014-11-04,45500,61.9900016784668,61.810001373291016,62.11000061035156,61.209999084472656,57.677860260009766
2014-11-03,99300,61.209999084472656,62.11000061035156,62.29999923706055,61.0099983215332,57.957801818847656
2014-10-31,107100,62.439998626708984,61.25,62.439998626708984,60.880001068115234,57.15530014038086
2014-10-30,122600,60.810001373291016,61.13999938964844,61.540000915527344,60.79999923706055,57.05264663696289
2014-10-29,134200,60.279998779296875,61.099998474121094,61.900001525878906,60.279998779296875,57.015316009521484
2014-10-28,118400,60.93000030517578,61.209999084472656,61.5,60.650001525878906,57.11796569824219
2014-10-27,46700,60.849998474121094,60.72999954223633,60.849998474121094,59.61000061035156,56.67005920410156
2014-10-24,35200,61.29999923706055,60.91999816894531,61.720001220703125,60.63999938964844,56.84736251831055
2014-10-23,70400,61.09000015258789,61.130001068115234,61.95000076293945,60.810001373291016,57.0433235168457
2014-10-22,85300,60.0,60.779998779296875,61.709999084472656,59.900001525878906,56.716712951660156
2014-10-21,91800,59.25,60.0,60.16999816894531,58.959999084472656,55.988868713378906
2014-10-20,38200,58.11000061035156,58.86000061035156,58.95000076293945,58.11000061035156,54.925071716308594
2014-10-17,92800,60.15999984741211,58.52000045776367,60.95000076293945,58.31999969482422,54.6077995300293
2014-10-16,102700,58.290000915527344,59.75,60.150001525878906,58.290000915527344,55.755577087402344
2014-10-15,120500,59.400001525878906,59.08000183105469,60.20000076293945,58.56999969482422,55.130367279052734
2014-10-14,62100,59.88999938964844,60.20000076293945,60.959999084472656,59.5099983215332,55.97952651977539
2014-10-13,82900,59.630001068115234,59.439998626708984,60.619998931884766,58.97999954223633,55.27281188964844
2014-10-10,101900,59.59000015258789,59.779998779296875,60.529998779296875,59.59000015258789,55.5889778137207
2014-10-09,115300,61.209999084472656,59.939998626708984,61.70000076293945,59.88999938964844,55.737754821777344
2014-10-08,85900,59.91999816894531,61.41999816894531,61.47999954223633,59.68000030517578,57.11400604248047
2014-10-07,148800,61.2400016784668,60.08000183105469,61.33000183105469,59.709999084472656,55.86795425415039
2014-10-06,38200,62.43000030517578,61.72999954223633,62.43000030517578,61.400001525878906,57.40227127075195
2014-10-03,81500,61.849998474121094,62.33000183105469,63.040000915527344,61.54999923706055,57.960205078125
2014-10-02,85800,59.75,61.15999984741211,61.380001068115234,59.75,56.87222671508789
2014-10-01,146500,60.7599983215332,59.86000061035156,60.7599983215332,59.310001373291016,55.66336441040039
2014-09-30,118100,62.86000061035156,60.9900016784668,63.060001373291016,60.97999954223633,56.71415328979492
2014-09-29,64300,61.849998474121094,62.9900016784668,63.06999969482422,61.849998474121094,58.573936462402344
2014-09-26,61300,62.41999816894531,62.72999954223633,62.959999084472656,61.959999084472656,58.3321647644043
2014-09-25,63200,63.93000030517578,62.380001068115234,63.93000030517578,62.13999938964844,58.00669860839844
2014-09-24,53500,64.20999908447266,64.16999816894531,64.33000183105469,63.709999084472656,59.67120361328125
2014-09-23,75900,63.810001373291016,64.16000366210938,64.44000244140625,63.810001373291016,59.66190719604492
2014-09-22,76600,64.4000015258789,63.9900016784668,64.4000015258789,63.0099983215332,59.50382995605469
2014-09-19,115700,66.18000030517578,64.54000091552734,66.18000030517578,64.05999755859375,60.01527786254883
2014-09-18,72900,65.55000305175781,66.01000213623047,66.05999755859375,65.3499984741211,61.3822135925293
2014-09-17,75300,65.33999633789062,65.2699966430664,65.62999725341797,64.69999694824219,60.69408416748047
2014-09-16,77200,65.30000305175781,65.13999938964844,65.61000061035156,64.79000091552734,60.57319641113281
2014-09-15,97300,65.25,65.44000244140625,65.56999969482422,64.30999755859375,60.85216522216797
2014-09-12,99900,65.2300033569336,65.26000213623047,65.51000213623047,64.55999755859375,60.684791564941406
2014-09-11,147300,63.959999084472656,65.12000274658203,65.41999816894531,63.70000076293945,60.554603576660156
2014-09-10,241400,62.150001525878906,64.20999908447266,64.58999633789062,60.630001068115234,59.708396911621094
2014-09-09,114800,62.34000015258789,61.869998931884766,63.0099983215332,61.279998779296875,57.5324592590332
2014-09-08,45100,61.470001220703125,62.25,62.560001373291016,61.36000061035156,57.88581466674805
2014-09-05,70600,61.79999923706055,61.43000030517578,62.209999084472656,60.68000030517578,57.12329864501953
2014-09-04,82600,62.529998779296875,62.09000015258789,63.130001068115234,61.95000076293945,57.73702621459961
2014-09-03,121300,62.380001068115234,62.209999084472656,62.70000076293945,61.90999984741211,57.84861755371094
2014-09-02,98000,61.63999938964844,61.93000030517578,62.060001373291016,60.939998626708984,57.5882453918457
2014-08-29,97800,61.029998779296875,61.33000183105469,61.47999954223633,60.459999084472656,57.03030776977539
2014-08-28,43500,61.529998779296875,61.04999923706055,61.849998474121094,60.75,56.76994705200195
2014-08-27,130000,62.0099983215332,62.06999969482422,62.470001220703125,61.13999938964844,57.71842575073242
2014-08-26,64200,62.060001373291016,61.54999923706055,62.099998474121094,61.439998626708984,57.23488998413086
2014-08-25,75700,62.08000183105469,61.97999954223633,62.150001525878906,61.33000183105469,57.634735107421875
2014-08-22,67100,61.5099983215332,61.77000045776367,62.060001373291016,60.93000030517578,57.4394645690918
2014-08-21,60600,61.400001525878906,61.43000030517578,61.66999816894531,60.36000061035156,57.12329864501953
2014-08-20,62500,62.540000915527344,61.459999084472656,62.810001373291016,61.119998931884766,57.15119552612305
2014-08-19,34100,62.439998626708984,62.779998779296875,62.9900016784668,62.439998626708984,58.3786506652832
2014-08-18,105800,61.72999954223633,62.279998779296875,62.310001373291016,61.540000915527344,57.91370391845703
2014-08-15,75400,62.380001068115234,61.06999969482422,62.5,60.36000061035156,56.788543701171875
2014-08-14,29300,61.83000183105469,61.709999084472656,62.2599983215332,61.08000183105469,57.383670806884766
2014-08-13,63500,62.060001373291016,61.72999954223633,62.41999816894531,61.38999938964844,57.40227127075195
2014-08-12,40200,62.869998931884766,62.02000045776367,63.290000915527344,61.400001525878906,57.671939849853516
2014-08-11,43700,63.0,63.029998779296875,64.01000213623047,62.880001068115234,58.61111831665039
2014-08-08,91500,61.83000183105469,62.75,63.43000030517578,61.83000183105469,58.35076141357422
2014-08-07,47100,62.40999984741211,61.77000045776367,62.439998626708984,61.29999923706055,57.4394645690918
2014-08-06,67300,60.56999969482422,61.93000030517578,62.099998474121094,60.56999969482422,57.5882453918457
2014-08-05,45900,60.040000915527344,60.86000061035156,61.22999954223633,59.70000076293945,56.593265533447266
2014-08-04,83400,59.45000076293945,60.150001525878906,60.290000915527344,58.209999084472656,55.933040618896484
2014-08-01,63900,59.709999084472656,59.38999938964844,59.970001220703125,58.529998779296875,55.226314544677734
2014-07-31,66700,60.36000061035156,59.56999969482422,60.529998779296875,59.040000915527344,55.39369583129883
2014-07-30,30500,61.66999816894531,60.97999954223633,61.709999084472656,60.880001068115234,56.70484924316406
2014-07-29,30400,61.400001525878906,61.18000030517578,61.97999954223633,61.06999969482422,56.89081954956055
2014-07-28,46200,61.779998779296875,61.25,61.779998779296875,60.38999938964844,56.9559211730957
2014-07-25,43400,62.68000030517578,61.779998779296875,63.040000915527344,61.439998626708984,57.448760986328125
2014-07-24,44300,63.119998931884766,63.15999984741211,63.959999084472656,62.880001068115234,58.73201370239258
2014-07-23,30500,62.97999954223633,62.790000915527344,63.29999923706055,62.59000015258789,58.38794708251953
2014-07-22,72500,62.36000061035156,62.630001068115234,63.029998779296875,62.349998474121094,58.23917770385742
2014-07-21,126500,62.11000061035156,61.97999954223633,62.5,61.040000915527344,57.634735107421875
2014-07-18,102700,62.02000045776367,62.400001525878906,62.68000030517578,61.790000915527344,58.025291442871094
2014-07-17,69300,62.81999969482422,62.18000030517578,63.16999816894531,62.150001525878906,57.820716857910156
2014-07-16,65300,64.08000183105469,63.279998779296875,64.08000183105469,63.04999923706055,58.84360122680664
2014-07-15,95000,65.44999694824219,63.90999984741211,65.44999694824219,63.869998931884766,59.23415756225586
2014-07-14,37900,66.04000091552734,65.62000274658203,66.27999877929688,65.3499984741211,60.819061279296875
2014-07-11,57600,66.02999877929688,65.4000015258789,66.02999877929688,65.08999633789062,60.615150451660156
2014-07-10,74900,65.93000030517578,65.87999725341797,66.91000366210938,65.0,61.06001663208008
2014-07-09,61700,66.9800033569336,67.05000305175781,67.69999694824219,66.62999725341797,62.14442443847656
2014-07-08,122200,67.30000305175781,66.70999908447266,67.37000274658203,65.81999969482422,61.82929229736328
2014-07-07,74700,67.91000366210938,67.27999877929688,68.55999755859375,67.1500015258789,62.35758972167969
2014-07-03,43000,68.0999984741211,68.4000015258789,68.86000061035156,67.43000030517578,63.39564895629883
2014-07-02,50200,68.08000183105469,67.94999694824219,68.54000091552734,67.7699966430664,62.978572845458984
2014-07-01,100900,66.94999694824219,67.94999694824219,68.76000213623047,66.94999694824219,62.978572845458984
2014-06-30,164300,67.9000015258789,66.66999816894531,69.20999908447266,66.5999984741211,61.79222869873047
2014-06-27,164400,67.93000030517578,67.9800033569336,68.75,67.86000061035156,63.00638198852539
2014-06-26,120000,67.0199966430664,68.43000030517578,68.62000274658203,66.6500015258789,63.423458099365234
2014-06-25,96200,67.33000183105469,67.31999969482422,67.81999969482422,66.51000213623047,62.3946647644043
2014-06-24,118500,67.62999725341797,67.52999877929688,69.22000122070312,67.29000091552734,62.58930587768555
2014-06-23,62400,68.0,67.72000122070312,68.54000091552734,67.38999938964844,62.765411376953125
2014-06-20,118000,68.72000122070312,68.2300033569336,69.18000030517578,68.20999908447266,63.23809051513672
2014-06-19,46500,69.20999908447266,68.33999633789062,69.41999816894531,68.20999908447266,63.340049743652344
2014-06-18,88000,70.05000305175781,69.0199966430664,70.16000366210938,68.79000091552734,63.97028732299805
2014-06-17,170100,70.0,69.76000213623047,70.3499984741211,69.31999969482422,64.65614318847656
2014-06-16,107900,69.66999816894531,70.0199966430664,70.0999984741211,69.11000061035156,64.89713287353516
2014-06-13,99700,69.6500015258789,69.52999877929688,70.04000091552734,69.0,64.44297790527344
2014-06-12,125500,69.38999938964844,69.20999908447266,70.2699966430664,68.5999984741211,64.1463851928711
2014-06-11,370400,70.80000305175781,69.66000366210938,71.44000244140625,68.1500015258789,64.5634765625
2014-06-10,381300,68.75,72.47000122070312,72.62999725341797,68.23999786376953,67.16790008544922
2014-06-09,288800,66.44000244140625,68.75,68.83999633789062,66.44000244140625,63.72004699707031
2014-06-06,132400,65.8499984741211,64.95999908447266,65.9000015258789,64.7699966430664,60.207332611083984
2014-06-05,177600,66.08000183105469,65.48999786376953,66.63999938964844,65.0,60.69855499267578
2014-06-04,108500,64.19999694824219,66.2699966430664,66.76000213623047,63.33000183105469,61.421485900878906
2014-06-03,96500,64.55999755859375,64.5,64.80999755859375,63.529998779296875,59.7809944152832
2014-06-02,99500,64.1500015258789,64.5999984741211,65.26000213623047,62.97999954223633,59.87366485595703
2014-05-30,104600,64.87000274658203,63.93000030517578,65.30000305175781,63.63999938964844,59.2526969909668
2014-05-29,31800,65.61000061035156,64.66000366210938,65.62999725341797,64.37999725341797,59.92928695678711
2014-05-28,59800,65.69000244140625,65.29000091552734,66.06999969482422,65.05999755859375,60.513187408447266
2014-05-27,58100,64.5199966430664,65.98999786376953,66.33000183105469,64.5199966430664,61.16197967529297
2014-05-23,37200,64.12999725341797,64.27999877929688,64.9800033569336,63.900001525878906,59.577083587646484
2014-05-22,66400,63.11000061035156,63.849998474121094,64.20999908447266,63.11000061035156,59.178550720214844
2014-05-21,56300,63.529998779296875,63.119998931884766,64.08000183105469,62.720001220703125,58.501953125
2014-05-20,86700,63.54999923706055,63.08000183105469,63.54999923706055,61.90999984741211,58.46487808227539
2014-05-19,46100,63.0099983215332,63.59000015258789,63.9900016784668,63.0099983215332,58.93757629394531
2014-05-16,33800,62.029998779296875,63.029998779296875,63.09000015258789,62.029998779296875,58.41852951049805
2014-05-15,52900,61.880001068115234,62.0099983215332,62.45000076293945,60.689998626708984,57.4731559753418
2014-05-14,83000,63.220001220703125,62.31999969482422,63.220001220703125,61.84000015258789,57.76048278808594
2014-05-13,99900,64.12999725341797,63.560001373291016,64.27999877929688,63.15999984741211,58.909767150878906
2014-05-12,123500,62.79999923706055,63.810001373291016,64.79000091552734,62.779998779296875,59.14147186279297
2014-05-09,95000,62.13999938964844,63.31999969482422,63.959999084472656,61.25,58.68732452392578
2014-05-08,68400,63.36000061035156,62.40999984741211,65.01000213623047,62.290000915527344,57.84389877319336
2014-05-07,69100,63.70000076293945,63.2599983215332,63.88999938964844,61.689998626708984,58.63170623779297
2014-05-06,57800,64.83999633789062,63.59000015258789,65.61000061035156,63.08000183105469,58.93757629394531
2014-05-05,61900,65.1500015258789,65.27999877929688,66.0199966430664,64.26000213623047,60.50392150878906
2014-05-02,50600,66.80000305175781,65.73999786376953,67.30000305175781,65.5,60.93026351928711
2014-05-01,84400,66.20999908447266,66.6500015258789,66.83000183105469,65.41000366210938,61.77370071411133
2014-04-30,58000,65.56999969482422,66.01000213623047,66.05000305175781,64.16999816894531,61.180519104003906
2014-04-29,36300,65.97000122070312,65.63999938964844,66.5,65.38999938964844,60.83757400512695
2014-04-28,83800,66.2699966430664,65.72000122070312,67.66999816894531,64.41999816894531,60.91173553466797
2014-04-25,108100,68.05999755859375,66.19000244140625,68.69000244140625,65.44000244140625,61.34733963012695
2014-04-24,99300,69.62999725341797,68.37000274658203,69.91000366210938,67.8499984741211,63.36784362792969
2014-04-23,78500,69.56999969482422,69.2300033569336,70.06999969482422,69.12999725341797,64.16493225097656
2014-04-22,52400,68.08999633789062,69.5,69.94999694824219,67.80000305175781,64.41517639160156
2014-04-21,40400,69.31999969482422,68.06999969482422,69.31999969482422,67.75,63.08979797363281
2014-04-17,45300,69.66999816894531,69.37999725341797,70.19999694824219,68.94000244140625,64.303955078125
2014-04-16,48700,68.55000305175781,69.68000030517578,69.87000274658203,68.23999786376953,64.58200073242188
2014-04-15,97000,68.6500015258789,68.30999755859375,69.95999908447266,66.58000183105469,63.312232971191406
2014-04-14,65900,69.9000015258789,68.51000213623047,70.05999755859375,67.98999786376953,63.3029670715332
2014-04-11,94000,69.08000183105469,68.97000122070312,69.8499984741211,68.2300033569336,63.728023529052734
2014-04-10,75600,72.5,69.91999816894531,72.87000274658203,69.83999633789062,64.60580444335938
2014-04-09,76200,73.63999938964844,72.56999969482422,73.63999938964844,72.22000122070312,67.05438995361328
2014-04-08,155600,72.80999755859375,73.48999786376953,74.45999908447266,72.12000274658203,67.90447235107422
2014-04-07,88300,74.0,72.7300033569336,74.0,72.05000305175781,67.20223999023438
2014-04-04,72100,76.75,74.37999725341797,76.98999786376953,74.04000091552734,68.72683715820312
2014-04-03,58700,77.62000274658203,76.33000183105469,77.97000122070312,75.80999755859375,70.52864837646484
2014-04-02,80900,77.01000213623047,77.72000122070312,77.86000061035156,75.95999908447266,71.81297302246094
2014-04-01,102500,78.47000122070312,76.80000305175781,78.47000122070312,76.0199966430664,70.96289825439453
2014-03-31,158800,76.44000244140625,78.19999694824219,79.55000305175781,76.33000183105469,72.2564926147461
2014-03-28,162500,73.55999755859375,76.27999877929688,78.41000366210938,73.04000091552734,70.48240661621094
2014-03-27,133300,72.81999969482422,73.9000015258789,74.26000213623047,72.06999969482422,68.2833251953125
2014-03-26,76300,74.87999725341797,73.12000274658203,75.47000122070312,72.76000213623047,67.5625991821289
2014-03-25,78900,75.47000122070312,74.19000244140625,75.47000122070312,73.33999633789062,68.55126953125
2014-03-24,99300,77.87000274658203,75.18000030517578,78.05000305175781,74.94999694824219,69.46601867675781
2014-03-21,141100,78.5999984741211,77.5999984741211,79.38999938964844,77.58999633789062,71.70210266113281
2014-03-20,43100,78.62999725341797,78.66999816894531,79.08999633789062,78.52999877929688,72.6907730102539
2014-03-19,40200,79.04000091552734,78.9000015258789,79.55000305175781,78.12000274658203,72.90328216552734
2014-03-18,70300,78.98999786376953,79.27999877929688,79.56999969482422,78.95999908447266,73.2544174194336
2014-03-17,67300,79.61000061035156,78.91999816894531,80.13999938964844,78.88999938964844,72.92176818847656
2014-03-14,75600,78.77999877929688,79.33000183105469,80.22000122070312,78.54000091552734,73.30059814453125
2014-03-13,53500,79.6500015258789,79.0,79.79000091552734,78.97000122070312,72.99569702148438
2014-03-12,74400,80.27999877929688,79.41999816894531,80.27999877929688,78.80000305175781,73.38377380371094
2014-03-11,51200,81.61000061035156,80.45999908447266,81.83000183105469,79.72000122070312,74.34471893310547
2014-03-10,66800,82.13999938964844,81.5,82.83999633789062,81.18000030517578,75.30567932128906
2014-03-07,66300,81.08999633789062,82.0199966430664,82.6500015258789,80.86000061035156,75.78614044189453
2014-03-06,47500,81.55999755859375,80.58000183105469,82.0,80.16999816894531,74.45559692382812
2014-03-05,50800,81.05000305175781,81.5999984741211,81.91999816894531,80.69999694824219,75.3980712890625
2014-03-04,110800,79.5999984741211,81.2300033569336,81.75,79.29000091552734,75.05621337890625
2014-03-03,41700,77.81999969482422,78.44999694824219,78.55000305175781,77.16000366210938,72.48748779296875
2014-02-28,54200,78.2699966430664,78.26000213623047,78.56999969482422,77.04000091552734,72.31192016601562
2014-02-27,43900,78.1500015258789,78.08000183105469,78.5999984741211,77.37000274658203,72.14559936523438
2014-02-26,86300,75.56999969482422,78.38999938964844,79.77999877929688,75.56999969482422,72.43204498291016
2014-02-25,37900,74.2699966430664,75.62999725341797,75.79000091552734,73.9000015258789,69.88182067871094
2014-02-24,58300,73.2699966430664,74.3499984741211,74.72000122070312,73.2699966430664,68.69912719726562
2014-02-21,56300,73.4000015258789,73.37000274658203,74.0,72.80000305175781,67.79359436035156
2014-02-20,67500,73.12999725341797,73.05999755859375,73.7300033569336,72.98999786376953,67.50714874267578
2014-02-19,73300,72.80000305175781,73.11000061035156,73.47000122070312,72.08000183105469,67.55335235595703
2014-02-18,176800,73.54000091552734,72.79000091552734,73.69999694824219,71.5,67.25768280029297
2014-02-14,441800,74.0,73.7300033569336,74.0,71.97000122070312,68.12623596191406
2014-02-13,124500,75.0,76.55999755859375,77.06999969482422,75.0,70.74113464355469
2014-02-12,68100,74.0999984741211,75.04000091552734,75.19000244140625,73.47000122070312,69.33666229248047
2014-02-11,47200,73.25,73.9800033569336,74.6500015258789,72.83000183105469,68.35722351074219
2014-02-10,59900,73.37000274658203,73.0,73.4800033569336,71.62000274658203,67.45172119140625
2014-02-07,88900,72.44000244140625,73.19999694824219,73.61000061035156,72.04000091552734,67.6364974975586
2014-02-06,73300,72.30000305175781,72.2699966430664,73.68000030517578,72.0199966430664,66.7771987915039
2014-02-05,109800,73.70999908447266,72.27999877929688,74.63999938964844,72.01000213623047,66.78646087646484
2014-02-04,218000,73.41999816894531,74.27999877929688,74.4800033569336,72.94999694824219,68.6344223022461
2014-02-03,91400,75.37999725341797,72.87999725341797,75.37999725341797,72.02999877929688,67.3408432006836
2014-01-31,77600,74.48999786376953,75.47000122070312,76.05000305175781,74.29000091552734,69.73397827148438
2014-01-30,66700,76.33000183105469,75.63999938964844,76.87000274658203,75.47000122070312,69.89105987548828
2014-01-29,59900,77.18000030517578,75.58999633789062,77.44999694824219,74.51000213623047,69.8448486328125
2014-01-28,69800,76.19999694824219,77.62999725341797,77.91000366210938,75.95999908447266,71.72982025146484
2014-01-27,64100,76.5999984741211,76.02999877929688,77.20999908447266,75.70999908447266,70.25141906738281
2014-01-24,47000,77.0999984741211,76.66999816894531,77.55000305175781,75.87999725341797,70.8427734375
2014-01-23,73400,77.6500015258789,77.66000366210938,78.31999969482422,76.8499984741211,71.7575454711914
2014-01-22,81600,78.9800033569336,77.8499984741211,79.23999786376953,77.58999633789062,71.93309020996094
2014-01-21,106100,79.5999984741211,78.95999908447266,81.19999694824219,78.87000274658203,72.958740234375
2014-01-17,73200,80.16000366210938,79.19999694824219,81.02999877929688,78.70999908447266,73.18048095703125
2014-01-16,64200,79.94999694824219,79.98999786376953,80.2699966430664,79.31999969482422,73.91044616699219
2014-01-15,131900,76.73999786376953,80.16000366210938,81.33999633789062,76.73999786376953,74.06753540039062
2014-01-14,97600,77.08000183105469,76.7300033569336,77.08000183105469,75.80999755859375,70.73191833496094
2014-01-13,63200,79.0199966430664,76.87999725341797,79.0199966430664,76.30999755859375,70.87017822265625
2014-01-10,60000,80.16999816894531,79.16000366210938,80.16999816894531,78.47000122070312,72.97195434570312
2014-01-09,108300,80.83999633789062,79.94999694824219,80.94999694824219,78.94999694824219,73.70018768310547
2014-01-08,113300,80.2300033569336,80.36000061035156,81.68000030517578,80.08000183105469,74.078125
2014-01-07,77500,81.5,81.30000305175781,82.16000366210938,80.54000091552734,74.94465637207031
2014-01-06,86500,81.3499984741211,81.12999725341797,81.83999633789062,80.41000366210938,74.78794860839844
2014-01-03,32200,80.70999908447266,80.80999755859375,81.0,80.05999755859375,74.49295043945312
2014-01-02,83700,80.66999816894531,80.72000122070312,81.62000274658203,79.86000061035156,74.40999603271484
2013-12-31,79300,79.94999694824219,80.66999816894531,81.2300033569336,79.94999694824219,74.3638916015625
2013-12-30,76200,78.68000030517578,79.55999755859375,80.16000366210938,78.68000030517578,73.3406753540039
2013-12-27,71000,80.41999816894531,78.93000030517578,80.47000122070312,78.13999938964844,72.75992584228516
2013-12-26,19700,80.08000183105469,80.05999755859375,80.80000305175781,79.5,73.80159759521484
2013-12-24,45600,79.72000122070312,79.68000030517578,80.19999694824219,78.7300033569336,73.45128631591797
2013-12-23,77200,79.44999694824219,79.95999908447266,80.2300033569336,78.4800033569336,73.70941162109375
2013-12-20,105200,78.5199966430664,79.22000122070312,79.66999816894531,78.13999938964844,73.02725982666016
2013-12-19,86400,77.70999908447266,78.2300033569336,78.5,76.94000244140625,72.11463928222656
2013-12-18,67100,76.5199966430664,78.02999877929688,78.30999755859375,75.58000183105469,71.93026733398438
2013-12-17,69300,76.4800033569336,76.63999938964844,76.81999969482422,75.31999969482422,70.64891815185547
2013-12-16,65600,76.94999694824219,76.68000030517578,77.88999938964844,76.41000366210938,70.6858139038086
2013-12-13,71800,77.16000366210938,76.8499984741211,77.38999938964844,76.5999984741211,70.84251403808594
2013-12-12,238200,75.0,76.87999725341797,77.62999725341797,73.16000366210938,70.87017822265625
2013-12-11,125300,73.12000274658203,73.0999984741211,73.66999816894531,71.29000091552734,67.38566589355469
2013-12-10,65100,73.0,72.80000305175781,73.43000030517578,72.22000122070312,67.10912322998047
2013-12-09,39700,73.44999694824219,73.22000122070312,74.25,73.01000213623047,67.49628448486328
2013-12-06,27700,74.27999877929688,73.55999755859375,75.12999725341797,72.68000030517578,67.80970001220703
2013-12-05,37300,73.08000183105469,73.5199966430664,74.20999908447266,72.75,67.77281951904297
2013-12-04,31900,72.94000244140625,72.97000122070312,73.5199966430664,72.55000305175781,67.26583862304688
2013-12-03,66400,73.30999755859375,73.4000015258789,73.87999725341797,72.80000305175781,67.6622085571289
2013-12-02,26500,75.0,73.30999755859375,75.0,72.91000366210938,67.57923126220703
2013-11-29,21900,75.62000274658203,75.19999694824219,75.81999969482422,74.77999877929688,69.3215103149414
2013-11-27,73900,74.5,75.2300033569336,75.33999633789062,74.5,69.34915924072266
2013-11-26,84000,73.91999816894531,74.44999694824219,75.0,73.29000091552734,68.630126953125
2013-11-25,56900,74.0999984741211,73.69000244140625,75.38999938964844,73.0199966430664,67.92953491210938
2013-11-22,46600,73.86000061035156,74.11000061035156,74.44000244140625,73.6500015258789,68.31671905517578
2013-11-21,76900,73.69999694824219,73.98999786376953,74.30000305175781,72.88999938964844,68.2060775756836
2013-11-20,29200,73.36000061035156,73.58999633789062,74.23999786376953,72.54000091552734,67.83735656738281
2013-11-19,77900,72.97000122070312,73.47000122070312,73.83999633789062,72.11000061035156,67.72673797607422
2013-11-18,18400,73.7300033569336,73.1500015258789,74.37000274658203,72.77999877929688,67.43175506591797
2013-11-15,29000,73.33999633789062,73.69000244140625,73.80999755859375,72.31999969482422,67.92953491210938
2013-11-14,33900,73.38999938964844,73.4000015258789,73.5,72.77999877929688,67.6622085571289
2013-11-13,76000,73.4800033569336,73.58000183105469,74.43000030517578,72.98999786376953,67.82813262939453
2013-11-12,25100,72.66000366210938,73.7699966430664,73.94000244140625,72.62999725341797,68.00326538085938
2013-11-11,59800,72.20999908447266,72.98999786376953,73.48999786376953,72.12000274658203,67.28424072265625
2013-11-08,34100,71.8499984741211,72.55000305175781,73.19999694824219,71.8499984741211,66.87865447998047
2013-11-07,55500,73.61000061035156,71.95999908447266,73.61000061035156,71.36000061035156,66.33479309082031
2013-11-06,76700,73.0,73.56999969482422,73.69999694824219,71.48999786376953,67.81892395019531
2013-11-05,85800,73.19999694824219,72.58999633789062,73.19999694824219,71.95999908447266,66.91551971435547
2013-11-04,137200,69.97000122070312,73.52999877929688,74.0,69.62000274658203,67.78205108642578
2013-11-01,156600,71.55000305175781,69.83999633789062,71.81999969482422,68.5199966430664,64.3804931640625
2013-10-31,64400,70.2300033569336,71.7699966430664,72.25,69.9000015258789,66.15962982177734
2013-10-30,40700,70.97000122070312,70.88999938964844,71.54000091552734,70.66000366210938,65.34841918945312
2013-10-29,130100,71.5,70.70999908447266,71.5,70.38999938964844,65.18250274658203
2013-10-28,77400,69.11000061035156,71.4800033569336,71.52999877929688,69.0999984741211,65.89230346679688
2013-10-25,71000,70.27999877929688,69.18000030517578,70.27999877929688,68.43000030517578,63.7720832824707
2013-10-24,28000,71.16000366210938,71.05999755859375,71.61000061035156,70.2699966430664,65.50513458251953
2013-10-23,42700,69.9000015258789,71.16000366210938,71.38999938964844,69.6500015258789,65.59732818603516
2013-10-22,48600,70.45999908447266,70.38999938964844,70.94999694824219,70.0999984741211,64.88751983642578
2013-10-21,36900,70.52999877929688,70.36000061035156,71.02999877929688,69.8499984741211,64.85986328125
2013-10-18,58300,69.80000305175781,70.56999969482422,70.80000305175781,69.0999984741211,65.05343627929688
2013-10-17,58800,68.55999755859375,69.19999694824219,69.26000213623047,68.11000061035156,63.79052734375
2013-10-16,43200,68.20999908447266,68.79000091552734,68.87999725341797,67.0,63.41258239746094
2013-10-15,53200,68.75,68.19000244140625,68.80999755859375,67.01000213623047,62.693580627441406
2013-10-14,50300,67.0999984741211,68.76000213623047,68.8499984741211,67.0999984741211,63.21761703491211
2013-10-11,57700,65.91999816894531,67.4800033569336,68.11000061035156,65.91999816894531,62.0407829284668
2013-10-10,44400,66.36000061035156,66.4000015258789,66.94999694824219,65.73999786376953,61.047847747802734
2013-10-09,122400,64.19000244140625,65.44000244140625,66.48999786376953,63.31999969482422,60.16521072387695
2013-10-08,53600,66.76000213623047,64.08999633789062,66.81999969482422,63.619998931884766,58.924041748046875
2013-10-07,44100,67.51000213623047,66.56999969482422,68.18000030517578,66.16999816894531,61.20414733886719
2013-10-04,66700,67.36000061035156,67.9800033569336,68.55999755859375,67.36000061035156,62.500484466552734
2013-10-03,75900,68.0199966430664,67.54000091552734,68.0199966430664,67.0,62.095951080322266
2013-10-02,75400,67.77999877929688,67.91999816894531,68.05000305175781,66.68000030517578,62.445316314697266
2013-10-01,50300,68.1500015258789,68.0999984741211,68.25,67.0999984741211,62.61080551147461
2013-09-30,57200,66.86000061035156,67.9800033569336,68.08999633789062,66.76000213623047,62.500484466552734
2013-09-27,62400,67.4000015258789,67.6500015258789,67.87999725341797,66.9800033569336,62.19709777832031
2013-09-26,48600,66.4800033569336,67.5999984741211,67.6500015258789,66.01000213623047,62.1511116027832
2013-09-25,76100,67.37000274658203,66.31999969482422,67.37000274658203,65.7300033569336,60.97427749633789
2013-09-24,48000,67.0,67.5,68.1500015258789,66.47000122070312,62.059165954589844
2013-09-23,78900,67.4000015258789,66.93000030517578,67.66999816894531,65.95999908447266,61.53510665893555
2013-09-20,115700,68.37999725341797,67.62999725341797,68.55000305175781,67.4000015258789,62.178680419921875
2013-09-19,30200,67.66000366210938,67.9800033569336,68.30000305175781,66.88999938964844,62.500484466552734
2013-09-18,26900,66.86000061035156,67.5199966430664,67.61000061035156,65.72000122070312,62.07754898071289
2013-09-17,59800,66.19000244140625,66.83000183105469,66.87000274658203,66.16999816894531,61.44318389892578
2013-09-16,48900,67.0,66.2699966430664,67.37999725341797,66.19999694824219,60.928306579589844
2013-09-13,101500,64.83999633789062,66.5999984741211,66.68000030517578,64.41999816894531,61.231719970703125
2013-09-12,96100,64.98999786376953,64.62999725341797,65.05000305175781,64.11000061035156,59.42050552368164
2013-09-11,283300,62.0,65.1500015258789,65.20999908447266,61.529998779296875,59.898590087890625
2013-09-10,168700,63.970001220703125,64.72000122070312,64.81999969482422,62.61000061035156,59.503257751464844
2013-09-09,76500,63.95000076293945,63.86000061035156,64.5,63.779998779296875,58.71257019042969
2013-09-06,55800,64.33000183105469,63.939998626708984,64.75,63.02000045776367,58.78611755371094
2013-09-05,49600,64.26000213623047,64.16999816894531,64.63999938964844,64.1500015258789,58.99758529663086
2013-09-04,343100,62.9900016784668,64.37000274658203,65.93000030517578,62.779998779296875,59.18147659301758
2013-09-03,125000,62.529998779296875,63.099998474121094,63.2599983215332,62.099998474121094,58.01383590698242
2013-08-30,92100,62.09000015258789,62.040000915527344,62.16999816894531,61.79999923706055,57.039276123046875
2013-08-29,212200,62.61000061035156,61.939998626708984,62.61000061035156,61.630001068115234,56.947330474853516
2013-08-28,276100,61.7400016784668,62.5099983215332,62.70000076293945,61.099998474121094,57.47139358520508
2013-08-27,128500,62.54999923706055,61.9900016784668,63.0,61.689998626708984,56.993309020996094
2013-08-26,178100,64.63999938964844,63.290000915527344,64.73999786376953,62.959999084472656,58.18852996826172
2013-08-23,128100,65.98999786376953,64.36000061035156,66.27999877929688,64.19999694824219,59.17226791381836
2013-08-22,36600,66.44999694824219,65.94999694824219,66.80999755859375,64.77999877929688,60.63410568237305
2013-08-21,38300,66.38999938964844,66.20999908447266,67.25,66.19000244140625,60.873138427734375
2013-08-20,49600,66.0999984741211,66.7300033569336,67.66000366210938,65.20999908447266,61.351234436035156
2013-08-19,65900,67.0,65.94999694824219,67.0,65.86000061035156,60.63410568237305
2013-08-16,66300,67.0,66.94000244140625,67.26000213623047,66.56999969482422,61.54431915283203
2013-08-15,53600,67.61000061035156,67.3499984741211,67.80999755859375,67.19000244140625,61.9212646484375
2013-08-14,51300,68.6500015258789,68.43000030517578,69.05999755859375,68.19999694824219,62.91420364379883
2013-08-13,38200,67.83999633789062,68.83999633789062,69.13999938964844,67.37000274658203,63.29115676879883
2013-08-12,72000,67.30999755859375,67.91000366210938,69.19000244140625,66.62999725341797,62.43613815307617
2013-08-09,49500,67.1500015258789,67.69999694824219,68.30000305175781,67.1500015258789,62.2430419921875
2013-08-08,39900,67.69000244140625,67.4800033569336,68.12999725341797,67.08000183105469,62.0407829284668
2013-08-07,77300,67.61000061035156,67.2699966430664,68.05000305175781,66.88999938964844,61.84770965576172
2013-08-06,64000,67.95999908447266,67.95999908447266,68.62999725341797,67.33000183105469,62.482093811035156
2013-08-05,69900,68.2300033569336,68.19999694824219,69.27999877929688,68.18000030517578,62.70275115966797
2013-08-02,198500,68.44000244140625,68.19999694824219,68.9000015258789,67.69000244140625,62.70275115966797
2013-08-01,76200,68.33000183105469,68.5199966430664,68.79000091552734,67.20999908447266,62.9969482421875
2013-07-31,63500,68.51000213623047,67.66999816894531,69.08999633789062,67.5,62.21547317504883
2013-07-30,104000,67.8499984741211,68.52999877929688,68.68000030517578,66.5,63.00614929199219
2013-07-29,119700,67.30999755859375,67.44999694824219,68.58000183105469,67.16000366210938,62.013206481933594
2013-07-26,92300,66.97000122070312,67.62000274658203,67.94000244140625,65.5199966430664,62.16952896118164
2013-07-25,105400,65.9800033569336,67.51000213623047,68.25,65.77999877929688,62.0683708190918
2013-07-24,55400,65.9800033569336,66.19999694824219,66.70999908447266,65.44000244140625,60.863948822021484
2013-07-23,57400,67.12000274658203,65.94000244140625,67.36000061035156,65.79000091552734,60.62492370605469
2013-07-22,41700,65.80999755859375,66.12999725341797,66.68000030517578,65.25,60.79960250854492
2013-07-19,73000,65.51000213623047,65.56999969482422,66.2699966430664,64.94999694824219,60.28472900390625
2013-07-18,35600,65.30999755859375,65.7699966430664,65.97000122070312,64.83999633789062,60.4686279296875
2013-07-17,94400,66.58000183105469,65.16000366210938,66.58000183105469,64.55000305175781,59.90779495239258
2013-07-16,64900,67.51000213623047,66.45999908447266,67.79000091552734,66.3499984741211,60.9375114440918
2013-07-15,53700,66.66999816894531,67.31999969482422,67.72000122070312,65.93000030517578,61.72603988647461
2013-07-12,90500,67.04000091552734,66.58000183105469,67.87000274658203,66.31999969482422,61.04755401611328
2013-07-11,90100,66.38999938964844,67.12999725341797,67.48999786376953,65.69999694824219,61.551849365234375
2013-07-10,56600,65.72000122070312,65.87999725341797,66.37999725341797,65.2699966430664,60.40570068359375
2013-07-09,85000,65.2300033569336,65.93000030517578,65.94999694824219,64.18000030517578,60.45155334472656
2013-07-08,154100,64.97000122070312,64.58999633789062,65.69999694824219,64.05999755859375,59.222904205322266
2013-07-05,64700,64.25,64.87999725341797,64.95999908447266,63.7599983215332,59.48880386352539
2013-07-03,39100,63.36000061035156,63.56999969482422,63.88999938964844,63.18000030517578,58.287654876708984
2013-07-02,65900,63.36000061035156,63.630001068115234,63.75,63.06999969482422,58.34267807006836
2013-07-01,73400,62.56999969482422,63.560001373291016,64.61000061035156,62.56999969482422,58.27849197387695
2013-06-28,266000,61.47999954223633,62.400001525878906,62.66999816894531,61.439998626708984,57.214881896972656
2013-06-27,105100,60.970001220703125,61.43000030517578,61.540000915527344,60.310001373291016,56.32548522949219
2013-06-26,165900,60.0,60.529998779296875,60.70000076293945,59.939998626708984,55.50026321411133
2013-06-25,130400,58.61000061035156,59.560001373291016,59.869998931884766,58.369998931884766,54.61086654663086
2013-06-24,94900,59.369998931884766,58.529998779296875,59.369998931884766,57.86000061035156,53.666446685791016
2013-06-21,314400,61.43000030517578,60.09000015258789,61.56999969482422,59.380001068115234,55.09682083129883
2013-06-20,46700,62.790000915527344,61.16999816894531,63.16999816894531,61.04999923706055,56.087074279785156
2013-06-19,53200,64.2300033569336,63.470001220703125,64.31999969482422,63.2599983215332,58.19595718383789
2013-06-18,45900,64.05999755859375,64.23999786376953,64.66000366210938,64.05999755859375,58.901973724365234
2013-06-17,54400,64.33000183105469,63.900001525878906,65.4800033569336,63.59000015258789,58.59022521972656
2013-06-14,205400,64.98999786376953,63.97999954223633,65.0,62.9900016784668,58.6635856628418
2013-06-13,95500,64.19000244140625,65.7300033569336,66.13999938964844,63.880001068115234,60.268184661865234
2013-06-12,287500,65.5,64.0,66.80000305175781,62.79999923706055,58.68191909790039
2013-06-11,276300,63.400001525878906,64.44999694824219,64.44999694824219,62.43000030517578,59.094539642333984
2013-06-10,82600,64.0999984741211,63.849998474121094,64.47000122070312,63.4900016784668,58.54438018798828
2013-06-07,70000,63.970001220703125,63.959999084472656,64.56999969482422,63.61000061035156,58.64524841308594
2013-06-06,110500,63.849998474121094,63.4900016784668,64.0199966430664,62.72999954223633,58.214298248291016
2013-06-05,75800,64.76000213623047,64.0,65.7300033569336,63.72999954223633,58.68191909790039
2013-06-04,63000,65.62999725341797,64.76000213623047,66.26000213623047,64.33000183105469,59.37876892089844
2013-06-03,95000,65.94000244140625,65.4800033569336,66.58000183105469,64.91000366210938,60.038944244384766
2013-05-31,30900,65.22000122070312,65.69000244140625,66.72000122070312,65.22000122070312,60.23151397705078
2013-05-30,87700,65.29000091552734,65.66999816894531,65.93000030517578,64.88999938964844,60.21315383911133
2013-05-29,56600,65.86000061035156,64.9800033569336,66.61000061035156,64.95999908447266,59.58049774169922
2013-05-28,64900,65.83000183105469,66.2300033569336,67.0,65.56999969482422,60.72663116455078
2013-05-24,83600,64.61000061035156,64.9000015258789,65.44000244140625,64.29000091552734,59.50714111328125
2013-05-23,67800,63.9900016784668,64.80000305175781,65.16999816894531,63.9900016784668,59.415443420410156
2013-05-22,82400,64.66000366210938,64.43000030517578,65.26000213623047,63.959999084472656,59.07617950439453
2013-05-21,73200,64.69000244140625,64.77999877929688,64.9800033569336,64.5199966430664,59.3971061706543
2013-05-20,112400,64.16000366210938,64.55000305175781,64.66000366210938,63.95000076293945,59.18622589111328
2013-05-17,103300,64.68000030517578,64.44999694824219,64.94000244140625,64.29000091552734,59.094539642333984
2013-05-16,45800,64.62000274658203,64.33999633789062,65.0,64.0,58.993675231933594
2013-05-15,36000,63.279998779296875,64.44999694824219,64.91000366210938,63.279998779296875,59.094539642333984
2013-05-14,95300,62.970001220703125,63.58000183105469,64.2300033569336,62.970001220703125,58.29682159423828
2013-05-13,77500,62.709999084472656,63.04999923706055,63.84000015258789,62.709999084472656,57.81086730957031
2013-05-10,66400,61.79999923706055,62.9900016784668,63.0,61.79999923706055,57.755859375
2013-05-09,60100,61.81999969482422,61.650001525878906,62.83000183105469,61.41999816894531,56.52720260620117
2013-05-08,62900,61.130001068115234,61.849998474121094,62.11000061035156,61.130001068115234,56.7105712890625
2013-05-07,68200,60.2599983215332,61.310001373291016,61.4900016784668,60.16999816894531,56.21546173095703
2013-05-06,48600,60.849998474121094,60.349998474121094,61.34000015258789,60.130001068115234,55.33522415161133
2013-05-03,115800,59.90999984741211,60.61000061035156,60.709999084472656,59.790000915527344,55.5736083984375
2013-05-02,79300,58.90999984741211,59.470001220703125,59.900001525878906,58.70000076293945,54.528350830078125
2013-05-01,137800,58.77000045776367,58.5,58.900001525878906,57.939998626708984,53.63895034790039
2013-04-30,102000,59.59000015258789,59.130001068115234,59.59000015258789,58.61000061035156,54.21659851074219
2013-04-29,48700,59.09000015258789,59.439998626708984,59.720001220703125,58.369998931884766,54.500831604003906
2013-04-26,80400,59.09000015258789,59.029998779296875,59.5099983215332,58.25,54.12490463256836
2013-04-25,150900,59.0099983215332,59.36000061035156,59.869998931884766,58.81999969482422,54.427490234375
2013-04-24,87000,58.459999084472656,58.779998779296875,58.869998931884766,57.88999938964844,53.89567947387695
2013-04-23,110900,56.849998474121094,58.34000015258789,59.08000183105469,56.810001373291016,53.49223709106445
2013-04-22,64200,56.70000076293945,56.52000045776367,56.709999084472656,55.66999816894531,51.82347869873047
2013-04-19,99300,56.09000015258789,56.619998931884766,56.66999816894531,55.72999954223633,51.91516876220703
2013-04-18,156200,56.130001068115234,56.02000045776367,56.58000183105469,55.86000061035156,51.365020751953125
2013-04-17,162000,56.619998931884766,56.209999084472656,56.619998931884766,55.54999923706055,51.53923797607422
2013-04-16,160900,56.939998626708984,57.16999816894531,57.2400016784668,56.599998474121094,52.25442886352539
2013-04-15,170300,57.150001525878906,56.470001220703125,57.380001068115234,56.439998626708984,51.6146125793457
2013-04-12,131600,57.58000183105469,57.369998931884766,57.84000015258789,56.75,52.43722152709961
2013-04-11,180700,54.93000030517578,57.90999984741211,58.040000915527344,54.790000915527344,52.9307975769043
2013-04-10,189300,55.279998779296875,55.09000015258789,55.540000915527344,54.84000015258789,50.3532600402832
2013-04-09,70900,56.119998931884766,55.150001525878906,56.119998931884766,55.150001525878906,50.40810012817383
2013-04-08,120700,54.529998779296875,56.22999954223633,56.31999969482422,54.470001220703125,51.39524459838867
2013-04-05,189900,54.150001525878906,54.47999954223633,54.529998779296875,53.810001373291016,49.79571533203125
2013-04-04,95500,53.849998474121094,54.779998779296875,54.790000915527344,53.400001525878906,50.06991195678711
2013-04-03,518200,52.41999816894531,53.95000076293945,54.880001068115234,52.41999816894531,49.31128692626953
2013-04-02,305400,52.349998474121094,52.04999923706055,53.43000030517578,51.81999969482422,47.574649810791016
2013-04-01,222300,52.959999084472656,52.33000183105469,53.13999938964844,51.86000061035156,47.830570220947266
2013-03-28,291700,55.4900016784668,53.099998474121094,55.61000061035156,51.88999938964844,48.534366607666016
2013-03-27,89300,55.45000076293945,55.709999084472656,55.959999084472656,54.970001220703125,50.919952392578125
2013-03-26,102900,55.5,55.83000183105469,55.95000076293945,54.470001220703125,51.02963638305664
2013-03-25,101600,56.11000061035156,55.33000183105469,56.65999984741211,55.2599983215332,50.5726318359375
2013-03-22,52100,56.18000030517578,55.9900016784668,56.47999954223633,55.68000030517578,51.17588424682617
2013-03-21,58300,55.93000030517578,55.81999969482422,56.400001525878906,55.75,51.0205078125
2013-03-20,80000,55.709999084472656,56.380001068115234,56.540000915527344,55.52000045776367,51.532344818115234
2013-03-19,95200,55.470001220703125,55.33000183105469,55.540000915527344,54.72999954223633,50.5726318359375
2013-03-18,139000,55.25,55.310001373291016,55.369998931884766,54.9900016784668,50.55434799194336
2013-03-15,159600,55.25,55.79999923706055,56.0,55.18000030517578,51.00221633911133
2013-03-14,177300,54.380001068115234,55.189998626708984,55.380001068115234,54.380001068115234,50.44465637207031
2013-03-13,135500,53.349998474121094,54.36000061035156,54.439998626708984,52.970001220703125,49.68602752685547
2013-03-12,109300,53.099998474121094,53.31999969482422,53.33000183105469,52.720001220703125,48.73545837402344
2013-03-11,144500,52.63999938964844,53.09000015258789,53.380001068115234,52.2599983215332,48.52522277832031
2013-03-08,95900,52.599998474121094,52.90999984741211,52.91999816894531,52.029998779296875,48.36070251464844
2013-03-07,124600,52.08000183105469,52.16999816894531,52.27000045776367,51.83000183105469,47.684329986572266
2013-03-06,489200,50.689998626708984,52.15999984741211,52.33000183105469,50.4900016784668,47.675193786621094
2013-03-05,146500,50.59000015258789,50.40999984741211,50.77000045776367,50.150001525878906,46.075660705566406
2013-03-04,134100,48.81999969482422,49.65999984741211,49.709999084472656,48.709999084472656,45.39014434814453
2013-03-01,102900,48.27000045776367,48.810001373291016,48.869998931884766,47.900001525878906,44.61323928833008
2013-02-28,131400,48.29999923706055,48.61000061035156,49.04999923706055,48.29999923706055,44.430423736572266
2013-02-27,153200,47.5,48.459999084472656,48.86000061035156,47.36000061035156,44.2933235168457
2013-02-26,148100,47.130001068115234,47.540000915527344,47.66999816894531,46.939998626708984,43.45242691040039
2013-02-25,281000,44.56999969482422,47.0099983215332,47.400001525878906,44.56999969482422,42.96799087524414
2013-02-22,369400,44.9900016784668,44.36000061035156,44.9900016784668,42.189998626708984,40.54585647583008
2013-02-21,108100,45.9900016784668,44.84000015258789,45.9900016784668,44.459999084472656,40.98457336425781
2013-02-20,137700,47.41999816894531,46.08000183105469,47.41999816894531,45.9900016784668,42.117958068847656
2013-02-19,155000,47.630001068115234,47.400001525878906,47.75,46.939998626708984,43.324459075927734
2013-02-15,186800,47.75,47.470001220703125,47.91999816894531,47.2400016784668,43.3884391784668
2013-02-14,177300,47.36000061035156,47.529998779296875,47.68000030517578,46.939998626708984,43.44327163696289
2013-02-13,220900,47.869998931884766,47.619998931884766,48.119998931884766,47.220001220703125,43.52554702758789
2013-02-12,150100,47.720001220703125,47.79999923706055,48.02000045776367,47.560001373291016,43.6900634765625
2013-02-11,109400,48.150001525878906,47.599998474121094,48.150001525878906,47.11000061035156,43.50726318359375
2013-02-08,39000,48.459999084472656,48.11000061035156,48.459999084472656,47.900001525878906,43.97341537475586
2013-02-07,100900,48.41999816894531,48.29999923706055,48.72999954223633,47.40999984741211,44.14707946777344
2013-02-06,66900,48.29999923706055,48.66999816894531,49.15999984741211,48.2400016784668,44.48527145385742
2013-02-05,92400,48.47999954223633,48.5,48.7599983215332,47.7599983215332,44.32987976074219
2013-02-04,97200,49.31999969482422,48.279998779296875,49.56999969482422,47.9900016784668,44.12880325317383
2013-02-01,58000,49.779998779296875,49.61000061035156,50.04999923706055,49.560001373291016,45.34443664550781
2013-01-31,90000,49.470001220703125,49.380001068115234,49.79999923706055,48.97999954223633,45.13422393798828
2013-01-30,95300,50.20000076293945,49.540000915527344,50.20000076293945,49.2599983215332,45.28046417236328
2013-01-29,85600,50.83000183105469,50.29999923706055,51.279998779296875,49.939998626708984,45.97511672973633
2013-01-28,179400,51.09000015258789,51.029998779296875,51.20000076293945,50.29999923706055,46.64235305786133
2013-01-25,72400,50.189998626708984,51.470001220703125,51.470001220703125,49.779998779296875,47.04452133178711
2013-01-24,110000,50.11000061035156,49.95000076293945,50.63999938964844,49.45000076293945,45.655208587646484
2013-01-23,143100,50.25,50.13999938964844,50.400001525878906,49.97999954223633,45.82888412475586
2013-01-22,115400,49.099998474121094,50.459999084472656,50.5,49.04999923706055,46.1213493347168
2013-01-18,116400,48.66999816894531,49.02000045776367,49.130001068115234,47.75,44.805171966552734
2013-01-17,79900,49.22999954223633,48.7599983215332,49.22999954223633,48.279998779296875,44.56753158569336
2013-01-16,94600,49.5099983215332,49.04999923706055,50.0,48.869998931884766,44.83258819580078
2013-01-15,79400,49.41999816894531,49.689998626708984,50.27000045776367,49.29999923706055,45.28046417236328
2013-01-14,262200,48.13999938964844,49.849998474121094,49.880001068115234,48.029998779296875,45.42625427246094
2013-01-11,166000,48.459999084472656,48.18000030517578,48.779998779296875,47.59000015258789,43.90446472167969
2013-01-10,306600,48.5,48.29999923706055,48.95000076293945,47.70000076293945,44.01380920410156
2013-01-09,276400,47.720001220703125,48.40999984741211,48.41999816894531,47.400001525878906,44.114051818847656
2013-01-08,117900,47.13999938964844,47.5,47.650001525878906,46.88999938964844,43.28480911254883
2013-01-07,198600,48.91999816894531,47.290000915527344,49.25,46.56999969482422,43.09343719482422
2013-01-04,206000,48.900001525878906,49.31999969482422,49.869998931884766,48.560001373291016,44.94329071044922
2013-01-03,210500,45.79999923706055,48.45000076293945,49.279998779296875,45.79999923706055,44.15049362182617
2013-01-02,229200,47.599998474121094,45.439998626708984,47.599998474121094,44.77000045776367,41.40761947631836
2012-12-31,105000,45.31999969482422,46.36000061035156,46.47999954223633,45.16999816894531,42.2459716796875
2012-12-28,161900,45.939998626708984,45.400001525878906,46.189998626708984,45.029998779296875,41.371158599853516
2012-12-27,242100,43.790000915527344,46.369998931884766,46.5,43.790000915527344,42.255088806152344
2012-12-26,189400,46.04999923706055,43.79999923706055,46.04999923706055,43.689998626708984,39.913143157958984
2012-12-24,40500,46.33000183105469,45.849998474121094,46.4900016784668,45.720001220703125,41.781219482421875
2012-12-21,219500,45.91999816894531,46.43000030517578,46.90999984741211,45.91999816894531,42.30976104736328
2012-12-20,93800,47.290000915527344,46.459999084472656,47.290000915527344,45.83000183105469,42.33708953857422
2012-12-19,69100,47.88999938964844,47.380001068115234,48.31999969482422,47.34000015258789,43.17544174194336
2012-12-18,127200,45.849998474121094,47.90999984741211,47.97999954223633,45.849998474121094,43.65842056274414
2012-12-17,156600,45.81999969482422,45.849998474121094,46.470001220703125,45.4900016784668,41.781219482421875
2012-12-14,97900,45.68000030517578,45.970001220703125,46.349998474121094,45.56999969482422,41.89059066772461
2012-12-13,85800,47.09000015258789,45.93000030517578,47.09000015258789,45.619998931884766,41.854122161865234
2012-12-12,134600,47.79999923706055,46.9900016784668,48.119998931884766,46.689998626708984,42.820068359375
2012-12-11,181300,48.29999923706055,47.619998931884766,48.5099983215332,47.33000183105469,43.3941535949707
2012-12-10,165300,47.790000915527344,48.11000061035156,48.29999923706055,47.459999084472656,43.840675354003906
2012-12-07,221900,48.02000045776367,47.619998931884766,48.15999984741211,47.5,43.3941535949707
2012-12-06,299900,47.02000045776367,47.91999816894531,48.349998474121094,47.02000045776367,43.667537689208984
2012-12-05,836900,46.75,48.529998779296875,48.66999816894531,44.22999954223633,44.22339630126953
2012-12-04,250000,55.40999984741211,52.779998779296875,55.56999969482422,51.81999969482422,48.096248626708984
2012-12-03,75900,55.189998626708984,55.41999816894531,55.45000076293945,54.779998779296875,50.501976013183594
2012-11-30,90500,56.68000030517578,54.63999938964844,56.68000030517578,54.400001525878906,49.79119873046875
2012-11-29,97300,55.40999984741211,56.470001220703125,56.97999954223633,55.209999084472656,51.45880126953125
2012-11-28,47800,53.369998931884766,54.95000076293945,54.95000076293945,53.369998931884766,50.07368850708008
2012-11-27,64600,53.33000183105469,53.70000076293945,54.15999984741211,53.08000183105469,48.93461227416992
2012-11-26,114300,53.79999923706055,53.25,54.470001220703125,53.22999954223633,48.5245475769043
2012-11-23,22100,53.459999084472656,53.959999084472656,54.08000183105469,53.279998779296875,49.17153549194336
2012-11-21,44100,53.58000183105469,53.13999938964844,53.91999816894531,52.650001525878906,48.4243049621582
2012-11-20,49900,52.9900016784668,53.540000915527344,53.56999969482422,52.79999923706055,48.78880310058594
2012-11-19,41300,52.560001373291016,53.290000915527344,53.38999938964844,52.45000076293945,48.56099319458008
2012-11-16,132400,50.59000015258789,51.83000183105469,52.09000015258789,49.59000015258789,47.230560302734375
2012-11-15,51300,51.33000183105469,50.7599983215332,51.810001373291016,50.099998474121094,46.2555046081543
2012-11-14,92900,53.45000076293945,51.27000045776367,54.119998931884766,51.02000045776367,46.720252990722656
2012-11-13,64400,52.880001068115234,53.209999084472656,53.83000183105469,52.540000915527344,48.48809814453125
2012-11-12,52100,53.18000030517578,53.11000061035156,54.0099983215332,52.68000030517578,48.3969612121582
2012-11-09,111500,52.099998474121094,53.04999923706055,53.689998626708984,51.25,48.34229278564453
2012-11-08,174700,56.02000045776367,53.13999938964844,56.150001525878906,53.08000183105469,48.4243049621582
2012-11-07,144500,56.5,56.220001220703125,56.88999938964844,55.9900016784668,51.230987548828125
2012-11-06,37700,57.45000076293945,56.97999954223633,57.720001220703125,56.599998474121094,51.92354202270508
2012-11-05,57300,56.599998474121094,57.369998931884766,57.65999984741211,56.54999923706055,52.2789306640625
2012-11-02,80900,57.45000076293945,56.599998474121094,57.970001220703125,56.47999954223633,51.57725524902344
2012-11-01,104700,55.459999084472656,57.2599983215332,57.70000076293945,55.459999084472656,52.17869567871094
2012-10-31,57400,54.459999084472656,55.47999954223633,55.75,54.220001220703125,50.5566520690918
2012-10-26,84100,54.47999954223633,53.900001525878906,54.88999938964844,52.90999984741211,49.11686706542969
2012-10-25,103400,54.880001068115234,54.560001373291016,55.0,54.150001525878906,49.718292236328125
2012-10-24,69700,55.040000915527344,54.41999816894531,55.38999938964844,54.060001373291016,49.59072494506836
2012-10-23,161600,54.77000045776367,54.869998931884766,55.13999938964844,54.400001525878906,50.00077819824219
2012-10-22,128100,54.849998474121094,55.349998474121094,55.59000015258789,54.65999984741211,50.43817901611328
2012-10-19,200400,54.290000915527344,54.849998474121094,55.099998474121094,54.0,49.98256301879883
2012-10-18,149700,54.65999984741211,54.72999954223633,54.83000183105469,53.70000076293945,49.87320327758789
2012-10-17,130300,55.22999954223633,54.79999923706055,55.880001068115234,54.0099983215332,49.93699264526367
2012-10-16,110500,55.18000030517578,55.20000076293945,55.38999938964844,54.709999084472656,50.30150604248047
2012-10-15,146100,54.33000183105469,54.86000061035156,55.06999969482422,54.150001525878906,49.99168014526367
2012-10-12,128200,54.36000061035156,54.20000076293945,54.56999969482422,54.040000915527344,49.39024353027344
2012-10-11,111700,55.16999816894531,54.4900016784668,55.400001525878906,54.16999816894531,49.65451431274414
2012-10-10,127300,55.22999954223633,54.630001068115234,55.2400016784668,54.27000045776367,49.78208923339844
2012-10-09,65000,56.04999923706055,55.11000061035156,56.2599983215332,54.790000915527344,50.082794189453125
2012-10-08,61400,56.459999084472656,55.939998626708984,56.58000183105469,55.66999816894531,50.83707809448242
2012-10-05,89800,57.540000915527344,56.63999938964844,58.650001525878906,56.400001525878906,51.47322082519531
2012-10-04,125900,55.65999984741211,57.2599983215332,57.279998779296875,55.5,52.03667068481445
2012-10-03,121600,55.61000061035156,55.310001373291016,55.869998931884766,54.79999923706055,50.264549255371094
2012-10-02,117300,56.31999969482422,55.31999969482422,56.31999969482422,54.900001525878906,50.27363586425781
2012-10-01,146600,57.220001220703125,55.97999954223633,58.0,55.209999084472656,50.87343215942383
2012-09-28,115600,56.099998474121094,56.45000076293945,56.779998779296875,55.29999923706055,51.30056381225586
2012-09-27,135800,56.84000015258789,56.52000045776367,56.97999954223633,56.0099983215332,51.36417770385742
2012-09-26,75800,56.31999969482422,56.459999084472656,56.709999084472656,55.880001068115234,51.30964660644531
2012-09-25,178500,59.099998474121094,56.06999969482422,59.150001525878906,55.9900016784668,50.95522689819336
2012-09-24,189700,58.15999984741211,58.83000183105469,58.869998931884766,57.529998779296875,53.46345901489258
2012-09-21,269400,57.709999084472656,58.599998474121094,59.36000061035156,57.45000076293945,53.254432678222656
2012-09-20,138600,57.18000030517578,57.08000183105469,57.43000030517578,56.2599983215332,51.87309646606445
2012-09-19,231500,58.400001525878906,57.84000015258789,59.310001373291016,57.7400016784668,52.563758850097656
2012-09-18,302200,57.31999969482422,58.31999969482422,58.31999969482422,57.31999969482422,52.999969482421875
2012-09-17,127100,56.68000030517578,57.470001220703125,57.470001220703125,56.349998474121094,52.227516174316406
2012-09-14,133400,56.13999938964844,56.81999969482422,57.15999984741211,56.08000183105469,51.63680648803711
2012-09-13,145600,56.4900016784668,55.86000061035156,56.88999938964844,55.349998474121094,50.764373779296875
2012-09-12,90000,55.650001525878906,56.20000076293945,56.349998474121094,55.29999923706055,51.07335662841797
2012-09-11,85000,55.47999954223633,55.279998779296875,55.95000076293945,55.16999816894531,50.23727798461914
2012-09-10,130000,55.599998474121094,55.65999984741211,56.130001068115234,55.02000045776367,50.5826301574707
2012-09-07,105600,55.43000030517578,55.63999938964844,56.0,55.11000061035156,50.5644416809082
2012-09-06,201500,55.40999984741211,55.47999954223633,55.849998474121094,55.150001525878906,50.41904830932617
2012-09-05,186500,54.900001525878906,55.040000915527344,55.279998779296875,54.63999938964844,50.01918029785156
2012-09-04,180400,54.52000045776367,54.630001068115234,54.869998931884766,53.150001525878906,49.64659118652344
2012-08-31,155700,54.22999954223633,54.529998779296875,54.70000076293945,52.95000076293945,49.55569839477539
2012-08-30,826400,49.599998474121094,53.849998474121094,54.88999938964844,48.2599983215332,48.937744140625
2012-08-29,384900,51.58000183105469,52.66999816894531,52.779998779296875,51.15999984741211,47.8653678894043
2012-08-28,158900,50.20000076293945,51.33000183105469,51.38999938964844,49.9900016784668,46.647613525390625
2012-08-27,68700,50.20000076293945,50.11000061035156,50.560001373291016,49.86000061035156,45.53889465332031
2012-08-24,78700,49.36000061035156,49.91999816894531,50.189998626708984,49.0,45.36623001098633
2012-08-23,78400,49.27000045776367,49.439998626708984,49.869998931884766,48.97999954223633,44.93001937866211
2012-08-22,65400,48.810001373291016,49.40999984741211,49.52000045776367,48.34000015258789,44.90275573730469
2012-08-21,47300,48.369998931884766,48.7599983215332,49.29999923706055,48.34000015258789,44.31205368041992
2012-08-20,49100,48.939998626708984,48.2400016784668,49.189998626708984,47.95000076293945,43.83949279785156
2012-08-17,89400,48.90999984741211,49.08000183105469,49.099998474121094,48.470001220703125,44.60285568237305
2012-08-16,130100,48.0,49.04999923706055,49.220001220703125,47.13999938964844,44.57559585571289
2012-08-15,79500,46.810001373291016,47.95000076293945,48.349998474121094,46.540000915527344,43.5759391784668
2012-08-14,158300,47.38999938964844,46.959999084472656,48.040000915527344,46.59000015258789,42.67625045776367
2012-08-13,42800,47.380001068115234,47.040000915527344,47.65999984741211,46.2400016784668,42.74894714355469
2012-08-10,114300,48.130001068115234,47.47999954223633,48.70000076293945,47.25,43.1488151550293
2012-08-09,201800,47.25,48.2599983215332,49.040000915527344,47.25,43.857669830322266
2012-08-08,187200,45.97999954223633,47.2400016784668,47.470001220703125,45.900001525878906,42.93071746826172
2012-08-07,111600,44.040000915527344,46.34000015258789,46.779998779296875,44.0099983215332,42.11280822753906
2012-08-06,243600,43.04999923706055,43.4900016784668,43.86000061035156,42.7599983215332,39.522789001464844
2012-08-03,304300,42.20000076293945,42.79999923706055,42.81999969482422,41.849998474121094,38.89572525024414
2012-08-02,99100,41.869998931884766,41.29999923706055,42.470001220703125,41.09000015258789,37.53255844116211
2012-08-01,191400,43.650001525878906,42.209999084472656,43.880001068115234,42.16999816894531,38.35954666137695
2012-07-31,193500,43.380001068115234,43.2400016784668,43.9900016784668,43.029998779296875,39.29559326171875
2012-07-30,88200,44.29999923706055,43.72999954223633,44.5099983215332,43.209999084472656,39.740901947021484
2012-07-27,66200,43.38999938964844,44.2400016784668,44.77000045776367,43.209999084472656,40.20437240600586
2012-07-26,65000,43.25,43.06999969482422,43.849998474121094,42.650001525878906,39.14109802246094
2012-07-25,139500,42.84000015258789,42.47999954223633,42.84000015258789,41.70000076293945,38.60490036010742
2012-07-24,63100,43.349998474121094,42.470001220703125,43.65999984741211,42.189998626708984,38.5958366394043
2012-07-23,54000,42.650001525878906,43.22999954223633,43.7400016784668,42.58000183105469,39.2865104675293
2012-07-20,93400,45.209999084472656,44.119998931884766,45.439998626708984,43.72999954223633,40.095314025878906
2012-07-19,91400,45.5,45.77000045776367,45.939998626708984,45.5,41.59480285644531
2012-07-18,85800,45.40999984741211,45.130001068115234,45.79999923706055,44.790000915527344,41.01318359375
2012-07-17,61700,45.790000915527344,45.650001525878906,46.38999938964844,44.970001220703125,41.485748291015625
2012-07-16,75000,45.52000045776367,45.38999938964844,45.75,45.0,41.249454498291016
2012-07-13,171200,44.290000915527344,45.790000915527344,46.22999954223633,43.97999954223633,41.612979888916016
2012-07-12,152600,42.439998626708984,44.130001068115234,44.2400016784668,41.970001220703125,40.10441207885742
2012-07-11,125500,43.61000061035156,42.93000030517578,43.97999954223633,41.869998931884766,39.013877868652344
2012-07-10,80000,44.369998931884766,43.790000915527344,45.060001373291016,43.65999984741211,39.65910339355469
2012-07-09,91400,44.43000030517578,44.16999816894531,44.63999938964844,43.380001068115234,40.00325393676758
2012-07-06,62400,45.0,44.29999923706055,45.08000183105469,43.83000183105469,40.121002197265625
2012-07-05,96600,45.150001525878906,45.529998779296875,46.4900016784668,44.849998474121094,41.234962463378906
2012-07-03,35600,44.400001525878906,45.279998779296875,45.29999923706055,43.9900016784668,41.008548736572266
2012-07-02,101900,44.84000015258789,44.220001220703125,44.93000030517578,43.7599983215332,40.04853439331055
2012-06-29,126900,43.84000015258789,44.70000076293945,44.72999954223633,42.81999969482422,40.483253479003906
2012-06-28,102100,43.540000915527344,42.72999954223633,44.08000183105469,41.45000076293945,38.699092864990234
2012-06-27,99200,43.7400016784668,44.06999969482422,44.2599983215332,43.4900016784668,39.91268539428711
2012-06-26,146500,44.5099983215332,43.56999969482422,44.810001373291016,42.9900016784668,39.4598503112793
2012-06-25,108400,44.959999084472656,44.29999923706055,45.040000915527344,44.20000076293945,40.121002197265625
2012-06-22,269100,46.02000045776367,45.779998779296875,47.2599983215332,45.7400016784668,41.46138000488281
2012-06-21,103800,47.47999954223633,45.689998626708984,47.5,45.349998474121094,41.37986755371094
2012-06-20,201200,47.130001068115234,47.630001068115234,47.630001068115234,46.630001068115234,43.13686752319336
2012-06-19,138100,46.70000076293945,47.029998779296875,48.06999969482422,46.70000076293945,42.59345626831055
2012-06-18,78800,46.0,46.439998626708984,46.709999084472656,45.63999938964844,42.059112548828125
2012-06-15,91700,45.560001373291016,46.47999954223633,46.650001525878906,44.959999084472656,42.09534454345703
2012-06-14,163400,45.189998626708984,45.31999969482422,46.54999923706055,44.9900016784668,41.04477310180664
2012-06-13,195300,46.439998626708984,45.0099983215332,47.02000045776367,44.54999923706055,40.76402282714844
2012-06-12,117700,45.7400016784668,46.43000030517578,46.63999938964844,45.060001373291016,42.050071716308594
2012-06-11,140300,47.56999969482422,45.400001525878906,47.75,45.31999969482422,41.11722946166992
2012-06-08,101700,45.97999954223633,46.88999938964844,47.619998931884766,45.47999954223633,42.466670989990234
2012-06-07,358300,48.06999969482422,46.2599983215332,48.400001525878906,45.790000915527344,41.89609909057617
2012-06-06,493600,47.7599983215332,47.220001220703125,50.439998626708984,46.11000061035156,42.76554870605469
2012-06-05,348700,43.709999084472656,43.84000015258789,44.04999923706055,42.31999969482422,39.70439147949219
2012-06-04,203500,43.810001373291016,43.709999084472656,44.20000076293945,42.93000030517578,39.58665466308594
2012-06-01,243600,45.310001373291016,43.77000045776367,45.310001373291016,43.27000045776367,39.640987396240234
2012-05-31,250500,44.790000915527344,46.04999923706055,46.119998931884766,44.709999084472656,41.70590591430664
2012-05-30,142800,44.40999984741211,44.689998626708984,44.90999984741211,44.04999923706055,40.47419357299805
2012-05-29,119000,44.2599983215332,44.93000030517578,45.2599983215332,44.2599983215332,40.69155502319336
2012-05-25,156700,42.79999923706055,43.869998931884766,44.0,42.70000076293945,39.73155212402344
2012-05-24,168000,40.86000061035156,42.65999984741211,43.13999938964844,40.86000061035156,38.63569259643555
2012-05-23,147000,39.970001220703125,40.310001373291016,40.58000183105469,39.119998931884766,36.50739288330078
2012-05-22,117000,40.939998626708984,40.369998931884766,41.529998779296875,40.06999969482422,36.56171417236328
2012-05-21,139300,39.81999969482422,40.720001220703125,40.77000045776367,39.400001525878906,36.878700256347656
2012-05-18,131200,40.470001220703125,39.84000015258789,40.869998931884766,39.54999923706055,36.08171463012695
2012-05-17,91300,42.20000076293945,40.5099983215332,42.20000076293945,40.439998626708984,36.688514709472656
2012-05-16,101800,42.52000045776367,42.20000076293945,42.7599983215332,42.0099983215332,38.21909713745117
2012-05-15,77000,42.75,42.31999969482422,43.56999969482422,42.290000915527344,38.32776641845703
2012-05-14,224900,43.40999984741211,42.68000030517578,43.5,42.15999984741211,38.65381622314453
2012-05-11,94000,43.560001373291016,43.88999938964844,44.4900016784668,43.54999923706055,39.749671936035156
2012-05-10,99700,44.2599983215332,43.9900016784668,44.5,43.709999084472656,39.84023666381836
2012-05-09,163000,42.79999923706055,43.81999969482422,44.099998474121094,42.709999084472656,39.686275482177734
2012-05-08,251300,43.72999954223633,43.349998474121094,43.810001373291016,42.439998626708984,39.2606086730957
2012-05-07,188000,43.959999084472656,44.20000076293945,44.5,43.7400016784668,40.030433654785156
2012-05-04,137400,45.54999923706055,44.220001220703125,45.54999923706055,44.02000045776367,40.04853439331055
2012-05-03,181300,46.880001068115234,45.900001525878906,46.880001068115234,45.279998779296875,41.57006072998047
2012-05-02,205000,46.5,47.029998779296875,47.2400016784668,46.060001373291016,42.59345626831055
2012-05-01,229400,47.970001220703125,46.65999984741211,48.459999084472656,46.5099983215332,42.258365631103516
2012-04-30,83000,49.220001220703125,47.9900016784668,49.220001220703125,47.54999923706055,43.46289825439453
2012-04-27,127500,48.810001373291016,49.2400016784668,49.5,47.95000076293945,44.5949821472168
2012-04-26,123100,47.619998931884766,48.529998779296875,48.84000015258789,47.400001525878906,43.95194625854492
2012-04-25,166100,47.220001220703125,47.70000076293945,47.810001373291016,46.970001220703125,43.20025634765625
2012-04-24,238900,47.380001068115234,46.630001068115234,47.75,46.150001525878906,42.23119354248047
2012-04-23,331700,46.939998626708984,47.5,47.65999984741211,46.33000183105469,43.019126892089844
2012-04-20,272700,46.70000076293945,47.560001373291016,47.869998931884766,46.18000030517578,43.07345962524414
2012-04-19,331500,45.7400016784668,46.20000076293945,46.91999816894531,45.56999969482422,41.84175491333008
2012-04-18,251900,44.9900016784668,45.810001373291016,46.029998779296875,44.650001525878906,41.48854446411133
2012-04-17,229800,44.93000030517578,45.290000915527344,45.380001068115234,44.65999984741211,41.01760482788086
2012-04-16,127800,44.90999984741211,44.599998474121094,45.09000015258789,44.029998779296875,40.3926887512207
2012-04-13,92900,45.380001068115234,44.849998474121094,45.689998626708984,44.5099983215332,40.61912155151367
2012-04-12,112900,45.20000076293945,45.5099983215332,45.720001220703125,45.09000015258789,41.21684646606445
2012-04-11,156600,44.31999969482422,45.27000045776367,45.45000076293945,44.31999969482422,40.999488830566406
2012-04-10,247100,46.779998779296875,43.900001525878906,47.27000045776367,43.869998931884766,39.62288284301758
2012-04-09,199400,47.189998626708984,46.81999969482422,47.52000045776367,46.40999984741211,42.258384704589844
2012-04-05,159700,48.380001068115234,48.20000076293945,48.7599983215332,47.97999954223633,43.503936767578125
2012-04-04,140200,49.040000915527344,48.5099983215332,49.099998474121094,47.7599983215332,43.78373336791992
2012-04-03,106100,49.59000015258789,49.61000061035156,50.439998626708984,49.560001373291016,44.77656173706055
2012-04-02,230500,50.61000061035156,49.66999816894531,50.79999923706055,49.20000076293945,44.8306999206543
2012-03-30,326600,50.810001373291016,50.81999969482422,51.900001525878906,50.22999954223633,45.86866760253906
2012-03-29,220600,48.09000015258789,50.5,50.650001525878906,47.91999816894531,45.57984924316406
2012-03-28,414600,48.95000076293945,48.27000045776367,50.31999969482422,48.04999923706055,43.56711196899414
2012-03-27,270700,50.349998474121094,49.619998931884766,50.400001525878906,49.54999923706055,44.78559112548828
2012-03-26,267600,48.970001220703125,50.38999938964844,50.5,48.63999938964844,45.48057174682617
2012-03-23,136700,48.7400016784668,48.40999984741211,48.84000015258789,47.09000015258789,43.693477630615234
2012-03-22,209600,48.11000061035156,48.720001220703125,48.83000183105469,47.29999923706055,43.97327423095703
2012-03-21,132100,47.040000915527344,48.290000915527344,48.540000915527344,46.93000030517578,43.58517074584961
2012-03-20,104400,46.47999954223633,47.09000015258789,47.45000076293945,46.220001220703125,42.50208282470703
2012-03-19,184900,46.060001373291016,46.86000061035156,47.63999938964844,46.0,42.29450607299805
2012-03-16,268900,47.810001373291016,46.060001373291016,48.279998779296875,45.9900016784668,41.57243728637695
2012-03-15,133000,49.029998779296875,47.88999938964844,49.40999984741211,47.880001068115234,43.22412872314453
2012-03-14,114100,50.630001068115234,49.150001525878906,50.77000045776367,48.810001373291016,44.36137771606445
2012-03-13,324300,48.9900016784668,50.72999954223633,50.900001525878906,48.439998626708984,45.78744125366211
2012-03-12,174900,48.91999816894531,48.5099983215332,49.4900016784668,48.220001220703125,43.78373336791992
2012-03-09,248500,47.31999969482422,48.88999938964844,49.119998931884766,47.27000045776367,44.126712799072266
2012-03-08,160500,47.58000183105469,47.209999084472656,47.7599983215332,47.09000015258789,42.61039352416992
2012-03-07,104900,47.75,47.369998931884766,48.130001068115234,47.20000076293945,42.75479507446289
2012-03-06,136500,47.630001068115234,47.54999923706055,47.880001068115234,46.400001525878906,42.91726303100586
2012-03-05,387500,49.369998931884766,48.220001220703125,49.52000045776367,47.720001220703125,43.52199172973633
2012-03-02,155600,51.02000045776367,49.34000015258789,51.93000030517578,49.209999084472656,44.53287124633789
2012-03-01,153000,50.63999938964844,51.20000076293945,51.349998474121094,50.25,46.21165466308594
2012-02-29,122200,50.7599983215332,50.400001525878906,51.06999969482422,49.52000045776367,45.489593505859375
2012-02-28,190300,51.0,50.630001068115234,51.529998779296875,50.25,45.697174072265625
2012-02-27,171200,50.2400016784668,50.959999084472656,51.81999969482422,49.709999084472656,45.99502944946289
2012-02-24,202400,51.79999923706055,50.79999923706055,51.79999923706055,50.150001525878906,45.85062789916992
2012-02-23,59700,51.400001525878906,51.869998931884766,52.470001220703125,51.38999938964844,46.81636047363281
2012-02-22,76900,51.25,51.349998474121094,52.119998931884766,50.79999923706055,46.347023010253906
2012-02-21,86700,52.29999923706055,51.290000915527344,52.459999084472656,50.849998474121094,46.29288101196289
2012-02-17,113600,52.40999984741211,52.16999816894531,52.63999938964844,51.5099983215332,47.08714294433594
2012-02-16,108900,51.04999923706055,52.0,52.369998931884766,50.959999084472656,46.93370819091797
2012-02-15,91700,51.79999923706055,50.91999816894531,52.38999938964844,50.779998779296875,45.958919525146484
2012-02-14,85600,51.2400016784668,51.720001220703125,51.79999923706055,50.099998474121094,46.68098068237305
2012-02-13,84400,51.16999816894531,51.630001068115234,52.040000915527344,51.16999816894531,46.59975051879883
2012-02-10,72800,50.86000061035156,50.7599983215332,51.79999923706055,50.63999938964844,45.81452178955078
2012-02-09,71700,51.59000015258789,51.52000045776367,52.20000076293945,51.029998779296875,46.500465393066406
2012-02-08,74400,50.630001068115234,51.560001373291016,51.869998931884766,50.61000061035156,46.53657913208008
2012-02-07,197300,49.75,50.33000183105469,50.369998931884766,49.47999954223633,45.42641067504883
2012-02-06,130300,51.0,49.75,51.40999984741211,49.47999954223633,44.902923583984375
2012-02-03,207600,50.33000183105469,51.20000076293945,51.27000045776367,50.16999816894531,46.21165466308594
2012-02-02,166400,51.38999938964844,49.66999816894531,51.38999938964844,49.45000076293945,44.8306999206543
2012-02-01,155200,51.400001525878906,51.15999984741211,51.5,50.869998931884766,46.1755485534668
2012-01-31,241800,50.22999954223633,50.93000030517578,51.77000045776367,49.880001068115234,45.967960357666016
2012-01-30,102600,48.77000045776367,49.869998931884766,50.04999923706055,48.15999984741211,45.011226654052734
2012-01-27,79500,49.400001525878906,49.2400016784668,49.54999923706055,48.619998931884766,44.4426155090332
2012-01-26,120900,48.619998931884766,49.68000030517578,49.68000030517578,48.380001068115234,44.839744567871094
2012-01-25,180800,48.83000183105469,48.310001373291016,49.02000045776367,47.33000183105469,43.60322952270508
2012-01-24,133500,48.58000183105469,49.0099983215332,49.2599983215332,48.45000076293945,44.23501968383789
2012-01-23,184300,49.119998931884766,48.70000076293945,49.119998931884766,48.439998626708984,43.95522689819336
2012-01-20,129800,48.75,49.0,49.529998779296875,48.599998474121094,44.22599792480469
2012-01-19,109800,49.04999923706055,48.72999954223633,49.04999923706055,48.2400016784668,43.9822998046875
2012-01-18,109400,48.08000183105469,48.849998474121094,48.93000030517578,47.400001525878906,44.09060287475586
2012-01-17,170300,47.54999923706055,48.04999923706055,48.47999954223633,47.400001525878906,43.3685417175293
2012-01-13,200600,46.08000183105469,47.34000015258789,47.7400016784668,46.08000183105469,42.727725982666016
2012-01-12,138800,45.75,46.27000045776367,46.959999084472656,44.66999816894531,41.7619743347168
2012-01-11,93600,44.68000030517578,45.779998779296875,45.97999954223633,43.9900016784668,41.31970977783203
2012-01-10,127700,44.27000045776367,44.880001068115234,44.959999084472656,43.70000076293945,40.39006805419922
2012-01-09,122700,43.36000061035156,43.900001525878906,44.630001068115234,43.040000915527344,39.50811004638672
2012-01-06,136900,44.11000061035156,43.13999938964844,44.470001220703125,43.060001373291016,38.82414627075195
2012-01-05,129300,44.09000015258789,44.20000076293945,44.439998626708984,42.61000061035156,39.778099060058594
2012-01-04,162500,43.29999923706055,44.5099983215332,44.790000915527344,43.29999923706055,40.05708694458008
2012-01-03,248300,46.06999969482422,43.38999938964844,46.150001525878906,43.18000030517578,39.049137115478516
2011-12-30,112000,45.47999954223633,45.119998931884766,45.939998626708984,45.099998474121094,40.60606002807617
2011-12-29,78700,45.130001068115234,45.560001373291016,45.86000061035156,44.619998931884766,41.00202941894531
2011-12-28,97000,45.709999084472656,44.900001525878906,45.849998474121094,44.72999954223633,40.408058166503906
2011-12-27,139400,44.70000076293945,45.709999084472656,46.65999984741211,44.380001068115234,41.137027740478516
2011-12-23,82000,43.09000015258789,44.81999969482422,44.869998931884766,42.779998779296875,40.33606719970703
2011-12-22,107900,43.9900016784668,43.08000183105469,44.040000915527344,42.81999969482422,38.770145416259766
2011-12-21,138700,43.45000076293945,44.06999969482422,44.06999969482422,42.599998474121094,39.66110610961914
2011-12-20,152100,42.720001220703125,43.439998626708984,43.68000030517578,42.459999084472656,39.094120025634766
2011-12-19,165900,42.31999969482422,42.040000915527344,42.75,41.70000076293945,37.83417892456055
2011-12-16,250600,41.52000045776367,42.09000015258789,42.22999954223633,41.16999816894531,37.879188537597656
2011-12-15,152500,41.45000076293945,41.11000061035156,41.81999969482422,40.779998779296875,36.99723434448242
2011-12-14,235500,41.290000915527344,41.029998779296875,41.529998779296875,40.20000076293945,36.925228118896484
2011-12-13,190300,42.9900016784668,41.58000183105469,43.33000183105469,41.220001220703125,37.42021179199219
2011-12-12,168200,41.7599983215332,42.66999816894531,42.7400016784668,41.209999084472656,38.40116500854492
2011-12-09,215900,40.7400016784668,42.47999954223633,42.880001068115234,40.59000015258789,38.23015594482422
2011-12-08,368800,39.0,40.779998779296875,41.689998626708984,38.97999954223633,36.70023727416992
2011-12-07,579300,38.0099983215332,39.310001373291016,40.779998779296875,38.0099983215332,35.37730407714844
2011-12-06,498300,38.709999084472656,40.41999816894531,40.83000183105469,36.68000030517578,36.37625503540039
2011-12-05,193400,37.72999954223633,38.09000015258789,38.2599983215332,37.709999084472656,34.27936553955078
2011-12-02,391000,37.290000915527344,37.060001373291016,37.52000045776367,36.36000061035156,33.3524055480957
2011-12-01,113800,37.66999816894531,36.72999954223633,38.15999984741211,36.650001525878906,33.05541229248047
2011-11-30,163700,37.84000015258789,37.93000030517578,38.20000076293945,37.439998626708984,34.13536834716797
2011-11-29,157800,35.959999084472656,36.150001525878906,36.2599983215332,35.16999816894531,32.53343963623047
2011-11-28,207000,34.95000076293945,36.0099983215332,36.09000015258789,34.93000030517578,32.40744400024414
2011-11-25,87900,34.02000045776367,33.61000061035156,34.439998626708984,33.61000061035156,30.247543334960938
2011-11-23,100200,35.400001525878906,34.150001525878906,35.400001525878906,34.08000183105469,30.7335262298584
2011-11-22,82800,35.68000030517578,35.900001525878906,36.380001068115234,35.41999816894531,32.308448791503906
2011-11-21,127400,36.15999984741211,35.849998474121094,36.56999969482422,35.52000045776367,32.26345443725586
2011-11-18,148600,37.279998779296875,36.97999954223633,37.86000061035156,36.630001068115234,33.28040313720703
2011-11-17,257400,39.099998474121094,37.22999954223633,39.41999816894531,36.93000030517578,33.505393981933594
2011-11-16,285800,40.380001068115234,39.209999084472656,40.619998931884766,39.189998626708984,35.28730773925781
2011-11-15,110400,40.36000061035156,40.810001373291016,41.119998931884766,39.849998474121094,36.72724914550781
2011-11-14,89600,40.619998931884766,40.5,41.369998931884766,40.20000076293945,36.44825744628906
2011-11-11,123800,40.560001373291016,40.97999954223633,41.66999816894531,40.560001373291016,36.88023376464844
2011-11-10,196700,39.650001525878906,39.880001068115234,40.29999923706055,39.11000061035156,35.89028549194336
2011-11-09,133000,39.2400016784668,38.959999084472656,39.97999954223633,38.88999938964844,35.06232452392578
2011-11-08,199400,39.95000076293945,40.70000076293945,40.779998779296875,39.59000015258789,36.62825393676758
2011-11-07,111300,39.88999938964844,39.689998626708984,39.95000076293945,38.91999816894531,35.71929168701172
2011-11-04,85900,39.66999816894531,39.84000015258789,40.08000183105469,39.45000076293945,35.85428237915039
2011-11-03,275500,40.06999969482422,40.119998931884766,40.209999084472656,39.459999084472656,36.106266021728516
2011-11-02,111000,39.7400016784668,39.59000015258789,40.08000183105469,38.97999954223633,35.62929916381836
2011-11-01,165700,38.060001373291016,38.95000076293945,39.900001525878906,37.5099983215332,35.05331039428711
2011-10-31,140300,38.9900016784668,39.5,40.06999969482422,38.75,35.54829406738281
2011-10-28,128800,39.70000076293945,39.70000076293945,40.06999969482422,39.04999923706055,35.7282829284668
2011-10-27,184300,38.33000183105469,39.790000915527344,39.869998931884766,37.599998474121094,35.80928421020508
2011-10-26,124200,37.650001525878906,37.029998779296875,37.650001525878906,35.66999816894531,33.325401306152344
2011-10-25,167800,37.45000076293945,36.95000076293945,37.45000076293945,36.58000183105469,33.25341033935547
2011-10-24,109000,37.36000061035156,37.90999984741211,38.459999084472656,37.13999938964844,34.11737060546875
2011-10-21,114900,37.5099983215332,37.08000183105469,37.83000183105469,36.810001373291016,33.37040328979492
2011-10-20,131600,35.93000030517578,36.790000915527344,36.86000061035156,35.369998931884766,33.10941696166992
2011-10-19,110500,37.060001373291016,35.900001525878906,37.7599983215332,35.68000030517578,32.308448791503906
2011-10-18,191100,37.54999923706055,37.33000183105469,37.58000183105469,35.83000183105469,33.59539794921875
2011-10-17,198200,37.619998931884766,37.54999923706055,37.88999938964844,37.04999923706055,33.793373107910156
2011-10-14,98300,37.84000015258789,37.97999954223633,38.31999969482422,37.4900016784668,34.18035125732422
2011-10-13,120000,37.02000045776367,37.38999938964844,37.459999084472656,36.380001068115234,33.649383544921875
2011-10-12,128700,36.79999923706055,37.16999816894531,37.95000076293945,36.16999816894531,33.451393127441406
2011-10-11,210700,37.2599983215332,36.630001068115234,38.16999816894531,36.09000015258789,32.84842300415039
2011-10-10,200000,36.779998779296875,37.40999984741211,37.4900016784668,36.220001220703125,33.54789733886719
2011-10-07,182100,37.16999816894531,35.970001220703125,37.540000915527344,35.77000045776367,32.25657272338867
2011-10-06,109000,35.970001220703125,36.9900016784668,37.09000015258789,35.33000183105469,33.1712646484375
2011-10-05,249900,35.02000045776367,36.130001068115234,36.22999954223633,34.459999084472656,32.4000358581543
2011-10-04,172400,32.27000045776367,34.79999923706055,34.900001525878906,32.09000015258789,31.207340240478516
2011-10-03,286200,33.88999938964844,32.70000076293945,35.31999969482422,32.689998626708984,29.324148178100586
2011-09-30,180500,36.06999969482422,34.29999923706055,36.470001220703125,34.25,30.758962631225586
2011-09-29,297800,37.56999969482422,36.720001220703125,37.869998931884766,34.5,32.929141998291016
2011-09-28,280900,38.349998474121094,36.68000030517578,38.65999984741211,36.38999938964844,32.89326477050781
2011-09-27,261800,38.810001373291016,38.2599983215332,39.63999938964844,37.810001373291016,34.31013870239258
2011-09-26,156700,38.130001068115234,38.119998931884766,38.849998474121094,36.58000183105469,34.18461227416992
2011-09-23,309200,37.34000015258789,37.97999954223633,38.599998474121094,37.09000015258789,34.05904769897461
2011-09-22,253200,36.7400016784668,37.400001525878906,37.709999084472656,36.310001373291016,33.5389404296875
2011-09-21,157700,38.7599983215332,37.91999816894531,39.779998779296875,37.83000183105469,34.00525665283203
2011-09-20,192500,40.349998474121094,38.68000030517578,40.619998931884766,38.560001373291016,34.68678665161133
2011-09-19,146500,40.130001068115234,40.52000045776367,41.040000915527344,39.56999969482422,36.33683776855469
2011-09-16,236200,40.58000183105469,40.959999084472656,41.20000076293945,39.45000076293945,36.73139953613281
2011-09-15,156200,40.45000076293945,40.33000183105469,40.560001373291016,39.02000045776367,36.16645431518555
2011-09-14,279300,39.75,40.0099983215332,40.72999954223633,38.5099983215332,35.879478454589844
2011-09-13,495100,37.13999938964844,39.54999923706055,39.630001068115234,36.66999816894531,35.46697235107422
2011-09-12,263500,35.59000015258789,37.02000045776367,37.04999923706055,34.84000015258789,33.19816970825195
2011-09-09,219200,37.689998626708984,36.15999984741211,38.06999969482422,35.2400016784668,32.42694854736328
2011-09-08,222900,37.130001068115234,38.13999938964844,38.7400016784668,36.79999923706055,34.20254135131836
2011-09-07,160500,37.11000061035156,37.459999084472656,37.619998931884766,36.310001373291016,33.59273910522461
2011-09-06,284500,35.63999938964844,36.279998779296875,36.47999954223633,35.02000045776367,32.53456497192383
2011-09-02,344400,37.40999984741211,37.2599983215332,37.560001373291016,35.529998779296875,33.41339111328125
2011-09-01,1384200,35.31999969482422,38.38999938964844,39.79999923706055,35.040000915527344,34.42673110961914
2011-08-31,481300,35.5,35.81999969482422,36.189998626708984,34.31999969482422,32.122039794921875
2011-08-30,311900,34.189998626708984,35.150001525878906,35.630001068115234,34.040000915527344,31.52121925354004
2011-08-29,495000,33.540000915527344,34.369998931884766,34.7599983215332,33.16999816894531,30.821746826171875
2011-08-26,658700,32.869998931884766,33.02000045776367,33.18000030517578,32.43000030517578,29.61111068725586
2011-08-25,306400,34.369998931884766,33.0,34.40999984741211,32.540000915527344,29.59317398071289
2011-08-24,281400,34.36000061035156,34.0,35.0,33.779998779296875,30.489940643310547
2011-08-23,232300,33.119998931884766,34.459999084472656,34.68000030517578,32.61000061035156,30.90245246887207
2011-08-22,219500,33.0,32.939998626708984,33.68000030517578,32.459999084472656,29.53937339782715
2011-08-19,300300,31.649999618530273,31.989999771118164,33.720001220703125,31.450000762939453,28.68744659423828
2011-08-18,219100,33.22999954223633,32.0099983215332,33.52000045776367,31.690000534057617,28.705381393432617
2011-08-17,159300,34.97999954223633,34.779998779296875,35.2400016784668,33.959999084472656,31.189409255981445
2011-08-16,146300,35.31999969482422,34.70000076293945,35.7400016784668,34.060001373291016,31.117673873901367
2011-08-15,106400,35.43000030517578,35.86000061035156,35.900001525878906,34.720001220703125,32.15791320800781
2011-08-12,317900,34.099998474121094,35.209999084472656,35.310001373291016,33.45000076293945,31.575023651123047
2011-08-11,288500,31.6200008392334,33.2599983215332,34.459999084472656,30.200000762939453,29.826324462890625
2011-08-10,323300,32.77000045776367,31.389999389648438,33.290000915527344,31.059999465942383,28.149385452270508
2011-08-09,424000,33.38999938964844,33.58000183105469,34.34000015258789,29.809999465942383,30.113306045532227
2011-08-08,463400,33.95000076293945,33.33000183105469,34.90999984741211,32.880001068115234,29.88910675048828
2011-08-05,262300,35.459999084472656,35.40999984741211,35.720001220703125,33.22999954223633,31.754371643066406
2011-08-04,176100,38.16999816894531,34.959999084472656,38.650001525878906,34.79999923706055,31.350830078125
2011-08-03,152100,37.619998931884766,38.88999938964844,38.939998626708984,36.209999084472656,34.87511444091797
2011-08-02,219700,38.29999923706055,37.75,39.31999969482422,37.5,33.85279846191406
2011-08-01,142200,39.88999938964844,38.689998626708984,39.88999938964844,37.939998626708984,34.695762634277344
2011-07-29,255000,37.90999984741211,39.18000030517578,39.529998779296875,37.25,35.135162353515625
2011-07-28,212800,37.560001373291016,38.34000015258789,39.0099983215332,37.36000061035156,34.381893157958984
2011-07-27,195200,38.0,37.560001373291016,38.119998931884766,37.400001525878906,33.68241882324219
2011-07-26,98700,37.709999084472656,38.099998474121094,38.439998626708984,37.45000076293945,34.166664123535156
2011-07-25,90800,37.189998626708984,37.619998931884766,38.0,37.06999969482422,33.73622512817383
2011-07-22,92200,38.81999969482422,37.720001220703125,38.81999969482422,37.63999938964844,33.825889587402344
2011-07-21,146700,37.380001068115234,38.779998779296875,38.86000061035156,37.380001068115234,34.776466369628906
2011-07-20,128900,37.959999084472656,37.060001373291016,37.959999084472656,36.29999923706055,33.234039306640625
2011-07-19,152600,36.650001525878906,38.0,38.279998779296875,36.2400016784668,34.076988220214844
2011-07-18,108800,36.27000045776367,36.25,36.41999816894531,35.720001220703125,32.507659912109375
2011-07-15,115600,36.459999084472656,36.470001220703125,36.599998474121094,35.939998626708984,32.7049446105957
2011-07-14,219500,36.68000030517578,36.36000061035156,37.220001220703125,36.060001373291016,32.60629653930664
2011-07-13,237400,35.209999084472656,36.619998931884766,36.900001525878906,34.59000015258789,32.839454650878906
2011-07-12,137700,34.93000030517578,35.0099983215332,35.56999969482422,34.59000015258789,31.279081344604492
2011-07-11,160800,35.400001525878906,34.97999954223633,35.7400016784668,34.65999984741211,31.252288818359375
2011-07-08,124600,35.650001525878906,35.86000061035156,35.9900016784668,35.31999969482422,32.038509368896484
2011-07-07,169000,35.709999084472656,36.209999084472656,37.0,34.900001525878906,32.35121536254883
2011-07-06,108500,34.90999984741211,35.2599983215332,35.36000061035156,34.220001220703125,31.50244903564453
2011-07-05,147500,34.060001373291016,35.029998779296875,35.06999969482422,33.70000076293945,31.296945571899414
2011-07-01,124300,33.7599983215332,34.119998931884766,34.34000015258789,33.650001525878906,30.48393440246582
2011-06-30,136600,33.720001220703125,33.7599983215332,34.0,33.41999816894531,30.162296295166016
2011-06-29,243800,32.58000183105469,33.58000183105469,33.90999984741211,32.41999816894531,30.001487731933594
2011-06-28,108000,31.969999313354492,32.40999984741211,32.47999954223633,31.729999542236328,28.956167221069336
2011-06-27,121600,32.56999969482422,31.8799991607666,33.20000076293945,31.829999923706055,28.48263931274414
2011-06-24,433600,32.5,32.689998626708984,32.7599983215332,31.989999771118164,29.206321716308594
2011-06-23,138300,31.729999542236328,32.4900016784668,32.54999923706055,31.229999542236328,29.027637481689453
2011-06-22,189100,32.880001068115234,32.15999984741211,32.959999084472656,32.060001373291016,28.73280906677246
2011-06-21,203700,32.61000061035156,33.029998779296875,33.380001068115234,32.31999969482422,29.510093688964844
2011-06-20,242200,31.8700008392334,32.33000183105469,32.650001525878906,31.739999771118164,28.884689331054688
2011-06-17,278600,31.209999084472656,32.0,32.40999984741211,31.059999465942383,28.58985710144043
2011-06-16,175900,30.40999984741211,30.899999618530273,31.059999465942383,30.170000076293945,27.607078552246094
2011-06-15,169300,30.739999771118164,30.43000030517578,31.25,30.360000610351562,27.18716049194336
2011-06-14,298300,30.709999084472656,31.040000915527344,31.559999465942383,30.299999237060547,27.73216438293457
2011-06-13,302400,30.8700008392334,30.18000030517578,31.290000915527344,30.049999237060547,26.96380615234375
2011-06-10,200600,31.510000228881836,30.6299991607666,31.690000534057617,30.450000762939453,27.36585235595703
2011-06-09,293600,32.56999969482422,31.729999542236328,32.81999969482422,31.450000762939453,28.3486328125
2011-06-08,787300,36.0099983215332,32.41999816894531,36.060001373291016,32.189998626708984,28.96510124206543
2011-06-07,415100,36.04999923706055,34.5099983215332,36.529998779296875,34.400001525878906,30.832368850708008
2011-06-06,241100,36.630001068115234,35.83000183105469,36.689998626708984,35.63999938964844,32.011695861816406
2011-06-03,178900,36.220001220703125,36.70000076293945,37.029998779296875,36.220001220703125,32.78898620605469
2011-06-02,264800,37.310001373291016,36.790000915527344,37.349998474121094,36.70000076293945,32.869407653808594
2011-06-01,203700,37.91999816894531,37.279998779296875,37.91999816894531,37.04999923706055,33.30718231201172
2011-05-31,255500,38.66999816894531,37.95000076293945,38.70000076293945,37.650001525878906,33.90578079223633
2011-05-27,101000,38.22999954223633,38.189998626708984,38.380001068115234,37.849998474121094,34.12021255493164
2011-05-26,132400,37.650001525878906,38.0,38.20000076293945,37.560001373291016,33.9504508972168
2011-05-25,193700,37.52000045776367,37.650001525878906,37.90999984741211,37.189998626708984,33.637752532958984
2011-05-24,169900,38.36000061035156,37.68000030517578,38.380001068115234,37.599998474121094,33.6645622253418
2011-05-23,152900,38.15999984741211,38.16999816894531,38.959999084472656,37.959999084472656,34.10234069824219
2011-05-20,217300,38.79999923706055,38.939998626708984,39.369998931884766,37.75,34.79027557373047
2011-05-19,80200,38.880001068115234,39.02000045776367,39.349998474121094,38.470001220703125,34.86174774169922
2011-05-18,117400,38.630001068115234,38.7400016784668,38.86000061035156,38.47999954223633,34.611595153808594
2011-05-17,187200,39.02000045776367,38.599998474121094,39.119998931884766,38.04999923706055,34.48650360107422
2011-05-16,209700,38.68000030517578,39.29999923706055,39.59000015258789,38.2599983215332,35.11191177368164
2011-05-13,238400,38.38999938964844,39.0099983215332,39.5,38.36000061035156,34.85281753540039
2011-05-12,186000,36.20000076293945,37.970001220703125,38.099998474121094,35.59000015258789,33.92365264892578
2011-05-11,150500,37.27000045776367,36.45000076293945,37.279998779296875,36.11000061035156,32.56563186645508
2011-05-10,158600,36.529998779296875,37.36000061035156,37.54999923706055,36.189998626708984,33.378658294677734
2011-05-09,102000,36.0099983215332,36.209999084472656,36.40999984741211,35.38999938964844,32.35121536254883
2011-05-06,366100,35.900001525878906,36.18000030517578,36.65999984741211,35.43000030517578,32.32440185546875
2011-05-05,291000,35.13999938964844,35.720001220703125,35.900001525878906,34.209999084472656,31.913434982299805
2011-05-04,333400,34.5099983215332,35.689998626708984,35.7599983215332,34.189998626708984,31.88661766052246
2011-05-03,299000,33.25,34.540000915527344,34.61000061035156,32.900001525878906,30.859176635742188
2011-05-02,215000,34.459999084472656,33.31999969482422,34.459999084472656,33.060001373291016,29.76919174194336
2011-04-29,125000,34.310001373291016,34.349998474121094,34.45000076293945,33.880001068115234,30.689420700073242
2011-04-28,66200,34.279998779296875,34.29999923706055,34.40999984741211,33.709999084472656,30.644746780395508
2011-04-27,132500,33.790000915527344,34.33000183105469,34.400001525878906,33.560001373291016,30.67156219482422
2011-04-26,166200,33.47999954223633,33.650001525878906,34.0,33.290000915527344,30.06403160095215
2011-04-25,110900,33.15999984741211,33.41999816894531,33.5,32.779998779296875,29.8585262298584
2011-04-21,104400,33.7400016784668,33.31999969482422,33.880001068115234,33.0,29.76919174194336
2011-04-20,132500,33.93000030517578,33.7400016784668,34.47999954223633,33.470001220703125,30.144439697265625
2011-04-19,166800,33.349998474121094,33.189998626708984,33.900001525878906,32.869998931884766,29.65304183959961
2011-04-18,202400,33.310001373291016,33.099998474121094,34.11000061035156,32.72999954223633,29.572628021240234
2011-04-15,176700,33.599998474121094,33.689998626708984,34.290000915527344,33.58000183105469,30.099748611450195
2011-04-14,316300,31.139999389648438,33.47999954223633,33.86000061035156,31.010000228881836,29.912132263183594
2011-04-13,132300,31.899999618530273,31.280000686645508,32.41999816894531,30.5,27.94658660888672
2011-04-12,192900,31.579999923706055,31.700000762939453,32.029998779296875,30.90999984741211,28.205684661865234
2011-04-11,291500,32.97999954223633,31.56999969482422,33.599998474121094,31.200000762939453,28.090011596679688
2011-04-08,302600,35.060001373291016,32.959999084472656,35.060001373291016,32.81999969482422,29.32678985595703
2011-04-07,242000,34.52000045776367,34.20000076293945,34.97999954223633,33.95000076293945,30.43011474609375
2011-04-06,246300,35.65999984741211,34.630001068115234,35.65999984741211,34.459999084472656,30.812711715698242
2011-04-05,414300,34.25,35.25,35.880001068115234,34.150001525878906,31.364370346069336
2011-04-04,418600,34.349998474121094,34.220001220703125,34.459999084472656,33.599998474121094,30.44789695739746
2011-04-01,302900,34.369998931884766,34.029998779296875,34.529998779296875,33.779998779296875,30.278844833374023
2011-03-31,491300,33.029998779296875,34.189998626708984,34.279998779296875,32.7599983215332,30.421207427978516
2011-03-30,1969100,28.309999465942383,33.43000030517578,33.599998474121094,28.309999465942383,29.744983673095703
2011-03-29,187800,24.920000076293945,25.010000228881836,25.15999984741211,24.3799991607666,22.25312614440918
2011-03-28,80700,24.06999969482422,24.34000015258789,24.520000457763672,23.969999313354492,21.65697479248047
2011-03-25,104900,24.1200008392334,23.860000610351562,24.739999771118164,23.850000381469727,21.22989273071289
2011-03-24,68400,23.809999465942383,23.899999618530273,24.15999984741211,23.549999237060547,21.265483856201172
2011-03-23,49000,23.280000686645508,23.489999771118164,23.649999618530273,22.940000534057617,20.900678634643555
2011-03-22,64900,23.40999984741211,23.260000228881836,23.719999313354492,23.1299991607666,20.69603157043457
2011-03-21,90700,22.950000762939453,23.3700008392334,23.579999923706055,22.700000762939453,20.79390525817871
2011-03-18,173200,23.280000686645508,22.510000228881836,23.329999923706055,22.479999542236328,20.028701782226562
2011-03-17,66600,23.469999313354492,23.059999465942383,23.469999313354492,23.040000915527344,20.5180721282959
2011-03-16,101800,23.350000381469727,23.030000686645508,23.440000534057617,22.969999313354492,20.49138641357422
2011-03-15,150300,23.860000610351562,23.40999984741211,23.950000762939453,23.25,20.82949447631836
2011-03-14,95100,24.709999084472656,24.200000762939453,24.940000534057617,24.030000686645508,21.53241539001465
2011-03-11,142000,25.5,24.950000762939453,25.5,24.65999984741211,22.199743270874023
2011-03-10,133000,24.959999084472656,25.540000915527344,25.639999389648438,24.770000457763672,22.72470474243164
2011-03-09,118700,25.479999542236328,25.200000762939453,25.600000381469727,25.040000915527344,22.422182083129883
2011-03-08,162800,24.510000228881836,25.5,25.510000228881836,24.40999984741211,22.689104080200195
2011-03-07,144700,25.149999618530273,24.520000457763672,25.600000381469727,24.3799991607666,21.817142486572266
2011-03-04,65500,24.799999237060547,25.030000686645508,25.09000015258789,24.690000534057617,22.270923614501953
2011-03-03,104300,24.299999237060547,24.799999237060547,24.829999923706055,24.299999237060547,22.06627655029297
2011-03-02,72100,23.739999771118164,24.139999389648438,24.25,23.549999237060547,21.479021072387695
2011-03-01,148700,24.329999923706055,23.709999084472656,24.5,23.5,21.09642219543457
2011-02-28,81900,24.649999618530273,24.1200008392334,24.649999618530273,23.739999771118164,21.46123504638672
2011-02-25,74100,23.770000457763672,24.68000030517578,24.690000534057617,23.760000228881836,21.95950698852539
2011-02-24,97900,23.15999984741211,23.479999542236328,23.56999969482422,22.899999618530273,20.891782760620117
2011-02-23,103100,23.739999771118164,23.100000381469727,23.739999771118164,22.739999771118164,20.553665161132812
2011-02-22,71700,24.100000381469727,23.739999771118164,24.399999618530273,23.56999969482422,21.123119354248047
2011-02-18,66300,24.56999969482422,24.399999618530273,24.56999969482422,24.079999923706055,21.71036720275879
2011-02-17,84600,24.399999618530273,24.559999465942383,24.649999618530273,24.25,21.85272789001465
2011-02-16,53800,24.510000228881836,24.520000457763672,24.700000762939453,24.200000762939453,21.817142486572266
2011-02-15,94200,24.979999542236328,24.450000762939453,25.079999923706055,24.299999237060547,21.754858016967773
2011-02-14,71200,25.110000610351562,24.959999084472656,25.260000228881836,24.850000381469727,22.208637237548828
2011-02-11,49900,24.860000610351562,25.040000915527344,25.1200008392334,24.510000228881836,22.279823303222656
2011-02-10,95600,24.90999984741211,24.940000534057617,25.100000381469727,24.399999618530273,22.190839767456055
2011-02-09,56600,24.850000381469727,25.1200008392334,25.3799991607666,24.770000457763672,22.35099983215332
2011-02-08,54700,24.75,24.90999984741211,25.0,24.579999923706055,22.164152145385742
2011-02-07,57100,24.260000228881836,24.719999313354492,24.81999969482422,24.260000228881836,21.99509048461914
2011-02-04,66200,23.989999771118164,24.270000457763672,24.350000381469727,23.75,21.594696044921875
2011-02-03,88300,23.950000762939453,24.059999465942383,24.489999771118164,23.75,21.407848358154297
2011-02-02,74600,24.290000915527344,24.010000228881836,24.520000457763672,23.600000381469727,21.36336326599121
2011-02-01,227400,24.059999465942383,24.469999313354492,25.399999618530273,23.739999771118164,21.77264976501465
2011-01-31,148600,24.079999923706055,23.670000076293945,24.450000762939453,23.6200008392334,21.060836791992188
2011-01-28,156100,24.260000228881836,23.860000610351562,24.450000762939453,23.649999618530273,21.22989273071289
2011-01-27,104300,24.06999969482422,24.229999542236328,24.739999771118164,24.020000457763672,21.559110641479492
2011-01-26,152200,23.31999969482422,24.049999237060547,24.209999084472656,22.920000076293945,21.398944854736328
2011-01-25,77800,23.170000076293945,23.290000915527344,23.489999771118164,22.899999618530273,20.72272300720215
2011-01-24,79000,23.350000381469727,23.40999984741211,23.6200008392334,22.899999618530273,20.82949447631836
2011-01-21,236400,24.06999969482422,23.299999237060547,24.06999969482422,22.829999923706055,20.731616973876953
2011-01-20,130400,23.84000015258789,23.969999313354492,24.18000030517578,23.200000762939453,21.327768325805664
2011-01-19,254600,25.149999618530273,23.959999084472656,25.31999969482422,23.8799991607666,21.318864822387695
2011-01-18,288800,25.489999771118164,25.139999389648438,25.690000534057617,24.940000534057617,22.368793487548828
2011-01-14,99000,25.81999969482422,25.670000076293945,26.030000686645508,25.530000686645508,22.840373992919922
2011-01-13,93000,25.809999465942383,25.920000076293945,26.15999984741211,25.719999313354492,23.062820434570312
2011-01-12,147100,26.520000457763672,25.8700008392334,26.559999465942383,25.75,23.01833152770996
2011-01-11,173600,26.829999923706055,26.309999465942383,27.149999618530273,26.260000228881836,23.311952590942383
2011-01-10,186100,26.959999084472656,26.700000762939453,26.989999771118164,26.290000915527344,23.657512664794922
2011-01-07,189700,27.719999313354492,27.0,27.989999771118164,26.59000015258789,23.923322677612305
2011-01-06,279200,27.579999923706055,27.59000015258789,27.780000686645508,27.0,24.446094512939453
2011-01-05,169500,26.600000381469727,27.149999618530273,27.190000534057617,26.389999389648438,24.05623435974121
2011-01-04,263400,26.8700008392334,26.5,27.06999969482422,26.260000228881836,23.48029899597168
2011-01-03,143100,25.850000381469727,26.420000076293945,26.639999389648438,25.559999465942383,23.409420013427734
2010-12-31,109500,26.299999237060547,25.610000610351562,26.329999923706055,25.530000686645508,22.691720962524414
2010-12-30,100300,26.100000381469727,26.360000610351562,26.5,25.829999923706055,23.35625457763672
2010-12-29,156400,26.329999923706055,26.209999084472656,26.540000915527344,26.190000534057617,23.223346710205078
2010-12-28,256200,26.68000030517578,26.34000015258789,27.010000228881836,26.260000228881836,23.33853530883789
2010-12-27,121300,26.40999984741211,26.610000610351562,26.700000762939453,26.239999771118164,23.577768325805664
2010-12-23,240300,27.0,26.68000030517578,27.15999984741211,26.5,23.639787673950195
2010-12-22,1041800,26.739999771118164,26.969999313354492,28.1299991607666,25.709999084472656,23.896739959716797
2010-12-21,228700,22.010000228881836,22.170000076293945,22.299999237060547,21.5,19.643705368041992
2010-12-20,130700,22.350000381469727,21.81999969482422,22.450000762939453,21.770000457763672,19.333589553833008
2010-12-17,299200,22.559999465942383,22.350000381469727,22.6200008392334,22.15999984741211,19.803199768066406
2010-12-16,231800,22.5,22.489999771118164,22.799999237060547,22.020000457763672,19.927244186401367
2010-12-15,179600,23.549999237060547,22.530000686645508,23.59000015258789,22.3700008392334,19.962690353393555
2010-12-14,126600,24.049999237060547,23.649999618530273,24.049999237060547,23.559999465942383,20.955062866210938
2010-12-13,207200,24.1200008392334,23.809999465942383,24.1200008392334,23.760000228881836,21.09682846069336
2010-12-10,561000,23.170000076293945,24.020000457763672,24.049999237060547,22.510000228881836,21.282901763916016
2010-12-09,1020600,26.690000534057617,23.06999969482422,27.229999542236328,22.59000015258789,20.44114875793457
2010-12-08,217400,28.229999542236328,27.690000534057617,28.229999542236328,27.350000381469727,24.534696578979492
2010-12-07,324500,26.6200008392334,28.209999084472656,29.5,26.6200008392334,24.995447158813477
2010-12-06,117400,25.989999771118164,26.350000381469727,26.399999618530273,25.75,23.347393035888672
2010-12-03,119300,25.530000686645508,25.959999084472656,26.100000381469727,24.93000030517578,23.001834869384766
2010-12-02,128800,26.399999618530273,25.709999084472656,26.559999465942383,25.25,22.78032112121582
2010-12-01,155000,25.239999771118164,26.479999542236328,26.489999771118164,25.239999771118164,23.46258544921875
2010-11-30,95800,24.31999969482422,24.700000762939453,24.979999542236328,24.190000534057617,21.885412216186523
2010-11-29,84200,24.15999984741211,24.670000076293945,24.809999465942383,23.6200008392334,21.858835220336914
2010-11-26,30700,24.229999542236328,24.43000030517578,24.520000457763672,24.079999923706055,21.646177291870117
2010-11-24,145600,24.8700008392334,24.329999923706055,25.219999313354492,23.600000381469727,21.557575225830078
2010-11-23,348500,24.260000228881836,24.59000015258789,25.170000076293945,23.959999084472656,21.787946701049805
2010-11-22,85500,23.690000534057617,24.18000030517578,24.440000534057617,23.579999923706055,21.424667358398438
2010-11-19,58500,23.489999771118164,23.760000228881836,23.850000381469727,23.139999389648438,21.052522659301758
2010-11-18,71900,22.75,23.56999969482422,23.90999984741211,22.75,20.884172439575195
2010-11-17,46200,21.989999771118164,22.3700008392334,22.59000015258789,21.760000228881836,19.820920944213867
2010-11-16,112300,22.1299991607666,21.889999389648438,22.270000457763672,21.639999389648438,19.39561653137207
2010-11-15,52600,22.459999084472656,22.420000076293945,22.850000381469727,22.399999618530273,19.865222930908203
2010-11-12,66000,22.420000076293945,22.209999084472656,22.68000030517578,22.170000076293945,19.679147720336914
2010-11-11,85500,21.950000762939453,22.68000030517578,22.709999084472656,21.93000030517578,20.095592498779297
2010-11-10,144400,23.360000610351562,22.479999542236328,23.510000228881836,22.25,19.91838264465332
2010-11-09,102700,23.780000686645508,23.31999969482422,23.84000015258789,23.06999969482422,20.662668228149414
2010-11-08,64100,23.520000457763672,23.729999542236328,23.829999923706055,23.3799991607666,21.02594566345215
2010-11-05,75700,22.850000381469727,23.520000457763672,23.600000381469727,22.81999969482422,20.839874267578125
2010-11-04,163900,23.84000015258789,22.780000686645508,24.059999465942383,22.709999084472656,20.184194564819336
2010-11-03,109100,23.229999542236328,23.170000076293945,23.450000762939453,22.75,20.529760360717773
2010-11-02,107100,23.190000534057617,23.219999313354492,23.389999389648438,22.700000762939453,20.574064254760742
2010-11-01,100400,23.229999542236328,22.75,23.270000457763672,22.549999237060547,20.15761947631836
2010-10-29,107300,22.899999618530273,23.030000686645508,23.209999084472656,22.81999969482422,20.40571403503418
2010-10-28,172500,23.549999237060547,22.969999313354492,23.670000076293945,22.84000015258789,20.3525390625
2010-10-27,214100,23.780000686645508,23.329999923706055,23.989999771118164,23.209999084472656,20.671525955200195
2010-10-26,80000,23.6200008392334,23.989999771118164,24.190000534057617,23.31999969482422,21.256319046020508
2010-10-25,57300,23.739999771118164,23.850000381469727,24.1200008392334,23.5,21.132274627685547
2010-10-22,58600,23.860000610351562,23.540000915527344,23.920000076293945,23.440000534057617,20.85759925842285
2010-10-21,64000,24.219999313354492,23.770000457763672,24.360000610351562,23.530000686645508,21.06138801574707
2010-10-20,46300,24.09000015258789,23.969999313354492,24.299999237060547,23.8700008392334,21.238595962524414
2010-10-19,107900,23.760000228881836,23.8799991607666,24.110000610351562,23.549999237060547,21.158851623535156
2010-10-18,58400,24.049999237060547,24.270000457763672,24.360000610351562,23.860000610351562,21.50441551208496
2010-10-15,123800,24.510000228881836,23.950000762939453,24.6299991607666,23.8700008392334,21.220876693725586
2010-10-14,79900,23.989999771118164,24.170000076293945,24.209999084472656,23.770000457763672,21.415802001953125
2010-10-13,203500,24.40999984741211,23.969999313354492,24.489999771118164,23.940000534057617,21.238595962524414
2010-10-12,77000,23.889999389648438,24.149999618530273,24.260000228881836,23.6299991607666,21.30061912536621
2010-10-11,104300,24.25,23.950000762939453,24.540000915527344,23.93000030517578,21.124217987060547
2010-10-08,234500,23.969999313354492,24.280000686645508,24.65999984741211,23.670000076293945,21.415281295776367
2010-10-07,108500,23.8799991607666,23.889999389648438,24.219999313354492,23.600000381469727,21.07129669189453
2010-10-06,113000,23.899999618530273,23.600000381469727,24.0,23.290000915527344,20.81551170349121
2010-10-05,161100,23.540000915527344,23.979999542236328,24.139999389648438,23.350000381469727,21.150676727294922
2010-10-04,96900,23.899999618530273,23.34000015258789,23.899999618530273,22.940000534057617,20.586193084716797
2010-10-01,134700,23.899999618530273,23.93000030517578,23.93000030517578,23.450000762939453,21.1065731048584
2010-09-30,119800,24.049999237060547,23.780000686645508,24.049999237060547,23.549999237060547,20.974275588989258
2010-09-29,73900,24.040000915527344,23.809999465942383,24.040000915527344,23.360000610351562,21.000734329223633
2010-09-28,151600,24.09000015258789,24.09000015258789,24.270000457763672,23.540000915527344,21.24770164489746
2010-09-27,72000,24.079999923706055,24.100000381469727,24.260000228881836,23.899999618530273,21.256519317626953
2010-09-24,106000,23.350000381469727,24.0,24.43000030517578,23.350000381469727,21.168319702148438
2010-09-23,57500,22.969999313354492,22.84000015258789,23.65999984741211,22.75,20.14517593383789
2010-09-22,63100,23.729999542236328,23.290000915527344,23.729999542236328,22.860000610351562,20.54208755493164
2010-09-21,88200,24.299999237060547,23.899999618530273,24.31999969482422,23.6200008392334,21.08011817932129
2010-09-20,108800,23.610000610351562,24.219999313354492,24.459999084472656,23.360000610351562,21.36235237121582
2010-09-17,96700,23.690000534057617,23.450000762939453,23.770000457763672,22.969999313354492,20.68321418762207
2010-09-16,51500,23.739999771118164,23.420000076293945,23.8799991607666,22.8799991607666,20.656747817993164
2010-09-15,55900,23.360000610351562,23.8700008392334,23.979999542236328,22.959999084472656,21.05365753173828
2010-09-14,87600,23.690000534057617,23.399999618530273,23.81999969482422,23.309999465942383,20.639110565185547
2010-09-13,118200,23.200000762939453,23.850000381469727,24.010000228881836,23.06999969482422,21.036020278930664
2010-09-10,54600,22.860000610351562,22.860000610351562,23.31999969482422,22.719999313354492,20.16282081604004
2010-09-09,76300,23.34000015258789,22.790000915527344,23.389999389648438,22.6200008392334,20.101083755493164
2010-09-08,81800,22.649999618530273,23.030000686645508,23.219999313354492,22.520000457763672,20.312768936157227
2010-09-07,112600,22.68000030517578,22.540000915527344,22.770000457763672,22.100000381469727,19.88058090209961
2010-09-03,106000,23.3700008392334,22.93000030517578,23.549999237060547,22.639999389648438,20.224567413330078
2010-09-02,282500,20.010000228881836,23.010000228881836,23.329999923706055,20.010000228881836,20.295124053955078
2010-09-01,156600,20.209999084472656,21.3799991607666,21.559999465942383,20.030000686645508,18.857440948486328
2010-08-31,162200,19.860000610351562,19.719999313354492,20.729999542236328,19.360000610351562,17.3933048248291
2010-08-30,80500,20.399999618530273,19.8799991607666,20.700000762939453,19.84000015258789,17.534423828125
2010-08-27,72700,20.100000381469727,20.469999313354492,20.540000915527344,19.229999542236328,18.054811477661133
2010-08-26,50000,20.780000686645508,19.719999313354492,21.010000228881836,19.65999984741211,17.3933048248291
2010-08-25,68700,19.809999465942383,20.56999969482422,20.690000534057617,19.579999923706055,18.143009185791016
2010-08-24,86500,19.75,19.979999542236328,20.65999984741211,19.75,17.62261962890625
2010-08-23,99400,20.389999389648438,20.360000610351562,21.15999984741211,20.260000228881836,17.957786560058594
2010-08-20,91600,20.389999389648438,20.299999237060547,20.5,19.90999984741211,17.904874801635742
2010-08-19,99200,21.610000610351562,20.579999923706055,21.719999313354492,20.31999969482422,18.151836395263672
2010-08-18,155300,21.219999313354492,21.770000457763672,22.110000610351562,20.520000457763672,19.201427459716797
2010-08-17,86800,20.719999313354492,21.15999984741211,21.639999389648438,20.31999969482422,18.66339874267578
2010-08-16,87700,20.200000762939453,20.420000076293945,20.979999542236328,20.0,18.01071548461914
2010-08-13,97100,21.170000076293945,20.440000534057617,21.31999969482422,20.360000610351562,18.02834701538086
2010-08-12,91300,20.719999313354492,21.31999969482422,21.530000686645508,20.3700008392334,18.804523468017578
2010-08-11,115700,22.059999465942383,21.299999237060547,22.059999465942383,21.040000915527344,18.786884307861328
2010-08-10,137000,22.559999465942383,22.600000381469727,23.059999465942383,22.299999237060547,19.933496475219727
2010-08-09,57000,23.149999618530273,22.920000076293945,23.530000686645508,22.649999618530273,20.215749740600586
2010-08-06,83200,22.5,22.959999084472656,23.200000762939453,22.229999542236328,20.251018524169922
2010-08-05,90300,23.299999237060547,23.040000915527344,23.34000015258789,22.899999618530273,20.32158851623535
2010-08-04,152900,22.350000381469727,23.6200008392334,23.860000610351562,22.31999969482422,20.83315658569336
2010-08-03,134600,22.68000030517578,22.219999313354492,22.739999771118164,21.940000534057617,19.59833526611328
2010-08-02,96700,23.020000457763672,22.90999984741211,23.389999389648438,22.530000686645508,20.20692253112793
2010-07-30,68900,22.0,22.399999618530273,22.950000762939453,21.40999984741211,19.757097244262695
2010-07-29,76100,22.56999969482422,22.389999389648438,22.829999923706055,21.8799991607666,19.748279571533203
2010-07-28,72600,22.690000534057617,22.360000610351562,22.959999084472656,22.1299991607666,19.721818923950195
2010-07-27,90700,23.6299991607666,22.729999542236328,24.0,22.59000015258789,20.048160552978516
2010-07-26,161700,23.040000915527344,23.440000534057617,23.489999771118164,22.700000762939453,20.67439079284668
2010-07-23,129400,21.899999618530273,22.889999389648438,22.950000762939453,21.6299991607666,20.18927764892578
2010-07-22,172000,21.09000015258789,22.15999984741211,22.399999618530273,21.09000015258789,19.545412063598633
2010-07-21,237500,20.649999618530273,20.6299991607666,20.809999465942383,19.81999969482422,18.1959285736084
2010-07-20,148900,19.040000915527344,20.3700008392334,20.469999313354492,18.65999984741211,17.96660804748535
2010-07-19,132000,19.690000534057617,19.40999984741211,20.09000015258789,18.899999618530273,17.119876861572266
2010-07-16,169300,21.110000610351562,19.6200008392334,21.110000610351562,19.510000228881836,17.305103302001953
2010-07-15,161700,22.209999084472656,21.420000076293945,22.219999313354492,20.90999984741211,18.892723083496094
2010-07-14,123900,22.510000228881836,22.270000457763672,22.790000915527344,21.899999618530273,19.64243507385254
2010-07-13,172800,21.90999984741211,22.559999465942383,22.75,21.420000076293945,19.898221969604492
2010-07-12,110900,22.260000228881836,21.549999237060547,22.510000228881836,21.309999465942383,18.910362243652344
2010-07-09,124400,21.950000762939453,22.450000762939453,22.459999084472656,21.56999969482422,19.700122833251953
2010-07-08,208500,21.260000228881836,22.0,22.030000686645508,20.75,19.30524444580078
2010-07-07,196100,19.81999969482422,20.81999969482422,20.90999984741211,19.579999923706055,18.269779205322266
2010-07-06,231500,20.360000610351562,19.829999923706055,20.799999237060547,19.700000762939453,17.401044845581055
2010-07-02,122000,20.700000762939453,19.920000076293945,20.989999771118164,19.729999542236328,17.480022430419922
2010-07-01,217700,20.770000457763672,20.540000915527344,21.1200008392334,19.510000228881836,18.024076461791992
2010-06-30,263500,20.510000228881836,20.93000030517578,21.540000915527344,20.239999771118164,18.366300582885742
2010-06-29,161500,21.399999618530273,20.489999771118164,21.399999618530273,20.06999969482422,17.98020362854004
2010-06-28,123800,22.049999237060547,21.8700008392334,22.469999313354492,21.350000381469727,19.1911678314209
2010-06-25,394300,21.549999237060547,22.059999465942383,22.290000915527344,21.110000610351562,19.35789680480957
2010-06-24,227900,22.079999923706055,21.459999084472656,22.219999313354492,21.399999618530273,18.831388473510742
2010-06-23,190600,22.829999923706055,22.280000686645508,23.06999969482422,21.93000030517578,19.55095100402832
2010-06-22,170500,23.84000015258789,23.059999465942383,24.110000610351562,22.8799991607666,20.235401153564453
2010-06-21,189300,24.270000457763672,23.700000762939453,24.5,23.5,20.797016143798828
2010-06-18,239300,24.139999389648438,23.850000381469727,24.399999618530273,23.739999771118164,20.92864418029785
2010-06-17,146600,23.40999984741211,23.6299991607666,24.020000457763672,23.0,20.735584259033203
2010-06-16,149000,23.309999465942383,23.350000381469727,23.670000076293945,23.030000686645508,20.489879608154297
2010-06-15,275800,23.510000228881836,23.450000762939453,23.579999923706055,23.1200008392334,20.577638626098633
2010-06-14,179800,23.309999465942383,23.030000686645508,23.700000762939453,22.809999465942383,20.209083557128906
2010-06-11,208700,22.3799991607666,22.719999313354492,22.989999771118164,22.170000076293945,19.937049865722656
2010-06-10,347200,22.5,22.709999084472656,23.510000228881836,22.18000030517578,19.92827606201172
2010-06-09,527900,19.09000015258789,21.93000030517578,22.75,19.0,19.243824005126953
2010-06-08,253900,17.950000762939453,18.139999389648438,18.440000534057617,17.049999237060547,15.91805362701416
2010-06-07,127900,18.979999542236328,17.8799991607666,19.200000762939453,17.850000381469727,15.689901351928711
2010-06-04,178900,20.229999542236328,18.889999389648438,20.649999618530273,18.799999237060547,16.57618522644043
2010-06-03,90700,20.229999542236328,20.56999969482422,20.760000228881836,19.899999618530273,18.050399780273438
2010-06-02,98300,19.34000015258789,19.979999542236328,20.110000610351562,18.610000610351562,17.532665252685547
2010-06-01,141300,20.559999465942383,19.270000457763672,20.799999237060547,19.200000762939453,16.909635543823242
2010-05-28,108100,21.440000534057617,20.84000015258789,21.510000228881836,20.440000534057617,18.28732681274414
2010-05-27,100600,20.700000762939453,21.530000686645508,21.59000015258789,20.40999984741211,18.892818450927734
2010-05-26,145200,19.989999771118164,20.1299991607666,21.040000915527344,19.940000534057617,17.664304733276367
2010-05-25,118400,18.989999771118164,19.709999084472656,19.829999923706055,18.940000534057617,17.29574203491211
2010-05-24,151600,19.610000610351562,19.739999771118164,19.889999389648438,19.06999969482422,17.322067260742188
2010-05-21,280700,18.670000076293945,19.56999969482422,20.299999237060547,18.670000076293945,17.17289161682129
2010-05-20,210900,19.799999237060547,19.1299991607666,20.229999542236328,19.09000015258789,16.786781311035156
2010-05-19,176700,20.600000381469727,20.489999771118164,21.0,20.219999313354492,17.98020362854004
2010-05-18,201500,21.790000915527344,20.739999771118164,21.790000915527344,20.510000228881836,18.1995792388916
2010-05-17,87900,21.15999984741211,21.34000015258789,21.489999771118164,20.09000015258789,18.72608757019043
2010-05-14,90400,21.350000381469727,20.959999084472656,21.350000381469727,20.229999542236328,18.39263343811035
2010-05-13,107900,22.1299991607666,21.639999389648438,22.25,21.290000915527344,18.98933982849121
2010-05-12,148200,21.350000381469727,22.290000915527344,22.440000534057617,21.219999313354492,19.55972671508789
2010-05-11,122900,20.780000686645508,21.200000762939453,21.920000076293945,20.530000686645508,18.603239059448242
2010-05-10,186400,19.190000534057617,21.170000076293945,21.18000030517578,19.030000686645508,18.576913833618164
2010-05-07,228500,19.459999084472656,18.1299991607666,19.68000030517578,17.809999465942383,15.909271240234375
2010-05-06,199200,20.690000534057617,19.510000228881836,21.3700008392334,15.0,17.120235443115234
2010-05-05,118300,21.360000610351562,20.860000610351562,21.809999465942383,20.520000457763672,18.30488395690918
2010-05-04,155600,22.81999969482422,21.510000228881836,23.059999465942383,21.25,18.875259399414062
2010-05-03,102800,21.739999771118164,23.190000534057617,23.34000015258789,21.639999389648438,20.349477767944336
2010-04-30,179100,22.93000030517578,21.59000015258789,23.06999969482422,21.510000228881836,18.945470809936523
2010-04-29,103700,22.799999237060547,22.8799991607666,22.93000030517578,22.020000457763672,20.077451705932617
2010-04-28,80400,23.389999389648438,22.59000015258789,23.549999237060547,22.450000762939453,19.822973251342773
2010-04-27,209400,23.1200008392334,23.25,23.559999465942383,23.100000381469727,20.40213394165039
2010-04-26,101400,23.0,23.329999923706055,23.709999084472656,23.0,20.472335815429688
2010-04-23,67100,22.8700008392334,23.040000915527344,23.079999923706055,22.600000381469727,20.217857360839844
2010-04-22,72900,21.68000030517578,22.8700008392334,23.010000228881836,21.59000015258789,20.068679809570312
2010-04-21,92400,22.389999389648438,22.06999969482422,22.40999984741211,21.690000534057617,19.366668701171875
2010-04-20,55200,22.56999969482422,22.459999084472656,22.950000762939453,22.31999969482422,19.70890235900879
2010-04-19,131800,22.270000457763672,22.469999313354492,22.850000381469727,21.829999923706055,19.71767234802246
2010-04-16,84400,22.860000610351562,22.469999313354492,23.1299991607666,22.260000228881836,19.71767234802246
2010-04-15,68500,22.600000381469727,22.8700008392334,22.920000076293945,22.350000381469727,20.068679809570312
2010-04-14,197600,22.06999969482422,22.559999465942383,22.84000015258789,22.0,19.79665184020996
2010-04-13,166100,21.350000381469727,21.940000534057617,22.170000076293945,21.170000076293945,19.252593994140625
2010-04-12,121600,21.600000381469727,21.530000686645508,22.270000457763672,21.459999084472656,18.796293258666992
2010-04-09,69300,21.399999618530273,21.600000381469727,21.68000030517578,21.219999313354492,18.857398986816406
2010-04-08,119800,21.899999618530273,21.350000381469727,21.899999618530273,21.270000457763672,18.63914680480957
2010-04-07,96300,21.959999084472656,21.969999313354492,22.260000228881836,21.459999084472656,19.180419921875
2010-04-06,92200,21.719999313354492,21.93000030517578,22.059999465942383,21.399999618530273,19.145503997802734
2010-04-05,114100,21.0,21.829999923706055,21.950000762939453,20.809999465942383,19.058197021484375
2010-04-01,153600,20.559999465942383,20.850000381469727,21.329999923706055,20.31999969482422,18.2026309967041
2010-03-31,329100,20.5,20.329999923706055,20.899999618530273,20.110000610351562,17.748653411865234
2010-03-30,785600,20.559999465942383,20.600000381469727,21.75,20.25,17.984373092651367
2010-03-29,502400,23.510000228881836,23.510000228881836,23.65999984741211,22.920000076293945,20.524883270263672
2010-03-26,145700,22.65999984741211,23.489999771118164,23.5,22.6299991607666,20.50742530822754
2010-03-25,164200,21.770000457763672,22.610000610351562,22.809999465942383,21.670000076293945,19.739154815673828
2010-03-24,44400,21.739999771118164,21.5,21.760000228881836,21.170000076293945,18.770095825195312
2010-03-23,68900,21.549999237060547,21.790000915527344,21.969999313354492,21.450000762939453,19.023271560668945
2010-03-22,43500,20.559999465942383,21.469999313354492,21.600000381469727,20.3700008392334,18.743906021118164
2010-03-19,168400,20.739999771118164,20.739999771118164,21.709999084472656,20.440000534057617,18.106595993041992
2010-03-18,64300,21.8799991607666,21.610000610351562,22.079999923706055,21.25,18.866134643554688
2010-03-17,113300,21.81999969482422,21.920000076293945,22.280000686645508,21.739999771118164,19.136770248413086
2010-03-16,48100,21.729999542236328,21.68000030517578,21.760000228881836,21.40999984741211,18.9272403717041
2010-03-15,145900,21.639999389648438,21.649999618530273,21.780000686645508,21.399999618530273,18.90104866027832
2010-03-12,62900,21.65999984741211,21.6299991607666,21.81999969482422,21.440000534057617,18.88359260559082
2010-03-11,58500,21.520000457763672,21.6200008392334,21.790000915527344,21.270000457763672,18.874862670898438
2010-03-10,82800,21.68000030517578,21.649999618530273,21.84000015258789,21.479999542236328,18.90104866027832
2010-03-09,76300,21.6200008392334,21.6200008392334,21.8700008392334,21.350000381469727,18.874862670898438
2010-03-08,93000,21.329999923706055,21.799999237060547,21.8799991607666,21.329999923706055,19.03200340270996
2010-03-05,142300,20.760000228881836,21.399999618530273,21.709999084472656,20.739999771118164,18.68279457092285
2010-03-04,63700,20.149999618530273,20.6299991607666,20.690000534057617,20.149999618530273,18.010555267333984
2010-03-03,72700,20.360000610351562,20.260000228881836,20.790000915527344,20.1299991607666,17.687545776367188
2010-03-02,88500,20.270000457763672,20.219999313354492,20.450000762939453,19.84000015258789,17.65262222290039
2010-03-01,62000,19.520000457763672,20.290000915527344,20.350000381469727,19.520000457763672,17.71373748779297
2010-02-26,75700,19.739999771118164,19.459999084472656,19.84000015258789,19.270000457763672,16.98912239074707
2010-02-25,131900,19.350000381469727,19.68000030517578,19.690000534057617,19.15999984741211,17.181184768676758
2010-02-24,134500,19.670000076293945,19.690000534057617,19.760000228881836,19.149999618530273,17.189918518066406
2010-02-23,179900,19.649999618530273,19.540000915527344,19.780000686645508,19.389999389648438,17.0589656829834
2010-02-22,115000,19.56999969482422,19.639999389648438,19.75,19.40999984741211,17.146263122558594
2010-02-19,105800,19.09000015258789,19.440000534057617,19.479999542236328,18.850000381469727,16.971660614013672
2010-02-18,93500,18.770000457763672,19.110000610351562,19.200000762939453,18.530000686645508,16.68355941772461
2010-02-17,213700,17.6299991607666,18.739999771118164,19.059999465942383,17.56999969482422,16.360538482666016
2010-02-16,61000,17.059999465942383,17.459999084472656,17.520000457763672,16.809999465942383,15.243062019348145
2010-02-12,87000,16.450000762939453,16.81999969482422,16.860000610351562,16.329999923706055,14.68432903289795
2010-02-11,153500,16.31999969482422,16.670000076293945,16.729999542236328,16.110000610351562,14.553372383117676
2010-02-10,59000,16.31999969482422,16.459999084472656,16.59000015258789,16.079999923706055,14.370035171508789
2010-02-09,70100,16.81999969482422,16.459999084472656,16.81999969482422,16.049999237060547,14.370035171508789
2010-02-08,60000,16.6299991607666,16.579999923706055,17.170000076293945,16.25,14.474797248840332
2010-02-05,147900,17.280000686645508,16.700000762939453,17.350000381469727,16.100000381469727,14.57956600189209
2010-02-04,88700,17.84000015258789,17.309999465942383,18.040000915527344,17.190000534057617,15.112109184265137
2010-02-03,94600,18.770000457763672,18.079999923706055,18.979999542236328,17.889999389648438,15.784343719482422
2010-02-02,118800,18.229999542236328,18.93000030517578,19.170000076293945,18.049999237060547,16.526418685913086
2010-02-01,91900,17.860000610351562,18.290000915527344,18.530000686645508,17.469999313354492,15.967679023742676
2010-01-29,160100,17.760000228881836,17.84000015258789,18.559999465942383,17.739999771118164,15.574814796447754
2010-01-28,63400,18.510000228881836,17.610000610351562,18.6299991607666,17.549999237060547,15.37402057647705
2010-01-27,65800,18.09000015258789,18.440000534057617,18.56999969482422,17.579999923706055,16.098628997802734
2010-01-26,135700,17.760000228881836,18.270000457763672,18.479999542236328,17.540000915527344,15.950221061706543
2010-01-25,117900,18.229999542236328,17.90999984741211,18.3700008392334,17.549999237060547,15.63592529296875
2010-01-22,129400,18.90999984741211,18.110000610351562,19.15999984741211,17.799999237060547,15.810532569885254
2010-01-21,131500,20.280000686645508,18.989999771118164,20.43000030517578,18.940000534057617,16.578792572021484
2010-01-20,138100,21.100000381469727,20.260000228881836,21.219999313354492,20.030000686645508,17.687545776367188
2010-01-19,81400,20.950000762939453,21.290000915527344,21.530000686645508,20.950000762939453,18.58675765991211
2010-01-15,94800,21.25,21.040000915527344,21.389999389648438,20.510000228881836,18.368501663208008
2010-01-14,99900,21.360000610351562,21.139999389648438,21.739999771118164,21.049999237060547,18.45580291748047
2010-01-13,85200,21.360000610351562,21.530000686645508,21.65999984741211,21.049999237060547,18.796293258666992
2010-01-12,102900,22.049999237060547,21.450000762939453,22.18000030517578,21.360000610351562,18.647871017456055
2010-01-11,123400,23.209999084472656,22.360000610351562,23.3799991607666,22.25,19.438995361328125
2010-01-08,88200,23.1200008392334,23.1200008392334,23.200000762939453,22.790000915527344,20.099712371826172
2010-01-07,98700,22.940000534057617,23.170000076293945,23.229999542236328,22.440000534057617,20.143184661865234
2010-01-06,112900,22.65999984741211,22.90999984741211,23.200000762939453,22.510000228881836,19.917144775390625
2010-01-05,195300,21.790000915527344,22.760000228881836,23.06999969482422,21.3700008392334,19.786739349365234
2010-01-04,150000,21.079999923706055,21.770000457763672,22.079999923706055,21.049999237060547,18.926071166992188
2009-12-31,88300,21.18000030517578,20.68000030517578,21.459999084472656,20.579999923706055,17.978464126586914
2009-12-30,99800,20.950000762939453,21.200000762939453,21.450000762939453,20.81999969482422,18.4305362701416
2009-12-29,160600,21.09000015258789,21.190000534057617,21.260000228881836,20.479999542236328,18.421836853027344
2009-12-28,92900,21.739999771118164,21.079999923706055,21.950000762939453,20.8700008392334,18.32620620727539
2009-12-24,18800,21.739999771118164,21.729999542236328,22.209999084472656,21.450000762939453,18.89129638671875
2009-12-23,107400,22.100000381469727,21.65999984741211,22.25,21.290000915527344,18.8304386138916
2009-12-22,121300,22.18000030517578,22.020000457763672,22.270000457763672,21.850000381469727,19.143413543701172
2009-12-21,289500,21.770000457763672,22.06999969482422,22.6200008392334,21.709999084472656,19.18687629699707
2009-12-18,386600,22.809999465942383,21.65999984741211,23.190000534057617,21.6299991607666,18.8304386138916
2009-12-17,209200,23.200000762939453,22.540000915527344,23.520000457763672,21.920000076293945,19.595481872558594
2009-12-16,301600,24.5,23.399999618530273,24.549999237060547,23.31999969482422,20.34313201904297
2009-12-15,128200,24.959999084472656,24.229999542236328,25.100000381469727,24.010000228881836,21.064708709716797
2009-12-14,151800,24.93000030517578,25.030000686645508,25.6200008392334,24.670000076293945,21.76019859313965
2009-12-11,244900,24.479999542236328,24.610000610351562,25.0,24.209999084472656,21.39507293701172
2009-12-10,584000,23.360000610351562,24.15999984741211,24.549999237060547,22.75,21.00385093688965
2009-12-09,146500,21.079999923706055,21.06999969482422,21.34000015258789,20.760000228881836,18.31751251220703
2009-12-08,84800,21.700000762939453,21.059999465942383,21.829999923706055,20.969999313354492,18.308822631835938
2009-12-07,91200,21.8700008392334,21.829999923706055,22.239999771118164,21.600000381469727,18.978233337402344
2009-12-04,112400,21.540000915527344,21.940000534057617,22.84000015258789,21.540000915527344,19.07386016845703
2009-12-03,76600,22.170000076293945,21.299999237060547,22.3799991607666,21.18000030517578,18.51746940612793
2009-12-02,101600,21.860000610351562,22.059999465942383,22.989999771118164,21.760000228881836,19.17818832397461
2009-12-01,81800,21.65999984741211,21.770000457763672,22.25,21.450000762939453,18.926071166992188
2009-11-30,110500,21.43000030517578,21.450000762939453,21.719999313354492,20.780000686645508,18.647871017456055
2009-11-27,36800,20.639999389648438,21.540000915527344,22.110000610351562,20.639999389648438,18.726119995117188
2009-11-25,67700,21.84000015258789,21.979999542236328,22.299999237060547,21.84000015258789,19.108638763427734
2009-11-24,66700,22.549999237060547,21.829999923706055,22.549999237060547,21.600000381469727,18.978233337402344
2009-11-23,97800,22.040000915527344,22.600000381469727,23.059999465942383,22.040000915527344,19.647640228271484
2009-11-20,90300,21.540000915527344,21.559999465942383,22.040000915527344,21.40999984741211,18.74350357055664
2009-11-19,111100,22.399999618530273,21.670000076293945,22.399999618530273,21.40999984741211,18.83913230895996
2009-11-18,55100,23.229999542236328,22.549999237060547,23.260000228881836,22.209999084472656,19.604171752929688
2009-11-17,80700,23.34000015258789,23.290000915527344,23.450000762939453,22.75,20.24750518798828
2009-11-16,111600,22.649999618530273,23.43000030517578,23.540000915527344,22.649999618530273,20.36922264099121
2009-11-13,82600,22.190000534057617,22.459999084472656,22.739999771118164,21.75,19.52593421936035
2009-11-12,87400,23.18000030517578,22.030000686645508,23.18000030517578,21.950000762939453,19.152101516723633
2009-11-11,122000,23.399999618530273,23.170000076293945,23.520000457763672,22.940000534057617,20.143184661865234
2009-11-10,232200,22.600000381469727,23.059999465942383,23.440000534057617,22.600000381469727,20.04754638671875
2009-11-09,195500,21.950000762939453,22.739999771118164,23.329999923706055,21.75,19.769350051879883
2009-11-06,175000,21.190000534057617,21.770000457763672,22.0,21.079999923706055,18.926071166992188
2009-11-05,170900,20.600000381469727,21.489999771118164,21.850000381469727,20.34000015258789,18.682647705078125
2009-11-04,267400,20.670000076293945,20.3700008392334,20.75,20.010000228881836,17.70895767211914
2009-11-03,267000,19.649999618530273,20.3700008392334,20.450000762939453,19.399999618530273,17.70895767211914
2009-11-02,264500,19.450000762939453,19.780000686645508,19.959999084472656,19.0,17.196035385131836
2009-10-30,159500,19.81999969482422,19.350000381469727,20.049999237060547,19.100000381469727,16.82221031188965
2009-10-29,161900,19.850000381469727,19.899999618530273,20.200000762939453,19.65999984741211,17.30036163330078
2009-10-28,284800,19.65999984741211,19.450000762939453,20.209999084472656,19.440000534057617,16.909147262573242
2009-10-27,278000,20.84000015258789,19.719999313354492,21.059999465942383,19.6200008392334,17.143875122070312
2009-10-26,273800,20.950000762939453,20.739999771118164,21.799999237060547,20.639999389648438,18.030624389648438
2009-10-23,248000,22.920000076293945,20.8700008392334,23.1299991607666,20.84000015258789,18.143646240234375
2009-10-22,304100,22.959999084472656,22.889999389648438,23.770000457763672,21.3700008392334,19.89975357055664
2009-10-21,173500,23.489999771118164,22.940000534057617,24.360000610351562,22.829999923706055,19.94322967529297
2009-10-20,118800,23.469999313354492,23.5,23.760000228881836,23.09000015258789,20.43007469177246
2009-10-19,108500,22.940000534057617,23.469999313354492,23.799999237060547,22.940000534057617,20.403987884521484
2009-10-16,140100,23.229999542236328,22.90999984741211,23.5,22.649999618530273,19.917144775390625
2009-10-15,124700,23.299999237060547,23.530000686645508,23.639999389648438,23.100000381469727,20.456153869628906
2009-10-14,112900,23.15999984741211,23.56999969482422,23.649999618530273,22.649999618530273,20.49091911315918
2009-10-13,81400,22.760000228881836,22.81999969482422,22.979999542236328,22.549999237060547,19.83890724182129
2009-10-12,107200,23.350000381469727,23.18000030517578,23.690000534057617,23.100000381469727,20.07363510131836
2009-10-09,120000,22.93000030517578,23.360000610351562,23.700000762939453,22.93000030517578,20.229509353637695
2009-10-08,194500,23.0,23.100000381469727,23.600000381469727,22.81999969482422,20.004352569580078
2009-10-07,256300,21.360000610351562,22.860000610351562,22.989999771118164,21.309999465942383,19.7965145111084
2009-10-06,235400,20.09000015258789,21.399999618530273,21.940000534057617,20.06999969482422,18.53217124938965
2009-10-05,195700,18.959999084472656,20.06999969482422,20.170000076293945,18.959999084472656,17.38040542602539
2009-10-02,228100,18.600000381469727,18.899999618530273,19.15999984741211,18.190000534057617,16.367197036743164
2009-10-01,211600,19.6299991607666,19.06999969482422,19.6299991607666,18.75,16.514415740966797
2009-09-30,237700,20.799999237060547,19.700000762939453,20.799999237060547,19.209999084472656,17.059988021850586
2009-09-29,172300,21.399999618530273,20.719999313354492,21.6299991607666,20.639999389648438,17.94329833984375
2009-09-28,137700,20.040000915527344,21.270000457763672,21.5,19.93000030517578,18.419593811035156
2009-09-25,114400,20.299999237060547,19.8700008392334,20.510000228881836,19.760000228881836,17.207199096679688
2009-09-24,173100,20.5,20.420000076293945,20.780000686645508,19.75,17.683496475219727
2009-09-23,99300,20.959999084472656,20.459999084472656,21.3700008392334,20.399999618530273,17.7181396484375
2009-09-22,120600,21.350000381469727,20.90999984741211,21.459999084472656,20.760000228881836,18.10783576965332
2009-09-21,241700,20.579999923706055,21.25,21.40999984741211,19.84000015258789,18.402271270751953
2009-09-18,240800,20.829999923706055,20.760000228881836,21.1299991607666,20.59000015258789,17.97793960571289
2009-09-17,302400,20.780000686645508,20.979999542236328,22.190000534057617,20.219999313354492,18.16845703125
2009-09-16,160400,20.43000030517578,21.18000030517578,21.399999618530273,20.309999465942383,18.341657638549805
2009-09-15,149800,19.459999084472656,20.170000076293945,20.350000381469727,19.15999984741211,17.467004776000977
2009-09-14,162000,18.75,19.389999389648438,19.59000015258789,18.59000015258789,16.79153060913086
2009-09-11,127600,18.81999969482422,18.920000076293945,19.25,18.700000762939453,16.384521484375
2009-09-10,235400,17.899999618530273,18.889999389648438,19.40999984741211,17.81999969482422,16.358537673950195
2009-09-09,209100,17.780000686645508,17.959999084472656,18.270000457763672,17.399999618530273,15.553162574768066
2009-09-08,164700,17.940000534057617,17.719999313354492,18.25,17.600000381469727,15.345332145690918
2009-09-04,380300,17.34000015258789,17.90999984741211,18.0,16.950000762939453,15.509864807128906
2009-09-03,988400,16.049999237060547,16.93000030517578,17.520000457763672,15.949999809265137,14.661199569702148
2009-09-02,225800,13.420000076293945,14.100000381469727,14.319999694824219,13.239999771118164,12.21044921875
2009-09-01,143000,13.880000114440918,13.520000457763672,14.300000190734863,13.260000228881836,11.708174705505371
2009-08-31,107100,14.369999885559082,14.0,14.4399995803833,14.0,12.123849868774414
2009-08-28,46900,14.869999885559082,14.4399995803833,14.890000343322754,14.359999656677246,12.504884719848633
2009-08-27,66800,14.609999656677246,14.770000457763672,14.869999885559082,14.180000305175781,12.790660858154297
2009-08-26,72300,14.40999984741211,14.670000076293945,14.859999656677246,14.300000190734863,12.704063415527344
2009-08-25,96900,14.149999618530273,14.470000267028809,14.600000381469727,14.069999694824219,12.530865669250488
2009-08-24,77400,14.199999809265137,14.039999961853027,14.329999923706055,13.970000267028809,12.158491134643555
2009-08-21,76900,13.890000343322754,14.09000015258789,14.199999809265137,13.829999923706055,12.201787948608398
2009-08-20,55600,13.6899995803833,13.880000114440918,13.970000267028809,13.6899995803833,12.019929885864258
2009-08-19,68000,13.420000076293945,13.6899995803833,13.960000038146973,13.15999984741211,11.855389595031738
2009-08-18,74600,13.300000190734863,13.59000015258789,13.800000190734863,13.010000228881836,11.768795013427734
2009-08-17,110000,13.329999923706055,13.279999732971191,13.489999771118164,12.65999984741211,11.500335693359375
2009-08-14,83700,14.380000114440918,13.789999961853027,14.380000114440918,13.609999656677246,11.94198989868164
2009-08-13,56600,14.529999732971191,14.359999656677246,14.5600004196167,14.010000228881836,12.43560791015625
2009-08-12,134200,14.180000305175781,14.390000343322754,14.600000381469727,14.119999885559082,12.461583137512207
2009-08-11,97200,14.430000305175781,14.119999885559082,14.630000114440918,13.649999618530273,12.227766990661621
2009-08-10,90700,14.109999656677246,14.479999542236328,14.640000343322754,13.670000076293945,12.539523124694824
2009-08-07,112700,14.420000076293945,14.229999542236328,14.470000267028809,13.970000267028809,12.323026657104492
2009-08-06,167100,14.029999732971191,14.029999732971191,14.119999885559082,13.75,12.14982795715332
2009-08-05,130900,13.949999809265137,13.9399995803833,14.029999732971191,13.510000228881836,12.071893692016602
2009-08-04,95400,13.75,13.949999809265137,14.0,13.420000076293945,12.080547332763672
2009-08-03,148600,13.850000381469727,13.84000015258789,13.850000381469727,13.289999961853027,11.985291481018066
2009-07-31,174900,13.369999885559082,13.710000038146973,13.789999961853027,13.25,11.872712135314941
2009-07-30,158700,12.9399995803833,13.399999618530273,13.739999771118164,12.829999923706055,11.604255676269531
2009-07-29,92200,12.619999885559082,12.8100004196167,12.979999542236328,12.420000076293945,11.09332275390625
2009-07-28,104600,12.140000343322754,12.720000267028809,12.819999694824219,11.890000343322754,11.015384674072266
2009-07-27,128600,12.100000381469727,12.5,12.539999961853027,11.949999809265137,10.82486343383789
2009-07-24,127500,11.220000267028809,12.09000015258789,12.09000015258789,11.220000267028809,10.469807624816895
2009-07-23,93200,11.09000015258789,11.359999656677246,11.75,10.880000114440918,9.837637901306152
2009-07-22,105100,10.460000038146973,11.149999618530273,11.34000015258789,10.460000038146973,9.655780792236328
2009-07-21,44800,10.350000381469727,10.550000190734863,10.640000343322754,10.260000228881836,9.136186599731445
2009-07-20,124500,10.720000267028809,10.3100004196167,11.069999694824219,10.180000305175781,8.928352355957031
2009-07-17,120600,10.670000076293945,10.680000305175781,10.699999809265137,10.119999885559082,9.24876880645752
2009-07-16,61800,10.399999618530273,10.640000343322754,10.770000457763672,10.279999732971191,9.214126586914062
2009-07-15,104600,9.869999885559082,10.489999771118164,10.510000228881836,9.859999656677246,9.084228515625
2009-07-14,106400,9.34000015258789,9.680000305175781,9.989999771118164,9.260000228881836,8.382776260375977
2009-07-13,98800,9.40999984741211,9.380000114440918,9.479999542236328,8.970000267028809,8.122979164123535
2009-07-10,97700,9.300000190734863,9.470000267028809,9.699999809265137,9.140000343322754,8.122980117797852
2009-07-09,168000,9.890000343322754,9.40999984741211,9.949999809265137,9.25,8.071516036987305
2009-07-08,136000,10.260000228881836,9.720000267028809,10.489999771118164,9.59000015258789,8.337420463562012
2009-07-07,146100,10.4399995803833,10.210000038146973,10.729999542236328,10.109999656677246,8.757719039916992
2009-07-06,176600,10.65999984741211,10.380000114440918,10.859999656677246,10.069999694824219,8.903541564941406
2009-07-02,210900,12.1899995803833,10.680000305175781,12.1899995803833,10.680000305175781,9.160869598388672
2009-07-01,161800,11.699999809265137,12.15999984741211,12.25,11.619999885559082,10.430352210998535
2009-06-30,253900,11.260000228881836,11.649999618530273,11.720000267028809,11.100000381469727,9.992891311645508
2009-06-29,174600,11.359999656677246,11.3100004196167,11.619999885559082,11.25,9.701254844665527
2009-06-26,464500,11.65999984741211,11.359999656677246,11.8100004196167,11.020000457763672,9.74414348602295
2009-06-25,209800,11.229999542236328,11.710000038146973,11.739999771118164,11.09000015258789,10.04435920715332
2009-06-24,244300,11.579999923706055,11.229999542236328,11.930000305175781,11.15999984741211,9.632637023925781
2009-06-23,225800,11.760000228881836,11.520000457763672,11.760000228881836,11.039999961853027,9.881385803222656
2009-06-22,140500,11.720000267028809,11.619999885559082,11.859999656677246,11.399999618530273,9.967159271240234
2009-06-19,244300,11.65999984741211,11.760000228881836,12.369999885559082,11.510000228881836,10.087247848510742
2009-06-18,114800,11.579999923706055,11.4399995803833,11.579999923706055,11.109999656677246,9.812765121459961
2009-06-17,115800,11.600000381469727,11.65999984741211,11.770000457763672,11.0,10.001474380493164
2009-06-16,128900,11.960000038146973,11.569999694824219,12.079999923706055,11.329999923706055,9.924273490905762
2009-06-15,227800,12.130000114440918,11.880000114440918,12.130000114440918,11.100000381469727,10.190177917480469
2009-06-12,209900,12.5,12.199999809265137,12.529999732971191,12.0600004196167,10.464661598205566
2009-06-11,258700,13.319999694824219,12.579999923706055,13.449999809265137,12.520000457763672,10.790611267089844
2009-06-10,520900,12.829999923706055,13.359999656677246,14.010000228881836,12.380000114440918,11.459661483764648
2009-06-09,295600,11.029999732971191,12.15999984741211,12.34000015258789,11.029999732971191,10.430352210998535
2009-06-08,139300,11.479999542236328,11.039999961853027,11.600000381469727,10.9399995803833,9.469661712646484
2009-06-05,139600,11.0,11.5,11.770000457763672,11.0,9.864230155944824
2009-06-04,89600,10.270000457763672,10.850000381469727,10.859999656677246,10.010000228881836,9.306689262390137
2009-06-03,79700,10.5,10.25,10.550000190734863,10.039999961853027,8.792033195495605
2009-06-02,182400,9.890000343322754,10.59000015258789,10.819999694824219,9.489999771118164,9.083671569824219
2009-06-01,96300,9.4399995803833,9.979999542236328,10.479999542236328,9.4399995803833,8.56043815612793
2009-05-29,131200,8.930000305175781,9.270000457763672,9.420000076293945,8.75,7.951426982879639
2009-05-28,153800,9.640000343322754,8.869999885559082,9.869999885559082,8.789999961853027,7.608325481414795
2009-05-27,105000,10.1899995803833,9.520000457763672,10.1899995803833,9.3100004196167,8.165867805480957
2009-05-26,117600,8.8100004196167,10.220000267028809,10.5600004196167,8.649999618530273,8.766301155090332
2009-05-22,72700,9.0,8.920000076293945,9.15999984741211,8.8100004196167,7.651210784912109
2009-05-21,84000,8.890000343322754,8.960000038146973,9.050000190734863,8.619999885559082,7.685520172119141
2009-05-20,72700,9.470000267028809,9.0,9.789999961853027,8.979999542236328,7.719834327697754
2009-05-19,96000,9.420000076293945,9.40999984741211,9.640000343322754,8.899999618530273,8.071516036987305
2009-05-18,81700,8.789999961853027,9.420000076293945,9.520000457763672,8.630000114440918,8.080092430114746
2009-05-15,64100,8.800000190734863,8.630000114440918,9.069999694824219,8.5,7.402461051940918
2009-05-14,100700,8.449999809265137,8.869999885559082,9.25,8.449999809265137,7.608325481414795
2009-05-13,162900,9.399999618530273,8.5,9.600000381469727,8.390000343322754,7.29095458984375
2009-05-12,133700,9.40999984741211,9.649999618530273,9.720000267028809,9.0,8.277374267578125
2009-05-11,84600,9.4399995803833,9.380000114440918,9.720000267028809,9.25,8.045780181884766
2009-05-08,104000,9.579999923706055,9.640000343322754,9.829999923706055,9.25,8.268798828125
2009-05-07,195100,10.800000190734863,9.449999809265137,10.800000190734863,9.239999771118164,8.105823516845703
2009-05-06,182100,10.569999694824219,10.680000305175781,10.859999656677246,10.289999961853027,9.160869598388672
2009-05-05,176400,10.449999809265137,10.520000457763672,10.800000190734863,9.970000267028809,9.023626327514648
2009-05-04,131300,9.970000267028809,10.539999961853027,10.539999961853027,9.680000305175781,9.040782928466797
2009-05-01,159300,9.760000228881836,9.84000015258789,10.390000343322754,9.579999923706055,8.440350532531738
2009-04-30,147400,10.390000343322754,9.739999771118164,10.699999809265137,9.699999809265137,8.354575157165527
2009-04-29,237200,9.640000343322754,10.220000267028809,11.149999618530273,9.609999656677246,8.766301155090332
2009-04-28,203400,8.989999771118164,9.600000381469727,9.90999984741211,8.65999984741211,8.234488487243652
2009-04-27,348800,9.0,9.119999885559082,9.630000114440918,8.779999732971191,7.822762966156006
2009-04-24,267900,9.229999542236328,9.199999809265137,9.789999961853027,9.0,7.891384124755859
2009-04-23,321300,9.420000076293945,9.1899995803833,9.949999809265137,8.9399995803833,7.882808685302734
2009-04-22,348600,8.569999694824219,9.479999542236328,9.569999694824219,8.420000076293945,8.131553649902344
2009-04-21,125300,7.840000152587891,8.680000305175781,8.75,7.800000190734863,7.4453511238098145
2009-04-20,124100,8.350000381469727,8.020000457763672,8.350000381469727,8.0,6.879230499267578
2009-04-17,168300,8.460000038146973,8.550000190734863,8.970000267028809,8.4399995803833,7.3338422775268555
2009-04-16,179600,7.96999979019165,8.430000305175781,8.449999809265137,7.71999979019165,7.230910301208496
2009-04-15,143300,8.319999694824219,7.869999885559082,8.390000343322754,7.699999809265137,6.750565052032471
2009-04-14,219700,8.34000015258789,8.34000015258789,8.5600004196167,7.929999828338623,7.153711795806885
2009-04-13,213400,7.440000057220459,8.460000038146973,8.75,7.230000019073486,7.256642818450928
2009-04-09,187300,7.059999942779541,7.53000020980835,7.679999828338623,7.059999942779541,6.381728649139404
2009-04-08,302900,6.860000133514404,7.0,7.309999942779541,6.860000133514404,5.932549953460693
2009-04-07,117400,6.690000057220459,6.829999923706055,7.03000020980835,6.650000095367432,5.788472652435303
2009-04-06,131600,7.320000171661377,6.789999961853027,7.349999904632568,6.619999885559082,5.754572868347168
2009-04-03,177300,6.989999771118164,7.360000133514404,7.380000114440918,6.639999866485596,6.237653732299805
2009-04-02,201300,6.260000228881836,7.03000020980835,7.170000076293945,6.170000076293945,5.957974910736084
2009-04-01,153200,6.039999961853027,6.150000095367432,6.349999904632568,5.920000076293945,5.2121686935424805
2009-03-31,440000,5.849999904632568,6.170000076293945,6.610000133514404,5.53000020980835,5.229118347167969
2009-03-30,137700,7.079999923706055,6.460000038146973,7.079999923706055,6.25,5.474896430969238
2009-03-27,213700,6.820000171661377,7.179999828338623,7.340000152587891,6.46999979019165,6.08510160446167
2009-03-26,131700,6.340000152587891,7.110000133514404,7.110000133514404,6.340000152587891,6.0257744789123535
2009-03-25,108500,6.480000019073486,6.260000228881836,6.880000114440918,5.880000114440918,5.305396556854248
2009-03-24,212800,6.079999923706055,6.420000076293945,6.690000057220459,5.889999866485596,5.440995693206787
2009-03-23,143700,5.809999942779541,6.28000020980835,6.28000020980835,5.699999809265137,5.32234525680542
2009-03-20,217700,5.789999961853027,5.739999771118164,5.980000019073486,5.599999904632568,4.864689350128174
2009-03-19,105100,5.409999847412109,5.71999979019165,5.71999979019165,5.260000228881836,4.847740650177002
2009-03-18,99500,4.900000095367432,5.389999866485596,5.579999923706055,4.900000095367432,4.568063259124756
2009-03-17,67500,4.559999942779541,4.869999885559082,4.869999885559082,4.489999771118164,4.127359867095947
2009-03-16,68900,4.510000228881836,4.519999980926514,4.869999885559082,4.489999771118164,3.8307321071624756
2009-03-13,135600,4.579999923706055,4.510000228881836,4.710000038146973,4.230000019073486,3.8222570419311523
2009-03-12,204100,3.6600000858306885,4.599999904632568,4.710000038146973,3.5999999046325684,3.8985323905944824
2009-03-11,84300,3.6500000953674316,3.690000057220459,3.9000000953674316,3.630000114440918,3.1273014545440674
2009-03-10,117200,3.4600000381469727,3.640000104904175,3.799999952316284,3.2899999618530273,3.084925651550293
2009-03-09,141100,3.559999942779541,3.319999933242798,3.559999942779541,3.140000104904175,2.81372332572937
2009-03-06,78200,3.609999895095825,3.5,3.690000057220459,3.450000047683716,2.9662749767303467
2009-03-05,93400,3.890000104904175,3.5799999237060547,3.9100000858306885,3.549999952316284,3.0340747833251953
2009-03-04,134600,3.75,4.010000228881836,4.079999923706055,3.7300000190734863,3.3985044956207275
2009-03-03,353400,4.25,3.700000047683716,4.46999979019165,3.6600000858306885,3.1357765197753906
2009-03-02,119000,4.630000114440918,4.25,4.670000076293945,4.179999828338623,3.6019058227539062
2009-02-27,109800,4.260000228881836,4.670000076293945,4.809999942779541,4.090000152587891,3.957858085632324
2009-02-26,126300,4.980000019073486,4.260000228881836,4.980000019073486,4.25,3.610379457473755
2009-02-25,102200,5.059999942779541,4.960000038146973,5.090000152587891,4.820000171661377,4.203633785247803
2009-02-24,123700,5.340000152587891,5.059999942779541,5.340000152587891,5.019999980926514,4.288387298583984
2009-02-23,80400,5.489999771118164,5.239999771118164,5.630000114440918,5.230000019073486,4.440937042236328
2009-02-20,116300,5.599999904632568,5.460000038146973,5.760000228881836,5.400000095367432,4.627389430999756
2009-02-19,58000,5.730000019073486,5.71999979019165,5.849999904632568,5.610000133514404,4.847740650177002
2009-02-18,101200,5.739999771118164,5.690000057220459,5.739999771118164,5.489999771118164,4.822314262390137
2009-02-17,86800,6.050000190734863,5.699999809265137,6.210000038146973,5.489999771118164,4.830790996551514
2009-02-13,70800,6.070000171661377,6.139999866485596,6.210000038146973,5.929999828338623,5.2036919593811035
2009-02-12,70300,5.960000038146973,6.079999923706055,6.21999979019165,5.800000190734863,5.152843475341797
2009-02-11,66900,6.070000171661377,6.050000190734863,6.28000020980835,5.880000114440918,5.12741756439209
2009-02-10,115700,6.599999904632568,6.03000020980835,6.699999809265137,5.949999809265137,5.11046838760376
2009-02-09,108500,6.570000171661377,6.659999847412109,6.75,6.489999771118164,5.644397735595703
2009-02-06,157400,6.480000019073486,6.570000171661377,7.039999961853027,6.300000190734863,5.568121910095215
2009-02-05,82300,6.130000114440918,6.46999979019165,6.610000133514404,6.059999942779541,5.48336935043335
2009-02-04,95700,6.5,6.170000076293945,6.5,6.039999961853027,5.229118347167969
2009-02-03,222300,6.460000038146973,6.5,6.650000095367432,6.210000038146973,5.508796215057373
2009-02-02,194600,6.550000190734863,6.510000228881836,6.599999904632568,6.269999980926514,5.517269611358643
2009-01-30,163300,6.730000019073486,6.659999847412109,6.75,6.480000019073486,5.644397735595703
2009-01-29,165300,6.940000057220459,6.639999866485596,6.940000057220459,6.550000190734863,5.62744665145874
2009-01-28,136100,6.829999923706055,7.070000171661377,7.079999923706055,6.760000228881836,5.991876602172852
2009-01-27,85600,6.670000076293945,6.699999809265137,6.730000019073486,6.230000019073486,5.678297519683838
2009-01-26,226600,6.71999979019165,6.630000114440918,6.960000038146973,6.460000038146973,5.618972301483154
2009-01-23,196700,6.199999809265137,6.739999771118164,6.760000228881836,6.070000171661377,5.71219539642334
2009-01-22,81400,6.460000038146973,6.420000076293945,6.659999847412109,6.139999866485596,5.440995693206787
2009-01-21,190000,6.349999904632568,6.619999885559082,6.650000095367432,6.130000114440918,5.610496997833252
2009-01-20,154100,7.050000190734863,6.25,7.150000095367432,6.199999809265137,5.2969183921813965
2009-01-16,167000,7.190000057220459,7.050000190734863,7.380000114440918,6.820000171661377,5.974925994873047
2009-01-15,174600,6.510000228881836,7.170000076293945,7.199999809265137,6.300000190734863,6.076625823974609
2009-01-14,222800,7.369999885559082,6.420000076293945,7.380000114440918,6.360000133514404,5.440995693206787
2009-01-13,130100,7.070000171661377,7.510000228881836,7.760000228881836,7.039999961853027,6.3647780418396
2009-01-12,101700,7.75,7.179999828338623,7.800000190734863,7.130000114440918,5.932549953460693
2009-01-09,87000,8.539999961853027,7.789999961853027,8.539999961853027,7.75,6.436568260192871
2009-01-08,68400,8.75,8.5,8.75,8.140000343322754,7.023215293884277
2009-01-07,139800,9.0,8.75,9.0,8.229999542236328,7.2297773361206055
2009-01-06,107400,8.979999542236328,9.149999618530273,9.25,8.880000114440918,7.560282230377197
2009-01-05,180500,9.239999771118164,8.920000076293945,9.239999771118164,8.729999542236328,7.370242118835449
2009-01-02,136900,8.720000267028809,9.069999694824219,9.550000190734863,8.5600004196167,7.494180202484131
2008-12-31,175600,8.960000038146973,8.770000457763672,9.109999656677246,8.600000381469727,7.246303558349609
2008-12-30,196700,7.869999885559082,8.850000381469727,8.9399995803833,7.840000152587891,7.312405109405518
2008-12-29,139000,8.109999656677246,7.789999961853027,8.210000038146973,7.730000019073486,6.436568260192871
2008-12-26,93800,7.840000152587891,8.15999984741211,8.34000015258789,7.840000152587891,6.742283344268799
2008-12-24,139200,7.78000020980835,7.769999980926514,8.0,7.590000152587891,6.420042991638184
2008-12-23,185700,7.739999771118164,7.650000095367432,7.920000076293945,7.409999847412109,6.320891857147217
2008-12-22,387100,8.579999923706055,7.679999828338623,8.890000343322754,7.25,6.345680236816406
2008-12-19,446800,7.619999885559082,9.069999694824219,9.069999694824219,7.389999866485596,7.494180202484131
2008-12-18,416900,7.019999980926514,7.289999961853027,7.96999979019165,6.820000171661377,6.023439407348633
2008-12-17,149900,6.329999923706055,6.820000171661377,6.980000019073486,6.210000038146973,5.635095119476318
2008-12-16,315800,5.429999828338623,6.539999961853027,6.639999866485596,5.360000133514404,5.403742790222168
2008-12-15,503700,5.199999809265137,5.320000171661377,5.46999979019165,5.099999904632568,4.395704746246338
2008-12-12,334000,4.550000190734863,5.260000228881836,5.260000228881836,4.480000019073486,4.346128940582275
2008-12-11,281600,5.670000076293945,4.809999942779541,5.670000076293945,4.579999923706055,3.9743130207061768
2008-12-10,325900,6.460000038146973,5.670000076293945,6.849999904632568,5.539999961853027,4.684897422790527
2008-12-09,303900,6.550000190734863,6.619999885559082,7.260000228881836,6.230000019073486,5.46984338760376
2008-12-08,338600,6.389999866485596,6.5,6.710000038146973,6.039999961853027,5.370692253112793
2008-12-05,396200,5.789999961853027,6.139999866485596,6.260000228881836,5.650000095367432,5.073238372802734
2008-12-04,314500,5.889999866485596,5.840000152587891,6.050000190734863,5.639999866485596,4.82535982131958
2008-12-03,406400,5.769999980926514,5.929999828338623,6.059999942779541,5.730000019073486,4.899724960327148
2008-12-02,234000,5.519999980926514,5.920000076293945,5.929999828338623,5.409999847412109,4.891462326049805
2008-12-01,535000,5.940000057220459,5.46999979019165,6.039999961853027,5.440000057220459,4.519643306732178
2008-11-28,201700,5.699999809265137,6.0,6.139999866485596,5.699999809265137,4.9575629234313965
2008-11-26,357200,5.559999942779541,5.639999866485596,5.739999771118164,5.400000095367432,4.660107135772705
2008-11-25,323700,5.900000095367432,5.679999828338623,5.980000019073486,5.570000171661377,4.693158149719238
2008-11-24,588700,6.170000076293945,5.760000228881836,6.170000076293945,5.539999961853027,4.7592597007751465
2008-11-21,315600,7.039999961853027,5.929999828338623,7.039999961853027,5.730000019073486,4.899724960327148
2008-11-20,144400,7.75,6.889999866485596,7.920000076293945,6.840000152587891,5.692934513092041
2008-11-19,141100,8.970000267028809,7.800000190734863,9.0600004196167,7.800000190734863,6.444831371307373
2008-11-18,242300,8.789999961853027,9.0,9.109999656677246,8.479999542236328,7.436345100402832
2008-11-17,145000,8.960000038146973,8.789999961853027,9.199999809265137,8.649999618530273,7.2628302574157715
2008-11-14,392600,10.0,8.960000038146973,10.0,8.8100004196167,7.403290271759033
2008-11-13,385500,9.699999809265137,10.079999923706055,10.130000114440918,8.800000190734863,8.328704833984375
2008-11-12,207400,10.130000114440918,9.699999809265137,10.25,9.550000190734863,8.014723777770996
2008-11-11,156600,10.90999984741211,10.4399995803833,11.020000457763672,10.229999542236328,8.6261568069458
2008-11-10,113400,11.760000228881836,11.300000190734863,12.100000381469727,11.170000076293945,9.336740493774414
2008-11-07,78600,12.0600004196167,11.770000457763672,12.25,11.59000015258789,9.72508430480957
2008-11-06,131800,13.170000076293945,12.09000015258789,13.25,11.899999618530273,9.989483833312988
2008-11-05,130200,13.199999809265137,13.1899995803833,13.460000038146973,13.010000228881836,10.8983736038208
2008-11-04,109300,13.4399995803833,13.399999618530273,13.569999694824219,13.020000457763672,11.071890830993652
2008-11-03,112000,13.550000190734863,13.3100004196167,13.699999809265137,13.0600004196167,10.997527122497559
2008-10-31,228600,12.609999656677246,13.470000267028809,13.789999961853027,12.449999809265137,11.129729270935059
2008-10-30,278000,12.390000343322754,12.600000381469727,12.710000038146973,12.069999694824219,10.410884857177734
2008-10-29,262400,11.619999885559082,11.75,12.399999618530273,11.40999984741211,9.708559036254883
2008-10-28,269200,11.65999984741211,11.600000381469727,11.680000305175781,11.149999618530273,9.58462142944336
2008-10-27,194600,12.220000267028809,11.449999809265137,12.229999542236328,11.449999809265137,9.460684776306152
2008-10-24,247700,12.300000190734863,12.109999656677246,12.59000015258789,12.069999694824219,10.006014823913574
2008-10-23,214300,13.300000190734863,13.34000015258789,13.9399995803833,12.670000076293945,11.022314071655273
2008-10-22,201400,13.329999923706055,13.430000305175781,13.850000381469727,13.09000015258789,11.096680641174316
2008-10-21,325600,14.0,13.670000076293945,14.149999618530273,13.430000305175781,11.294981002807617
2008-10-20,271500,14.420000076293945,13.8100004196167,14.420000076293945,13.609999656677246,11.410659790039062
2008-10-17,755200,13.5,13.850000381469727,14.079999923706055,13.5,11.443708419799805
2008-10-16,372100,14.25,14.029999732971191,14.649999618530273,13.609999656677246,11.592432022094727
2008-10-15,157400,16.450000762939453,14.220000267028809,16.540000915527344,14.199999809265137,11.749421119689941
2008-10-14,180100,16.989999771118164,16.479999542236328,17.530000686645508,15.649999618530273,13.61677074432373
2008-10-13,101600,16.15999984741211,16.479999542236328,16.479999542236328,15.770000457763672,13.61677074432373
2008-10-10,520200,14.970000267028809,15.850000381469727,16.3700008392334,14.369999885559082,13.096227645874023
2008-10-09,319200,19.229999542236328,15.920000076293945,19.25,14.850000381469727,13.005338668823242
2008-10-08,300100,19.899999618530273,18.899999618530273,20.399999618530273,18.780000686645508,15.439754486083984
2008-10-07,207800,22.100000381469727,20.25,22.239999771118164,20.0,16.542587280273438
2008-10-06,272100,21.969999313354492,21.75,22.290000915527344,21.149999618530273,17.76797103881836
2008-10-03,154200,24.920000076293945,22.690000534057617,25.229999542236328,22.65999984741211,18.535871505737305
2008-10-02,178900,24.899999618530273,24.489999771118164,24.899999618530273,24.139999389648438,20.00632667541504
2008-10-01,180100,25.709999084472656,24.899999618530273,25.8700008392334,24.719999313354492,20.341266632080078
2008-09-30,103900,25.540000915527344,25.829999923706055,25.90999984741211,25.149999618530273,21.101001739501953
2008-09-29,128400,25.399999618530273,25.170000076293945,26.0,24.829999923706055,20.561832427978516
2008-09-26,76700,25.209999084472656,25.760000228881836,25.959999084472656,25.209999084472656,21.043811798095703
2008-09-25,80900,25.260000228881836,25.6299991607666,26.149999618530273,25.260000228881836,20.937606811523438
2008-09-24,139100,26.6299991607666,25.350000381469727,27.049999237060547,25.15999984741211,20.70887565612793
2008-09-23,265400,26.959999084472656,26.479999542236328,27.81999969482422,26.25,21.63199234008789
2008-09-22,175800,27.899999618530273,26.3700008392334,28.200000762939453,26.299999237060547,21.542137145996094
2008-09-19,404000,29.0,28.239999771118164,29.020000457763672,26.93000030517578,23.06977081298828
2008-09-18,282400,25.079999923706055,26.56999969482422,26.56999969482422,24.770000457763672,21.70551872253418
2008-09-17,201300,25.059999465942383,24.459999084472656,25.389999389648438,24.3799991607666,19.981815338134766
2008-09-16,201200,24.270000457763672,25.40999984741211,25.5,24.270000457763672,20.757888793945312
2008-09-15,99300,24.0,24.68000030517578,25.549999237060547,24.0,20.161537170410156
2008-09-12,140800,25.649999618530273,24.899999618530273,25.989999771118164,24.420000076293945,20.341266632080078
2008-09-11,285100,24.559999465942383,25.899999618530273,26.0,24.030000686645508,21.158178329467773
2008-09-10,416400,23.920000076293945,24.920000076293945,25.75,23.739999771118164,20.35759925842285
2008-09-09,443500,24.440000534057617,23.0,24.6299991607666,23.0,18.78911781311035
2008-09-08,342900,25.059999465942383,24.260000228881836,25.6299991607666,24.059999465942383,19.818439483642578
2008-09-05,142000,24.479999542236328,24.3700008392334,24.56999969482422,23.969999313354492,19.908302307128906
2008-09-04,216700,24.59000015258789,24.479999542236328,24.940000534057617,24.149999618530273,19.99815559387207
2008-09-03,211300,23.950000762939453,24.959999084472656,25.010000228881836,23.829999923706055,20.39027976989746
2008-09-02,177000,23.5,24.0,24.670000076293945,23.34000015258789,19.60603904724121
2008-08-29,135700,22.850000381469727,22.850000381469727,23.350000381469727,22.3799991607666,18.666580200195312
2008-08-28,142700,22.309999465942383,22.889999389648438,23.3700008392334,22.0,18.699254989624023
2008-08-27,101600,21.6200008392334,22.209999084472656,22.639999389648438,21.450000762939453,18.14375877380371
2008-08-26,326000,22.219999313354492,21.65999984741211,22.219999313354492,20.579999923706055,17.69445037841797
2008-08-25,227500,23.5,22.219999313354492,23.5,21.75,18.151920318603516
2008-08-22,126100,23.3799991607666,23.530000686645508,23.809999465942383,22.860000610351562,19.222087860107422
2008-08-21,95100,23.5,23.360000610351562,23.600000381469727,22.799999237060547,19.083209991455078
2008-08-20,127200,23.600000381469727,23.790000915527344,24.18000030517578,23.15999984741211,19.434486389160156
2008-08-19,189200,24.3799991607666,23.469999313354492,24.3799991607666,23.329999923706055,19.17306900024414
2008-08-18,130400,24.549999237060547,24.739999771118164,25.100000381469727,24.030000686645508,20.210559844970703
2008-08-15,249200,24.649999618530273,24.450000762939453,25.3799991607666,24.010000228881836,19.973651885986328
2008-08-14,110600,24.25,25.440000534057617,25.670000076293945,24.15999984741211,20.78239631652832
2008-08-13,69400,24.559999465942383,24.469999313354492,24.8799991607666,24.020000457763672,19.9899845123291
2008-08-12,147700,24.690000534057617,24.510000228881836,25.059999465942383,24.350000381469727,20.02267074584961
2008-08-11,170000,23.3799991607666,24.469999313354492,25.479999542236328,23.3799991607666,19.9899845123291
2008-08-08,186000,21.93000030517578,23.6299991607666,23.940000534057617,21.93000030517578,19.303775787353516
2008-08-07,188100,21.110000610351562,21.899999618530273,21.899999618530273,20.829999923706055,17.890506744384766
2008-08-06,82600,21.270000457763672,21.25,21.459999084472656,20.860000610351562,17.35951042175293
2008-08-05,172000,20.950000762939453,21.280000686645508,21.56999969482422,20.700000762939453,17.38401985168457
2008-08-04,133500,21.3799991607666,20.610000610351562,21.540000915527344,19.469999313354492,16.836681365966797
2008-08-01,88300,21.229999542236328,21.299999237060547,21.700000762939453,20.739999771118164,17.400365829467773
2008-07-31,80500,21.229999542236328,21.040000915527344,21.559999465942383,20.950000762939453,17.187957763671875
2008-07-30,80600,21.700000762939453,21.43000030517578,22.170000076293945,21.09000015258789,17.506563186645508
2008-07-29,76100,21.219999313354492,21.6299991607666,22.09000015258789,21.059999465942383,17.669940948486328
2008-07-28,148800,22.030000686645508,21.09000015258789,22.030000686645508,20.559999465942383,17.22881317138672
2008-07-25,95600,22.3700008392334,22.100000381469727,22.8700008392334,22.020000457763672,18.053897857666016
2008-07-24,123300,23.440000534057617,22.18000030517578,23.540000915527344,21.940000534057617,18.119239807128906
2008-07-23,166100,22.530000686645508,23.290000915527344,24.059999465942383,22.530000686645508,19.02602195739746
2008-07-22,165000,20.770000457763672,22.639999389648438,22.690000534057617,20.68000030517578,18.49502944946289
2008-07-21,100300,20.399999618530273,20.959999084472656,21.260000228881836,20.399999618530273,17.12260627746582
2008-07-18,101700,20.540000915527344,20.360000610351562,20.760000228881836,19.719999313354492,16.6324520111084
2008-07-17,197800,19.639999389648438,20.540000915527344,20.549999237060547,19.139999389648438,16.779502868652344
2008-07-16,173400,18.149999618530273,19.559999465942383,19.610000610351562,18.079999923706055,15.978919982910156
2008-07-15,293400,18.0,18.09000015258789,18.790000915527344,17.760000228881836,14.778051376342773
2008-07-14,279100,18.690000534057617,18.15999984741211,19.219999313354492,18.15999984741211,14.83523941040039
2008-07-11,193400,17.579999923706055,18.579999923706055,18.690000534057617,17.399999618530273,15.17834186553955
2008-07-10,118200,18.420000076293945,17.889999389648438,18.920000076293945,17.6200008392334,14.467623710632324
2008-07-09,125600,19.709999084472656,18.420000076293945,19.739999771118164,18.399999618530273,14.89623737335205
2008-07-08,213900,18.420000076293945,19.709999084472656,19.8700008392334,18.420000076293945,15.939451217651367
2008-07-07,124300,19.309999465942383,18.43000030517578,19.3700008392334,18.43000030517578,14.90432357788086
2008-07-03,64600,18.899999618530273,19.229999542236328,19.799999237060547,18.709999084472656,15.551279067993164
2008-07-02,169300,19.770000457763672,18.860000610351562,19.90999984741211,18.670000076293945,15.252060890197754
2008-07-01,111600,19.09000015258789,19.829999923706055,20.0,19.06999969482422,16.036489486694336
2008-06-30,134600,19.549999237060547,19.149999618530273,19.790000915527344,19.149999618530273,15.486579895019531
2008-06-27,319500,20.229999542236328,19.600000381469727,20.389999389648438,19.420000076293945,15.850494384765625
2008-06-26,99900,21.170000076293945,20.18000030517578,21.170000076293945,20.110000610351562,16.31954574584961
2008-06-25,119800,20.6200008392334,21.1200008392334,21.3700008392334,20.510000228881836,17.0797176361084
2008-06-24,149000,21.1299991607666,20.6200008392334,21.25,20.510000228881836,16.675376892089844
2008-06-23,84800,21.309999465942383,21.200000762939453,21.639999389648438,21.100000381469727,17.14442253112793
2008-06-20,194400,21.899999618530273,21.420000076293945,22.100000381469727,21.170000076293945,17.322328567504883
2008-06-19,95300,21.93000030517578,21.989999771118164,22.100000381469727,21.56999969482422,17.78329086303711
2008-06-18,182200,21.780000686645508,21.690000534057617,21.959999084472656,21.079999923706055,17.540679931640625
2008-06-17,119400,22.020000457763672,21.8700008392334,22.079999923706055,21.649999618530273,17.686243057250977
2008-06-16,196200,21.8799991607666,22.0,22.110000610351562,21.84000015258789,17.79137420654297
2008-06-13,186500,22.0,21.920000076293945,22.170000076293945,21.6200008392334,17.7266788482666
2008-06-12,580000,23.100000381469727,21.829999923706055,23.25,21.18000030517578,17.653894424438477
2008-06-11,816000,22.0,23.09000015258789,23.59000015258789,22.0,18.6728572845459
2008-06-10,773700,23.0,22.8700008392334,23.489999771118164,22.25,18.49493980407715
2008-06-09,283100,23.43000030517578,23.309999465942383,23.889999389648438,23.139999389648438,18.850772857666016
2008-06-06,304900,24.959999084472656,23.5,24.959999084472656,23.489999771118164,19.00442123413086
2008-06-05,228400,25.8700008392334,24.989999771118164,26.09000015258789,24.799999237060547,20.20937728881836
2008-06-04,130200,25.65999984741211,25.600000381469727,26.360000610351562,25.600000381469727,20.702686309814453
2008-06-03,102900,26.100000381469727,25.719999313354492,26.260000228881836,25.18000030517578,20.79973602294922
2008-06-02,180500,27.239999771118164,25.989999771118164,27.239999771118164,25.360000610351562,21.018077850341797
2008-05-30,128600,27.229999542236328,27.34000015258789,27.450000762939453,26.290000915527344,22.109825134277344
2008-05-29,69500,26.6200008392334,27.290000915527344,27.8700008392334,26.6200008392334,22.069398880004883
2008-05-28,187800,25.780000686645508,26.829999923706055,27.3700008392334,25.600000381469727,21.697385787963867
2008-05-27,136000,26.0,25.56999969482422,26.1299991607666,25.31999969482422,20.67842674255371
2008-05-23,56600,26.549999237060547,26.040000915527344,26.549999237060547,25.770000457763672,21.058515548706055
2008-05-22,116600,26.09000015258789,26.6200008392334,26.889999389648438,25.75,21.52756690979004
2008-05-21,207500,27.68000030517578,25.860000610351562,27.739999771118164,25.75,20.91295051574707
2008-05-20,239100,28.059999465942383,27.5,28.209999084472656,27.389999389648438,22.239212036132812
2008-05-19,316900,29.459999084472656,28.149999618530273,29.459999084472656,28.059999465942383,22.764873504638672
2008-05-16,229000,29.84000015258789,29.209999084472656,29.84000015258789,28.809999465942383,23.62209129333496
2008-05-15,110200,29.479999542236328,29.56999969482422,29.760000228881836,29.06999969482422,23.913225173950195
2008-05-14,105800,29.299999237060547,29.649999618530273,29.8799991607666,29.299999237060547,23.977914810180664
2008-05-13,153100,28.34000015258789,29.239999771118164,29.350000381469727,28.34000015258789,23.646358489990234
2008-05-12,115000,27.700000762939453,28.559999465942383,28.68000030517578,27.610000610351562,22.950870513916016
2008-05-09,135600,27.739999771118164,27.600000381469727,28.389999389648438,27.549999237060547,22.179412841796875
2008-05-08,110500,27.780000686645508,27.700000762939453,28.149999618530273,26.56999969482422,22.259775161743164
2008-05-07,95700,28.100000381469727,27.670000076293945,28.5,27.530000686645508,22.235668182373047
2008-05-06,140200,27.700000762939453,27.959999084472656,28.420000076293945,27.3799991607666,22.468708038330078
2008-05-05,161600,27.059999465942383,27.670000076293945,27.979999542236328,27.059999465942383,22.235668182373047
2008-05-02,87300,28.440000534057617,27.270000457763672,28.479999542236328,27.079999923706055,21.91422462463379
2008-05-01,105300,27.8799991607666,28.260000228881836,28.649999618530273,27.510000228881836,22.709794998168945
2008-04-30,195000,27.809999465942383,27.790000915527344,28.260000228881836,27.5,22.33209800720215
2008-04-29,95800,27.520000457763672,27.670000076293945,27.739999771118164,27.309999465942383,22.235668182373047
2008-04-28,97400,26.90999984741211,27.360000610351562,27.549999237060547,26.770000457763672,21.986549377441406
2008-04-25,116200,26.709999084472656,27.020000457763672,27.1200008392334,25.59000015258789,21.713321685791016
2008-04-24,146500,26.450000762939453,26.520000457763672,26.649999618530273,26.06999969482422,21.311527252197266
2008-04-23,193200,26.959999084472656,26.530000686645508,26.959999084472656,26.030000686645508,21.319561004638672
2008-04-22,133600,27.209999084472656,26.860000610351562,27.31999969482422,26.610000610351562,21.584753036499023
2008-04-21,170000,27.5,27.399999618530273,27.709999084472656,26.940000534057617,22.018693923950195
2008-04-18,156900,27.350000381469727,27.5,27.809999465942383,27.209999084472656,22.09905242919922
2008-04-17,264800,26.3799991607666,27.100000381469727,27.270000457763672,26.280000686645508,21.777616500854492
2008-04-16,151500,26.65999984741211,26.450000762939453,26.799999237060547,26.100000381469727,21.255271911621094
2008-04-15,126500,25.809999465942383,26.440000534057617,26.440000534057617,25.600000381469727,21.247241973876953
2008-04-14,146800,26.049999237060547,25.8799991607666,26.290000915527344,25.520000457763672,20.797216415405273
2008-04-11,208300,26.15999984741211,26.09000015258789,26.600000381469727,25.899999618530273,20.965974807739258
2008-04-10,144200,25.799999237060547,26.40999984741211,26.600000381469727,25.450000762939453,21.223127365112305
2008-04-09,210000,26.700000762939453,25.760000228881836,26.979999542236328,25.639999389648438,20.70078468322754
2008-04-08,286100,25.760000228881836,26.65999984741211,26.75,25.549999237060547,21.42403221130371
2008-04-07,145600,26.049999237060547,25.850000381469727,26.209999084472656,25.700000762939453,20.77311134338379
2008-04-04,192400,25.889999389648438,25.889999389648438,26.209999084472656,25.3700008392334,20.80525016784668
2008-04-03,220400,25.290000915527344,25.81999969482422,26.1200008392334,25.239999771118164,20.749004364013672
2008-04-02,288000,24.3799991607666,25.510000228881836,25.670000076293945,24.3799991607666,20.499887466430664
2008-04-01,588600,24.899999618530273,24.739999771118164,26.75,24.040000915527344,19.881118774414062
2008-03-31,274800,22.479999542236328,22.530000686645508,22.920000076293945,22.0,18.10515594482422
2008-03-28,214500,23.0,22.360000610351562,23.0,22.299999237060547,17.96854019165039
2008-03-27,160100,23.200000762939453,23.06999969482422,23.6200008392334,22.989999771118164,18.539093017578125
2008-03-26,366700,23.3799991607666,23.1299991607666,23.670000076293945,22.649999618530273,18.587312698364258
2008-03-25,118600,23.8700008392334,23.520000457763672,24.219999313354492,23.040000915527344,18.90071678161621
2008-03-24,172300,23.190000534057617,23.799999237060547,24.399999618530273,23.190000534057617,19.12571907043457
2008-03-20,493600,22.5,23.079999923706055,23.360000610351562,22.25,18.547136306762695
2008-03-19,122500,22.530000686645508,21.969999313354492,23.239999771118164,21.969999313354492,17.655128479003906
2008-03-18,120400,22.450000762939453,22.350000381469727,22.68000030517578,21.969999313354492,17.96050262451172
2008-03-17,140400,21.200000762939453,22.190000534057617,22.760000228881836,21.200000762939453,17.831928253173828
2008-03-14,104100,22.479999542236328,21.68000030517578,22.479999542236328,21.299999237060547,17.422088623046875
2008-03-13,182400,21.719999313354492,22.389999389648438,22.549999237060547,21.31999969482422,17.99264907836914
2008-03-12,112500,21.5,21.959999084472656,22.559999465942383,21.360000610351562,17.647096633911133
2008-03-11,117600,21.1200008392334,21.3700008392334,21.6200008392334,20.75,17.1729679107666
2008-03-10,177800,20.989999771118164,20.5,20.989999771118164,20.100000381469727,16.473844528198242
2008-03-07,165200,20.1200008392334,20.90999984741211,21.149999618530273,20.1200008392334,16.803316116333008
2008-03-06,159200,21.209999084472656,20.290000915527344,21.209999084472656,20.25,16.30508041381836
2008-03-05,246600,21.020000457763672,21.280000686645508,21.3700008392334,20.610000610351562,17.100648880004883
2008-03-04,232500,20.600000381469727,20.959999084472656,21.299999237060547,20.219999313354492,16.84349822998047
2008-03-03,223300,21.1200008392334,20.81999969482422,21.25,20.540000915527344,16.730993270874023
2008-02-29,188000,21.09000015258789,21.139999389648438,21.520000457763672,20.860000610351562,16.98814582824707
2008-02-28,107500,21.649999618530273,21.469999313354492,21.799999237060547,21.149999618530273,17.253334045410156
2008-02-27,68500,21.329999923706055,21.690000534057617,22.1200008392334,21.25,17.43012809753418
2008-02-26,86800,21.34000015258789,21.559999465942383,22.0,21.290000915527344,17.325660705566406
2008-02-25,130100,20.950000762939453,21.43000030517578,21.639999389648438,20.709999084472656,17.22119140625
2008-02-22,146700,20.760000228881836,20.860000610351562,21.139999389648438,20.399999618530273,16.763137817382812
2008-02-21,153200,21.260000228881836,20.729999542236328,21.56999969482422,20.6200008392334,16.65867042541504
2008-02-20,167100,20.440000534057617,21.149999618530273,21.209999084472656,20.290000915527344,16.996177673339844
2008-02-19,111300,21.209999084472656,20.610000610351562,21.209999084472656,20.149999618530273,16.562236785888672
2008-02-15,153900,20.520000457763672,20.940000534057617,21.06999969482422,20.479999542236328,16.827417373657227
2008-02-14,295100,21.530000686645508,20.68000030517578,21.530000686645508,20.139999389648438,16.618486404418945
2008-02-13,164300,21.729999542236328,21.559999465942383,22.06999969482422,20.93000030517578,17.325660705566406
2008-02-12,194700,21.56999969482422,21.579999923706055,21.889999389648438,21.18000030517578,17.197080612182617
2008-02-11,209600,21.489999771118164,21.440000534057617,21.8700008392334,20.979999542236328,17.08551788330078
2008-02-08,212000,21.579999923706055,21.56999969482422,21.969999313354492,21.209999084472656,17.189115524291992
2008-02-07,367400,21.389999389648438,21.610000610351562,22.18000030517578,21.170000076293945,17.22099494934082
2008-02-06,562100,20.600000381469727,21.549999237060547,22.360000610351562,20.459999084472656,17.173175811767578
2008-02-05,165000,22.75,22.969999313354492,23.639999389648438,22.489999771118164,18.304765701293945
2008-02-04,143900,23.200000762939453,23.049999237060547,23.299999237060547,22.31999969482422,18.3685245513916
2008-02-01,209200,23.010000228881836,23.219999313354492,23.25,22.3799991607666,18.503999710083008
2008-01-31,354800,22.309999465942383,22.610000610351562,22.959999084472656,21.989999771118164,18.01788902282715
2008-01-30,250000,22.219999313354492,22.34000015258789,23.059999465942383,22.139999389648438,17.802719116210938
2008-01-29,136000,22.329999923706055,22.389999389648438,22.469999313354492,21.690000534057617,17.842571258544922
2008-01-28,221600,22.049999237060547,22.149999618530273,22.270000457763672,21.670000076293945,17.651309967041016
2008-01-25,265500,23.020000457763672,22.110000610351562,23.25,21.940000534057617,17.61943817138672
2008-01-24,325700,22.40999984741211,22.799999237060547,23.110000610351562,22.40999984741211,18.169301986694336
2008-01-23,393400,20.40999984741211,22.260000228881836,22.6200008392334,20.25,17.73897361755371
2008-01-22,393900,19.790000915527344,20.969999313354492,21.43000030517578,19.770000457763672,16.710966110229492
2008-01-18,262600,21.239999771118164,20.8799991607666,21.329999923706055,20.530000686645508,16.63924789428711
2008-01-17,219900,21.25,21.270000457763672,21.6299991607666,21.09000015258789,16.95004653930664
2008-01-16,275700,21.290000915527344,21.25,21.809999465942383,21.15999984741211,16.93410301208496
2008-01-15,260600,21.5,21.309999465942383,21.6299991607666,20.899999618530273,16.98192024230957
2008-01-14,121200,21.809999465942383,21.889999389648438,22.139999389648438,21.600000381469727,17.444114685058594
2008-01-11,229600,22.18000030517578,21.690000534057617,22.34000015258789,21.520000457763672,17.28474235534668
2008-01-10,349700,22.1200008392334,22.389999389648438,22.549999237060547,21.59000015258789,17.842571258544922
2008-01-09,752800,21.81999969482422,22.459999084472656,24.200000762939453,21.520000457763672,17.898353576660156
2008-01-08,370900,22.799999237060547,21.459999084472656,23.139999389648438,21.399999618530273,17.101451873779297
2008-01-07,381800,22.989999771118164,22.770000457763672,23.149999618530273,22.170000076293945,18.145395278930664
2008-01-04,356800,23.0,23.0,23.31999969482422,22.110000610351562,18.32868194580078
2008-01-03,397800,25.239999771118164,23.579999923706055,26.200000762939453,23.549999237060547,18.790878295898438
2008-01-02,236700,25.690000534057617,25.420000076293945,26.110000610351562,25.06999969482422,20.257171630859375
2007-12-31,148400,26.190000534057617,25.770000457763672,26.34000015258789,25.139999389648438,20.536088943481445
2007-12-28,97800,25.780000686645508,26.360000610351562,26.700000762939453,25.780000686645508,21.00626564025879
2007-12-27,82700,26.25,25.780000686645508,26.639999389648438,25.600000381469727,20.544055938720703
2007-12-26,188300,27.329999923706055,26.459999084472656,27.329999923706055,25.84000015258789,21.085947036743164
2007-12-24,171000,26.670000076293945,27.549999237060547,27.959999084472656,26.540000915527344,21.954572677612305
2007-12-21,577300,25.049999237060547,26.8799991607666,27.040000915527344,24.8700008392334,21.4206485748291
2007-12-20,195500,24.260000228881836,24.709999084472656,25.0,24.149999618530273,19.691373825073242
2007-12-19,283200,23.149999618530273,24.479999542236328,24.829999923706055,22.950000762939453,19.508085250854492
2007-12-18,196500,22.219999313354492,23.149999618530273,23.299999237060547,22.219999313354492,18.44820785522461
2007-12-17,322300,22.389999389648438,22.149999618530273,22.530000686645508,21.459999084472656,17.651309967041016
2007-12-14,371800,23.510000228881836,22.479999542236328,23.59000015258789,22.18000030517578,17.914295196533203
2007-12-13,147500,22.969999313354492,23.81999969482422,23.959999084472656,22.75,18.982133865356445
2007-12-12,393100,23.739999771118164,23.149999618530273,23.739999771118164,22.700000762939453,18.44820785522461
2007-12-11,144300,24.270000457763672,23.139999389648438,24.559999465942383,23.0,18.440244674682617
2007-12-10,98800,23.8799991607666,24.15999984741211,24.239999771118164,23.700000762939453,19.253076553344727
2007-12-07,94100,24.18000030517578,23.8700008392334,24.290000915527344,23.56999969482422,19.02198028564453
2007-12-06,101700,23.31999969482422,24.059999465942383,24.100000381469727,23.040000915527344,19.173391342163086
2007-12-05,151400,23.510000228881836,23.31999969482422,23.84000015258789,22.969999313354492,18.583690643310547
2007-12-04,176300,23.719999313354492,23.239999771118164,23.829999923706055,22.8799991607666,18.519927978515625
2007-12-03,191400,24.65999984741211,23.959999084472656,24.760000228881836,23.899999618530273,19.093700408935547
2007-11-30,183900,25.600000381469727,24.770000457763672,26.06999969482422,24.59000015258789,19.739192962646484
2007-11-29,98400,25.8799991607666,25.209999084472656,26.209999084472656,25.1200008392334,20.089826583862305
2007-11-28,388100,25.209999084472656,26.020000457763672,26.25,25.200000762939453,20.735309600830078
2007-11-27,263100,24.34000015258789,24.979999542236328,25.649999618530273,24.329999923706055,19.906539916992188
2007-11-26,197600,25.649999618530273,24.31999969482422,25.670000076293945,24.25,19.380584716796875
2007-11-23,73000,24.799999237060547,25.709999084472656,26.06999969482422,24.790000915527344,20.4882755279541
2007-11-21,111300,24.600000381469727,24.59000015258789,25.31999969482422,24.469999313354492,19.595745086669922
2007-11-20,312500,25.0,24.709999084472656,26.280000686645508,24.100000381469727,19.691373825073242
2007-11-19,236700,25.440000534057617,25.040000915527344,25.530000686645508,24.520000457763672,19.954355239868164
2007-11-16,120300,26.350000381469727,25.649999618530273,26.399999618530273,25.1200008392334,20.440460205078125
2007-11-15,238600,26.309999465942383,26.329999923706055,26.739999771118164,26.100000381469727,20.982349395751953
2007-11-14,261900,27.399999618530273,26.649999618530273,27.469999313354492,26.360000610351562,21.23736000061035
2007-11-13,302100,26.149999618530273,27.299999237060547,27.5,25.969999313354492,21.75535011291504
2007-11-12,438600,25.309999465942383,25.969999313354492,26.639999389648438,25.309999465942383,20.552032470703125
2007-11-09,418300,24.31999969482422,25.440000534057617,25.809999465942383,24.06999969482422,20.132593154907227
2007-11-08,521200,23.350000381469727,24.639999389648438,24.790000915527344,23.350000381469727,19.499496459960938
2007-11-07,491000,23.65999984741211,23.190000534057617,23.84000015258789,22.479999542236328,18.352001190185547
2007-11-06,226900,24.459999084472656,23.979999542236328,24.549999237060547,23.600000381469727,18.97718620300293
2007-11-05,288500,24.6200008392334,24.420000076293945,24.920000076293945,24.420000076293945,19.325395584106445
2007-11-02,303900,25.059999465942383,24.989999771118164,25.15999984741211,24.5,19.77648162841797
2007-11-01,300600,25.690000534057617,24.8700008392334,25.690000534057617,24.790000915527344,19.68151092529297
2007-10-31,248700,25.399999618530273,25.90999984741211,26.25,25.399999618530273,20.504539489746094
2007-10-30,138500,26.0,25.31999969482422,26.170000076293945,25.25,20.037633895874023
2007-10-29,259100,26.059999465942383,26.149999618530273,26.239999771118164,25.600000381469727,20.694469451904297
2007-10-26,226900,25.649999618530273,26.030000686645508,26.100000381469727,25.309999465942383,20.599512100219727
2007-10-25,264300,25.059999465942383,25.450000762939453,25.559999465942383,24.979999542236328,20.140512466430664
2007-10-24,303800,25.360000610351562,25.059999465942383,25.489999771118164,24.600000381469727,19.831878662109375
2007-10-23,452600,24.899999618530273,25.5,25.520000457763672,24.809999465942383,20.180078506469727
2007-10-22,299100,24.549999237060547,24.610000610351562,24.8799991607666,24.100000381469727,19.475759506225586
2007-10-19,481800,23.65999984741211,24.469999313354492,24.899999618530273,23.65999984741211,19.36496353149414
2007-10-18,655400,25.049999237060547,24.389999389648438,25.110000610351562,24.18000030517578,19.301652908325195
2007-10-17,702000,24.350000381469727,25.149999618530273,25.299999237060547,24.350000381469727,19.90309715270996
2007-10-16,406100,24.850000381469727,24.149999618530273,24.969999313354492,23.739999771118164,19.11172866821289
2007-10-15,368300,25.700000762939453,25.0,25.850000381469727,24.809999465942383,19.78438949584961
2007-10-12,469100,26.0,25.700000762939453,26.540000915527344,25.6299991607666,20.33835792541504
2007-10-11,992200,27.5,26.049999237060547,27.5,25.809999465942383,20.61533546447754
2007-10-10,759100,28.540000915527344,27.440000534057617,28.540000915527344,27.06999969482422,21.715347290039062
2007-10-09,1964400,33.0,28.399999618530273,33.0,27.65999984741211,22.47507095336914
2007-10-08,197900,35.79999923706055,36.25,36.529998779296875,35.58000183105469,28.687366485595703
2007-10-05,160900,35.5,35.790000915527344,35.970001220703125,35.099998474121094,28.323341369628906
2007-10-04,121500,36.0099983215332,35.189998626708984,36.310001373291016,34.869998931884766,27.848520278930664
2007-10-03,156600,37.09000015258789,35.939998626708984,37.13999938964844,35.66999816894531,28.442049026489258
2007-10-02,128700,37.459999084472656,37.27000045776367,37.5099983215332,36.75,29.494565963745117
2007-10-01,195700,36.20000076293945,37.459999084472656,38.400001525878906,36.02000045776367,29.64493751525879
2007-09-28,102500,36.650001525878906,36.119998931884766,36.7599983215332,35.97999954223633,28.584491729736328
2007-09-27,87200,36.52000045776367,36.65999984741211,36.75,35.900001525878906,29.011825561523438
2007-09-26,111500,36.599998474121094,36.41999816894531,37.209999084472656,36.290000915527344,28.821901321411133
2007-09-25,101300,36.900001525878906,36.439998626708984,36.900001525878906,35.880001068115234,28.83772850036621
2007-09-24,143200,37.04999923706055,37.02000045776367,37.369998931884766,36.540000915527344,29.296720504760742
2007-09-21,238300,36.439998626708984,37.02000045776367,38.0,36.099998474121094,29.296720504760742
2007-09-20,275000,36.04999923706055,36.099998474121094,36.27000045776367,35.619998931884766,28.56865882873535
2007-09-19,344900,34.459999084472656,36.209999084472656,36.63999938964844,34.459999084472656,28.65570640563965
2007-09-18,361600,33.5099983215332,34.099998474121094,34.13999938964844,33.040000915527344,26.98590660095215
2007-09-17,251300,34.20000076293945,33.400001525878906,34.279998779296875,33.099998474121094,26.431955337524414
2007-09-14,149500,33.70000076293945,34.25,34.470001220703125,33.16999816894531,27.104618072509766
2007-09-13,219600,34.13999938964844,33.900001525878906,34.5,33.47999954223633,26.827632904052734
2007-09-12,229700,35.0,34.099998474121094,35.0,34.0099983215332,26.98590660095215
2007-09-11,149800,35.220001220703125,35.099998474121094,35.33000183105469,34.81999969482422,27.77728843688965
2007-09-10,268600,34.2599983215332,35.11000061035156,35.2400016784668,33.45000076293945,27.785202026367188
2007-09-07,145600,34.7400016784668,34.18000030517578,34.849998474121094,33.84000015258789,27.049224853515625
2007-09-06,146600,35.220001220703125,35.25,35.29999923706055,34.380001068115234,27.89598846435547
2007-09-05,356700,36.16999816894531,35.20000076293945,36.29999923706055,34.349998474121094,27.856426239013672
2007-09-04,116800,36.04999923706055,36.470001220703125,36.97999954223633,36.0,28.861469268798828
2007-08-31,85500,36.45000076293945,36.220001220703125,36.5,35.900001525878906,28.663633346557617
2007-08-30,167200,36.150001525878906,36.060001373291016,36.52000045776367,35.599998474121094,28.537002563476562
2007-08-29,106500,36.06999969482422,36.52000045776367,36.689998626708984,35.40999984741211,28.901050567626953
2007-08-28,153400,36.189998626708984,35.93000030517578,36.2599983215332,35.43000030517578,28.434125900268555
2007-08-27,92700,37.400001525878906,36.36000061035156,37.5,36.33000183105469,28.7744197845459
2007-08-24,110300,37.20000076293945,37.529998779296875,37.72999954223633,36.7599983215332,29.700319290161133
2007-08-23,93200,38.380001068115234,37.2599983215332,38.7400016784668,37.16999816894531,29.486652374267578
2007-08-22,101200,38.400001525878906,38.279998779296875,38.75,38.04999923706055,30.293865203857422
2007-08-21,80700,38.880001068115234,38.13999938964844,38.95000076293945,37.630001068115234,30.183073043823242
2007-08-20,66000,38.83000183105469,38.880001068115234,39.09000015258789,38.06999969482422,30.768692016601562
2007-08-17,183900,39.79999923706055,38.7400016784668,40.5,38.459999084472656,30.65788459777832
2007-08-16,267000,36.209999084472656,38.349998474121094,38.459999084472656,35.18000030517578,30.34926414489746
2007-08-15,143800,38.09000015258789,36.34000015258789,38.25,36.310001373291016,28.75859832763672
2007-08-14,186600,39.279998779296875,38.09000015258789,39.70000076293945,38.08000183105469,30.143489837646484
2007-08-13,244000,39.95000076293945,39.279998779296875,40.56999969482422,38.939998626708984,31.085220336914062
2007-08-10,390100,36.599998474121094,39.84000015258789,39.900001525878906,36.11000061035156,31.385955810546875
2007-08-09,546800,37.5,37.0,37.5,36.029998779296875,29.148609161376953
2007-08-08,384400,39.5,38.25,39.709999084472656,36.56999969482422,30.133359909057617
2007-08-07,222200,39.22999954223633,39.130001068115234,39.439998626708984,38.209999084472656,30.826627731323242
2007-08-06,169500,38.400001525878906,39.380001068115234,39.619998931884766,37.400001525878906,31.023571014404297
2007-08-03,233400,40.150001525878906,38.29999923706055,40.4900016784668,38.130001068115234,30.172740936279297
2007-08-02,267300,40.400001525878906,40.20000076293945,40.88999938964844,39.720001220703125,31.669565200805664
2007-08-01,367800,40.5,40.900001525878906,41.380001068115234,40.22999954223633,32.22102355957031
2007-07-31,218000,41.900001525878906,40.400001525878906,42.2400016784668,40.18000030517578,31.82712173461914
2007-07-30,144600,41.5,42.310001373291016,42.43000030517578,40.90999984741211,33.33182144165039
2007-07-27,198000,41.529998779296875,41.5099983215332,42.689998626708984,40.84000015258789,32.70158767700195
2007-07-26,173700,42.0,41.59000015258789,42.099998474121094,40.439998626708984,32.76460647583008
2007-07-25,176900,42.369998931884766,42.33000183105469,42.43000030517578,42.0,33.34757614135742
2007-07-24,164100,42.54999923706055,42.209999084472656,42.70000076293945,42.029998779296875,33.253055572509766
2007-07-23,137200,42.75,42.88999938964844,43.75,42.61000061035156,33.788753509521484
2007-07-20,226600,42.43000030517578,42.47999954223633,42.650001525878906,41.41999816894531,33.46575927734375
2007-07-19,111100,42.65999984741211,42.58000183105469,42.79999923706055,42.529998779296875,33.544525146484375
2007-07-18,198400,42.7599983215332,42.599998474121094,42.84000015258789,42.43000030517578,33.5602912902832
2007-07-17,257000,42.56999969482422,42.83000183105469,43.09000015258789,42.56999969482422,33.741493225097656
2007-07-16,209500,43.470001220703125,42.650001525878906,43.630001068115234,42.61000061035156,33.599674224853516
2007-07-13,125400,43.810001373291016,43.70000076293945,44.0,43.630001068115234,34.42686080932617
2007-07-12,166800,43.849998474121094,43.810001373291016,44.310001373291016,43.63999938964844,34.51353073120117
2007-07-11,125900,43.369998931884766,43.650001525878906,43.869998931884766,43.29999923706055,34.38747024536133
2007-07-10,189200,44.650001525878906,43.41999816894531,44.900001525878906,43.380001068115234,34.206298828125
2007-07-09,118000,45.900001525878906,44.779998779296875,45.900001525878906,44.689998626708984,35.27769470214844
2007-07-06,94200,45.34000015258789,45.95000076293945,46.0099983215332,45.150001525878906,36.19941329956055
2007-07-05,89700,45.470001220703125,45.43000030517578,45.54999923706055,45.029998779296875,35.789756774902344
2007-07-03,114900,45.099998474121094,45.29999923706055,45.68000030517578,44.91999816894531,35.687339782714844
2007-07-02,162400,44.5099983215332,45.04999923706055,45.2599983215332,44.27000045776367,35.490394592285156
2007-06-29,118700,45.06999969482422,44.34000015258789,45.5,44.20000076293945,34.9310417175293
2007-06-28,190200,45.04999923706055,44.88999938964844,45.77000045776367,44.79999923706055,35.36435317993164
2007-06-27,136300,43.41999816894531,44.90999984741211,44.9900016784668,43.130001068115234,35.38009262084961
2007-06-26,110500,44.95000076293945,43.66999816894531,45.0,43.58000183105469,34.403228759765625
2007-06-25,178800,45.29999923706055,44.779998779296875,45.59000015258789,44.45000076293945,35.27769470214844
2007-06-22,220000,45.290000915527344,45.47999954223633,45.56999969482422,44.5,35.829158782958984
2007-06-21,88300,45.27000045776367,45.290000915527344,45.880001068115234,44.95000076293945,35.67947006225586
2007-06-20,117400,45.72999954223633,45.5099983215332,46.34000015258789,45.43000030517578,35.852787017822266
2007-06-19,143300,44.849998474121094,45.70000076293945,45.91999816894531,44.849998474121094,36.00246810913086
2007-06-18,143600,45.06999969482422,45.060001373291016,45.47999954223633,44.95000076293945,35.49827575683594
2007-06-15,157400,44.9900016784668,45.09000015258789,45.68000030517578,44.900001525878906,35.52191925048828
2007-06-14,129400,44.22999954223633,44.43000030517578,44.59000015258789,43.72999954223633,35.00196838378906
2007-06-13,138800,43.400001525878906,44.2400016784668,44.45000076293945,43.400001525878906,34.85227584838867
2007-06-12,160800,44.20000076293945,43.22999954223633,44.209999084472656,43.0099983215332,34.056602478027344
2007-06-11,166700,44.70000076293945,44.349998474121094,44.70000076293945,43.790000915527344,34.93893814086914
2007-06-08,267700,42.79999923706055,44.83000183105469,45.029998779296875,42.689998626708984,35.317081451416016
2007-06-07,294200,42.25,42.880001068115234,43.36000061035156,41.900001525878906,33.780879974365234
2007-06-06,442800,43.15999984741211,42.34000015258789,44.5,42.08000183105469,33.35546875
2007-06-05,351100,45.400001525878906,44.20000076293945,45.5,44.0,34.820770263671875
2007-06-04,347900,45.599998474121094,45.720001220703125,46.040000915527344,44.880001068115234,36.018226623535156
2007-06-01,248600,45.650001525878906,45.97999954223633,46.380001068115234,45.650001525878906,36.22304916381836
2007-05-31,200000,45.5,45.529998779296875,45.630001068115234,45.06999969482422,35.86854934692383
2007-05-30,72000,44.849998474121094,45.380001068115234,45.56999969482422,44.61000061035156,35.750362396240234
2007-05-29,83100,44.5,45.08000183105469,45.4900016784668,44.459999084472656,35.514041900634766
2007-05-25,76800,44.33000183105469,44.380001068115234,44.689998626708984,44.02000045776367,34.962581634521484
2007-05-24,77000,45.02000045776367,44.22999954223633,45.38999938964844,44.029998779296875,34.84440231323242
2007-05-23,76300,45.779998779296875,45.11000061035156,46.040000915527344,44.95000076293945,35.53766632080078
2007-05-22,105100,45.400001525878906,45.7400016784668,45.849998474121094,45.25,36.033973693847656
2007-05-21,157600,45.18000030517578,45.5,45.9900016784668,45.04999923706055,35.844905853271484
2007-05-18,122500,44.5,45.099998474121094,45.22999954223633,43.9900016784668,35.52980041503906
2007-05-17,82200,45.0,44.47999954223633,45.0,44.290000915527344,35.041358947753906
2007-05-16,120800,45.22999954223633,45.04999923706055,45.2400016784668,44.65999984741211,35.490394592285156
2007-05-15,91000,45.58000183105469,45.16999816894531,46.040000915527344,44.90999984741211,35.584930419921875
2007-05-14,94100,46.02000045776367,45.68000030517578,46.310001373291016,45.47999954223633,35.98670959472656
2007-05-11,81800,46.04999923706055,46.02000045776367,46.41999816894531,45.70000076293945,36.25456619262695
2007-05-10,99100,46.86000061035156,45.900001525878906,46.86000061035156,45.79999923706055,36.01823043823242
2007-05-09,111000,46.0,47.08000183105469,47.41999816894531,46.0,36.944190979003906
2007-05-08,99600,46.0099983215332,46.27000045776367,46.380001068115234,45.650001525878906,36.30857467651367
2007-05-07,139700,46.43000030517578,46.2599983215332,46.43000030517578,45.959999084472656,36.300724029541016
2007-05-04,298600,46.04999923706055,46.45000076293945,46.61000061035156,45.83000183105469,36.449825286865234
2007-05-03,82900,46.0,45.900001525878906,46.52000045776367,45.68000030517578,36.01823043823242
2007-05-02,310900,45.95000076293945,46.0,46.20000076293945,45.75,36.09669494628906
2007-05-01,234000,46.29999923706055,45.869998931884766,46.36000061035156,45.599998474121094,35.994686126708984
2007-04-30,187300,47.599998474121094,46.41999816894531,47.72999954223633,46.33000183105469,36.426265716552734
2007-04-27,122500,48.189998626708984,47.45000076293945,48.189998626708984,47.40999984741211,37.23452377319336
2007-04-26,83000,48.04999923706055,48.380001068115234,48.7599983215332,47.41999816894531,37.96430206298828
2007-04-25,123000,47.54999923706055,48.04999923706055,48.849998474121094,47.459999084472656,37.70535659790039
2007-04-24,154100,46.68000030517578,47.36000061035156,47.4900016784668,46.45000076293945,37.163909912109375
2007-04-23,124800,47.439998626708984,46.68000030517578,47.66999816894531,46.5,36.63030242919922
2007-04-20,186200,48.0,47.599998474121094,48.0,47.400001525878906,37.35222244262695
2007-04-19,204700,48.36000061035156,47.52000045776367,48.36000061035156,46.7599983215332,37.28944778442383
2007-04-18,93300,47.599998474121094,47.5099983215332,47.61000061035156,47.15999984741211,37.28160858154297
2007-04-17,163600,47.40999984741211,47.84000015258789,47.970001220703125,47.16999816894531,37.540565490722656
2007-04-16,76600,46.90999984741211,47.31999969482422,47.41999816894531,46.61000061035156,37.13251495361328
2007-04-13,151900,46.619998931884766,46.65999984741211,46.790000915527344,46.189998626708984,36.61459732055664
2007-04-12,102400,46.189998626708984,46.7400016784668,46.880001068115234,46.099998474121094,36.67737579345703
2007-04-11,158800,46.54999923706055,46.439998626708984,46.79999923706055,46.060001373291016,36.441978454589844
2007-04-10,184100,46.0,46.459999084472656,46.91999816894531,45.959999084472656,36.45766067504883
2007-04-09,115900,46.70000076293945,46.560001373291016,47.099998474121094,46.470001220703125,36.53614044189453
2007-04-05,226300,46.11000061035156,46.65999984741211,47.43000030517578,46.0,36.61459732055664
2007-04-04,1160900,46.29999923706055,46.130001068115234,46.5,45.349998474121094,36.19870376586914
2007-04-03,295500,49.150001525878906,50.2400016784668,50.86000061035156,49.150001525878906,39.42387008666992
2007-04-02,127400,49.5099983215332,49.13999938964844,49.689998626708984,48.599998474121094,38.5606803894043
2007-03-30,55600,49.310001373291016,49.439998626708984,49.59000015258789,48.810001373291016,38.79610061645508
2007-03-29,150000,49.04999923706055,49.220001220703125,49.650001525878906,48.459999084472656,38.623470306396484
2007-03-28,184300,48.45000076293945,48.86000061035156,49.15999984741211,48.02000045776367,38.340965270996094
2007-03-27,101000,49.540000915527344,48.70000076293945,49.540000915527344,48.34000015258789,38.215415954589844
2007-03-26,47600,49.349998474121094,49.619998931884766,49.77000045776367,48.869998931884766,38.93735885620117
2007-03-23,55700,49.63999938964844,49.5,49.63999938964844,49.08000183105469,38.84318542480469
2007-03-22,159800,49.56999969482422,49.70000076293945,50.11000061035156,49.34000015258789,39.0001220703125
2007-03-21,154900,48.31999969482422,49.369998931884766,49.709999084472656,47.77000045776367,38.741172790527344
2007-03-20,85600,47.79999923706055,48.31999969482422,48.400001525878906,47.279998779296875,37.91722106933594
2007-03-19,223600,46.91999816894531,47.66999816894531,47.7400016784668,46.650001525878906,37.40716552734375
2007-03-16,242600,46.599998474121094,46.66999816894531,46.68000030517578,46.099998474121094,36.62245178222656
2007-03-15,97500,45.95000076293945,46.630001068115234,46.720001220703125,45.95000076293945,36.591060638427734
2007-03-14,132900,45.040000915527344,45.95000076293945,46.11000061035156,44.560001373291016,36.057456970214844
2007-03-13,87800,46.2400016784668,45.13999938964844,46.279998779296875,45.04999923706055,35.42184066772461
2007-03-12,98900,46.560001373291016,46.470001220703125,46.689998626708984,45.7400016784668,36.46549606323242
2007-03-09,85000,46.9900016784668,46.43000030517578,46.9900016784668,46.029998779296875,36.43412780761719
2007-03-08,116200,46.630001068115234,47.130001068115234,47.54999923706055,46.310001373291016,36.98341751098633
2007-03-07,112000,46.25,46.43000030517578,46.88999938964844,45.619998931884766,36.43412780761719
2007-03-06,110300,46.29999923706055,46.41999816894531,46.77000045776367,45.720001220703125,36.426265716552734
2007-03-05,129100,46.95000076293945,46.08000183105469,47.38999938964844,45.9900016784668,36.159488677978516
2007-03-02,120400,48.900001525878906,47.279998779296875,48.900001525878906,47.04999923706055,37.10110855102539
2007-03-01,124300,48.79999923706055,49.040000915527344,49.61000061035156,47.93000030517578,38.48221969604492
2007-02-28,118000,49.31999969482422,49.349998474121094,49.83000183105469,48.58000183105469,38.72547912597656
2007-02-27,177900,48.880001068115234,49.310001373291016,50.540000915527344,48.880001068115234,38.694087982177734
2007-02-26,84500,50.70000076293945,50.779998779296875,50.83000183105469,50.2599983215332,39.84761428833008
2007-02-23,53500,50.880001068115234,50.54999923706055,50.880001068115234,50.220001220703125,39.6671257019043
2007-02-22,109300,50.900001525878906,50.849998474121094,50.95000076293945,50.36000061035156,39.902530670166016
2007-02-21,145400,50.619998931884766,50.79999923706055,50.970001220703125,50.279998779296875,39.863311767578125
2007-02-20,169600,49.220001220703125,50.869998931884766,50.97999954223633,48.95000076293945,39.918243408203125
2007-02-16,114000,49.029998779296875,49.470001220703125,49.59000015258789,48.810001373291016,38.819637298583984
2007-02-15,124700,48.349998474121094,49.029998779296875,49.08000183105469,48.29999923706055,38.47438049316406
2007-02-14,272400,46.72999954223633,48.33000183105469,49.16999816894531,46.72999954223633,37.925071716308594
2007-02-13,128100,46.70000076293945,46.65999984741211,47.040000915527344,45.810001373291016,36.61459732055664
2007-02-12,98100,46.9900016784668,46.79999923706055,47.279998779296875,46.380001068115234,36.583213806152344
2007-02-09,164800,48.540000915527344,46.9900016784668,48.66999816894531,46.40999984741211,36.73173522949219
2007-02-08,81000,48.119998931884766,48.650001525878906,48.849998474121094,47.869998931884766,38.029354095458984
2007-02-07,100900,48.02000045776367,48.119998931884766,48.380001068115234,47.63999938964844,37.615047454833984
2007-02-06,143600,47.72999954223633,48.040000915527344,48.119998931884766,47.38999938964844,37.552520751953125
2007-02-05,123800,47.91999816894531,47.54999923706055,48.31999969482422,47.220001220703125,37.16947937011719
2007-02-02,80800,48.029998779296875,48.060001373291016,48.25,47.470001220703125,37.568145751953125
2007-02-01,83000,47.790000915527344,48.150001525878906,48.25,47.470001220703125,37.63850021362305
2007-01-31,111900,46.93000030517578,47.790000915527344,48.13999938964844,46.83000183105469,37.357093811035156
2007-01-30,135300,47.189998626708984,47.45000076293945,47.5,46.68000030517578,37.0913200378418
2007-01-29,415800,46.400001525878906,47.349998474121094,47.900001525878906,46.16999816894531,37.01314163208008
2007-01-26,155900,45.380001068115234,46.52000045776367,46.59000015258789,45.25,36.36433029174805
2007-01-25,187700,46.29999923706055,45.54999923706055,46.36000061035156,45.0099983215332,35.60609817504883
2007-01-24,175100,46.0,46.33000183105469,46.4900016784668,45.959999084472656,36.21581268310547
2007-01-23,292400,45.63999938964844,46.0,46.36000061035156,45.20000076293945,35.9578742980957
2007-01-22,186100,45.869998931884766,45.84000015258789,46.099998474121094,45.20000076293945,35.832794189453125
2007-01-19,183900,46.29999923706055,46.27000045776367,46.47999954223633,45.45000076293945,36.16891860961914
2007-01-18,515400,45.5,46.54999923706055,47.099998474121094,45.5,36.38779830932617
2007-01-17,160400,43.79999923706055,44.04999923706055,44.290000915527344,43.560001373291016,34.43355178833008
2007-01-16,248300,44.45000076293945,43.970001220703125,44.70000076293945,43.45000076293945,34.37102508544922
2007-01-12,262200,43.45000076293945,44.36000061035156,44.4900016784668,43.15999984741211,34.67588424682617
2007-01-11,307600,43.06999969482422,43.470001220703125,43.47999954223633,42.16999816894531,33.980167388916016
2007-01-10,1162600,45.0,43.08000183105469,45.90999984741211,42.7599983215332,33.675315856933594
2007-01-09,205900,48.31999969482422,49.540000915527344,49.540000915527344,48.220001220703125,38.72506332397461
2007-01-08,175400,48.459999084472656,48.31999969482422,48.83000183105469,47.95000076293945,37.77138137817383
2007-01-05,184900,49.70000076293945,48.540000915527344,49.70000076293945,48.529998779296875,37.9433708190918
2007-01-04,183600,50.34000015258789,49.880001068115234,50.400001525878906,49.400001525878906,38.9908447265625
2007-01-03,149200,49.790000915527344,50.349998474121094,50.880001068115234,49.650001525878906,39.35822296142578
2006-12-29,159900,49.43000030517578,49.650001525878906,49.970001220703125,49.349998474121094,38.81104278564453
2006-12-28,177000,49.849998474121094,49.540000915527344,50.20000076293945,49.47999954223633,38.72506332397461
2006-12-27,83100,50.0099983215332,49.90999984741211,50.34000015258789,49.650001525878906,39.01428985595703
2006-12-26,73200,49.90999984741211,49.790000915527344,50.22999954223633,49.400001525878906,38.92049026489258
2006-12-22,48000,50.70000076293945,50.04999923706055,50.70000076293945,49.90999984741211,39.123722076416016
2006-12-21,66600,50.95000076293945,50.61000061035156,51.5099983215332,50.400001525878906,39.561466217041016
2006-12-20,79400,50.04999923706055,51.08000183105469,51.65999984741211,50.029998779296875,39.92885208129883
2006-12-19,69100,49.13999938964844,49.900001525878906,49.97999954223633,48.95000076293945,39.006465911865234
2006-12-18,113400,50.88999938964844,49.34000015258789,51.25,49.16999816894531,38.56871795654297
2006-12-15,122500,51.29999923706055,50.70000076293945,51.54999923706055,50.70000076293945,39.63181686401367
2006-12-14,95100,51.0,51.2400016784668,51.869998931884766,50.90999984741211,40.05393600463867
2006-12-13,60900,51.25,50.84000015258789,51.470001220703125,50.560001373291016,39.74126434326172
2006-12-12,44800,51.130001068115234,51.0,51.75,50.790000915527344,39.86632537841797
2006-12-11,80100,50.97999954223633,51.130001068115234,51.58000183105469,50.599998474121094,39.96794128417969
2006-12-08,90100,51.279998779296875,50.97999954223633,51.54999923706055,50.810001373291016,39.8506965637207
2006-12-07,53400,51.84000015258789,51.380001068115234,51.959999084472656,51.2599983215332,40.16337585449219
2006-12-06,61800,51.25,51.689998626708984,52.04999923706055,51.25,40.40568923950195
2006-12-05,56200,51.790000915527344,51.290000915527344,51.790000915527344,51.279998779296875,40.093013763427734
2006-12-04,100900,50.75,51.540000915527344,52.02000045776367,50.56999969482422,40.28843307495117
2006-12-01,120200,50.68000030517578,50.54999923706055,50.86000061035156,49.529998779296875,39.51456069946289
2006-11-30,88800,50.45000076293945,50.81999969482422,51.060001373291016,49.84000015258789,39.725616455078125
2006-11-29,97400,50.58000183105469,50.5,50.9900016784668,50.20000076293945,39.47547149658203
2006-11-28,80800,50.189998626708984,50.38999938964844,50.5,49.59000015258789,39.38950729370117
2006-11-27,95600,51.45000076293945,50.20000076293945,51.45000076293945,50.02000045776367,39.240962982177734
2006-11-24,16500,51.52000045776367,51.650001525878906,51.7400016784668,51.310001373291016,40.37442398071289
2006-11-22,52200,51.97999954223633,51.77000045776367,52.13999938964844,51.689998626708984,40.468231201171875
2006-11-21,78500,51.97999954223633,51.91999816894531,52.09000015258789,51.619998931884766,40.58548355102539
2006-11-20,65900,51.880001068115234,51.970001220703125,52.380001068115234,51.689998626708984,40.62455368041992
2006-11-17,47000,52.31999969482422,52.0,52.31999969482422,51.470001220703125,40.64802169799805
2006-11-16,62800,52.540000915527344,52.33000183105469,52.84000015258789,52.18000030517578,40.90597915649414
2006-11-15,132300,52.75,52.33000183105469,53.060001373291016,52.27000045776367,40.90597915649414
2006-11-14,289700,51.47999954223633,52.75,52.79999923706055,51.279998779296875,41.234291076660156
2006-11-13,84100,51.54999923706055,51.43000030517578,52.25,50.970001220703125,40.20245361328125
2006-11-10,48600,51.20000076293945,51.880001068115234,51.93000030517578,51.06999969482422,40.43696594238281
2006-11-09,52700,52.04999923706055,51.31999969482422,52.04999923706055,50.83000183105469,40.00047302246094
2006-11-08,115600,51.77000045776367,51.9900016784668,52.529998779296875,51.36000061035156,40.52268600463867
2006-11-07,101100,52.150001525878906,52.27000045776367,52.95000076293945,51.90999984741211,40.74093246459961
2006-11-06,100400,52.150001525878906,52.34000015258789,52.7400016784668,51.959999084472656,40.795501708984375
2006-11-03,93600,51.869998931884766,51.9900016784668,52.349998474121094,51.540000915527344,40.52268600463867
2006-11-02,136300,51.20000076293945,51.66999816894531,52.09000015258789,50.79999923706055,40.27327346801758
2006-11-01,177700,52.70000076293945,51.869998931884766,52.97999954223633,51.66999816894531,40.42914962768555
2006-10-31,114800,53.08000183105469,52.779998779296875,53.25,52.400001525878906,41.138458251953125
2006-10-30,155800,52.689998626708984,53.209999084472656,53.779998779296875,52.34000015258789,41.47359848022461
2006-10-27,127200,53.650001525878906,52.939998626708984,53.97999954223633,52.7400016784668,41.26315689086914
2006-10-26,225600,52.83000183105469,53.81999969482422,53.95000076293945,52.15999984741211,41.94905090332031
2006-10-25,279100,53.45000076293945,52.7400016784668,53.599998474121094,52.0099983215332,41.10728073120117
2006-10-24,151600,52.400001525878906,53.58000183105469,53.75,52.189998626708984,41.762001037597656
2006-10-23,232200,52.13999938964844,52.470001220703125,53.400001525878906,52.13999938964844,40.896820068359375
2006-10-20,182200,52.16999816894531,51.88999938964844,52.25,51.45000076293945,40.444732666015625
2006-10-19,266600,50.75,51.970001220703125,52.33000183105469,50.66999816894531,40.507102966308594
2006-10-18,319800,51.45000076293945,50.93000030517578,51.88999938964844,50.58000183105469,39.69649887084961
2006-10-17,289300,49.7599983215332,51.29999923706055,51.38999938964844,49.34000015258789,39.984893798828125
2006-10-16,228800,49.400001525878906,50.18000030517578,50.18000030517578,48.880001068115234,39.11192321777344
2006-10-13,440700,47.7400016784668,49.22999954223633,49.22999954223633,47.5,38.3714714050293
2006-10-12,291100,48.29999923706055,47.7400016784668,48.9900016784668,47.45000076293945,37.210113525390625
2006-10-11,336800,48.369998931884766,47.97999954223633,48.400001525878906,47.20000076293945,37.39717483520508
2006-10-10,204400,48.54999923706055,48.7599983215332,49.68000030517578,48.470001220703125,38.005126953125
2006-10-09,162800,47.599998474121094,48.22999954223633,48.33000183105469,46.380001068115234,37.592018127441406
2006-10-06,244300,46.68000030517578,47.61000061035156,48.0099983215332,46.29999923706055,37.108795166015625
2006-10-05,636300,44.0,47.29999923706055,48.349998474121094,43.08000183105469,36.86716842651367
2006-10-04,214700,44.86000061035156,46.470001220703125,46.58000183105469,44.560001373291016,36.22021484375
2006-10-03,161400,43.70000076293945,44.91999816894531,45.029998779296875,43.459999084472656,35.01211929321289
2006-10-02,193800,42.959999084472656,43.79999923706055,43.900001525878906,42.529998779296875,34.139137268066406
2006-09-29,171000,43.45000076293945,42.90999984741211,43.689998626708984,42.779998779296875,33.4454460144043
2006-09-28,80700,43.849998474121094,43.54999923706055,44.0,43.11000061035156,33.944278717041016
2006-09-27,86600,42.880001068115234,43.70000076293945,43.970001220703125,42.880001068115234,34.061195373535156
2006-09-26,99000,43.70000076293945,42.97999954223633,43.790000915527344,42.439998626708984,33.5
2006-09-25,102500,42.369998931884766,43.86000061035156,44.189998626708984,41.790000915527344,34.18592071533203
2006-09-22,76700,43.0099983215332,42.38999938964844,43.029998779296875,41.849998474121094,33.04014205932617
2006-09-21,90700,43.439998626708984,43.189998626708984,44.34000015258789,42.97999954223633,33.6636962890625
2006-09-20,68500,41.95000076293945,43.310001373291016,43.400001525878906,41.95000076293945,33.757225036621094
2006-09-19,67000,41.77000045776367,41.86000061035156,42.189998626708984,40.9900016784668,32.627037048339844
2006-09-18,77900,41.75,41.72999954223633,41.849998474121094,41.18000030517578,32.525726318359375
2006-09-15,129700,41.849998474121094,41.959999084472656,42.08000183105469,41.58000183105469,32.704994201660156
2006-09-14,46300,41.86000061035156,41.540000915527344,42.04999923706055,41.41999816894531,32.37763214111328
2006-09-13,63300,41.97999954223633,41.959999084472656,42.400001525878906,41.77000045776367,32.704994201660156
2006-09-12,101800,40.29999923706055,41.90999984741211,42.0,40.29999923706055,32.666019439697266
2006-09-11,141800,40.56999969482422,40.29999923706055,40.900001525878906,40.130001068115234,31.411142349243164
2006-09-08,71600,40.83000183105469,40.66999816894531,40.95000076293945,40.43000030517578,31.699508666992188
2006-09-07,59000,40.88999938964844,40.72999954223633,41.47999954223633,40.380001068115234,31.74629783630371
2006-09-06,106200,41.599998474121094,41.09000015258789,41.88999938964844,41.09000015258789,32.02688217163086
2006-09-05,95100,41.40999984741211,41.7599983215332,42.209999084472656,41.15999984741211,32.54909896850586
2006-09-01,61200,41.20000076293945,41.5099983215332,41.77000045776367,41.099998474121094,32.35424041748047
2006-08-31,68400,41.22999954223633,41.08000183105469,41.869998931884766,40.83000183105469,32.01909255981445
2006-08-30,73100,41.70000076293945,41.08000183105469,41.81999969482422,40.84000015258789,32.01909255981445
2006-08-29,164000,40.400001525878906,41.34000015258789,41.43000030517578,40.38999938964844,32.22174835205078
2006-08-28,80300,38.84000015258789,40.25,40.4900016784668,38.84000015258789,31.372154235839844
2006-08-25,56200,39.13999938964844,38.84000015258789,39.7400016784668,38.599998474121094,30.27315902709961
2006-08-24,98300,40.29999923706055,39.34000015258789,40.29999923706055,39.0,30.662874221801758
2006-08-23,53200,40.04999923706055,40.29999923706055,40.619998931884766,39.81999969482422,31.411142349243164
2006-08-22,93900,40.22999954223633,40.15999984741211,41.060001373291016,40.130001068115234,31.302005767822266
2006-08-21,78900,40.209999084472656,40.400001525878906,41.0,39.689998626708984,31.489063262939453
2006-08-18,90600,41.20000076293945,40.459999084472656,41.380001068115234,40.04999923706055,31.53583526611328
2006-08-17,95100,40.75,41.70000076293945,41.75,40.599998474121094,32.385406494140625
2006-08-16,91100,41.099998474121094,40.900001525878906,41.439998626708984,40.58000183105469,31.764108657836914
2006-08-15,125900,40.099998474121094,40.86000061035156,41.349998474121094,40.0,31.733057022094727
2006-08-14,181300,40.650001525878906,39.70000076293945,41.279998779296875,39.22999954223633,30.83217430114746
2006-08-11,158100,40.310001373291016,40.400001525878906,40.689998626708984,39.75,31.375797271728516
2006-08-10,380100,40.0,40.810001373291016,41.720001220703125,39.130001068115234,31.69422149658203
2006-08-09,973000,35.5,41.099998474121094,42.099998474121094,35.5,31.919450759887695
2006-08-08,118500,35.349998474121094,34.81999969482422,35.52000045776367,34.7400016784668,27.042221069335938
2006-08-07,51200,35.650001525878906,35.29999923706055,35.650001525878906,34.90999984741211,27.41498565673828
2006-08-04,82100,36.0,35.79999923706055,36.369998931884766,35.380001068115234,27.80331039428711
2006-08-03,98900,34.84000015258789,35.77000045776367,35.83000183105469,34.689998626708984,27.78002166748047
2006-08-02,83100,35.13999938964844,35.040000915527344,35.349998474121094,34.869998931884766,27.21308135986328
2006-08-01,78800,35.2599983215332,35.09000015258789,35.70000076293945,35.0,27.251903533935547
2006-07-31,82600,34.72999954223633,35.459999084472656,35.75,34.689998626708984,27.539247512817383
2006-07-28,182000,34.650001525878906,35.08000183105469,35.34000015258789,34.650001525878906,27.244142532348633
2006-07-27,74600,35.650001525878906,34.54999923706055,36.25,34.5,26.832515716552734
2006-07-26,63200,35.79999923706055,35.630001068115234,36.0,35.0099983215332,27.67128562927246
2006-07-25,95300,35.779998779296875,35.97999954223633,36.22999954223633,35.709999084472656,27.943098068237305
2006-07-24,49800,34.97999954223633,35.779998779296875,36.0,34.97999954223633,27.78777503967285
2006-07-21,69300,35.27000045776367,34.880001068115234,35.349998474121094,34.529998779296875,27.088823318481445
2006-07-20,71000,36.209999084472656,35.470001220703125,36.41999816894531,35.349998474121094,27.547025680541992
2006-07-19,74700,35.06999969482422,36.150001525878906,36.470001220703125,35.06999969482422,28.075130462646484
2006-07-18,171300,35.599998474121094,35.040000915527344,35.849998474121094,34.34000015258789,27.21308135986328
2006-07-17,82200,35.29999923706055,35.380001068115234,35.7400016784668,35.2599983215332,27.477123260498047
2006-07-14,91600,36.02000045776367,35.459999084472656,36.2599983215332,35.349998474121094,27.539247512817383
2006-07-13,168000,37.0,36.13999938964844,37.04999923706055,36.060001373291016,28.067358016967773
2006-07-12,54000,38.54999923706055,37.15999984741211,38.599998474121094,37.150001525878906,28.859521865844727
2006-07-11,60200,38.599998474121094,38.66999816894531,38.70000076293945,37.7599983215332,30.0322322845459
2006-07-10,65000,39.150001525878906,38.79999923706055,39.27000045776367,38.54999923706055,30.133190155029297
2006-07-07,76700,39.47999954223633,39.310001373291016,40.34000015258789,39.27000045776367,30.529287338256836
2006-07-06,76300,39.880001068115234,39.630001068115234,40.0,39.20000076293945,30.777809143066406
2006-07-05,164900,39.61000061035156,39.939998626708984,40.13999938964844,39.08000183105469,31.0185489654541
2006-07-03,35300,39.5099983215332,39.79999923706055,39.869998931884766,39.33000183105469,30.909832000732422
2006-06-30,205400,39.529998779296875,39.40999984741211,39.72999954223633,39.02000045776367,30.606952667236328
2006-06-29,95400,38.04999923706055,39.38999938964844,39.5099983215332,37.9900016784668,30.59139633178711
2006-06-28,105700,38.04999923706055,37.900001525878906,38.349998474121094,37.529998779296875,29.434232711791992
2006-06-27,132400,38.08000183105469,38.029998779296875,38.79999923706055,37.790000915527344,29.53519058227539
2006-06-26,126000,37.970001220703125,37.900001525878906,38.47999954223633,37.380001068115234,29.434232711791992
2006-06-23,82700,37.70000076293945,37.7400016784668,38.2599983215332,37.02000045776367,29.30997657775879
2006-06-22,111100,37.650001525878906,37.849998474121094,37.93000030517578,37.02000045776367,29.395395278930664
2006-06-21,59300,37.45000076293945,37.790000915527344,38.599998474121094,37.45000076293945,29.348800659179688
2006-06-20,107300,37.66999816894531,37.5,38.08000183105469,37.119998931884766,29.12357521057129
2006-06-19,140700,39.0,37.650001525878906,39.16999816894531,37.310001373291016,29.240074157714844
2006-06-16,224100,39.119998931884766,38.88999938964844,39.400001525878906,38.650001525878906,30.20309829711914
2006-06-15,98400,38.459999084472656,39.18000030517578,39.560001373291016,38.04999923706055,30.42832374572754
2006-06-14,125600,38.29999923706055,38.33000183105469,38.79999923706055,37.84000015258789,29.768190383911133
2006-06-13,250500,38.5099983215332,38.34000015258789,39.15999984741211,38.0,29.77594757080078
2006-06-12,202300,40.65999984741211,38.54999923706055,40.65999984741211,38.40999984741211,29.939048767089844
2006-06-09,145300,40.45000076293945,40.75,41.91999816894531,40.279998779296875,31.64761734008789
2006-06-08,265000,40.79999923706055,40.529998779296875,41.06999969482422,38.79999923706055,31.476760864257812
2006-06-07,189600,40.54999923706055,41.0,41.58000183105469,40.16999816894531,31.841781616210938
2006-06-06,220900,41.02000045776367,40.68000030517578,41.150001525878906,40.25,31.593252182006836
2006-06-05,404100,41.70000076293945,41.11000061035156,41.70000076293945,40.72999954223633,31.92721176147461
2006-06-02,1353800,38.099998474121094,41.77000045776367,43.22999954223633,38.0099983215332,32.43977737426758
2006-06-01,392800,40.310001373291016,40.43000030517578,40.900001525878906,39.9900016784668,31.39910316467285
2006-05-31,425000,40.25,40.31999969482422,40.849998474121094,39.97999954223633,31.313676834106445
2006-05-30,362400,41.349998474121094,39.7599983215332,41.599998474121094,39.599998474121094,30.87877082824707
2006-05-26,340000,42.72999954223633,41.5,42.83000183105469,41.20000076293945,32.23009490966797
2006-05-25,445900,44.79999923706055,42.93000030517578,45.060001373291016,42.40999984741211,33.340667724609375
2006-05-24,259600,46.04999923706055,44.959999084472656,46.40999984741211,44.5,34.917240142822266
2006-05-23,392600,46.099998474121094,45.79999923706055,46.83000183105469,45.779998779296875,35.56959915161133
2006-05-22,237000,44.25,45.720001220703125,45.72999954223633,43.88999938964844,35.50746154785156
2006-05-19,197000,43.349998474121094,44.849998474121094,45.34000015258789,43.349998474121094,34.83180618286133
2006-05-18,133100,44.20000076293945,43.5,44.4900016784668,43.29999923706055,33.78335189819336
2006-05-17,159100,44.04999923706055,44.04999923706055,44.310001373291016,43.45000076293945,34.21049880981445
2006-05-16,89000,43.619998931884766,44.29999923706055,44.43000030517578,43.45000076293945,34.4046630859375
2006-05-15,199000,44.27000045776367,43.619998931884766,44.470001220703125,43.08000183105469,33.87654495239258
2006-05-12,95700,44.650001525878906,44.470001220703125,45.029998779296875,44.290000915527344,34.53668975830078
2006-05-11,151800,45.18000030517578,44.79999923706055,45.560001373291016,44.70000076293945,34.792964935302734
2006-05-10,171400,45.5,45.43000030517578,46.029998779296875,45.29999923706055,35.16575241088867
2006-05-09,130300,46.22999954223633,45.900001525878906,46.75,45.75,35.52956008911133
2006-05-08,158000,46.290000915527344,46.2599983215332,46.79999923706055,45.970001220703125,35.8082160949707
2006-05-05,222600,47.119998931884766,46.439998626708984,47.5,46.369998931884766,35.94756317138672
2006-05-04,174900,47.75,47.0,47.79999923706055,46.56999969482422,36.38102722167969
2006-05-03,330200,45.95000076293945,47.560001373291016,47.61000061035156,45.75,36.81450271606445
2006-05-02,187600,44.75,44.04999923706055,44.91999816894531,43.349998474121094,34.097537994384766
2006-05-01,148600,43.849998474121094,44.0099983215332,44.310001373291016,43.599998474121094,34.06658172607422
2006-04-28,121100,43.599998474121094,43.70000076293945,44.18000030517578,43.36000061035156,33.82661437988281
2006-04-27,189500,44.099998474121094,43.75,44.47999954223633,43.310001373291016,33.865325927734375
2006-04-26,236300,43.95000076293945,44.31999969482422,44.650001525878906,43.95000076293945,34.30654525756836
2006-04-25,104000,44.04999923706055,43.849998474121094,44.04999923706055,43.54999923706055,33.94273376464844
2006-04-24,87200,44.599998474121094,44.04999923706055,44.599998474121094,44.029998779296875,34.097537994384766
2006-04-21,93500,45.04999923706055,44.709999084472656,45.099998474121094,44.31999969482422,34.60841369628906
2006-04-20,165000,44.540000915527344,44.689998626708984,45.439998626708984,44.33000183105469,34.59294891357422
2006-04-19,115600,45.25,44.709999084472656,45.54999923706055,44.58000183105469,34.60841369628906
2006-04-18,285100,44.900001525878906,45.43000030517578,45.81999969482422,44.310001373291016,35.16575241088867
2006-04-17,133300,45.36000061035156,44.709999084472656,45.4900016784668,44.5099983215332,34.60841369628906
2006-04-13,198600,45.47999954223633,45.310001373291016,45.70000076293945,45.09000015258789,35.07285690307617
2006-04-12,174800,45.20000076293945,45.47999954223633,45.880001068115234,45.099998474121094,35.20445251464844
2006-04-11,279300,45.0,45.2400016784668,45.720001220703125,44.720001220703125,35.01868438720703
2006-04-10,303000,46.84000015258789,45.119998931884766,47.189998626708984,45.0099983215332,34.92578887939453
2006-04-07,264900,48.369998931884766,46.84000015258789,48.560001373291016,46.2400016784668,36.25718688964844
2006-04-06,619200,50.25,48.400001525878906,51.0,47.58000183105469,37.46472930908203
2006-04-05,332900,50.5,50.75,51.54999923706055,49.15999984741211,39.28377151489258
2006-04-04,137500,49.61000061035156,50.290000915527344,50.86000061035156,48.959999084472656,38.92769241333008
2006-04-03,132200,51.380001068115234,49.61000061035156,51.70000076293945,49.5,38.401344299316406
2006-03-31,300000,48.720001220703125,51.130001068115234,52.7400016784668,48.65999984741211,39.57792282104492
2006-03-30,113600,48.4900016784668,48.619998931884766,48.93000030517578,48.04999923706055,37.635005950927734
2006-03-29,230500,47.650001525878906,48.5099983215332,48.630001068115234,47.54999923706055,37.54987716674805
2006-03-28,155600,46.599998474121094,47.72999954223633,48.02000045776367,46.599998474121094,36.94610595703125
2006-03-27,180200,47.0,47.099998474121094,47.52000045776367,46.75,36.45844650268555
2006-03-24,234800,48.56999969482422,47.56999969482422,48.84000015258789,47.56999969482422,36.82225036621094
2006-03-23,131600,48.7400016784668,48.52000045776367,48.90999984741211,48.310001373291016,37.5576057434082
2006-03-22,249300,50.9900016784668,49.33000183105469,50.9900016784668,48.16999816894531,38.18461608886719
2006-03-21,126900,50.400001525878906,50.040000915527344,51.34000015258789,49.9900016784668,38.73419189453125
2006-03-20,92700,50.29999923706055,50.560001373291016,50.849998474121094,50.029998779296875,39.1367073059082
2006-03-17,241800,51.20000076293945,50.279998779296875,51.20000076293945,49.779998779296875,38.91996383666992
2006-03-16,185900,50.47999954223633,50.95000076293945,51.65999984741211,50.18000030517578,39.4385871887207
2006-03-15,177300,48.81999969482422,50.47999954223633,50.5,48.47999954223633,39.074771881103516
2006-03-14,173200,46.970001220703125,48.810001373291016,49.22999954223633,46.709999084472656,37.7820930480957
2006-03-13,92600,46.349998474121094,47.0,47.11000061035156,45.75,36.38102722167969
2006-03-10,101400,45.04999923706055,46.5,46.5,45.04999923706055,35.994014739990234
2006-03-09,163300,46.0,45.16999816894531,46.27000045776367,44.91999816894531,34.9644889831543
2006-03-08,133100,45.56999969482422,46.099998474121094,46.45000076293945,45.209999084472656,35.68436813354492
2006-03-07,117700,45.959999084472656,45.77000045776367,46.08000183105469,45.11000061035156,35.42893600463867
2006-03-06,75400,45.22999954223633,45.84000015258789,46.220001220703125,45.22999954223633,35.483116149902344
2006-03-03,74300,45.79999923706055,46.18000030517578,46.5,45.310001373291016,35.74629592895508
2006-03-02,73000,46.0,45.79999923706055,46.29999923706055,45.47999954223633,35.45215606689453
2006-03-01,52200,45.880001068115234,45.95000076293945,46.150001525878906,45.779998779296875,35.56826400756836
2006-02-28,124100,45.40999984741211,45.779998779296875,45.84000015258789,45.2400016784668,35.436668395996094
2006-02-27,134300,46.31999969482422,45.33000183105469,47.04999923706055,45.33000183105469,35.088348388671875
2006-02-24,62700,45.599998474121094,46.31999969482422,46.650001525878906,45.29999923706055,35.85466384887695
2006-02-23,85000,45.959999084472656,45.58000183105469,46.18000030517578,45.33000183105469,35.28186798095703
2006-02-22,113400,45.7400016784668,46.130001068115234,46.400001525878906,45.599998474121094,35.70759582519531
2006-02-21,110300,46.599998474121094,45.61000061035156,46.79999923706055,45.29999923706055,35.30508041381836
2006-02-17,239700,46.04999923706055,46.45000076293945,46.599998474121094,45.369998931884766,35.9553108215332
2006-02-16,125000,45.81999969482422,45.849998474121094,46.099998474121094,44.939998626708984,35.49085235595703
2006-02-15,82100,45.650001525878906,45.900001525878906,46.040000915527344,45.25,35.52956008911133
2006-02-14,178000,44.11000061035156,45.7599983215332,45.86000061035156,44.04999923706055,35.42118453979492
2006-02-13,84800,44.25,44.209999084472656,44.54999923706055,43.900001525878906,34.22138595581055
2006-02-10,151700,44.939998626708984,44.779998779296875,44.95000076293945,44.25,34.5465087890625
2006-02-09,103800,46.08000183105469,45.20000076293945,46.45000076293945,45.119998931884766,34.870521545410156
2006-02-08,208400,44.63999938964844,45.93000030517578,46.0099983215332,44.45000076293945,35.43369674682617
2006-02-07,217000,44.849998474121094,44.59000015258789,45.29999923706055,44.20000076293945,34.39991760253906
2006-02-06,126500,44.79999923706055,45.380001068115234,45.400001525878906,44.72999954223633,35.009376525878906
2006-02-03,118500,45.29999923706055,45.25,45.70000076293945,44.79999923706055,34.90907669067383
2006-02-02,279300,45.849998474121094,45.45000076293945,45.95000076293945,45.15999984741211,35.063385009765625
2006-02-01,248300,45.349998474121094,45.90999984741211,46.11000061035156,45.2400016784668,35.41826629638672
2006-01-31,311600,45.0,45.40999984741211,45.40999984741211,44.189998626708984,35.032527923583984
2006-01-30,270700,45.0099983215332,45.0,45.900001525878906,44.650001525878906,34.71623229980469
2006-01-27,532400,44.5,45.04999923706055,45.84000015258789,44.40999984741211,34.754791259765625
2006-01-26,389300,42.75,44.459999084472656,44.5,42.5,34.29962158203125
2006-01-25,216800,42.650001525878906,42.650001525878906,43.09000015258789,42.29999923706055,32.90326690673828
2006-01-24,164200,42.470001220703125,42.45000076293945,43.0,42.20000076293945,32.74897003173828
2006-01-23,246600,42.20000076293945,42.369998931884766,42.83000183105469,42.040000915527344,32.68724822998047
2006-01-20,354300,42.54999923706055,42.220001220703125,42.70000076293945,42.0,32.5715217590332
2006-01-19,623800,43.540000915527344,42.560001373291016,43.540000915527344,42.25,32.83383560180664
2006-01-18,300300,44.25,43.56999969482422,44.689998626708984,43.16999816894531,33.61302185058594
2006-01-17,483300,44.599998474121094,44.459999084472656,44.880001068115234,43.5099983215332,34.29962158203125
2006-01-13,305700,46.02000045776367,45.70000076293945,46.11000061035156,45.29999923706055,35.25625228881836
2006-01-12,979100,44.459999084472656,46.20000076293945,46.95000076293945,44.20000076293945,35.641990661621094
2006-01-11,2642900,46.0,44.45000076293945,47.54999923706055,44.29999923706055,34.29191589355469
2006-01-10,565900,50.900001525878906,51.5,52.75,49.97999954223633,39.73078536987305
2006-01-09,264700,53.400001525878906,53.0,54.43000030517578,53.0,40.888004302978516
2006-01-06,316000,51.849998474121094,53.650001525878906,54.81999969482422,51.849998474121094,41.38944625854492
2006-01-05,467700,52.88999938964844,51.90999984741211,53.0,50.5,40.04709243774414
2006-01-04,137000,55.04999923706055,53.43000030517578,55.04999923706055,53.369998931884766,41.219730377197266
2006-01-03,142300,55.0,54.79999923706055,55.20000076293945,53.709999084472656,42.27664566040039
2005-12-30,80700,53.880001068115234,54.70000076293945,54.79999923706055,53.810001373291016,42.19949722290039
2005-12-29,52900,54.650001525878906,54.130001068115234,54.70000076293945,54.0099983215332,41.759761810302734
2005-12-28,111800,53.79999923706055,54.7599983215332,54.939998626708984,53.79999923706055,42.24578857421875
2005-12-27,96500,55.650001525878906,53.619998931884766,55.779998779296875,53.54999923706055,41.36631393432617
2005-12-23,74600,53.95000076293945,54.75,55.0,53.95000076293945,42.23808670043945
2005-12-22,86300,53.970001220703125,53.790000915527344,54.0,53.349998474121094,41.497459411621094
2005-12-21,78500,53.09000015258789,53.75,53.97999954223633,53.09000015258789,41.46660614013672
2005-12-20,127600,53.65999984741211,53.09000015258789,53.97999954223633,52.90999984741211,40.95743179321289
2005-12-19,301700,51.720001220703125,53.959999084472656,54.66999816894531,51.720001220703125,41.62861633300781
2005-12-16,325300,55.91999816894531,52.66999816894531,55.91999816894531,52.33000183105469,40.633399963378906
2005-12-15,116800,56.54999923706055,55.779998779296875,56.54999923706055,54.619998931884766,43.03268814086914
2005-12-14,51100,56.349998474121094,56.619998931884766,56.88999938964844,56.060001373291016,43.68071746826172
2005-12-13,100100,56.68000030517578,56.25,56.83000183105469,56.130001068115234,43.39528274536133
2005-12-12,80800,57.04999923706055,56.630001068115234,57.099998474121094,56.529998779296875,43.68843078613281
2005-12-09,83400,56.79999923706055,56.59000015258789,57.279998779296875,56.29999923706055,43.65758514404297
2005-12-08,73500,56.400001525878906,56.59000015258789,57.060001373291016,56.119998931884766,43.65758514404297
2005-12-07,67700,56.52000045776367,56.220001220703125,56.70000076293945,55.84000015258789,43.372135162353516
2005-12-06,116400,56.5,56.65999984741211,57.4900016784668,56.310001373291016,43.71158981323242
2005-12-05,295600,56.0099983215332,56.29999923706055,57.58000183105469,55.88999938964844,43.4338493347168
2005-12-02,209700,55.2599983215332,55.84000015258789,56.11000061035156,54.27000045776367,43.0789794921875
2005-12-01,187600,56.400001525878906,55.400001525878906,56.52000045776367,55.33000183105469,42.73953628540039
2005-11-30,84400,56.06999969482422,56.41999816894531,56.9900016784668,56.02000045776367,43.52642822265625
2005-11-29,156800,55.150001525878906,56.06999969482422,56.459999084472656,54.90999984741211,43.256412506103516
2005-11-28,182700,56.95000076293945,54.900001525878906,56.9900016784668,54.619998931884766,42.35379409790039
2005-11-25,42900,56.72999954223633,56.709999084472656,56.869998931884766,56.060001373291016,43.75016403198242
2005-11-23,121500,56.04999923706055,56.70000076293945,56.849998474121094,55.63999938964844,43.74243927001953
2005-11-22,138300,56.52000045776367,56.06999969482422,56.66999816894531,55.310001373291016,43.256412506103516
2005-11-21,402200,55.47999954223633,56.56999969482422,56.849998474121094,55.029998779296875,43.64215087890625
2005-11-18,239600,52.849998474121094,54.47999954223633,55.310001373291016,52.560001373291016,42.02977752685547
2005-11-17,138600,51.459999084472656,52.560001373291016,53.099998474121094,51.459999084472656,40.548561096191406
2005-11-16,118800,50.79999923706055,51.400001525878906,51.5099983215332,50.439998626708984,39.65364456176758
2005-11-15,100100,52.349998474121094,50.720001220703125,52.400001525878906,50.400001525878906,39.12904357910156
2005-11-14,91700,52.400001525878906,52.130001068115234,52.9900016784668,51.709999084472656,40.216819763183594
2005-11-11,90700,51.5,52.16999816894531,52.4900016784668,51.38999938964844,40.24767303466797
2005-11-10,143400,51.349998474121094,51.5,51.650001525878906,50.40999984741211,39.73078536987305
2005-11-09,130700,51.599998474121094,51.439998626708984,52.150001525878906,51.20000076293945,39.58035659790039
2005-11-08,146900,52.83000183105469,51.5,52.880001068115234,51.130001068115234,39.62651824951172
2005-11-07,92000,53.0,52.790000915527344,53.150001525878906,52.41999816894531,40.61911392211914
2005-11-04,170800,52.5,52.439998626708984,52.7400016784668,51.959999084472656,40.34980010986328
2005-11-03,216100,51.95000076293945,52.08000183105469,53.47999954223633,51.86000061035156,40.07279968261719
2005-11-02,219400,50.400001525878906,51.66999816894531,51.869998931884766,50.400001525878906,39.75732421875
2005-11-01,298000,49.95000076293945,50.22999954223633,50.4900016784668,49.349998474121094,38.64931869506836
2005-10-31,457800,48.849998474121094,49.25,49.75,48.47999954223633,37.89527130126953
2005-10-28,178300,48.060001373291016,48.38999938964844,48.95000076293945,48.060001373291016,37.2335319519043
2005-10-27,417000,50.25,48.029998779296875,50.25,47.27000045776367,36.9565544128418
2005-10-26,176100,51.369998931884766,50.290000915527344,51.97999954223633,50.25,38.69547653198242
2005-10-25,197300,51.25,50.9900016784668,52.0,50.5,39.23411178588867
2005-10-24,631200,52.25,51.119998931884766,53.4900016784668,50.040000915527344,39.33413314819336
2005-10-21,179400,49.849998474121094,50.02000045776367,50.5,49.7599983215332,38.487728118896484
2005-10-20,253900,50.400001525878906,49.70000076293945,50.72999954223633,49.0,38.241519927978516
2005-10-19,336000,49.599998474121094,50.0099983215332,50.220001220703125,48.45000076293945,38.480045318603516
2005-10-18,435600,50.779998779296875,49.77000045776367,50.900001525878906,49.709999084472656,38.29538345336914
2005-10-17,264700,48.599998474121094,49.15999984741211,49.310001373291016,48.5,37.82600784301758
2005-10-14,252700,47.599998474121094,48.369998931884766,48.4900016784668,46.959999084472656,37.218143463134766
2005-10-13,408400,47.400001525878906,47.189998626708984,49.310001373291016,46.31999969482422,36.3101921081543
2005-10-12,295700,47.650001525878906,46.900001525878906,47.650001525878906,46.400001525878906,36.08708190917969
2005-10-11,348100,48.099998474121094,47.650001525878906,48.5,47.25,36.664154052734375
2005-10-10,382700,48.0,47.849998474121094,48.41999816894531,47.20000076293945,36.818031311035156
2005-10-07,1333200,49.5,48.0,49.939998626708984,48.0,36.9334602355957
2005-10-06,399400,43.83000183105469,44.91999816894531,44.9900016784668,43.36000061035156,34.56356430053711
2005-10-05,134700,44.5,43.58000183105469,44.849998474121094,43.029998779296875,33.53249740600586
2005-10-04,80400,45.369998931884766,44.68000030517578,45.849998474121094,44.41999816894531,34.3788948059082
2005-10-03,87100,45.29999923706055,44.880001068115234,46.0099983215332,44.790000915527344,34.53277587890625
2005-09-30,118800,44.5,45.119998931884766,45.81999969482422,44.400001525878906,34.71743392944336
2005-09-29,91100,43.0,44.61000061035156,44.689998626708984,42.599998474121094,34.32503128051758
2005-09-28,108200,44.150001525878906,43.0,44.150001525878906,42.5,33.08622360229492
2005-09-27,72100,44.43000030517578,44.25,44.470001220703125,43.75,34.048030853271484
2005-09-26,78400,44.20000076293945,44.41999816894531,44.83000183105469,43.88999938964844,34.17885208129883
2005-09-23,111000,42.68000030517578,44.02000045776367,44.88999938964844,42.36000061035156,33.871063232421875
2005-09-22,70000,41.900001525878906,42.779998779296875,43.0,41.84000015258789,32.91694259643555
2005-09-21,127500,41.869998931884766,41.7400016784668,42.2400016784668,40.869998931884766,32.116729736328125
2005-09-20,129000,43.5,42.119998931884766,44.709999084472656,41.79999923706055,32.40911102294922
2005-09-19,63400,44.70000076293945,43.54999923706055,44.970001220703125,43.400001525878906,33.5094108581543
2005-09-16,132100,45.29999923706055,44.779998779296875,45.29999923706055,44.650001525878906,34.455841064453125
2005-09-15,56200,44.9900016784668,45.0,45.529998779296875,44.849998474121094,34.62512969970703
2005-09-14,63900,46.04999923706055,44.970001220703125,46.04999923706055,44.849998474121094,34.60202407836914
2005-09-13,67300,46.95000076293945,45.900001525878906,46.95000076293945,45.790000915527344,35.317623138427734
2005-09-12,75800,46.150001525878906,47.060001373291016,47.15999984741211,45.95000076293945,36.210166931152344
2005-09-09,25800,46.25,46.25,46.27000045776367,46.0099983215332,35.586917877197266
2005-09-08,44400,46.75,46.25,46.75,45.90999984741211,35.586917877197266
2005-09-07,74400,46.75,46.95000076293945,47.369998931884766,46.439998626708984,36.12554168701172
2005-09-06,135000,45.060001373291016,46.81999969482422,47.0,45.060001373291016,36.025508880615234
2005-09-02,146300,45.79999923706055,44.86000061035156,45.95000076293945,44.709999084472656,34.51739501953125
2005-09-01,153900,46.66999816894531,45.70000076293945,46.84000015258789,45.029998779296875,35.16372299194336
2005-08-31,133300,46.439998626708984,46.650001525878906,46.790000915527344,45.97999954223633,35.89470291137695
2005-08-30,66900,47.0099983215332,46.689998626708984,47.25,45.70000076293945,35.92548370361328
2005-08-29,147500,45.599998474121094,47.0099983215332,47.45000076293945,45.40999984741211,36.17169952392578
2005-08-26,90200,47.25,45.849998474121094,47.380001068115234,45.61000061035156,35.279136657714844
2005-08-25,113900,45.75,47.20000076293945,47.45000076293945,45.72999954223633,36.31790542602539
2005-08-24,86200,46.43000030517578,45.650001525878906,46.88999938964844,45.349998474121094,35.125247955322266
2005-08-23,148700,45.650001525878906,46.439998626708984,47.08000183105469,45.279998779296875,35.73312759399414
2005-08-22,158500,46.0,45.900001525878906,46.36000061035156,45.13999938964844,35.317623138427734
2005-08-19,57900,46.849998474121094,46.029998779296875,47.33000183105469,46.029998779296875,35.41764450073242
2005-08-18,123800,46.150001525878906,46.83000183105469,46.83000183105469,45.2599983215332,36.033206939697266
2005-08-17,78000,47.09000015258789,46.75,47.66999816894531,46.65999984741211,35.867774963378906
2005-08-16,76400,48.220001220703125,46.9900016784668,48.220001220703125,46.72999954223633,36.05190658569336
2005-08-15,104700,47.90999984741211,48.220001220703125,48.61000061035156,47.66999816894531,36.99559783935547
2005-08-12,115700,48.900001525878906,48.0,48.900001525878906,47.75,36.82680892944336
2005-08-11,231900,47.939998626708984,49.130001068115234,49.849998474121094,47.939998626708984,37.693763732910156
2005-08-10,133400,48.45000076293945,47.900001525878906,48.689998626708984,47.0,36.750083923339844
2005-08-09,163000,48.54999923706055,48.20000076293945,49.130001068115234,48.04999923706055,36.980255126953125
2005-08-08,296100,49.599998474121094,48.72999954223633,50.72999954223633,48.540000915527344,37.386871337890625
2005-08-05,651000,48.75,51.0,51.68000030517578,48.25,39.12845993041992
2005-08-04,174500,47.150001525878906,47.95000076293945,48.0,45.560001373291016,36.788429260253906
2005-08-03,45000,47.36000061035156,47.29999923706055,47.68000030517578,47.02000045776367,36.289756774902344
2005-08-02,82100,47.650001525878906,47.45000076293945,47.650001525878906,46.31999969482422,36.40482711791992
2005-08-01,89100,47.099998474121094,47.599998474121094,47.90999984741211,46.77000045776367,36.5199089050293
2005-07-29,109500,47.5,47.0099983215332,47.849998474121094,47.0,36.06724548339844
2005-07-28,36100,47.099998474121094,47.63999938964844,47.66999816894531,46.970001220703125,36.550601959228516
2005-07-27,52200,47.38999938964844,47.25,47.70000076293945,46.880001068115234,36.251373291015625
2005-07-26,36800,47.060001373291016,47.29999923706055,47.45000076293945,46.47999954223633,36.289756774902344
2005-07-25,110600,47.599998474121094,47.02000045776367,48.619998931884766,46.95000076293945,36.074913024902344
2005-07-22,58600,46.16999816894531,47.599998474121094,47.709999084472656,46.150001525878906,36.5199089050293
2005-07-21,49800,47.279998779296875,46.040000915527344,47.279998779296875,45.959999084472656,35.32304000854492
2005-07-20,85200,46.81999969482422,47.2400016784668,47.400001525878906,46.060001373291016,36.243717193603516
2005-07-19,128500,46.119998931884766,47.06999969482422,47.099998474121094,46.099998474121094,36.113277435302734
2005-07-18,86900,45.68000030517578,45.959999084472656,46.20000076293945,45.650001525878906,35.26166915893555
2005-07-15,29800,45.150001525878906,45.709999084472656,45.810001373291016,45.13999938964844,35.069862365722656
2005-07-14,120600,45.900001525878906,45.29999923706055,46.11000061035156,45.060001373291016,34.755287170410156
2005-07-13,53900,46.65999984741211,45.400001525878906,46.70000076293945,45.11000061035156,34.83199691772461
2005-07-12,123800,46.150001525878906,46.650001525878906,46.939998626708984,45.650001525878906,35.791053771972656
2005-07-11,130500,45.90999984741211,46.20000076293945,46.52000045776367,45.75,35.44579315185547
2005-07-08,223500,44.099998474121094,45.84000015258789,45.93000030517578,43.95000076293945,35.16958236694336
2005-07-07,71100,43.79999923706055,44.0,44.209999084472656,43.54999923706055,33.757896423339844
2005-07-06,134800,44.41999816894531,44.0,44.58000183105469,43.75,33.757896423339844
2005-07-05,121100,43.900001525878906,44.439998626708984,44.689998626708984,43.849998474121094,34.095481872558594
2005-07-01,57100,43.20000076293945,43.79999923706055,43.84000015258789,43.0,33.604454040527344
2005-06-30,96600,43.29999923706055,43.04999923706055,43.400001525878906,43.02000045776367,33.029029846191406
2005-06-29,94400,43.88999938964844,43.16999816894531,43.88999938964844,42.439998626708984,33.12112045288086
2005-06-28,92400,42.400001525878906,43.849998474121094,44.0099983215332,42.400001525878906,33.64280700683594
2005-06-27,61400,41.93000030517578,42.33000183105469,42.33000183105469,41.599998474121094,32.476646423339844
2005-06-24,177300,42.88999938964844,41.970001220703125,42.88999938964844,41.599998474121094,32.200443267822266
2005-06-23,122200,43.5,43.0,43.5,42.689998626708984,32.990692138671875
2005-06-22,47900,43.5,43.5,43.54999923706055,43.11000061035156,33.374290466308594
2005-06-21,53800,43.790000915527344,43.40999984741211,43.84000015258789,43.279998779296875,33.305233001708984
2005-06-20,83700,43.5,43.790000915527344,44.06999969482422,43.25,33.59677505493164
2005-06-17,217300,44.25,43.650001525878906,44.25,42.90999984741211,33.48936462402344
2005-06-16,121900,43.900001525878906,43.75,44.029998779296875,43.22999954223633,33.566097259521484
2005-06-15,110400,44.13999938964844,44.0,44.13999938964844,43.29999923706055,33.757896423339844
2005-06-14,189000,42.79999923706055,43.88999938964844,44.2599983215332,42.720001220703125,33.67350769042969
2005-06-13,111100,43.20000076293945,42.83000183105469,43.4900016784668,42.630001068115234,32.86025619506836
2005-06-10,159000,42.75,43.369998931884766,43.619998931884766,42.70000076293945,33.274539947509766
2005-06-09,143500,42.70000076293945,42.79999923706055,42.869998931884766,42.099998474121094,32.83722686767578
2005-06-08,146200,43.0,42.7599983215332,43.5,42.31999969482422,32.806541442871094
2005-06-07,205300,43.029998779296875,43.099998474121094,44.0,42.20000076293945,33.0673942565918
2005-06-06,483100,41.5,43.029998779296875,43.20000076293945,41.0099983215332,33.013675689697266
2005-06-03,686500,40.0,41.75,42.59000015258789,40.0,32.031639099121094
2005-06-02,1103200,38.25,40.380001068115234,41.40999984741211,38.25,30.980548858642578
2005-06-01,164800,35.79999923706055,36.290000915527344,36.34000015258789,35.709999084472656,27.842592239379883
2005-05-31,102100,35.150001525878906,35.7599983215332,35.849998474121094,35.09000015258789,27.43597412109375
2005-05-27,74400,34.93000030517578,35.25,35.369998931884766,34.91999816894531,27.044681549072266
2005-05-26,77100,34.66999816894531,35.0,35.02000045776367,34.54999923706055,26.852882385253906
2005-05-25,61700,35.099998474121094,34.54999923706055,35.099998474121094,34.400001525878906,26.507619857788086
2005-05-24,93800,35.4900016784668,35.25,35.61000061035156,35.060001373291016,27.044681549072266
2005-05-23,220800,34.150001525878906,35.5,35.540000915527344,34.09000015258789,27.236488342285156
2005-05-20,158000,34.849998474121094,34.2400016784668,34.869998931884766,34.18000030517578,26.26978874206543
2005-05-19,170900,34.349998474121094,34.79999923706055,35.15999984741211,34.349998474121094,26.699432373046875
2005-05-18,101200,34.38999938964844,34.5,34.900001525878906,34.20000076293945,26.36568260192871
2005-05-17,243500,35.209999084472656,34.13999938964844,35.27000045776367,33.93000030517578,26.090566635131836
2005-05-16,349500,34.63999938964844,35.20000076293945,35.33000183105469,34.54999923706055,26.900646209716797
2005-05-13,183400,35.45000076293945,34.56999969482422,35.45000076293945,33.939998626708984,26.419187545776367
2005-05-12,349100,36.45000076293945,35.33000183105469,36.56999969482422,35.0,26.999998092651367
2005-05-11,137900,37.0,36.58000183105469,37.06999969482422,36.25,27.955276489257812
2005-05-10,92800,37.810001373291016,37.0,37.810001373291016,36.970001220703125,28.2762508392334
2005-05-09,54300,37.599998474121094,38.0,38.11000061035156,37.400001525878906,29.040454864501953
2005-05-06,65000,38.0,37.720001220703125,38.04999923706055,37.5099983215332,28.82648468017578
2005-05-05,67700,37.33000183105469,37.810001373291016,37.849998474121094,37.29999923706055,28.895275115966797
2005-05-04,50000,37.0,37.33000183105469,37.380001068115234,36.65999984741211,28.528446197509766
2005-05-03,115500,36.93000030517578,36.93000030517578,37.13999938964844,36.310001373291016,28.222742080688477
2005-05-02,87500,36.70000076293945,36.900001525878906,37.29999923706055,36.40999984741211,28.199819564819336
2005-04-29,153800,36.650001525878906,36.619998931884766,36.95000076293945,35.630001068115234,27.985841751098633
2005-04-28,90500,37.13999938964844,36.529998779296875,37.13999938964844,36.40999984741211,27.917070388793945
2005-04-27,108600,37.45000076293945,37.38999938964844,37.720001220703125,37.11000061035156,28.574289321899414
2005-04-26,167500,37.20000076293945,37.540000915527344,38.22999954223633,37.150001525878906,28.688913345336914
2005-04-25,289800,37.77000045776367,37.279998779296875,37.77000045776367,36.75,28.490230560302734
2005-04-22,145400,37.560001373291016,37.52000045776367,37.77000045776367,37.279998779296875,28.67363739013672
2005-04-21,94000,37.20000076293945,37.65999984741211,38.0,37.060001373291016,28.7806339263916
2005-04-20,83300,37.529998779296875,37.0099983215332,37.529998779296875,36.90999984741211,28.283885955810547
2005-04-19,94500,36.52000045776367,37.43000030517578,37.75,36.52000045776367,28.60485076904297
2005-04-18,175300,36.25,36.52000045776367,36.810001373291016,36.040000915527344,27.909421920776367
2005-04-15,226300,37.15999984741211,36.349998474121094,37.2400016784668,36.349998474121094,27.779497146606445
2005-04-14,171400,37.2599983215332,37.150001525878906,37.43000030517578,37.0,28.390884399414062
2005-04-13,99800,37.43000030517578,37.2400016784668,37.68000030517578,37.029998779296875,28.459667205810547
2005-04-12,123600,37.66999816894531,37.380001068115234,37.689998626708984,36.75,28.5666561126709
2005-04-11,104700,36.959999084472656,37.66999816894531,37.720001220703125,36.959999084472656,28.788270950317383
2005-04-08,59900,37.27000045776367,36.84000015258789,37.5099983215332,36.83000183105469,28.153974533081055
2005-04-07,62400,37.47999954223633,37.02000045776367,37.4900016784668,36.790000915527344,28.29153060913086
2005-04-06,164700,37.540000915527344,37.47999954223633,37.97999954223633,37.439998626708984,28.643068313598633
2005-04-05,260900,36.54999923706055,37.439998626708984,37.70000076293945,36.54999923706055,28.61249351501465
2005-04-04,300700,36.349998474121094,36.369998931884766,36.790000915527344,36.0,27.794775009155273
2005-04-01,507800,36.79999923706055,36.5099983215332,37.130001068115234,35.599998474121094,27.90177345275879
2005-03-31,687700,36.849998474121094,36.59000015258789,36.88999938964844,35.77000045776367,27.962909698486328
2005-03-30,253700,34.45000076293945,34.93000030517578,35.15999984741211,34.20000076293945,26.694303512573242
2005-03-29,159300,34.95000076293945,34.20000076293945,35.0,33.65999984741211,26.13642692565918
2005-03-28,309000,35.0099983215332,34.70000076293945,35.150001525878906,34.68000030517578,26.518526077270508
2005-03-24,394100,34.900001525878906,34.90999984741211,35.08000183105469,34.7400016784668,26.67901611328125
2005-03-23,258900,35.720001220703125,34.72999954223633,35.720001220703125,34.38999938964844,26.54146385192871
2005-03-22,161300,36.040000915527344,35.70000076293945,36.099998474121094,35.5099983215332,27.282752990722656
2005-03-21,146600,36.0099983215332,36.0,36.189998626708984,35.86000061035156,27.51203155517578
2005-03-18,206100,36.029998779296875,35.95000076293945,36.08000183105469,35.810001373291016,27.473812103271484
2005-03-17,94400,36.58000183105469,36.279998779296875,36.650001525878906,36.16999816894531,27.72600555419922
2005-03-16,176800,36.86000061035156,36.45000076293945,37.13999938964844,36.38999938964844,27.85592269897461
2005-03-15,138800,36.25,36.959999084472656,37.29999923706055,36.18000030517578,28.245683670043945
2005-03-14,115100,36.11000061035156,36.06999969482422,36.369998931884766,35.849998474121094,27.56552505493164
2005-03-11,77100,36.20000076293945,36.11000061035156,36.75,36.04999923706055,27.596086502075195
2005-03-10,133300,35.70000076293945,36.400001525878906,36.400001525878906,35.349998474121094,27.817705154418945
2005-03-09,179000,36.25,35.54999923706055,36.349998474121094,35.54999923706055,27.16811752319336
2005-03-08,147800,36.5,36.36000061035156,36.7400016784668,36.0,27.787141799926758
2005-03-07,62000,36.599998474121094,36.650001525878906,36.849998474121094,36.310001373291016,28.008758544921875
2005-03-04,283800,36.90999984741211,36.7599983215332,37.290000915527344,36.7599983215332,28.092832565307617
2005-03-03,263500,36.68000030517578,36.84000015258789,36.939998626708984,36.5099983215332,28.153974533081055
2005-03-02,99100,37.0,36.68000030517578,37.27000045776367,36.68000030517578,28.031700134277344
2005-03-01,141000,35.599998474121094,36.86000061035156,37.040000915527344,35.599998474121094,28.169252395629883
2005-02-28,157200,35.91999816894531,35.36000061035156,36.25,35.25,27.022920608520508
2005-02-25,116400,36.119998931884766,35.880001068115234,36.119998931884766,35.66999816894531,27.420316696166992
2005-02-24,45000,36.310001373291016,36.11000061035156,36.310001373291016,35.75,27.596086502075195
2005-02-23,64200,36.0,36.310001373291016,36.41999816894531,35.900001525878906,27.74893569946289
2005-02-22,169000,36.79999923706055,35.86000061035156,37.0,35.849998474121094,27.405040740966797
2005-02-18,22900,36.65999984741211,36.650001525878906,36.849998474121094,36.220001220703125,28.008758544921875
2005-02-17,36900,37.060001373291016,36.619998931884766,37.060001373291016,36.54999923706055,27.985841751098633
2005-02-16,68900,37.04999923706055,37.060001373291016,37.150001525878906,36.790000915527344,28.322099685668945
2005-02-15,128200,37.0,37.130001068115234,37.97999954223633,37.0,28.375585556030273
2005-02-14,134900,36.349998474121094,36.79999923706055,36.79999923706055,35.91999816894531,28.12338638305664
2005-02-11,119500,36.099998474121094,36.25,36.47999954223633,35.849998474121094,27.70307731628418
2005-02-10,143900,36.63999938964844,36.20000076293945,36.63999938964844,35.959999084472656,27.664865493774414
2005-02-09,94200,37.79999923706055,36.70000076293945,38.0,36.5099983215332,27.943809509277344
2005-02-08,65800,37.439998626708984,37.75,37.86000061035156,37.349998474121094,28.7432804107666
2005-02-07,42700,37.630001068115234,37.400001525878906,38.08000183105469,37.31999969482422,28.47679901123047
2005-02-04,44000,37.2599983215332,37.619998931884766,37.779998779296875,37.029998779296875,28.644302368164062
2005-02-03,134400,37.77000045776367,37.220001220703125,37.84000015258789,36.970001220703125,28.339731216430664
2005-02-02,74900,37.599998474121094,37.77000045776367,37.88999938964844,37.33000183105469,28.75851058959961
2005-02-01,179700,37.95000076293945,37.400001525878906,38.20000076293945,37.380001068115234,28.47679901123047
2005-01-31,129200,36.54999923706055,37.18000030517578,37.31999969482422,36.25,28.309284210205078
2005-01-28,71700,36.83000183105469,36.06999969482422,36.93000030517578,36.0,27.46412467956543
2005-01-27,158900,36.11000061035156,36.93000030517578,37.119998931884766,35.95000076293945,28.118925094604492
2005-01-26,265700,35.27000045776367,36.099998474121094,36.310001373291016,35.20000076293945,27.486961364746094
2005-01-25,462700,35.900001525878906,35.06999969482422,36.20000076293945,33.34000015258789,26.702707290649414
2005-01-24,218700,35.77000045776367,35.83000183105469,36.130001068115234,35.29999923706055,27.281368255615234
2005-01-21,452400,36.9900016784668,35.77000045776367,37.130001068115234,35.209999084472656,27.235702514648438
2005-01-20,73500,37.150001525878906,36.9900016784668,37.25,36.95000076293945,28.16461944580078
2005-01-19,154500,37.66999816894531,37.20000076293945,37.66999816894531,37.130001068115234,28.324520111083984
2005-01-18,129500,37.400001525878906,37.66999816894531,37.81999969482422,37.310001373291016,28.682373046875
2005-01-14,167900,37.11000061035156,37.54999923706055,37.630001068115234,37.11000061035156,28.591012954711914
2005-01-13,128000,36.7400016784668,37.040000915527344,37.720001220703125,36.72999954223633,28.20269012451172
2005-01-12,143800,36.970001220703125,36.7400016784668,37.22999954223633,36.709999084472656,27.974258422851562
2005-01-11,133800,36.810001373291016,37.06999969482422,37.45000076293945,36.790000915527344,28.22551918029785
2005-01-10,100700,36.70000076293945,36.70000076293945,37.33000183105469,36.61000061035156,27.943809509277344
2005-01-07,478500,36.790000915527344,36.790000915527344,37.2599983215332,36.599998474121094,28.012338638305664
2005-01-06,638900,37.31999969482422,36.75,37.31999969482422,36.150001525878906,27.981882095336914
2005-01-05,989300,37.099998474121094,37.310001373291016,37.95000076293945,36.70000076293945,28.40826988220215
2005-01-04,288900,40.189998626708984,39.7599983215332,40.65999984741211,39.349998474121094,30.27373504638672
2005-01-03,110500,41.290000915527344,40.189998626708984,41.630001068115234,40.0,30.601144790649414
2004-12-31,172600,41.54999923706055,41.29999923706055,41.56999969482422,41.060001373291016,31.4462890625
2004-12-30,54300,40.9900016784668,41.5099983215332,41.61000061035156,40.77000045776367,31.60618782043457
2004-12-29,61300,40.400001525878906,41.09000015258789,41.279998779296875,40.400001525878906,31.28640365600586
2004-12-28,67100,40.29999923706055,40.63999938964844,40.63999938964844,40.16999816894531,30.943767547607422
2004-12-27,69600,40.25,40.150001525878906,40.689998626708984,39.84000015258789,30.570676803588867
2004-12-23,27100,40.18000030517578,40.150001525878906,40.5,40.0,30.570676803588867
2004-12-22,41800,40.09000015258789,40.130001068115234,40.540000915527344,40.0,30.55545425415039
2004-12-21,80400,39.75,40.09000015258789,40.25,39.75,30.524999618530273
2004-12-20,114000,39.83000183105469,39.5,40.150001525878906,39.25,30.07576560974121
2004-12-17,61700,39.40999984741211,39.79999923706055,39.79999923706055,39.220001220703125,30.30418586730957
2004-12-16,50100,39.5,39.400001525878906,39.58000183105469,39.11000061035156,29.999629974365234
2004-12-15,45100,39.25,39.650001525878906,39.720001220703125,39.099998474121094,30.18997573852539
2004-12-14,105700,39.029998779296875,39.4900016784668,39.5,38.810001373291016,30.068145751953125
2004-12-13,142500,38.0,39.0099983215332,39.0099983215332,37.72999954223633,29.702659606933594
2004-12-10,114800,38.560001373291016,38.0,38.75,37.790000915527344,28.93362808227539
2004-12-09,135100,38.5099983215332,38.54999923706055,38.84000015258789,38.40999984741211,29.3524169921875
2004-12-08,113900,38.900001525878906,38.5,39.11000061035156,38.5,29.31435203552246
2004-12-07,125800,40.25,38.75,40.27000045776367,38.65999984741211,29.504701614379883
2004-12-06,52600,40.93000030517578,40.29999923706055,40.93000030517578,40.25,30.684886932373047
2004-12-03,46000,40.939998626708984,40.900001525878906,41.11000061035156,40.7400016784668,31.141735076904297
2004-12-02,179000,41.0,40.939998626708984,41.099998474121094,40.54999923706055,31.17218589782715
2004-12-01,119300,41.0,41.13999938964844,41.650001525878906,40.75,31.32448387145996
2004-11-30,95500,42.439998626708984,40.79999923706055,42.5,40.79999923706055,31.06561851501465
2004-11-29,226200,41.75,42.400001525878906,42.5,41.369998931884766,32.28385543823242
2004-11-26,21200,41.900001525878906,41.650001525878906,41.97999954223633,41.650001525878906,31.712800979614258
2004-11-24,41200,41.79999923706055,41.849998474121094,42.2599983215332,41.56999969482422,31.865070343017578
2004-11-23,63500,41.29999923706055,41.790000915527344,42.119998931884766,41.150001525878906,31.819385528564453
2004-11-22,317600,40.16999816894531,41.349998474121094,42.0099983215332,40.16999816894531,31.4843692779541
2004-11-19,342100,40.599998474121094,40.06999969482422,41.20000076293945,40.060001373291016,30.50975799560547
2004-11-18,212900,41.0,40.70000076293945,41.099998474121094,40.290000915527344,30.989459991455078
2004-11-17,581900,38.599998474121094,41.25,41.25,38.599998474121094,31.408220291137695
2004-11-16,81200,39.099998474121094,38.349998474121094,39.099998474121094,38.349998474121094,29.200132369995117
2004-11-15,63700,38.5,39.099998474121094,39.25,38.5,29.771209716796875
2004-11-12,134400,38.599998474121094,38.650001525878906,38.900001525878906,38.400001525878906,29.42856216430664
2004-11-11,72600,38.52000045776367,38.66999816894531,38.75,38.25,29.443788528442383
2004-11-10,124900,38.0,38.41999816894531,38.97999954223633,38.0,29.25343132019043
2004-11-09,33600,38.400001525878906,38.20000076293945,38.65999984741211,38.02000045776367,28.994552612304688
2004-11-08,65200,39.099998474121094,38.25,39.099998474121094,38.25,29.03251075744629
2004-11-05,55100,39.29999923706055,39.099998474121094,39.45000076293945,38.869998931884766,29.677677154541016
2004-11-04,111500,38.20000076293945,39.15999984741211,39.29999923706055,38.0,29.72321891784668
2004-11-03,91700,38.20000076293945,38.20000076293945,38.599998474121094,37.68000030517578,28.994552612304688
2004-11-02,241200,37.5,38.0099983215332,38.790000915527344,37.5,28.850345611572266
2004-11-01,99600,36.95000076293945,37.290000915527344,37.380001068115234,36.599998474121094,28.303852081298828
2004-10-29,156500,37.900001525878906,37.09000015258789,37.95000076293945,36.650001525878906,28.152040481567383
2004-10-28,176400,37.95000076293945,38.0,38.150001525878906,37.56999969482422,28.842756271362305
2004-10-27,125900,37.459999084472656,37.95000076293945,37.95000076293945,36.95000076293945,28.80479621887207
2004-10-26,144900,37.06999969482422,37.459999084472656,37.459999084472656,36.810001373291016,28.432876586914062
2004-10-25,100100,36.18000030517578,37.060001373291016,37.33000183105469,36.119998931884766,28.129268646240234
2004-10-22,108800,36.83000183105469,36.150001525878906,37.130001068115234,36.119998931884766,27.43855857849121
2004-10-21,74900,36.16999816894531,36.72999954223633,36.869998931884766,36.16999816894531,27.878795623779297
2004-10-20,125100,35.970001220703125,36.220001220703125,36.45000076293945,35.83000183105469,27.491703033447266
2004-10-19,179600,36.150001525878906,35.880001068115234,36.150001525878906,35.5,27.233631134033203
2004-10-18,207400,36.560001373291016,35.97999954223633,36.560001373291016,35.810001373291016,27.309528350830078
2004-10-15,82100,36.459999084472656,36.4900016784668,36.91999816894531,36.150001525878906,27.696638107299805
2004-10-14,96800,36.47999954223633,36.45000076293945,36.56999969482422,36.25,27.666269302368164
2004-10-13,132500,37.0099983215332,36.470001220703125,37.08000183105469,36.2400016784668,27.68144416809082
2004-10-12,154000,37.279998779296875,36.86000061035156,37.34000015258789,36.790000915527344,27.97747802734375
2004-10-11,167200,37.099998474121094,37.34000015258789,37.369998931884766,36.79999923706055,28.34180450439453
2004-10-08,103700,37.400001525878906,37.099998474121094,37.7400016784668,37.099998474121094,28.15963363647461
2004-10-07,144000,38.119998931884766,37.58000183105469,38.38999938964844,37.5099983215332,28.523963928222656
2004-10-06,151800,37.52000045776367,38.20000076293945,38.400001525878906,37.380001068115234,28.994552612304688
2004-10-05,155000,38.5,37.599998474121094,38.5,37.59000015258789,28.539155960083008
2004-10-04,336500,40.25,38.63999938964844,40.25,38.20000076293945,29.32852554321289
2004-10-01,841600,39.400001525878906,39.70000076293945,39.79999923706055,38.599998474121094,30.133089065551758
2004-09-30,378100,37.63999938964844,37.25,37.650001525878906,36.400001525878906,28.273483276367188
2004-09-29,338600,37.900001525878906,37.63999938964844,38.68000030517578,37.439998626708984,28.569499969482422
2004-09-28,491200,37.4900016784668,37.79999923706055,37.79999923706055,36.599998474121094,28.690942764282227
2004-09-27,261100,40.25,38.0,40.2599983215332,37.84000015258789,28.842756271362305
2004-09-24,676200,41.54999923706055,40.5,41.720001220703125,40.5,30.740304946899414
2004-09-23,38900,42.20000076293945,42.06999969482422,42.349998474121094,41.720001220703125,31.931974411010742
2004-09-22,108900,41.900001525878906,42.0,42.5,41.27000045776367,31.878835678100586
2004-09-21,46200,42.0,42.0,42.43000030517578,41.45000076293945,31.878835678100586
2004-09-20,81900,41.84000015258789,41.7599983215332,41.869998931884766,41.5,31.6966609954834
2004-09-17,71300,42.0,41.70000076293945,42.0,41.29999923706055,31.651124954223633
2004-09-16,41100,41.63999938964844,41.849998474121094,41.95000076293945,41.47999954223633,31.764968872070312
2004-09-15,67300,42.0,41.529998779296875,42.0,41.279998779296875,31.52208709716797
2004-09-14,46600,42.0,41.91999816894531,42.220001220703125,41.720001220703125,31.818115234375
2004-09-13,99600,42.2400016784668,41.939998626708984,42.29999923706055,41.7599983215332,31.833284378051758
2004-09-10,52300,42.70000076293945,42.20000076293945,42.75,41.810001373291016,32.030635833740234
2004-09-09,130700,42.75,42.599998474121094,43.15999984741211,42.599998474121094,32.33425521850586
2004-09-08,127100,42.95000076293945,42.650001525878906,43.2599983215332,42.650001525878906,32.37221145629883
2004-09-07,99700,42.369998931884766,43.0,43.45000076293945,42.33000183105469,32.637847900390625
2004-09-03,87000,41.709999084472656,42.119998931884766,42.150001525878906,41.349998474121094,31.96991539001465
2004-09-02,169400,40.25,41.61000061035156,41.91999816894531,40.25,31.58282470703125
2004-09-01,171500,40.29999923706055,40.25,41.20000076293945,39.959999084472656,30.550540924072266
2004-08-31,61300,40.599998474121094,40.459999084472656,40.84000015258789,40.099998474121094,30.709930419921875
2004-08-30,181700,42.380001068115234,40.470001220703125,42.41999816894531,40.369998931884766,30.7175350189209
2004-08-27,92500,41.349998474121094,42.34000015258789,42.66999816894531,41.18000030517578,32.13690185546875
2004-08-26,49300,41.900001525878906,41.290000915527344,41.900001525878906,41.04999923706055,31.339927673339844
2004-08-25,145900,41.34000015258789,41.52000045776367,41.59000015258789,40.810001373291016,31.51450538635254
2004-08-24,100500,41.849998474121094,41.34000015258789,42.20000076293945,41.33000183105469,31.37787628173828
2004-08-23,169200,40.7599983215332,40.849998474121094,41.25,40.5,31.005956649780273
2004-08-20,170000,39.68000030517578,40.7599983215332,41.119998931884766,39.650001525878906,30.93764305114746
2004-08-19,259800,39.25,39.68000030517578,40.09000015258789,38.75,30.117904663085938
2004-08-18,99400,39.0,39.36000061035156,39.61000061035156,38.650001525878906,29.875024795532227
2004-08-17,183000,38.27000045776367,39.04999923706055,39.2400016784668,38.27000045776367,29.63972282409668
2004-08-16,142600,36.630001068115234,38.369998931884766,38.599998474121094,36.630001068115234,29.123592376708984
2004-08-13,154500,37.86000061035156,36.72999954223633,37.86000061035156,36.529998779296875,27.878795623779297
2004-08-12,128100,38.0,37.7599983215332,38.099998474121094,37.20000076293945,28.66058349609375
2004-08-11,109100,38.04999923706055,38.25,38.36000061035156,37.25,28.941431045532227
2004-08-10,138500,37.560001373291016,38.29999923706055,38.459999084472656,37.4900016784668,28.979257583618164
2004-08-09,145700,36.75,37.7599983215332,37.7599983215332,36.630001068115234,28.570667266845703
2004-08-06,105400,37.36000061035156,36.779998779296875,37.36000061035156,36.25,27.829172134399414
2004-08-05,165600,38.36000061035156,37.61000061035156,38.54999923706055,37.33000183105469,28.45718765258789
2004-08-04,87200,38.20000076293945,38.349998474121094,38.9900016784668,37.900001525878906,29.017101287841797
2004-08-03,78600,39.130001068115234,38.45000076293945,39.25,38.45000076293945,29.092748641967773
2004-08-02,212000,39.5,39.099998474121094,39.75,38.7599983215332,29.58457374572754
2004-07-30,129300,40.0,39.56999969482422,40.400001525878906,39.52000045776367,29.940185546875
2004-07-29,164700,39.5,40.0,40.150001525878906,38.88999938964844,30.265541076660156
2004-07-28,105600,39.04999923706055,40.099998474121094,40.349998474121094,38.959999084472656,30.341196060180664
2004-07-27,130500,37.220001220703125,39.2599983215332,39.34000015258789,37.220001220703125,29.70563316345215
2004-07-26,70400,37.25,37.31999969482422,37.720001220703125,37.099998474121094,28.23773956298828
2004-07-23,71600,37.79999923706055,37.5,37.79999923706055,37.25,28.37393569946289
2004-07-22,100300,38.0,37.77000045776367,38.119998931884766,37.04999923706055,28.578245162963867
2004-07-21,76900,39.310001373291016,38.0,39.310001373291016,38.0,28.752269744873047
2004-07-20,82000,37.70000076293945,39.209999084472656,39.22999954223633,37.70000076293945,29.667797088623047
2004-07-19,103700,39.5,37.869998931884766,39.75,37.75,28.653905868530273
2004-07-16,115400,39.599998474121094,39.25,39.88999938964844,39.2400016784668,29.69806480407715
2004-07-15,58700,39.75,39.400001525878906,39.86000061035156,38.86000061035156,29.81155776977539
2004-07-14,79600,40.2599983215332,39.91999816894531,40.279998779296875,39.029998779296875,30.20501136779785
2004-07-13,39700,40.29999923706055,40.2599983215332,40.83000183105469,40.220001220703125,30.462265014648438
2004-07-12,67700,40.560001373291016,40.40999984741211,40.599998474121094,39.83000183105469,30.575763702392578
2004-07-09,72700,40.75,40.54999923706055,41.0,40.130001068115234,30.68169403076172
2004-07-08,78900,41.900001525878906,40.560001373291016,41.90999984741211,40.470001220703125,30.689258575439453
2004-07-07,111400,42.06999969482422,41.9900016784668,42.59000015258789,41.689998626708984,31.771249771118164
2004-07-06,85500,42.91999816894531,41.9900016784668,43.29999923706055,41.599998474121094,31.771249771118164
2004-07-02,55000,42.45000076293945,42.66999816894531,42.95000076293945,42.220001220703125,32.28577423095703
2004-07-01,125400,44.060001373291016,42.20000076293945,44.5,42.0099983215332,31.930150985717773
2004-06-30,148800,44.060001373291016,43.560001373291016,44.099998474121094,43.25,32.95917510986328
2004-06-29,206000,44.130001068115234,43.810001373291016,44.81999969482422,42.77000045776367,33.14834213256836
2004-06-28,143200,43.4900016784668,44.119998931884766,45.13999938964844,43.439998626708984,33.38289260864258
2004-06-25,176900,43.79999923706055,43.40999984741211,44.11000061035156,43.380001068115234,32.84567642211914
2004-06-24,105400,43.79999923706055,43.810001373291016,44.150001525878906,43.59000015258789,33.14834213256836
2004-06-23,204900,44.04999923706055,43.86000061035156,44.400001525878906,43.36000061035156,33.18617248535156
2004-06-22,297100,42.900001525878906,43.79999923706055,44.59000015258789,42.79999923706055,33.14076232910156
2004-06-21,1015500,39.849998474121094,43.5,44.86000061035156,39.75,32.91378402709961
2004-06-18,96700,36.150001525878906,36.099998474121094,36.45000076293945,36.0,27.314655303955078
2004-06-17,77600,35.779998779296875,35.779998779296875,35.84000015258789,35.150001525878906,27.07251739501953
2004-06-16,60300,36.22999954223633,36.029998779296875,36.22999954223633,35.650001525878906,27.261682510375977
2004-06-15,74900,35.81999969482422,35.97999954223633,36.25,35.720001220703125,27.223852157592773
2004-06-14,71500,36.16999816894531,35.56999969482422,36.2400016784668,35.5099983215332,26.91362762451172
2004-06-10,77700,36.459999084472656,36.41999816894531,36.810001373291016,36.27000045776367,27.556779861450195
2004-06-09,96500,37.650001525878906,36.709999084472656,37.650001525878906,36.58000183105469,27.77619171142578
2004-06-08,149500,36.349998474121094,37.709999084472656,37.709999084472656,36.349998474121094,28.532840728759766
2004-06-07,141500,36.470001220703125,36.38999938964844,36.59000015258789,35.560001373291016,27.53407096862793
2004-06-04,158600,36.5,36.54999923706055,37.0,36.25,27.655139923095703
2004-06-03,115900,36.349998474121094,36.25,36.61000061035156,36.209999084472656,27.428146362304688
2004-06-02,217400,36.70000076293945,36.349998474121094,36.709999084472656,36.310001373291016,27.50380516052246
2004-06-01,162600,36.84000015258789,36.790000915527344,36.93000030517578,36.20000076293945,27.836740493774414
2004-05-28,754500,36.5,36.849998474121094,37.099998474121094,35.900001525878906,27.882129669189453
2004-05-27,177400,39.0,38.939998626708984,39.22999954223633,38.369998931884766,29.463510513305664
2004-05-26,134500,39.5,39.119998931884766,39.70000076293945,38.79999923706055,29.59970474243164
2004-05-25,134900,37.599998474121094,39.27000045776367,39.459999084472656,37.470001220703125,29.713199615478516
2004-05-24,101700,37.59000015258789,37.75,38.29999923706055,37.439998626708984,28.56310272216797
2004-05-21,77300,36.529998779296875,37.34000015258789,37.349998474121094,36.400001525878906,28.25288963317871
2004-05-20,82300,36.04999923706055,36.33000183105469,36.810001373291016,35.18000030517578,27.488691329956055
2004-05-19,92900,36.45000076293945,36.20000076293945,37.15999984741211,36.150001525878906,27.39031219482422
2004-05-18,55400,36.150001525878906,36.290000915527344,36.599998474121094,35.93000030517578,27.45840835571289
2004-05-17,71100,36.04999923706055,36.150001525878906,36.79999923706055,35.900001525878906,27.352479934692383
2004-05-14,114200,36.97999954223633,36.560001373291016,37.209999084472656,36.029998779296875,27.66269874572754
2004-05-13,132500,36.72999954223633,36.900001525878906,38.0,36.72999954223633,27.919946670532227
2004-05-12,221400,36.849998474121094,36.77000045776367,37.380001068115234,35.5,27.730802536010742
2004-05-11,101900,35.9900016784668,36.75,37.16999816894531,35.9900016784668,27.71571922302246
2004-05-10,235300,35.0,35.7400016784668,36.150001525878906,35.0,26.954004287719727
2004-05-07,133500,37.060001373291016,35.97999954223633,38.13999938964844,35.650001525878906,27.13500213623047
2004-05-06,204000,38.86000061035156,37.04999923706055,39.0,36.5,27.941974639892578
2004-05-05,56000,39.20000076293945,38.61000061035156,39.20000076293945,38.5,29.118473052978516
2004-05-04,124400,39.2400016784668,39.209999084472656,39.25,38.02000045776367,29.570974349975586
2004-05-03,135400,38.72999954223633,39.2400016784668,39.4900016784668,38.29999923706055,29.593605041503906
2004-04-30,207900,40.58000183105469,38.97999954223633,40.88999938964844,38.52000045776367,29.397518157958984
2004-04-29,157200,41.25,40.58000183105469,41.47999954223633,39.560001373291016,30.60420036315918
2004-04-28,153000,42.779998779296875,41.70000076293945,42.849998474121094,40.70000076293945,31.4488525390625
2004-04-27,63400,43.900001525878906,42.779998779296875,43.900001525878906,42.650001525878906,32.26335525512695
2004-04-26,57700,43.779998779296875,43.88999938964844,44.0099983215332,43.150001525878906,33.100494384765625
2004-04-23,31900,43.86000061035156,43.65999984741211,44.0,43.0099983215332,32.927040100097656
2004-04-22,70600,43.279998779296875,43.7599983215332,44.18000030517578,42.900001525878906,33.0024528503418
2004-04-21,69800,42.75,43.20000076293945,43.529998779296875,42.400001525878906,32.58012008666992
2004-04-20,88300,43.08000183105469,42.75,43.880001068115234,42.650001525878906,32.24073791503906
2004-04-19,121200,43.75,43.08000183105469,43.79999923706055,42.689998626708984,32.4896240234375
2004-04-16,87100,43.0,43.849998474121094,44.0099983215332,42.5,33.0703239440918
2004-04-15,183300,43.790000915527344,43.0099983215332,43.790000915527344,42.41999816894531,32.43681335449219
2004-04-14,109600,44.849998474121094,43.790000915527344,44.849998474121094,43.56999969482422,33.02507400512695
2004-04-13,98500,46.45000076293945,45.25,46.45000076293945,44.5,34.12614059448242
2004-04-12,109900,46.060001373291016,46.20000076293945,46.5,45.599998474121094,34.842613220214844
2004-04-08,64500,46.95000076293945,46.029998779296875,46.95000076293945,46.0,34.71440505981445
2004-04-07,76300,46.04999923706055,46.79999923706055,46.849998474121094,45.849998474121094,35.29513168334961
2004-04-06,87800,45.900001525878906,46.0,46.36000061035156,45.75,34.6917839050293
2004-04-05,227800,45.130001068115234,46.0099983215332,46.09000015258789,44.5,34.69932556152344
2004-04-02,219200,46.43000030517578,45.380001068115234,47.5,45.310001373291016,34.224205017089844
2004-04-01,109900,46.099998474121094,46.43000030517578,46.650001525878906,45.79999923706055,35.01608657836914
2004-03-31,130600,45.45000076293945,46.189998626708984,46.189998626708984,45.45000076293945,34.83507537841797
2004-03-30,62000,45.880001068115234,45.5,45.95000076293945,45.5,34.31470489501953
2004-03-29,111900,45.54999923706055,45.880001068115234,46.20000076293945,45.54999923706055,34.601280212402344
2004-03-26,73900,45.45000076293945,45.380001068115234,45.599998474121094,45.25,34.224205017089844
2004-03-25,39700,44.5099983215332,45.38999938964844,45.599998474121094,44.5099983215332,34.23174285888672
2004-03-24,35000,44.439998626708984,44.5099983215332,44.599998474121094,44.2599983215332,33.56808090209961
2004-03-23,55800,44.04999923706055,44.369998931884766,44.86000061035156,44.04999923706055,33.46247863769531
2004-03-22,75100,44.75,43.900001525878906,44.75,43.849998474121094,33.1080322265625
2004-03-19,126000,45.0,44.95000076293945,45.060001373291016,44.68000030517578,33.899906158447266
2004-03-18,90800,45.0,44.9900016784668,45.099998474121094,44.779998779296875,33.9300651550293
2004-03-17,141900,44.9900016784668,45.0,45.15999984741211,44.709999084472656,33.9376106262207
2004-03-16,122000,45.709999084472656,44.93000030517578,45.9900016784668,43.650001525878906,33.88481521606445
2004-03-15,67900,46.5,45.70000076293945,46.5099983215332,45.61000061035156,34.46553421020508
2004-03-12,62800,46.25,46.689998626708984,46.70000076293945,46.04999923706055,35.212158203125
2004-03-11,63900,45.79999923706055,46.0,46.470001220703125,45.5,34.6917839050293
2004-03-10,145600,46.66999816894531,45.900001525878906,46.66999816894531,45.560001373291016,34.61636734008789
2004-03-09,135500,46.20000076293945,46.470001220703125,46.650001525878906,46.20000076293945,35.0462532043457
2004-03-08,77600,46.20000076293945,46.45000076293945,46.599998474121094,46.099998474121094,35.03116226196289
2004-03-05,61400,46.349998474121094,46.400001525878906,46.400001525878906,45.5,34.993465423583984
2004-03-04,60800,45.2599983215332,46.099998474121094,46.099998474121094,45.209999084472656,34.76719665527344
2004-03-03,77200,45.25,45.0099983215332,45.79999923706055,44.400001525878906,33.94515609741211
2004-03-02,57200,45.459999084472656,45.06999969482422,45.70000076293945,45.0,33.990413665771484
2004-03-01,84700,44.20000076293945,45.459999084472656,45.65999984741211,44.20000076293945,34.2845344543457
2004-02-27,46300,43.900001525878906,43.95000076293945,44.45000076293945,43.849998474121094,33.14573669433594
2004-02-26,64900,44.47999954223633,43.880001068115234,44.47999954223633,43.43000030517578,33.09294128417969
2004-02-25,68800,43.7599983215332,44.2400016784668,44.470001220703125,43.630001068115234,33.364444732666016
2004-02-24,92600,43.0,43.5099983215332,43.70000076293945,42.54999923706055,32.813907623291016
2004-02-23,100900,43.20000076293945,43.029998779296875,43.209999084472656,42.68000030517578,32.45191192626953
2004-02-20,75100,42.29999923706055,43.22999954223633,43.25,42.20000076293945,32.60272979736328
2004-02-19,93400,42.0,42.209999084472656,42.95000076293945,41.900001525878906,31.83348274230957
2004-02-18,88100,42.279998779296875,41.79999923706055,42.599998474121094,41.310001373291016,31.524274826049805
2004-02-17,66400,41.349998474121094,42.279998779296875,42.75,41.2599983215332,31.886268615722656
2004-02-13,117600,44.40999984741211,41.22999954223633,44.40999984741211,41.20000076293945,31.09440040588379
2004-02-12,189400,43.43000030517578,44.40999984741211,44.689998626708984,42.75,33.49265670776367
2004-02-11,158900,42.459999084472656,43.54999923706055,43.599998474121094,42.20000076293945,32.75355911254883
2004-02-10,160500,41.650001525878906,42.209999084472656,42.619998931884766,41.29999923706055,31.745771408081055
2004-02-09,156000,40.650001525878906,41.650001525878906,42.380001068115234,40.54999923706055,31.324596405029297
2004-02-06,153800,39.02000045776367,40.70000076293945,40.79999923706055,38.84000015258789,30.61011505126953
2004-02-05,96300,38.599998474121094,38.77000045776367,39.18000030517578,38.47999954223633,29.1585750579834
2004-02-04,125500,38.810001373291016,38.72999954223633,39.29999923706055,38.38999938964844,29.128488540649414
2004-02-03,111800,39.04999923706055,38.560001373291016,39.25,38.209999084472656,29.00063705444336
2004-02-02,119500,38.349998474121094,38.650001525878906,38.650001525878906,37.95000076293945,29.068328857421875
2004-01-30,56000,38.02000045776367,38.29999923706055,38.400001525878906,37.790000915527344,28.805095672607422
2004-01-29,74700,37.9900016784668,38.02000045776367,38.68000030517578,37.9900016784668,28.59452247619629
2004-01-28,80000,37.61000061035156,37.95000076293945,38.25,37.45000076293945,28.541858673095703
2004-01-27,96800,37.79999923706055,37.86000061035156,38.2400016784668,37.220001220703125,28.474178314208984
2004-01-26,92600,38.099998474121094,37.70000076293945,38.13999938964844,37.2400016784668,28.353837966918945
2004-01-23,85500,37.70000076293945,38.220001220703125,38.4900016784668,37.41999816894531,28.74492645263672
2004-01-22,111700,38.70000076293945,37.84000015258789,39.0,37.84000015258789,28.459131240844727
2004-01-21,220000,38.099998474121094,38.5099983215332,38.7400016784668,37.709999084472656,28.963022232055664
2004-01-20,248400,38.5,38.20000076293945,38.75,37.70000076293945,28.72987937927246
2004-01-16,91900,38.279998779296875,38.349998474121094,38.560001373291016,37.900001525878906,28.84270668029785
2004-01-15,83300,37.650001525878906,37.84000015258789,37.90999984741211,37.25,28.459131240844727
2004-01-14,63300,37.2599983215332,37.45000076293945,37.79999923706055,37.150001525878906,28.165807723999023
2004-01-13,87000,37.04999923706055,37.060001373291016,37.400001525878906,36.52000045776367,27.872493743896484
2004-01-12,207600,35.599998474121094,37.33000183105469,37.38999938964844,35.599998474121094,28.07557487487793
2004-01-09,149000,35.529998779296875,35.599998474121094,36.150001525878906,35.400001525878906,26.774444580078125
2004-01-08,375700,36.060001373291016,35.779998779296875,37.439998626708984,35.310001373291016,26.909809112548828
2004-01-07,128000,34.61000061035156,35.20000076293945,35.25,34.16999816894531,26.473609924316406
2004-01-06,82300,34.970001220703125,34.599998474121094,34.970001220703125,34.130001068115234,26.02235221862793
2004-01-05,86800,34.2599983215332,34.849998474121094,35.029998779296875,34.2599983215332,26.210378646850586
2004-01-02,275200,34.0,34.220001220703125,34.9900016784668,34.0,25.73655128479004
2003-12-31,83600,33.75,33.880001068115234,34.34000015258789,33.5,25.480844497680664
2003-12-30,88800,33.849998474121094,33.54999923706055,33.9900016784668,33.25,25.232654571533203
2003-12-29,24700,33.75,33.90999984741211,34.11000061035156,33.560001373291016,25.503406524658203
2003-12-26,12700,34.0,33.880001068115234,34.0,33.79999923706055,25.480844497680664
2003-12-24,13300,34.29999923706055,33.959999084472656,34.29999923706055,33.650001525878906,25.541011810302734
2003-12-23,30400,33.45000076293945,34.20000076293945,34.20000076293945,33.439998626708984,25.72152328491211
2003-12-22,96300,33.5,33.33000183105469,33.959999084472656,33.099998474121094,25.067197799682617
2003-12-19,96600,33.5,33.29999923706055,33.689998626708984,33.20000076293945,25.04463768005371
2003-12-18,83000,33.7400016784668,33.72999954223633,34.380001068115234,33.5099983215332,25.36802864074707
2003-12-17,121800,32.849998474121094,33.7400016784668,33.7400016784668,32.79999923706055,25.375568389892578
2003-12-16,170900,33.09000015258789,32.77000045776367,33.09000015258789,32.40999984741211,24.646020889282227
2003-12-15,147700,33.5,32.84000015258789,33.79999923706055,32.599998474121094,24.69868278503418
2003-12-12,367700,32.95000076293945,32.54999923706055,33.900001525878906,32.349998474121094,24.480566024780273
2003-12-11,286700,30.34000015258789,31.350000381469727,31.5,30.0,23.578065872192383
2003-12-10,232700,30.399999618530273,30.290000915527344,30.6200008392334,29.600000381469727,22.780841827392578
2003-12-09,87000,32.0,30.809999465942383,32.22999954223633,30.6299991607666,23.171926498413086
2003-12-08,82300,32.599998474121094,31.799999237060547,32.70000076293945,31.600000381469727,23.91650390625
2003-12-05,90600,33.4900016784668,32.599998474121094,33.849998474121094,32.58000183105469,24.518177032470703
2003-12-04,53500,33.54999923706055,33.4900016784668,33.58000183105469,32.54999923706055,25.187538146972656
2003-12-03,74700,34.599998474121094,33.599998474121094,34.599998474121094,33.41999816894531,25.270263671875
2003-12-02,178400,34.599998474121094,34.369998931884766,34.77000045776367,34.349998474121094,25.849374771118164
2003-12-01,187600,34.01499938964844,34.400001525878906,34.65999984741211,34.01499938964844,25.871931076049805
2003-11-28,25200,33.2599983215332,34.13999938964844,34.20500183105469,33.2599983215332,25.676393508911133
2003-11-26,118400,32.73500061035156,33.275001525878906,33.435001373291016,32.43000030517578,25.02583122253418
2003-11-25,122600,32.54999923706055,32.47999954223633,32.845001220703125,32.42499923706055,24.42792510986328
2003-11-24,72800,32.75,32.42499923706055,32.875,32.349998474121094,24.38654899597168
2003-11-21,39400,32.474998474121094,32.57500076293945,32.625,32.415000915527344,24.499370574951172
2003-11-20,68600,32.275001525878906,32.349998474121094,32.494998931884766,32.14500045776367,24.33014678955078
2003-11-19,78600,31.924999237060547,32.32500076293945,33.20000076293945,31.924999237060547,24.311349868774414
2003-11-18,67400,32.28499984741211,31.924999237060547,32.41999816894531,31.700000762939453,24.0105037689209
2003-11-17,112800,32.400001525878906,32.15999984741211,32.474998474121094,31.825000762939453,24.18724822998047
2003-11-14,136600,32.47999954223633,32.474998474121094,32.5,32.17499923706055,24.424156188964844
2003-11-13,113400,32.900001525878906,32.775001525878906,33.20000076293945,32.775001525878906,24.649791717529297
2003-11-12,115000,33.224998474121094,33.025001525878906,33.33000183105469,32.8650016784668,24.679882049560547
2003-11-11,158200,33.775001525878906,33.349998474121094,33.775001525878906,33.07500076293945,24.922748565673828
2003-11-10,133000,34.45000076293945,33.900001525878906,35.349998474121094,33.900001525878906,25.33376693725586
2003-11-07,38800,34.57500076293945,34.34000015258789,34.75,34.34000015258789,25.662578582763672
2003-11-06,52400,34.755001068115234,34.45000076293945,34.755001068115234,34.45000076293945,25.74477767944336
2003-11-05,24000,34.849998474121094,34.654998779296875,35.0,34.650001525878906,25.89798927307129
2003-11-04,58800,35.03499984741211,34.849998474121094,35.45500183105469,34.849998474121094,26.043710708618164
2003-11-03,126000,34.25,34.91999816894531,35.005001068115234,34.25,26.096027374267578
2003-10-31,58000,34.15999984741211,34.25,34.349998474121094,34.0,25.595325469970703
2003-10-30,60800,34.775001525878906,34.15999984741211,34.91999816894531,34.125,25.528066635131836
2003-10-29,46800,34.875,34.650001525878906,34.900001525878906,34.5,25.894250869750977
2003-10-28,53800,34.375,34.75,34.75,34.349998474121094,25.968978881835938
2003-10-27,67400,33.654998779296875,34.275001525878906,34.400001525878906,33.654998779296875,25.614011764526367
2003-10-24,118800,33.41999816894531,33.60499954223633,33.75,33.255001068115234,25.11330795288086
2003-10-23,136400,33.665000915527344,33.380001068115234,33.974998474121094,33.084999084472656,24.945173263549805
2003-10-22,101600,34.39500045776367,33.790000915527344,34.39500045776367,33.67499923706055,25.25156593322754
2003-10-21,116800,34.459999084472656,34.39500045776367,34.810001373291016,34.20000076293945,25.70368766784668
2003-10-20,50200,35.0,34.43000030517578,35.1349983215332,34.42499923706055,25.729841232299805
2003-10-17,104600,35.599998474121094,35.099998474121094,35.82500076293945,34.869998931884766,26.23053741455078
2003-10-16,91000,34.974998474121094,35.525001525878906,35.525001525878906,34.814998626708984,26.548145294189453
2003-10-15,40600,34.875,34.95000076293945,34.95000076293945,34.775001525878906,26.118444442749023
2003-10-14,247400,34.70000076293945,34.875,34.92499923706055,34.599998474121094,26.062400817871094
2003-10-13,151200,34.70000076293945,34.70000076293945,34.79999923706055,34.66999816894531,25.931608200073242
2003-10-10,65400,34.994998931884766,34.689998626708984,35.0,34.52000045776367,25.924144744873047
2003-10-09,176400,35.290000915527344,34.994998931884766,35.5,34.755001068115234,26.15208625793457
2003-10-08,121400,35.349998474121094,35.21500015258789,35.375,35.119998931884766,26.316476821899414
2003-10-07,125600,35.525001525878906,35.27000045776367,35.61000061035156,35.20000076293945,26.357580184936523
2003-10-06,144400,34.275001525878906,35.20500183105469,35.25,34.275001525878906,26.309011459350586
2003-10-03,560800,33.20000076293945,34.244998931884766,34.974998474121094,33.20000076293945,25.591575622558594
2003-10-02,214200,32.82500076293945,32.095001220703125,32.845001220703125,32.095001220703125,23.984872817993164
2003-10-01,370200,32.150001525878906,32.75,33.125,32.150001525878906,24.474361419677734
2003-09-30,321200,31.5,32.099998474121094,32.400001525878906,31.225000381469727,23.98861312866211
2003-09-29,240200,31.924999237060547,31.524999618530273,31.924999237060547,30.850000381469727,23.558908462524414
2003-09-26,358400,31.709999084472656,31.799999237060547,32.0,30.549999237060547,23.764421463012695
2003-09-25,143000,31.350000381469727,31.559999465942383,31.934999465942383,31.149999618530273,23.585065841674805
2003-09-24,83800,31.360000610351562,31.350000381469727,31.645000457763672,30.774999618530273,23.428138732910156
2003-09-23,118600,31.3700008392334,31.235000610351562,31.450000762939453,31.114999771118164,23.342191696166992
2003-09-22,75600,30.899999618530273,31.125,31.25,30.799999237060547,23.25998306274414
2003-09-19,105200,31.125,30.899999618530273,31.450000762939453,30.829999923706055,23.091842651367188
2003-09-18,117800,30.475000381469727,31.0,31.155000686645508,30.450000762939453,23.16657066345215
2003-09-17,254400,30.700000762939453,30.350000381469727,30.700000762939453,29.825000762939453,22.680828094482422
2003-09-16,115800,30.44499969482422,30.684999465942383,30.96500015258789,30.44499969482422,22.931163787841797
2003-09-15,302800,30.375,30.344999313354492,31.149999618530273,30.209999084472656,22.677085876464844
2003-09-12,241600,29.899999618530273,30.44499969482422,30.774999618530273,29.649999618530273,22.751806259155273
2003-09-11,394800,28.905000686645508,29.899999618530273,29.899999618530273,28.905000686645508,22.344526290893555
2003-09-10,356800,28.850000381469727,29.030000686645508,29.375,28.649999618530273,21.69438362121582
2003-09-09,250800,30.549999237060547,28.950000762939453,30.549999237060547,28.924999237060547,21.634586334228516
2003-09-08,256200,30.9950008392334,30.665000915527344,31.3700008392334,30.549999237060547,22.91621971130371
2003-09-05,94600,30.575000762939453,31.0,31.200000762939453,30.049999237060547,23.16657066345215
2003-09-04,167000,30.200000762939453,30.645000457763672,30.825000762939453,30.125,22.901275634765625
2003-09-03,489600,29.450000762939453,30.200000762939453,30.299999237060547,29.450000762939453,22.5687255859375
2003-09-02,297800,29.899999618530273,29.350000381469727,29.9950008392334,29.350000381469727,21.933509826660156
2003-08-29,28200,29.899999618530273,29.799999237060547,29.94499969482422,29.735000610351562,22.26979637145996
2003-08-28,98000,29.899999618530273,29.899999618530273,30.0,29.75,22.344526290893555
2003-08-27,691000,28.885000228881836,29.815000534057617,30.645000457763672,28.885000228881836,22.2810115814209
2003-08-26,146000,28.110000610351562,29.010000228881836,29.174999237060547,27.985000610351562,21.679426193237305
2003-08-25,56200,27.5,28.110000610351562,28.190000534057617,27.25,21.006853103637695
2003-08-22,129200,27.2549991607666,27.450000762939453,27.825000762939453,27.25,20.51362419128418
2003-08-21,157000,28.0,27.3799991607666,28.25,27.325000762939453,20.461313247680664
2003-08-20,125200,26.725000381469727,27.825000762939453,27.850000381469727,26.725000381469727,20.793859481811523
2003-08-19,118600,26.549999237060547,26.674999237060547,26.795000076293945,26.399999618530273,19.93446159362793
2003-08-18,111200,26.125,26.649999618530273,26.75,26.125,19.915775299072266
2003-08-15,49000,26.100000381469727,26.075000762939453,26.110000610351562,25.9950008392334,19.4860782623291
2003-08-14,78000,25.559999465942383,25.854999542236328,26.075000762939453,25.5,19.321670532226562
2003-08-13,121600,25.125,25.665000915527344,25.75,25.125,19.022747039794922
2003-08-12,115400,24.5,25.0,25.149999618530273,24.5,18.529850006103516
2003-08-11,59600,24.424999237060547,24.385000228881836,24.575000762939453,24.200000762939453,18.07401466369629
2003-08-08,278800,24.950000762939453,24.299999237060547,24.950000762939453,24.200000762939453,18.011016845703125
2003-08-07,163400,24.8799991607666,24.950000762939453,25.375,24.8799991607666,18.492794036865234
2003-08-06,57200,24.68000030517578,24.7549991607666,25.0049991607666,24.665000915527344,18.348257064819336
2003-08-05,247600,24.78499984741211,24.704999923706055,25.049999237060547,24.375,18.311203002929688
2003-08-04,334800,25.049999237060547,24.940000534057617,25.5,24.940000534057617,18.48537826538086
2003-08-01,481200,23.8799991607666,24.799999237060547,24.989999771118164,23.700000762939453,18.38161277770996
2003-07-31,959600,22.915000915527344,23.780000686645508,24.18000030517578,22.915000915527344,17.62558937072754
2003-07-30,75800,22.850000381469727,22.905000686645508,23.024999618530273,22.604999542236328,16.977048873901367
2003-07-29,140000,23.225000381469727,22.799999237060547,23.225000381469727,22.399999618530273,16.89922523498535
2003-07-28,49000,23.475000381469727,23.225000381469727,23.4950008392334,23.100000381469727,17.214231491088867
2003-07-25,62800,23.524999618530273,23.375,23.549999237060547,23.274999618530273,17.32541275024414
2003-07-24,66400,23.825000762939453,23.475000381469727,23.850000381469727,23.475000381469727,17.39952850341797
2003-07-23,237400,23.690000534057617,23.795000076293945,23.875,23.315000534057617,17.63671112060547
2003-07-22,168600,23.71500015258789,23.850000381469727,24.079999923706055,23.71500015258789,17.677480697631836
2003-07-21,374600,24.25,23.815000534057617,24.799999237060547,23.385000228881836,17.651533126831055
2003-07-18,730200,23.229999542236328,24.55500030517578,24.719999313354492,23.229999542236328,18.200016021728516
2003-07-17,217600,23.799999237060547,23.225000381469727,23.940000534057617,22.75,17.214231491088867
2003-07-16,87400,23.899999618530273,23.700000762939453,23.899999618530273,23.299999237060547,17.566299438476562
2003-07-15,185400,24.225000381469727,23.825000762939453,24.25,23.825000762939453,17.658952713012695
2003-07-14,161800,24.735000610351562,24.100000381469727,25.049999237060547,23.899999618530273,17.862777709960938
2003-07-11,144800,23.850000381469727,24.610000610351562,24.75,23.850000381469727,18.240785598754883
2003-07-10,76200,23.899999618530273,24.0,24.204999923706055,23.81999969482422,17.788660049438477
2003-07-09,220200,23.725000381469727,24.139999389648438,24.145000457763672,23.5,17.892423629760742
2003-07-08,276200,23.225000381469727,23.764999389648438,24.05500030517578,23.049999237060547,17.614471435546875
2003-07-07,661200,21.155000686645508,23.165000915527344,23.2450008392334,21.155000686645508,17.16976547241211
2003-07-03,175000,21.280000686645508,21.155000686645508,21.280000686645508,21.125,15.679963111877441
2003-07-02,153800,20.7549991607666,21.280000686645508,21.334999084472656,20.649999618530273,15.77260684967041
2003-07-01,220000,20.5,20.7549991607666,21.0,20.450000762939453,15.383479118347168
2003-06-30,314200,19.700000762939453,20.760000228881836,20.799999237060547,19.520000457763672,15.387195587158203
2003-06-27,153200,20.825000762939453,19.799999237060547,20.825000762939453,19.78499984741211,14.675644874572754
2003-06-26,128000,21.0,20.875,21.329999923706055,20.875,15.47242259979248
2003-06-25,89400,20.329999923706055,20.8799991607666,20.905000686645508,20.200000762939453,15.476130485534668
2003-06-24,69800,20.399999618530273,20.325000762939453,20.469999313354492,20.139999389648438,15.06476879119873
2003-06-23,108800,21.200000762939453,20.4950008392334,21.229999542236328,20.30500030517578,15.190774917602539
2003-06-20,99600,21.075000762939453,21.1299991607666,21.1299991607666,20.850000381469727,15.661429405212402
2003-06-19,191200,21.100000381469727,21.100000381469727,21.274999618530273,21.049999237060547,15.639193534851074
2003-06-18,134400,20.875,21.18000030517578,21.325000762939453,20.860000610351562,15.698493957519531
2003-06-17,276200,21.364999771118164,20.860000610351562,21.3700008392334,20.81999969482422,15.461308479309082
2003-06-16,170400,21.0,21.364999771118164,21.399999618530273,20.934999465942383,15.835613250732422
2003-06-13,132600,20.780000686645508,21.0,21.100000381469727,20.735000610351562,15.565074920654297
2003-06-12,95000,20.375,20.780000686645508,20.850000381469727,20.375,15.402012825012207
2003-06-11,156400,20.325000762939453,20.375,20.399999618530273,19.8700008392334,15.101831436157227
2003-06-10,78600,20.485000610351562,20.30500030517578,20.600000381469727,20.21500015258789,15.049942016601562
2003-06-09,81000,20.485000610351562,20.514999389648438,20.69499969482422,20.270000457763672,15.205592155456543
2003-06-06,292400,20.649999618530273,20.834999084472656,21.399999618530273,20.649999618530273,15.442779541015625
2003-06-05,152200,20.850000381469727,20.7450008392334,20.8700008392334,20.600000381469727,15.376070022583008
2003-06-04,178400,20.450000762939453,20.875,20.940000534057617,20.450000762939453,15.47242259979248
2003-06-03,160400,20.600000381469727,20.405000686645508,20.600000381469727,20.375,15.124067306518555
2003-06-02,235400,20.399999618530273,20.600000381469727,20.649999618530273,20.299999237060547,15.268595695495605
2003-05-30,313400,19.405000686645508,20.399999618530273,20.450000762939453,19.399999618530273,15.120362281799316
2003-05-29,251400,18.825000762939453,19.399999618530273,19.479999542236328,18.825000762939453,14.379165649414062
2003-05-28,180200,18.895000457763672,18.815000534057617,18.895000457763672,18.700000762939453,13.945564270019531
2003-05-27,62600,18.424999237060547,18.895000457763672,18.924999237060547,18.325000762939453,14.004864692687988
2003-05-23,35000,18.475000381469727,18.475000381469727,18.479999542236328,18.3799991607666,13.693557739257812
2003-05-22,121800,18.600000381469727,18.56999969482422,18.924999237060547,18.434999465942383,13.763972282409668
2003-05-21,183200,18.2549991607666,18.600000381469727,18.635000228881836,18.200000762939453,13.786214828491211
2003-05-20,71800,18.299999237060547,18.2549991607666,18.30500030517578,18.049999237060547,13.530495643615723
2003-05-19,583400,18.5,18.30500030517578,18.649999618530273,17.975000381469727,13.56755542755127
2003-05-16,138400,19.024999618530273,18.450000762939453,19.274999618530273,18.450000762939453,13.67502212524414
2003-05-15,206400,19.399999618530273,19.139999389648438,19.434999465942383,18.950000762939453,14.186457633972168
2003-05-14,147000,19.450000762939453,19.450000762939453,19.55500030517578,19.014999389648438,14.416234970092773
2003-05-13,233600,19.0,19.405000686645508,19.65999984741211,18.950000762939453,14.382871627807617
2003-05-12,370800,18.344999313354492,19.100000381469727,19.25,18.344999313354492,14.001153945922852
2003-05-09,243800,17.600000381469727,18.329999923706055,18.375,17.434999465942383,13.4367094039917
2003-05-08,107200,17.899999618530273,17.65999984741211,17.899999618530273,17.415000915527344,12.945565223693848
2003-05-07,80400,17.825000762939453,17.950000762939453,18.139999389648438,17.729999542236328,13.158153533935547
2003-05-06,218600,17.600000381469727,17.899999618530273,18.0,17.385000228881836,13.121500968933105
2003-05-05,376600,18.174999237060547,17.69499969482422,18.649999618530273,17.125,12.971221923828125
2003-05-02,242400,17.950000762939453,18.174999237060547,18.399999618530273,17.600000381469727,13.323084831237793
2003-05-01,574600,16.625,18.075000762939453,18.625,16.575000762939453,13.24978256225586
2003-04-30,630200,16.454999923706055,16.75,17.375,15.949999809265137,12.278502464294434
2003-04-29,919600,14.210000038146973,16.450000762939453,17.625,14.210000038146973,12.058586120605469
2003-04-28,111200,13.050000190734863,14.085000038146973,14.130000114440918,13.050000190734863,10.324934005737305
2003-04-25,25000,12.925000190734863,12.84000015258789,12.9399995803833,12.795000076293945,9.412293434143066
2003-04-24,7600,13.0,12.875,13.0,12.875,9.43795108795166
2003-04-23,18600,13.0,13.010000228881836,13.0600004196167,13.0,9.536910057067871
2003-04-22,14400,12.954999923706055,12.949999809265137,13.085000038146973,12.930000305175781,9.492932319641113
2003-04-21,22200,12.850000381469727,12.975000381469727,12.975000381469727,12.805000305175781,9.511258125305176
2003-04-17,18000,12.824999809265137,12.850000381469727,12.850000381469727,12.779999732971191,9.419623374938965
2003-04-16,9800,12.774999618530273,12.774999618530273,12.869999885559082,12.774999618530273,9.364645957946777
2003-04-15,6800,12.824999809265137,12.805000305175781,12.895000457763672,12.800000190734863,9.386638641357422
2003-04-14,4600,12.755000114440918,12.824999809265137,12.824999809265137,12.75,9.401300430297852
2003-04-11,8600,12.8149995803833,12.779999732971191,12.819999694824219,12.765000343322754,9.368314743041992
2003-04-10,10400,12.975000381469727,12.850000381469727,12.975000381469727,12.8100004196167,9.419623374938965
2003-04-09,23600,13.005000114440918,12.920000076293945,13.100000381469727,12.90999984741211,9.470937728881836
2003-04-08,25600,13.074999809265137,13.024999618530273,13.074999809265137,12.994999885559082,9.547907829284668
2003-04-07,17400,12.925000190734863,13.010000228881836,13.029999732971191,12.925000190734863,9.536910057067871
2003-04-04,18200,12.875,12.885000228881836,13.0,12.875,9.445277214050293
2003-04-03,20200,12.78499984741211,12.694999694824219,12.895000457763672,12.6899995803833,9.306002616882324
2003-04-02,19600,12.75,12.65999984741211,12.75,12.600000381469727,9.28034496307373
2003-04-01,26200,12.295000076293945,12.699999809265137,12.8149995803833,12.289999961853027,9.309666633605957
2003-03-31,13400,12.300000190734863,12.324999809265137,12.5,12.274999618530273,9.034772872924805
2003-03-28,10800,12.1850004196167,12.25,12.25,12.135000228881836,8.97979736328125
2003-03-27,6600,12.300000190734863,12.1850004196167,12.300000190734863,12.119999885559082,8.93215274810791
2003-03-26,9600,12.449999809265137,12.225000381469727,12.449999809265137,12.225000381469727,8.961467742919922
2003-03-25,3800,12.460000038146973,12.5,12.574999809265137,12.449999809265137,9.16305923461914
2003-03-24,12800,12.350000381469727,12.479999542236328,12.574999809265137,12.260000228881836,9.148398399353027
2003-03-21,28000,12.579999923706055,12.324999809265137,12.579999923706055,12.300000190734863,9.034772872924805
2003-03-20,14400,12.5,12.579999923706055,12.595000267028809,12.420000076293945,9.221702575683594
2003-03-19,26600,12.654999732971191,12.550000190734863,12.654999732971191,12.46500015258789,9.199711799621582
2003-03-18,14200,12.699999809265137,12.6899995803833,12.8100004196167,12.680000305175781,9.302338600158691
2003-03-17,41800,11.975000381469727,12.699999809265137,12.75,11.975000381469727,9.309666633605957
2003-03-14,15800,11.734999656677246,11.975000381469727,12.09000015258789,11.734999656677246,8.778212547302246
2003-03-13,26200,11.850000381469727,11.699999809265137,11.90999984741211,11.699999809265137,8.576624870300293
2003-03-12,20800,11.949999809265137,11.875,12.114999771118164,11.869999885559082,8.704907417297363
2003-03-11,16800,11.899999618530273,11.984999656677246,11.984999656677246,11.880000114440918,8.785541534423828
2003-03-10,6600,11.649999618530273,11.725000381469727,11.75,11.574999809265137,8.594952583312988
2003-03-07,30800,11.670000076293945,11.675000190734863,11.774999618530273,11.574999809265137,8.55829906463623
2003-03-06,8400,11.699999809265137,11.734999656677246,11.770000457763672,11.699999809265137,8.602280616760254
2003-03-05,3200,11.614999771118164,11.574999809265137,11.614999771118164,11.524999618530273,8.484992027282715
2003-03-04,8800,11.59000015258789,11.600000381469727,11.619999885559082,11.545000076293945,8.503320693969727
2003-03-03,26600,11.569999694824219,11.539999961853027,11.604999542236328,11.515000343322754,8.459336280822754
2003-02-28,7200,11.600000381469727,11.524999618530273,11.625,11.520000457763672,8.44833755493164
2003-02-27,11000,11.545000076293945,11.574999809265137,11.579999923706055,11.515000343322754,8.484992027282715
2003-02-26,2200,11.574999809265137,11.524999618530273,11.574999809265137,11.524999618530273,8.44833755493164
2003-02-25,4400,11.5600004196167,11.600000381469727,11.600000381469727,11.470000267028809,8.503320693969727
2003-02-24,11000,11.734999656677246,11.5,11.734999656677246,11.5,8.430013656616211
2003-02-21,8800,11.574999809265137,11.720000267028809,11.75,11.515000343322754,8.591285705566406
2003-02-20,3800,11.649999618530273,11.585000038146973,11.649999618530273,11.574999809265137,8.492323875427246
2003-02-19,6400,11.675000190734863,11.600000381469727,11.725000381469727,11.600000381469727,8.503320693969727
2003-02-18,23800,11.46500015258789,11.65999984741211,11.65999984741211,11.46500015258789,8.5472993850708
2003-02-14,12600,11.550000190734863,11.449999809265137,11.635000228881836,11.449999809265137,8.393362998962402
2003-02-13,17600,11.194999694824219,11.5,11.579999923706055,11.1899995803833,8.430013656616211
2003-02-12,17200,11.005000114440918,11.140000343322754,11.140000343322754,11.005000114440918,8.166122436523438
2003-02-11,27600,11.324999809265137,11.0600004196167,11.324999809265137,11.039999961853027,7.953537464141846
2003-02-10,35800,11.274999618530273,11.345000267028809,11.359999656677246,11.274999618530273,8.158487319946289
2003-02-07,13000,11.510000228881836,11.305000305175781,11.515000343322754,11.305000305175781,8.129722595214844
2003-02-06,6600,11.529999732971191,11.505000114440918,11.5649995803833,11.505000114440918,8.273548126220703
2003-02-05,17800,11.710000038146973,11.545000076293945,11.720000267028809,11.539999961853027,8.302310943603516
2003-02-04,27000,12.010000228881836,11.699999809265137,12.015000343322754,11.699999809265137,8.413775444030762
2003-02-03,12800,11.984999656677246,12.010000228881836,12.050000190734863,11.949999809265137,8.636709213256836
2003-01-31,18400,11.949999809265137,12.0,12.0,11.899999618530273,8.629518508911133
2003-01-30,18200,12.175000190734863,11.925000190734863,12.255000114440918,11.925000190734863,8.575581550598145
2003-01-29,6400,12.220000267028809,12.145000457763672,12.220000267028809,12.145000457763672,8.733789443969727
2003-01-28,17800,12.25,12.270000457763672,12.295000076293945,12.225000381469727,8.823680877685547
2003-01-27,30800,12.609999656677246,12.25,12.609999656677246,12.21500015258789,8.809293746948242
2003-01-24,10400,12.654999732971191,12.5600004196167,12.654999732971191,12.539999961853027,9.032225608825684
2003-01-23,10800,12.654999732971191,12.65999984741211,12.734999656677246,12.649999618530273,9.104135513305664
2003-01-22,10600,12.654999732971191,12.649999618530273,12.65999984741211,12.625,9.096946716308594
2003-01-21,50600,12.645000457763672,12.649999618530273,12.899999618530273,12.59000015258789,9.096946716308594
2003-01-17,22000,12.779999732971191,12.645000457763672,12.78499984741211,12.645000457763672,9.093353271484375
2003-01-16,13400,12.760000228881836,12.774999618530273,12.779999732971191,12.75,9.186840057373047
2003-01-15,26800,12.800000190734863,12.75,12.800000190734863,12.725000381469727,9.168859481811523
2003-01-14,9600,12.875,12.770000457763672,12.899999618530273,12.734999656677246,9.183242797851562
2003-01-13,7000,12.970000267028809,12.875,13.0,12.864999771118164,9.258749008178711
2003-01-10,16400,13.100000381469727,12.970000267028809,13.130000114440918,12.949999809265137,9.327069282531738
2003-01-09,22600,13.125,13.050000190734863,13.1899995803833,13.03499984741211,9.384597778320312
2003-01-08,10800,13.149999618530273,13.074999809265137,13.175000190734863,13.074999809265137,9.402573585510254
2003-01-07,15200,13.0600004196167,13.199999809265137,13.199999809265137,12.960000038146973,9.49246597290039
2003-01-06,10400,13.0600004196167,13.09000015258789,13.164999961853027,13.0600004196167,9.413359642028809
2003-01-03,18200,13.050000190734863,12.9350004196167,13.055000305175781,12.899999618530273,9.301901817321777
2003-01-02,12400,12.850000381469727,13.020000457763672,13.024999618530273,12.845000267028809,9.363024711608887
2002-12-31,17000,12.949999809265137,12.824999809265137,13.039999961853027,12.824999809265137,9.222790718078613
2002-12-30,9600,12.875,12.9399995803833,12.970000267028809,12.875,9.305492401123047
2002-12-27,21000,12.8149995803833,12.880000114440918,12.904999732971191,12.774999618530273,9.262345314025879
2002-12-26,20400,12.824999809265137,12.774999618530273,12.975000381469727,12.774999618530273,9.186840057373047
2002-12-24,3600,12.824999809265137,12.8149995803833,12.850000381469727,12.8100004196167,9.215600967407227
2002-12-23,33400,12.774999618530273,12.800000190734863,12.864999771118164,12.75,9.204813957214355
2002-12-20,66000,13.175000190734863,12.824999809265137,13.175000190734863,12.75,9.222790718078613
2002-12-19,24800,13.03499984741211,13.135000228881836,13.170000076293945,12.970000267028809,9.445721626281738
2002-12-18,23800,12.800000190734863,13.015000343322754,13.015000343322754,12.760000228881836,9.359426498413086
2002-12-17,28000,13.130000114440918,12.744999885559082,13.130000114440918,12.725000381469727,9.165262222290039
2002-12-16,11600,13.149999618530273,13.130000114440918,13.175000190734863,13.074999809265137,9.442126274108887
2002-12-13,6000,13.25,13.175000190734863,13.25,13.170000076293945,9.47448444366455
2002-12-12,64800,13.010000228881836,13.199999809265137,13.265000343322754,13.010000228881836,9.49246597290039
2002-12-11,16400,12.994999885559082,13.0,13.100000381469727,12.989999771118164,9.348641395568848
2002-12-10,18600,12.949999809265137,12.975000381469727,13.03499984741211,12.9399995803833,9.330660820007324
2002-12-09,21800,13.100000381469727,12.970000267028809,13.119999885559082,12.970000267028809,9.327069282531738
2002-12-06,14200,12.979999542236328,13.074999809265137,13.114999771118164,12.979999542236328,9.402573585510254
2002-12-05,17800,13.050000190734863,13.015000343322754,13.050000190734863,12.979999542236328,9.359426498413086
2002-12-04,7600,13.005000114440918,13.050000190734863,13.104999542236328,12.975000381469727,9.384597778320312
2002-12-03,3600,13.074999809265137,13.050000190734863,13.09000015258789,13.0,9.384597778320312
2002-12-02,14000,12.994999885559082,13.100000381469727,13.109999656677246,12.994999885559082,9.420554161071777
2002-11-29,13200,13.125,12.949999809265137,13.125,12.899999618530273,9.312685012817383
2002-11-27,10800,12.899999618530273,13.085000038146973,13.085000038146973,12.899999618530273,9.40976333618164
2002-11-26,5000,12.899999618530273,12.949999809265137,12.970000267028809,12.875,9.312685012817383
2002-11-25,8600,13.100000381469727,12.949999809265137,13.100000381469727,12.859999656677246,9.312685012817383
2002-11-22,5400,12.949999809265137,13.0649995803833,13.0649995803833,12.899999618530273,9.395381927490234
2002-11-21,11000,12.914999961853027,12.899999618530273,13.029999732971191,12.899999618530273,9.276727676391602
2002-11-20,14600,12.524999618530273,12.899999618530273,12.899999618530273,12.524999618530273,9.276727676391602
2002-11-19,6800,12.300000190734863,12.475000381469727,12.539999961853027,12.300000190734863,8.971099853515625
2002-11-18,21400,12.449999809265137,12.369999885559082,12.5600004196167,12.369999885559082,8.895591735839844
2002-11-15,26800,12.125,12.4350004196167,12.510000228881836,12.109999656677246,8.942333221435547
2002-11-14,13000,12.149999618530273,12.175000190734863,12.175000190734863,12.015000343322754,8.755361557006836
2002-11-13,39200,12.175000190734863,12.100000381469727,12.234999656677246,12.100000381469727,8.701431274414062
2002-11-12,10600,12.244999885559082,12.28499984741211,12.375,12.204999923706055,8.68344783782959
2002-11-11,5400,12.255000114440918,12.220000267028809,12.335000038146973,12.220000267028809,8.637504577636719
2002-11-08,6600,12.420000076293945,12.300000190734863,12.420000076293945,12.289999961853027,8.694048881530762
2002-11-07,26800,12.850000381469727,12.404999732971191,12.850000381469727,12.369999885559082,8.768270492553711
2002-11-06,11600,12.649999618530273,12.850000381469727,12.859999656677246,12.649999618530273,9.082810401916504
2002-11-05,16000,12.5,12.625,12.625,12.5,8.923770904541016
2002-11-04,8200,12.199999809265137,12.5,12.5,12.199999809265137,8.835419654846191
2002-11-01,12000,11.880000114440918,12.1899995803833,12.1899995803833,11.880000114440918,8.616297721862793
2002-10-31,23400,11.875,11.850000381469727,11.9399995803833,11.805000305175781,8.375975608825684
2002-10-30,13600,12.024999618530273,11.819999694824219,12.024999618530273,11.78499984741211,8.354772567749023
2002-10-29,9600,11.625,11.975000381469727,11.975000381469727,11.625,8.464330673217773
2002-10-28,12800,11.600000381469727,11.5600004196167,11.699999809265137,11.550000190734863,8.170994758605957
2002-10-25,12000,11.4350004196167,11.600000381469727,11.600000381469727,11.359999656677246,8.199270248413086
2002-10-24,9800,11.470000267028809,11.449999809265137,11.5,11.395000457763672,8.093242645263672
2002-10-23,10200,11.425000190734863,11.470000267028809,11.470000267028809,11.324999809265137,8.107376098632812
2002-10-22,10200,11.324999809265137,11.425000190734863,11.475000381469727,11.324999809265137,8.075568199157715
2002-10-21,12800,11.015000343322754,11.28499984741211,11.28499984741211,11.015000343322754,7.9766130447387695
2002-10-18,16800,10.899999618530273,11.024999618530273,11.074999809265137,10.875,7.792839050292969
2002-10-17,12000,10.699999809265137,10.835000038146973,10.859999656677246,10.699999809265137,7.658541679382324
2002-10-16,13200,10.875,10.654999732971191,10.875,10.649999618530273,7.531309127807617
2002-10-15,24200,10.604999542236328,10.854999542236328,10.930000305175781,10.604999542236328,7.672675609588623
2002-10-14,9200,10.454999923706055,10.600000381469727,10.604999542236328,10.449999809265137,7.492434978485107
2002-10-11,17200,10.449999809265137,10.449999809265137,10.609999656677246,10.425000190734863,7.386404991149902
2002-10-10,19800,10.524999618530273,10.425000190734863,10.524999618530273,10.359999656677246,7.368736267089844
2002-10-09,14000,10.800000190734863,10.545000076293945,10.859999656677246,10.545000076293945,7.453561782836914
2002-10-08,12400,10.850000381469727,10.829999923706055,10.925000190734863,10.774999618530273,7.655007839202881
2002-10-07,6800,10.930000305175781,10.880000114440918,11.0,10.875,7.690348148345947
2002-10-04,7600,10.984999656677246,10.925000190734863,10.984999656677246,10.899999618530273,7.722158432006836
2002-10-03,14000,11.020000457763672,10.984999656677246,11.029999732971191,10.984999656677246,7.764562606811523
2002-10-02,10400,10.975000381469727,11.024999618530273,11.079999923706055,10.949999809265137,7.792839050292969
2002-10-01,18000,10.925000190734863,10.925000190734863,10.925000190734863,10.835000038146973,7.722158432006836
2002-09-30,25400,11.125,10.949999809265137,11.140000343322754,10.914999961853027,7.739824295043945
2002-09-27,16000,11.324999809265137,11.130000114440918,11.324999809265137,11.130000114440918,7.867059230804443
2002-09-26,21000,11.149999618530273,11.375,11.375,11.125,8.040231704711914
2002-09-25,29600,10.425000190734863,10.899999618530273,10.899999618530273,10.425000190734863,7.704483509063721
2002-09-24,99000,10.0,10.364999771118164,10.5,10.0,7.326327323913574
2002-09-23,11400,10.100000381469727,10.0,10.100000381469727,10.0,7.068337917327881
2002-09-20,20600,10.149999618530273,10.135000228881836,10.170000076293945,10.135000228881836,7.163756847381592
2002-09-19,32800,10.399999618530273,10.074999809265137,10.515000343322754,10.069999694824219,7.121346950531006
2002-09-18,27600,9.994999885559082,10.274999618530273,10.300000190734863,9.994999885559082,7.2627129554748535
2002-09-17,34400,9.899999618530273,9.994999885559082,10.079999923706055,9.899999618530273,7.0648016929626465
2002-09-16,11200,9.875,9.885000228881836,9.899999618530273,9.824999809265137,6.987048149108887
2002-09-13,12800,10.010000228881836,9.899999618530273,10.010000228881836,9.899999618530273,6.997648239135742
2002-09-12,12600,10.25,10.010000228881836,10.25,9.96500015258789,7.07540225982666
2002-09-11,5200,10.0649995803833,10.220000267028809,10.220000267028809,10.0649995803833,7.223836898803711
2002-09-10,14000,9.875,10.0649995803833,10.0649995803833,9.875,7.114276885986328
2002-09-09,129200,9.925000190734863,9.854999542236328,9.925000190734863,9.75,6.965841770172119
2002-09-06,95000,10.199999809265137,9.899999618530273,10.300000190734863,9.850000381469727,6.997648239135742
2002-09-05,77600,10.800000190734863,10.324999809265137,10.819999694824219,10.324999809265137,7.29805326461792
2002-09-04,15400,10.444999694824219,10.75,10.75,10.444999694824219,7.598458766937256
2002-09-03,6200,10.600000381469727,10.425000190734863,10.600000381469727,10.425000190734863,7.368736267089844
2002-08-30,21400,10.5,10.630000114440918,10.699999809265137,10.5,7.513640880584717
2002-08-29,71600,10.625,10.524999618530273,10.774999618530273,10.5,7.439422130584717
2002-08-28,47200,10.5,10.600000381469727,10.614999771118164,10.5,7.492434978485107
2002-08-27,68400,11.050000190734863,10.5,11.050000190734863,10.300000190734863,7.421751976013184
2002-08-26,65600,11.505000114440918,11.045000076293945,11.505000114440918,10.899999618530273,7.806977272033691
2002-08-23,17600,11.850000381469727,11.529999732971191,11.875,11.529999732971191,8.149789810180664
2002-08-22,14000,12.074999809265137,11.880000114440918,12.074999809265137,11.850000381469727,8.397180557250977
2002-08-21,12000,12.114999771118164,12.125,12.125,12.0,8.570352554321289
2002-08-20,7200,11.899999618530273,12.095000267028809,12.125,11.899999618530273,8.549151420593262
2002-08-19,14800,11.744999885559082,11.949999809265137,11.975000381469727,11.744999885559082,8.446660995483398
2002-08-16,11400,11.75,11.770000457763672,11.869999885559082,11.699999809265137,8.319429397583008
2002-08-15,21200,11.800000190734863,11.774999618530273,11.800000190734863,11.574999809265137,8.322962760925293
2002-08-14,17800,11.654999732971191,11.800000190734863,11.800000190734863,11.550000190734863,8.340633392333984
2002-08-13,21200,11.925000190734863,11.635000228881836,11.925000190734863,11.635000228881836,8.224006652832031
2002-08-12,3600,12.024999618530273,11.925000190734863,12.024999618530273,11.925000190734863,8.280550956726074
2002-08-09,6000,12.0,12.050000190734863,12.085000038146973,11.949999809265137,8.367350578308105
2002-08-08,5000,11.774999618530273,11.975000381469727,11.975000381469727,11.770000457763672,8.31527328491211
2002-08-07,7000,11.579999923706055,11.720000267028809,11.720000267028809,11.5,8.138205528259277
2002-08-06,23600,11.329999923706055,11.574999809265137,11.704999923706055,11.324999809265137,8.037519454956055
2002-08-05,14400,11.300000190734863,11.300000190734863,11.46500015258789,11.25,7.846562385559082
2002-08-02,9800,11.574999809265137,11.305000305175781,11.600000381469727,11.305000305175781,7.850034236907959
2002-08-01,13600,11.59000015258789,11.574999809265137,11.600000381469727,11.550000190734863,8.037519454956055
2002-07-31,33800,11.680000305175781,11.550000190734863,11.710000038146973,11.550000190734863,8.020157814025879
2002-07-30,23200,11.425000190734863,11.720000267028809,11.75,11.425000190734863,8.138205528259277
2002-07-29,38400,11.050000190734863,11.449999809265137,11.449999809265137,11.050000190734863,7.950720310211182
2002-07-26,14600,10.574999809265137,11.100000381469727,11.100000381469727,10.574999809265137,7.707681655883789
2002-07-25,21800,10.734999656677246,10.520000457763672,10.744999885559082,10.494999885559082,7.304941654205322
2002-07-24,46600,10.75,10.734999656677246,10.774999618530273,10.645000457763672,7.454233646392822
2002-07-23,17400,11.274999618530273,10.845000267028809,11.274999618530273,10.845000267028809,7.530617713928223
2002-07-22,20600,11.350000381469727,11.350000381469727,11.399999618530273,11.149999618530273,7.881282329559326
2002-07-19,14200,11.425000190734863,11.350000381469727,11.425000190734863,11.319999694824219,7.881282329559326
2002-07-18,18200,11.614999771118164,11.550000190734863,11.800000190734863,11.550000190734863,8.020157814025879
2002-07-17,23600,11.399999618530273,11.614999771118164,11.614999771118164,11.375,8.065295219421387
2002-07-16,24400,11.75,11.359999656677246,11.800000190734863,11.359999656677246,7.888222694396973
2002-07-15,12200,11.824999809265137,11.720000267028809,11.824999809265137,11.625,8.138205528259277
2002-07-12,13000,12.050000190734863,11.850000381469727,12.100000381469727,11.824999809265137,8.228476524353027
2002-07-11,46200,11.800000190734863,12.0649995803833,12.25,11.5,8.377765655517578
2002-07-10,99000,12.725000381469727,11.819999694824219,12.725000381469727,11.494999885559082,8.207643508911133
2002-07-09,55400,12.75,12.725000381469727,12.824999809265137,12.600000381469727,8.836060523986816
2002-07-08,13200,13.289999961853027,13.164999961853027,13.289999961853027,13.164999961853027,9.14159107208252
2002-07-05,3800,13.305000305175781,13.300000190734863,13.3149995803833,13.274999618530273,9.235333442687988
2002-07-03,8800,13.595000267028809,13.300000190734863,13.595000267028809,13.25,9.235333442687988
2002-07-02,10600,13.765000343322754,13.609999656677246,13.765000343322754,13.5649995803833,9.450596809387207
2002-07-01,13600,14.0,13.779999732971191,14.0,13.774999618530273,9.568638801574707
2002-06-28,121400,13.975000381469727,14.0,14.029999732971191,13.925000190734863,9.721405029296875
2002-06-27,22000,14.024999618530273,13.944999694824219,14.024999618530273,13.925000190734863,9.683215141296387
2002-06-26,17600,13.899999618530273,13.949999809265137,13.979999542236328,13.850000381469727,9.686684608459473
2002-06-25,33400,13.925000190734863,13.949999809265137,14.050000190734863,13.925000190734863,9.686684608459473
2002-06-24,26200,13.649999618530273,13.875,13.875,13.630000114440918,9.63460636138916
2002-06-21,32200,13.574999809265137,13.649999618530273,13.649999618530273,13.479999542236328,9.478367805480957
2002-06-20,18800,13.375,13.53499984741211,13.725000381469727,13.289999961853027,9.398518562316895
2002-06-19,39400,13.119999885559082,13.425000190734863,13.5,13.119999885559082,9.32213306427002
2002-06-18,50800,12.899999618530273,13.125,13.175000190734863,12.899999618530273,9.113814353942871
2002-06-17,22800,12.300000190734863,12.850000381469727,12.850000381469727,12.300000190734863,8.922861099243164
2002-06-14,67600,12.725000381469727,12.300000190734863,12.725000381469727,12.149999618530273,8.540946960449219
2002-06-13,32800,12.609999656677246,12.725000381469727,13.039999961853027,12.609999656677246,8.836060523986816
2002-06-12,27000,12.675000190734863,12.609999656677246,12.675000190734863,12.579999923706055,8.756209373474121
2002-06-11,18400,12.819999694824219,12.744999885559082,12.875,12.699999809265137,8.84995174407959
2002-06-10,15400,13.0,12.944999694824219,13.175000190734863,12.875,8.988824844360352
2002-06-07,26200,12.899999618530273,12.975000381469727,12.975000381469727,12.75,9.009659767150879
2002-06-06,27400,13.324999809265137,12.875,13.324999809265137,12.875,8.940221786499023
2002-06-05,58800,13.25,13.449999809265137,13.510000228881836,13.180000305175781,9.339491844177246
2002-06-04,25200,13.649999618530273,13.5,13.649999618530273,13.225000381469727,9.374208450317383
2002-06-03,13400,13.850000381469727,13.600000381469727,13.899999618530273,13.600000381469727,9.443648338317871
2002-05-31,15800,13.600000381469727,13.739999771118164,13.75,13.600000381469727,9.540863037109375
2002-05-30,18400,13.875,13.619999885559082,13.975000381469727,13.5,9.457536697387695
2002-05-29,44000,14.300000190734863,13.904999732971191,14.399999618530273,13.899999618530273,9.655437469482422
2002-05-28,23000,14.324999809265137,14.3149995803833,14.399999618530273,14.25,9.940135955810547
2002-05-24,26600,14.100000381469727,14.345000267028809,14.430000305175781,14.100000381469727,9.960967063903809
2002-05-23,24400,14.0,14.145000457763672,14.149999618530273,13.875,9.822089195251465
2002-05-22,50800,14.300000190734863,13.975000381469727,14.449999809265137,13.800000190734863,9.704045295715332
2002-05-21,39200,14.975000381469727,14.324999809265137,14.975000381469727,14.28499984741211,9.947075843811035
2002-05-20,9800,14.949999809265137,14.859999656677246,14.984999656677246,14.850000381469727,10.318574905395508
2002-05-17,19600,15.024999618530273,14.984999656677246,15.125,14.949999809265137,10.405373573303223
2002-05-16,40600,14.975000381469727,15.0,15.104999542236328,14.930000305175781,10.41578483581543
2002-05-15,35800,14.899999618530273,15.029999732971191,15.074999809265137,14.899999618530273,10.43661880493164
2002-05-14,90200,14.399999618530273,14.949999809265137,14.949999809265137,14.279999732971191,10.381070137023926
2002-05-13,8400,14.550000190734863,14.390000343322754,14.550000190734863,14.390000343322754,9.992216110229492
2002-05-10,52000,14.574999809265137,14.649999618530273,14.699999809265137,14.34000015258789,10.026933670043945
2002-05-09,115800,14.789999961853027,14.550000190734863,14.789999961853027,14.489999771118164,9.958489418029785
2002-05-08,20800,14.574999809265137,14.800000190734863,14.875,14.574999809265137,10.129599571228027
2002-05-07,28600,14.675000190734863,14.574999809265137,14.699999809265137,14.574999809265137,9.975597381591797
2002-05-06,8600,14.699999809265137,14.625,14.739999771118164,14.585000038146973,10.009822845458984
2002-05-03,22600,14.489999771118164,14.6850004196167,14.789999961853027,14.489999771118164,10.05088996887207
2002-05-02,32000,14.449999809265137,14.489999771118164,14.489999771118164,14.104999542236328,9.917424201965332
2002-05-01,8200,14.399999618530273,14.449999809265137,14.475000381469727,14.350000381469727,9.89004898071289
2002-04-30,28000,14.234999656677246,14.375,14.375,14.15999984741211,9.838714599609375
2002-04-29,5600,14.175000190734863,14.194999694824219,14.194999694824219,14.125,9.715517044067383
2002-04-26,19400,14.149999618530273,14.140000343322754,14.15999984741211,13.925000190734863,9.677874565124512
2002-04-25,32200,14.149999618530273,14.154999732971191,14.199999809265137,14.0,9.688138008117676
2002-04-24,49200,14.045000076293945,14.199999809265137,14.199999809265137,13.925000190734863,9.718942642211914
2002-04-23,10800,14.03499984741211,14.045000076293945,14.100000381469727,14.024999618530273,9.6128568649292
2002-04-22,17800,14.274999618530273,13.994999885559082,14.274999618530273,13.975000381469727,9.578629493713379
2002-04-19,14600,14.324999809265137,14.274999618530273,14.375,14.265000343322754,9.770272254943848
2002-04-18,18200,14.425000190734863,14.324999809265137,14.444999694824219,14.300000190734863,9.80449390411377
2002-04-17,19800,14.425000190734863,14.475000381469727,14.5,14.385000228881836,9.907159805297852
2002-04-16,34600,14.0,14.449999809265137,14.449999809265137,14.0,9.89004898071289
2002-04-15,8000,14.229999542236328,14.125,14.229999542236328,14.050000190734863,9.667608261108398
2002-04-12,30000,13.699999809265137,14.229999542236328,14.295000076293945,13.699999809265137,9.739472389221191
2002-04-11,63200,13.649999618530273,13.630000114440918,13.654999732971191,13.600000381469727,9.328813552856445
2002-04-10,20000,13.050000190734863,13.699999809265137,13.699999809265137,13.050000190734863,9.376725196838379
2002-04-09,24000,13.0,13.050000190734863,13.149999618530273,13.0,8.931840896606445
2002-04-08,35200,13.0,13.0,13.050000190734863,12.925000190734863,8.89762020111084
2002-04-05,10200,12.925000190734863,13.020000457763672,13.09000015258789,12.895000457763672,8.911310195922852
2002-04-04,6000,12.795000076293945,12.925000190734863,13.149999618530273,12.795000076293945,8.84628677368164
2002-04-03,18400,12.899999618530273,12.800000190734863,12.899999618530273,12.699999809265137,8.760738372802734
2002-04-02,12800,12.675000190734863,12.850000381469727,12.850000381469727,12.574999809265137,8.794955253601074
2002-04-01,36800,13.175000190734863,12.675000190734863,13.175000190734863,12.524999618530273,8.675175666809082
2002-03-28,22600,13.375,13.199999809265137,13.395000457763672,13.149999618530273,9.034507751464844
2002-03-27,34600,13.324999809265137,13.350000381469727,13.350000381469727,13.305000305175781,9.137171745300293
2002-03-26,19200,13.199999809265137,13.324999809265137,13.324999809265137,13.199999809265137,9.120057106018066
2002-03-25,26000,13.774999618530273,13.305000305175781,13.774999618530273,13.300000190734863,9.106374740600586
2002-03-22,4400,13.975000381469727,13.819999694824219,14.0,13.819999694824219,9.458854675292969
2002-03-21,14800,13.699999809265137,13.925000190734863,13.925000190734863,13.699999809265137,9.530722618103027
2002-03-20,9000,13.75,13.699999809265137,13.75,13.574999809265137,9.376725196838379
2002-03-19,25600,13.625,13.75,13.75,13.625,9.410943984985352
2002-03-18,37400,13.300000190734863,13.619999885559082,13.625,13.25,9.321968078613281
2002-03-15,26600,13.600000381469727,13.425000190734863,13.649999618530273,13.425000190734863,9.188505172729492
2002-03-14,13600,13.550000190734863,13.649999618530273,13.649999618530273,13.550000190734863,9.342500686645508
2002-03-13,12200,13.524999618530273,13.524999618530273,13.725000381469727,13.510000228881836,9.25694751739502
2002-03-12,13200,13.375,13.524999618530273,13.539999961853027,13.375,9.25694751739502
2002-03-11,6600,13.385000228881836,13.399999618530273,13.449999809265137,13.354999542236328,9.171394348144531
2002-03-08,28000,12.850000381469727,13.399999618530273,13.425000190734863,12.850000381469727,9.171394348144531
2002-03-07,8000,12.78499984741211,12.824999809265137,12.850000381469727,12.78499984741211,8.777846336364746
2002-03-06,6000,12.699999809265137,12.75,12.75,12.649999618530273,8.726515769958496
2002-03-05,8000,12.75,12.680000305175781,12.75,12.625,8.67860221862793
2002-03-04,6600,12.675000190734863,12.75,12.75,12.65999984741211,8.726515769958496
2002-03-01,5400,12.699999809265137,12.699999809265137,12.699999809265137,12.574999809265137,8.692289352416992
2002-02-28,10600,12.5649995803833,12.649999618530273,12.649999618530273,12.494999885559082,8.658069610595703
2002-02-27,19600,12.625,12.569999694824219,12.675000190734863,12.545000076293945,8.603314399719238
2002-02-26,21000,12.625,12.649999618530273,12.699999809265137,12.600000381469727,8.658069610595703
2002-02-25,5600,12.75,12.649999618530273,12.75,12.574999809265137,8.658069610595703
2002-02-22,17200,12.475000381469727,12.725000381469727,12.800000190734863,12.425000190734863,8.70939826965332
2002-02-21,22800,12.550000190734863,12.475000381469727,12.675000190734863,12.454999923706055,8.538294792175293
2002-02-20,9000,12.574999809265137,12.524999618530273,12.574999809265137,12.449999809265137,8.572511672973633
2002-02-19,8800,12.625,12.625,12.699999809265137,12.600000381469727,8.640957832336426
2002-02-15,22200,12.475000381469727,12.649999618530273,12.649999618530273,12.475000381469727,8.658069610595703
2002-02-14,18200,12.5,12.449999809265137,12.675000190734863,12.425000190734863,8.521183013916016
2002-02-13,22000,12.550000190734863,12.449999809265137,12.550000190734863,12.395000457763672,8.521183013916016
2002-02-12,32000,12.25,12.71500015258789,12.8149995803833,12.25,8.558826446533203
2002-02-11,28000,12.449999809265137,12.300000190734863,12.524999618530273,12.225000381469727,8.279480934143066
2002-02-08,13200,12.425000190734863,12.494999885559082,12.520000457763672,12.425000190734863,8.41073989868164
2002-02-07,10000,12.425000190734863,12.399999618530273,12.494999885559082,12.399999618530273,8.346792221069336
2002-02-06,28600,12.574999809265137,12.425000190734863,12.614999771118164,12.399999618530273,8.363618850708008
2002-02-05,7800,12.53499984741211,12.550000190734863,12.579999923706055,12.524999618530273,8.447761535644531
2002-02-04,7400,12.574999809265137,12.53499984741211,12.574999809265137,12.524999618530273,8.437664985656738
2002-02-01,8200,12.625,12.595000267028809,12.720000267028809,12.595000267028809,8.478052139282227
2002-01-31,16800,12.475000381469727,12.625,12.625,12.460000038146973,8.498245239257812
2002-01-30,16800,12.399999618530273,12.449999809265137,12.510000228881836,12.300000190734863,8.38044548034668
2002-01-29,15400,12.274999618530273,12.4399995803833,12.4399995803833,12.199999809265137,8.373717308044434
2002-01-28,10000,12.0,12.244999885559082,12.244999885559082,12.0,8.242459297180176
2002-01-25,10400,11.925000190734863,12.050000190734863,12.050000190734863,11.925000190734863,8.111197471618652
2002-01-24,13200,11.824999809265137,11.850000381469727,12.0,11.824999809265137,7.976573944091797
2002-01-23,19800,11.625,11.800000190734863,11.859999656677246,11.625,7.942914009094238
2002-01-22,31200,11.774999618530273,11.574999809265137,11.899999618530273,11.574999809265137,7.791460037231445
2002-01-18,12000,11.850000381469727,11.699999809265137,11.850000381469727,11.699999809265137,7.8755998611450195
2002-01-17,43800,11.800000190734863,11.899999618530273,11.989999771118164,11.800000190734863,8.01022720336914
2002-01-16,11200,11.774999618530273,11.824999809265137,11.824999809265137,11.770000457763672,7.959742546081543
2002-01-15,19600,11.75,11.8100004196167,11.869999885559082,11.600000381469727,7.949644565582275
2002-01-14,8800,11.739999771118164,11.774999618530273,11.774999618530273,11.649999618530273,7.926087856292725
2002-01-11,13200,11.675000190734863,11.739999771118164,11.744999885559082,11.625,7.902525424957275
2002-01-10,4600,11.699999809265137,11.739999771118164,11.744999885559082,11.699999809265137,7.902525424957275
2002-01-09,11800,11.744999885559082,11.725000381469727,11.75,11.649999618530273,7.892427444458008
2002-01-08,7800,11.800000190734863,11.744999885559082,11.829999923706055,11.704999923706055,7.90588903427124
2002-01-07,11600,11.869999885559082,11.824999809265137,11.949999809265137,11.824999809265137,7.959742546081543
2002-01-04,22200,11.975000381469727,11.824999809265137,12.0,11.729999542236328,7.959742546081543
2002-01-03,24000,11.774999618530273,11.944999694824219,12.0,11.725000381469727,8.040521621704102
2002-01-02,15000,11.800000190734863,11.829999923706055,11.949999809265137,11.75,7.963104248046875
2001-12-31,13600,11.725000381469727,11.800000190734863,11.84000015258789,11.725000381469727,7.942914009094238
2001-12-28,10600,11.824999809265137,11.699999809265137,11.925000190734863,11.699999809265137,7.8755998611450195
2001-12-27,12600,11.850000381469727,11.800000190734863,11.899999618530273,11.774999618530273,7.942914009094238
2001-12-26,11000,11.675000190734863,11.824999809265137,11.890000343322754,11.675000190734863,7.959742546081543
2001-12-24,16600,11.449999809265137,11.625,11.800000190734863,11.449999809265137,7.825119495391846
2001-12-21,60000,11.289999961853027,11.5,11.5,11.095000267028809,7.740976333618164
2001-12-20,40600,11.475000381469727,11.289999961853027,11.774999618530273,11.25,7.5996198654174805
2001-12-19,17400,11.824999809265137,11.600000381469727,11.984999656677246,11.574999809265137,7.808290481567383
2001-12-18,29600,12.024999618530273,11.800000190734863,12.375,11.75,7.942914009094238
2001-12-17,31600,12.050000190734863,12.050000190734863,12.5,11.949999809265137,8.111197471618652
2001-12-14,13000,12.050000190734863,12.029999732971191,12.125,12.024999618530273,8.097731590270996
2001-12-13,47000,11.850000381469727,12.0,12.5,11.819999694824219,8.07753849029541
2001-12-12,14600,11.850000381469727,11.800000190734863,11.975000381469727,11.800000190734863,7.942914009094238
2001-12-11,12200,12.0,11.895000457763672,12.0,11.895000457763672,8.006864547729492
2001-12-10,45400,12.649999618530273,12.0,13.050000190734863,12.0,8.07753849029541
2001-12-07,18600,12.574999809265137,12.625,12.699999809265137,12.569999694824219,8.498245239257812
2001-12-06,17600,12.274999618530273,12.600000381469727,12.600000381469727,12.274999618530273,8.481416702270508
2001-12-05,34600,11.895000457763672,12.300000190734863,12.300000190734863,11.895000457763672,8.279480934143066
2001-12-04,7000,11.949999809265137,11.899999618530273,11.96500015258789,11.824999809265137,8.01022720336914
2001-12-03,11600,11.824999809265137,11.949999809265137,12.0,11.800000190734863,8.04388427734375
2001-11-30,22200,11.625,11.800000190734863,11.850000381469727,11.619999885559082,7.942914009094238
2001-11-29,9600,11.574999809265137,11.600000381469727,11.600000381469727,11.569999694824219,7.808290481567383
2001-11-28,40600,11.6850004196167,11.550000190734863,11.725000381469727,11.550000190734863,7.774631977081299
2001-11-27,9600,11.75,11.6850004196167,11.774999618530273,11.664999961853027,7.865504741668701
2001-11-26,15400,11.725000381469727,11.774999618530273,11.800000190734863,11.725000381469727,7.926087856292725
2001-11-23,7200,11.75,11.75,11.75,11.739999771118164,7.909258842468262
2001-11-21,19200,11.800000190734863,11.725000381469727,11.800000190734863,11.699999809265137,7.892427444458008
2001-11-20,9600,11.875,11.850000381469727,11.925000190734863,11.824999809265137,7.976573944091797
2001-11-19,11800,12.0,11.989999771118164,12.0,11.975000381469727,8.070809364318848
2001-11-16,10400,11.850000381469727,12.024999618530273,12.029999732971191,11.850000381469727,8.094367980957031
2001-11-15,14600,11.645000457763672,11.8149995803833,11.8149995803833,11.625,7.953009128570557
2001-11-14,27000,11.625,11.649999618530273,11.725000381469727,11.625,7.841946125030518
2001-11-13,37000,11.550000190734863,11.649999618530273,11.850000381469727,11.550000190734863,7.841946125030518
2001-11-12,23200,11.600000381469727,11.649999618530273,11.680000305175781,11.600000381469727,7.700591564178467
2001-11-09,8800,11.524999618530273,11.600000381469727,11.625,11.524999618530273,7.667538166046143
2001-11-08,5200,11.649999618530273,11.524999618530273,11.649999618530273,11.524999618530273,7.617964267730713
2001-11-07,15600,11.8149995803833,11.680000305175781,11.914999961853027,11.680000305175781,7.72041654586792
2001-11-06,30600,11.795000076293945,11.800000190734863,11.975000381469727,11.649999618530273,7.799737453460693
2001-11-05,9000,11.600000381469727,11.800000190734863,11.824999809265137,11.600000381469727,7.799737453460693
2001-11-02,11200,11.494999885559082,11.574999809265137,11.649999618530273,11.489999771118164,7.651012420654297
2001-11-01,8000,11.25,11.5,11.5,11.25,7.601440906524658
2001-10-31,13200,11.125,11.225000381469727,11.225000381469727,11.125,7.419663429260254
2001-10-30,10600,11.125,11.125,11.175000190734863,11.100000381469727,7.353568077087402
2001-10-29,15800,11.050000190734863,11.149999618530273,11.324999809265137,11.045000076293945,7.370090007781982
2001-10-26,31800,11.385000228881836,11.024999618530273,11.399999618530273,10.9399995803833,7.2874674797058105
2001-10-25,32400,11.494999885559082,11.385000228881836,11.5,11.25,7.525426387786865
2001-10-24,11600,11.625,11.460000038146973,11.625,11.460000038146973,7.574998378753662
2001-10-23,13000,11.800000190734863,11.625,11.800000190734863,11.625,7.684065341949463
2001-10-22,16800,11.895000457763672,11.845000267028809,11.895000457763672,11.800000190734863,7.829482078552246
2001-10-19,16400,11.845000267028809,11.895000457763672,11.90999984741211,11.774999618530273,7.862532138824463
2001-10-18,9200,11.645000457763672,11.850000381469727,11.850000381469727,11.645000457763672,7.832786560058594
2001-10-17,14400,11.774999618530273,11.649999618530273,11.774999618530273,11.625,7.700591564178467
2001-10-16,23200,11.369999885559082,11.805000305175781,11.8149995803833,11.369999885559082,7.80303955078125
2001-10-15,37000,11.350000381469727,11.375,11.375,11.149999618530273,7.518814563751221
2001-10-12,15200,11.399999618530273,11.225000381469727,11.399999618530273,11.199999809265137,7.419663429260254
2001-10-11,29000,11.050000190734863,11.350000381469727,11.350000381469727,11.050000190734863,7.502288818359375
2001-10-10,28800,10.899999618530273,11.0,11.050000190734863,10.899999618530273,7.270941257476807
2001-10-09,14000,11.175000190734863,10.899999618530273,11.175000190734863,10.899999618530273,7.2048420906066895
2001-10-08,10800,10.949999809265137,11.149999618530273,11.149999618530273,10.949999809265137,7.370090007781982
2001-10-05,10000,10.899999618530273,10.925000190734863,10.925000190734863,10.800000190734863,7.221369743347168
2001-10-04,15600,10.925000190734863,10.899999618530273,11.03499984741211,10.899999618530273,7.2048420906066895
2001-10-03,26800,10.975000381469727,10.885000228881836,11.005000114440918,10.789999961853027,7.194925785064697
2001-10-02,59200,10.949999809265137,11.015000343322754,11.149999618530273,10.949999809265137,7.280856132507324
2001-10-01,27000,11.0,10.979999542236328,11.050000190734863,10.975000381469727,7.257722854614258
2001-09-28,55800,10.029999732971191,10.949999809265137,10.949999809265137,10.029999732971191,7.23789119720459
2001-09-27,29600,9.8100004196167,10.0,10.024999618530273,9.8100004196167,6.609947204589844
2001-09-26,56800,9.574999809265137,9.789999961853027,9.824999809265137,9.574999809265137,6.471137046813965
2001-09-25,31000,9.550000190734863,9.574999809265137,9.699999809265137,9.545000076293945,6.329024791717529
2001-09-24,21400,9.199999809265137,9.5,9.574999809265137,9.199999809265137,6.279447078704834
2001-09-21,33800,9.100000381469727,9.149999618530273,9.324999809265137,9.100000381469727,6.048101902008057
2001-09-20,81000,10.199999809265137,9.149999618530273,10.199999809265137,9.149999618530273,6.048101902008057
2001-09-19,48400,10.850000381469727,10.25,10.850000381469727,10.100000381469727,6.77519416809082
2001-09-18,14400,10.899999618530273,10.949999809265137,11.0,10.899999618530273,7.23789119720459
2001-09-17,44000,11.050000190734863,10.949999809265137,11.050000190734863,10.949999809265137,7.23789119720459
2001-09-10,11800,11.425000190734863,11.149999618530273,11.425000190734863,11.140000343322754,7.370090007781982
2001-09-07,5400,11.550000190734863,11.475000381469727,11.550000190734863,11.425000190734863,7.584916114807129
2001-09-06,19200,11.425000190734863,11.600000381469727,11.600000381469727,11.425000190734863,7.667538166046143
2001-09-05,17000,11.329999923706055,11.399999618530273,11.449999809265137,11.319999694824219,7.535338401794434
2001-09-04,19400,11.050000190734863,11.295000076293945,11.324999809265137,11.050000190734863,7.465936183929443
2001-08-31,43600,11.375,11.074999809265137,11.375,10.824999809265137,7.32051420211792
2001-08-30,19200,11.625,11.425000190734863,11.625,11.399999618530273,7.55186128616333
2001-08-29,39800,11.824999809265137,11.654999732971191,11.850000381469727,11.609999656677246,7.703893184661865
2001-08-28,2400,11.854999542236328,11.824999809265137,11.854999542236328,11.824999809265137,7.816261291503906
2001-08-27,48200,11.449999809265137,11.850000381469727,11.925000190734863,11.449999809265137,7.832786560058594
2001-08-24,23200,11.720000267028809,11.5,11.725000381469727,11.449999809265137,7.601440906524658
2001-08-23,8000,11.899999618530273,11.8100004196167,11.904999732971191,11.8100004196167,7.80634880065918
2001-08-22,8000,11.975000381469727,11.875,11.975000381469727,11.824999809265137,7.849311351776123
2001-08-21,7200,11.925000190734863,12.005000114440918,12.069999694824219,11.925000190734863,7.935238361358643
2001-08-20,20800,11.949999809265137,11.944999694824219,11.949999809265137,11.774999618530273,7.8955841064453125
2001-08-17,23400,11.925000190734863,11.9399995803833,11.970000267028809,11.75,7.892274379730225
2001-08-16,28000,11.925000190734863,11.899999618530273,11.949999809265137,11.859999656677246,7.865839004516602
2001-08-15,23200,11.744999885559082,11.994999885559082,12.0,11.725000381469727,7.9286274909973145
2001-08-14,8600,11.550000190734863,11.725000381469727,11.725000381469727,11.550000190734863,7.750160217285156
2001-08-13,8600,11.399999618530273,11.550000190734863,11.600000381469727,11.399999618530273,7.6344895362854
2001-08-10,27200,11.449999809265137,11.475000381469727,11.479999542236328,11.430000305175781,7.44610595703125
2001-08-09,5600,11.449999809265137,11.5,11.524999618530273,11.449999809265137,7.46232795715332
2001-08-08,7800,11.399999618530273,11.449999809265137,11.475000381469727,11.399999618530273,7.42988395690918
2001-08-07,18600,11.199999809265137,11.375,11.375,11.194999694824219,7.3812150955200195
2001-08-06,16000,11.425000190734863,11.229999542236328,11.449999809265137,11.225000381469727,7.287125110626221
2001-08-03,12400,11.225000381469727,11.375,11.399999618530273,11.220000267028809,7.3812150955200195
2001-08-02,18400,11.25,11.279999732971191,11.324999809265137,11.175000190734863,7.319569110870361
2001-08-01,27600,11.199999809265137,11.225000381469727,11.25,11.180000305175781,7.28387975692749
2001-07-31,36200,10.960000038146973,11.225000381469727,11.25,10.960000038146973,7.28387975692749
2001-07-30,11600,10.899999618530273,10.949999809265137,10.960000038146973,10.885000228881836,7.105432510375977
2001-07-27,36800,10.9399995803833,10.890000343322754,10.949999809265137,10.850000381469727,7.066498756408691
2001-07-26,26400,10.734999656677246,10.949999809265137,10.949999809265137,10.71500015258789,7.105432510375977
2001-07-25,66400,10.744999885559082,10.75,10.75,10.704999923706055,6.975656509399414
2001-07-24,14000,10.720000267028809,10.744999885559082,10.744999885559082,10.699999809265137,6.972410202026367
2001-07-23,28400,10.71500015258789,10.699999809265137,10.75,10.600000381469727,6.943209648132324
2001-07-20,33200,10.975000381469727,10.704999923706055,10.994999885559082,10.675000190734863,6.9464545249938965
2001-07-19,1800,10.944999694824219,10.984999656677246,10.984999656677246,10.944999694824219,7.128146648406982
2001-07-18,24800,10.949999809265137,10.925000190734863,10.975000381469727,10.824999809265137,7.089212894439697
2001-07-17,27200,10.699999809265137,10.975000381469727,10.994999885559082,10.699999809265137,7.1216559410095215
2001-07-16,19200,10.699999809265137,10.739999771118164,10.75,10.699999809265137,6.969166278839111
2001-07-13,19800,10.739999771118164,10.725000381469727,10.765000343322754,10.725000381469727,6.959432601928711
2001-07-12,9400,10.739999771118164,10.744999885559082,10.744999885559082,10.729999542236328,6.972410202026367
2001-07-11,16600,10.774999618530273,10.725000381469727,10.789999961853027,10.699999809265137,6.959432601928711
2001-07-10,24200,10.925000190734863,10.8100004196167,10.925000190734863,10.78499984741211,7.014587879180908
2001-07-09,21400,10.850000381469727,10.925000190734863,10.994999885559082,10.850000381469727,7.089212894439697
2001-07-06,16200,11.140000343322754,10.899999618530273,11.140000343322754,10.875,7.072988986968994
2001-07-05,13000,10.925000190734863,11.135000228881836,11.149999618530273,10.914999961853027,7.225478172302246
2001-07-03,12400,11.0,10.914999961853027,11.0,10.875,7.08272123336792
2001-07-02,56400,10.875,10.994999885559082,11.149999618530273,10.75,7.134634971618652
2001-06-29,210200,10.994999885559082,11.0,11.119999885559082,10.850000381469727,7.137878894805908
2001-06-28,33200,11.050000190734863,11.0,11.119999885559082,10.949999809265137,7.137878894805908
2001-06-27,34600,11.0,11.0,11.005000114440918,10.864999771118164,7.137878894805908
2001-06-26,21200,10.925000190734863,11.074999809265137,11.239999771118164,10.925000190734863,7.1865458488464355
2001-06-25,16200,10.925000190734863,10.925000190734863,11.0,10.75,7.089212894439697
2001-06-22,15200,10.675000190734863,10.880000114440918,10.899999618530273,10.675000190734863,7.060012340545654
2001-06-21,21000,10.574999809265137,10.625,10.625,10.555000305175781,6.8945417404174805
2001-06-20,13200,10.625,10.585000038146973,10.649999618530273,10.5649995803833,6.868584632873535
2001-06-19,5200,10.699999809265137,10.640000343322754,10.699999809265137,10.640000343322754,6.904273986816406
2001-06-18,43200,10.949999809265137,10.649999618530273,11.0,10.649999618530273,6.910763263702393
2001-06-15,9400,10.954999923706055,10.975000381469727,10.975000381469727,10.949999809265137,7.1216559410095215
2001-06-14,10400,10.960000038146973,10.970000267028809,11.0,10.954999923706055,7.118413925170898
2001-06-13,17000,10.975000381469727,10.975000381469727,11.0,10.925000190734863,7.1216559410095215
2001-06-12,11800,10.949999809265137,10.975000381469727,10.975000381469727,10.930000305175781,7.1216559410095215
2001-06-11,30800,10.875,10.949999809265137,10.949999809265137,10.854999542236328,7.105432510375977
2001-06-08,4400,10.885000228881836,10.854999542236328,10.885000228881836,10.850000381469727,7.0437912940979
2001-06-07,4200,10.914999961853027,10.904999732971191,10.914999961853027,10.899999618530273,7.076233863830566
2001-06-06,6200,10.895000457763672,10.914999961853027,10.914999961853027,10.895000457763672,7.08272123336792
2001-06-05,6800,10.914999961853027,10.914999961853027,10.914999961853027,10.875,7.08272123336792
2001-06-04,12200,10.914999961853027,10.914999961853027,10.914999961853027,10.875,7.08272123336792
2001-06-01,15200,10.774999618530273,10.914999961853027,10.914999961853027,10.774999618530273,7.08272123336792
2001-05-31,32400,10.914999961853027,10.824999809265137,10.914999961853027,10.664999961853027,7.024320125579834
2001-05-30,27000,10.914999961853027,10.899999618530273,10.914999961853027,10.704999923706055,7.072988986968994
2001-05-29,5400,10.914999961853027,10.899999618530273,10.914999961853027,10.880000114440918,7.072988986968994
2001-05-25,13000,10.949999809265137,10.914999961853027,10.954999923706055,10.90999984741211,7.08272123336792
2001-05-24,26400,10.75,10.875,10.899999618530273,10.75,7.056768894195557
2001-05-23,16200,10.885000228881836,10.699999809265137,10.949999809265137,10.675000190734863,6.943209648132324
2001-05-22,12000,10.920000076293945,10.885000228881836,10.960000038146973,10.885000228881836,7.0632548332214355
2001-05-21,11000,10.954999923706055,10.925000190734863,10.984999656677246,10.904999732971191,7.089212894439697
2001-05-18,7400,10.949999809265137,10.904999732971191,10.949999809265137,10.875,7.076233863830566
2001-05-17,21000,10.949999809265137,10.899999618530273,10.960000038146973,10.805000305175781,7.072988986968994
2001-05-16,14000,10.90999984741211,10.904999732971191,10.989999771118164,10.869999885559082,7.076233863830566
2001-05-15,16200,10.75,10.9350004196167,11.0,10.75,7.095697402954102
2001-05-14,12000,10.574999809265137,10.75,10.75,10.550000190734863,6.975656509399414
2001-05-11,11800,10.600000381469727,10.625,10.649999618530273,10.600000381469727,6.8945417404174805
2001-05-10,11400,10.550000190734863,10.675000190734863,10.75,10.524999618530273,6.790718078613281
2001-05-09,6200,10.524999618530273,10.675000190734863,10.675000190734863,10.524999618530273,6.790718078613281
2001-05-08,10000,10.5,10.574999809265137,10.574999809265137,10.5,6.727105140686035
2001-05-07,4400,10.449999809265137,10.5,10.5,10.399999618530273,6.679393768310547
2001-05-04,18800,10.244999885559082,10.350000381469727,10.350000381469727,10.199999809265137,6.583973407745361
2001-05-03,11000,10.074999809265137,10.25,10.289999961853027,10.074999809265137,6.520362854003906
2001-05-02,8600,10.149999618530273,10.024999618530273,10.149999618530273,10.024999618530273,6.377232074737549
2001-05-01,12800,10.0,10.100000381469727,10.145000457763672,10.0,6.424941539764404
2001-04-30,30400,9.975000381469727,10.0,10.140000343322754,9.975000381469727,6.361327171325684
2001-04-27,18600,9.925000190734863,9.949999809265137,10.100000381469727,9.899999618530273,6.329524040222168
2001-04-26,4600,9.760000228881836,9.899999618530273,9.960000038146973,9.760000228881836,6.297715663909912
2001-04-25,5000,9.755000114440918,9.755000114440918,9.779999732971191,9.755000114440918,6.205474376678467
2001-04-24,25000,9.75,9.755000114440918,9.800000190734863,9.75,6.205474376678467
2001-04-23,10600,9.800000190734863,9.774999618530273,9.805000305175781,9.774999618530273,6.218196392059326
2001-04-20,6000,9.875,9.824999809265137,9.899999618530273,9.824999809265137,6.250005722045898
2001-04-19,3000,9.675000190734863,9.800000190734863,9.875,9.675000190734863,6.23410177230835
2001-04-18,7800,9.824999809265137,9.625,9.824999809265137,9.625,6.122779846191406
2001-04-17,5800,9.970000267028809,9.824999809265137,10.0,9.824999809265137,6.250005722045898
2001-04-16,19200,9.729999542236328,9.9350004196167,10.024999618530273,9.720000267028809,6.319979667663574
2001-04-12,33200,9.5,9.704999923706055,9.704999923706055,9.449999809265137,6.173670291900635
2001-04-11,4400,9.28499984741211,9.385000228881836,9.385000228881836,9.28499984741211,5.970107078552246
2001-04-10,3000,9.149999618530273,9.274999618530273,9.274999618530273,9.149999618530273,5.90013313293457
2001-04-09,2800,9.050000190734863,9.100000381469727,9.100000381469727,9.050000190734863,5.788809776306152
2001-04-06,3800,9.024999618530273,9.024999618530273,9.024999618530273,9.0,5.741097927093506
2001-04-05,1800,8.975000381469727,8.975000381469727,8.975000381469727,8.975000381469727,5.709293842315674
2001-04-04,3600,8.984999656677246,8.925000190734863,8.984999656677246,8.920000076293945,5.677485466003418
2001-04-03,1800,9.024999618530273,9.0,9.024999618530273,9.0,5.725196361541748
2001-04-02,6400,9.050000190734863,9.074999809265137,9.100000381469727,9.024999618530273,5.772905349731445
2001-03-30,4400,9.050000190734863,9.050000190734863,9.0600004196167,9.024999618530273,5.75700044631958
2001-03-29,6200,9.199999809265137,9.005000114440918,9.199999809265137,9.005000114440918,5.7283759117126465
2001-03-28,2400,9.225000381469727,9.225000381469727,9.25,9.225000381469727,5.868326187133789
2001-03-27,33000,9.25,9.25,9.324999809265137,9.25,5.884228706359863
2001-03-26,6200,9.274999618530273,9.300000190734863,9.300000190734863,9.274999618530273,5.916036605834961
2001-03-23,6000,9.180000305175781,9.25,9.25,9.180000305175781,5.884228706359863
2001-03-22,9000,9.350000381469727,9.130000114440918,9.350000381469727,9.050000190734863,5.807894229888916
2001-03-21,1200,9.399999618530273,9.399999618530273,9.399999618530273,9.399999618530273,5.979646682739258
2001-03-20,13400,9.375,9.399999618530273,9.399999618530273,9.375,5.979646682739258
2001-03-19,3200,9.385000228881836,9.375,9.399999618530273,9.335000038146973,5.963744640350342
2001-03-16,13600,9.425000190734863,9.399999618530273,9.425000190734863,9.399999618530273,5.979646682739258
2001-03-15,12000,9.449999809265137,9.425000190734863,9.5,9.399999618530273,5.995553016662598
2001-03-14,4800,9.550000190734863,9.515000343322754,9.550000190734863,9.510000228881836,6.052804470062256
2001-03-13,10800,9.675000190734863,9.550000190734863,9.675000190734863,9.470000267028809,6.075069427490234
2001-03-12,22800,9.850000381469727,9.675000190734863,9.864999771118164,9.675000190734863,6.15458345413208
2001-03-09,9600,9.869999885559082,9.850000381469727,9.869999885559082,9.819999694824219,6.265908718109131
2001-03-08,5200,9.904999732971191,9.869999885559082,9.904999732971191,9.824999809265137,6.278632640838623
2001-03-07,5800,9.824999809265137,9.875,9.875,9.824999809265137,6.281810283660889
2001-03-06,7600,9.824999809265137,9.774999618530273,9.850000381469727,9.774999618530273,6.218196392059326
2001-03-05,6600,9.800000190734863,9.824999809265137,9.829999923706055,9.770000457763672,6.250005722045898
2001-03-02,5000,9.75,9.800000190734863,9.835000038146973,9.75,6.23410177230835
2001-03-01,4600,9.854999542236328,9.755000114440918,9.854999542236328,9.755000114440918,6.205474376678467
2001-02-28,7400,9.925000190734863,9.904999732971191,9.954999923706055,9.899999618530273,6.300897121429443
2001-02-27,2600,10.0,9.975000381469727,10.0,9.949999809265137,6.345420837402344
2001-02-26,5800,9.899999618530273,9.975000381469727,9.975000381469727,9.864999771118164,6.345420837402344
2001-02-23,9000,9.774999618530273,9.850000381469727,9.850000381469727,9.774999618530273,6.265908718109131
2001-02-22,14000,9.899999618530273,9.800000190734863,9.899999618530273,9.800000190734863,6.23410177230835
2001-02-21,5800,9.930000305175781,9.899999618530273,10.0,9.899999618530273,6.297715663909912
2001-02-20,19200,9.795000076293945,9.895000457763672,9.895000457763672,9.744999885559082,6.294535160064697
2001-02-16,28800,9.850000381469727,9.744999885559082,9.854999542236328,9.645000457763672,6.1991119384765625
2001-02-15,17200,10.0,9.850000381469727,10.0,9.850000381469727,6.265908718109131
2001-02-14,13000,10.300000190734863,10.050000190734863,10.350000381469727,10.024999618530273,6.39313268661499
2001-02-13,30200,10.095000267028809,10.345000267028809,10.375,10.095000267028809,6.580795764923096
2001-02-12,30000,9.625,10.074999809265137,10.074999809265137,9.625,6.27545166015625
2001-02-09,5200,9.649999618530273,9.625,9.725000381469727,9.625,5.9951581954956055
2001-02-08,6800,9.524999618530273,9.600000381469727,9.625,9.524999618530273,5.979586601257324
2001-02-07,6000,9.520000457763672,9.574999809265137,9.574999809265137,9.505000114440918,5.964015960693359
2001-02-06,7400,9.529999732971191,9.505000114440918,9.550000190734863,9.505000114440918,5.920412540435791
2001-02-05,3800,9.649999618530273,9.524999618530273,9.649999618530273,9.524999618530273,5.932868003845215
2001-02-02,22400,9.390000343322754,9.625,9.625,9.390000343322754,5.9951581954956055
2001-02-01,23200,9.350000381469727,9.375,9.399999618530273,9.350000381469727,5.8394389152526855
2001-01-31,7800,9.274999618530273,9.28499984741211,9.305000305175781,9.239999771118164,5.783379077911377
2001-01-30,17200,9.279999732971191,9.274999618530273,9.279999732971191,9.149999618530273,5.777152061462402
2001-01-29,8600,9.09000015258789,9.220000267028809,9.220000267028809,9.074999809265137,5.742892742156982
2001-01-26,6000,9.21875,9.03125,9.21875,9.0,5.625324726104736
2001-01-25,13600,9.1875,9.21875,9.25,9.125,5.7421159744262695
2001-01-24,23200,9.0625,9.15625,9.1875,9.0,5.70318078994751
2001-01-23,15000,8.84375,9.0,9.0625,8.78125,5.605861186981201
2001-01-22,40200,8.6875,8.75,8.8125,8.65625,5.450143337249756
2001-01-19,3600,8.59375,8.75,8.75,8.59375,5.450143337249756
2001-01-18,22800,8.8125,8.53125,8.875,8.5,5.313889503479004
2001-01-17,25800,8.875,8.75,9.0,8.75,5.450143337249756
2001-01-16,30800,8.34375,8.84375,8.84375,8.34375,5.508537769317627
2001-01-12,4000,8.25,8.34375,8.34375,8.25,5.19710111618042
2001-01-11,18200,8.125,8.1875,8.25,8.0,5.0997748374938965
2001-01-10,23000,8.1875,8.09375,8.1875,7.9375,5.041381359100342
2001-01-09,9600,8.0625,8.1875,8.3125,8.0625,5.0997748374938965
2001-01-08,15400,8.3125,8.125,8.5,8.125,5.060848236083984
2001-01-05,14000,8.4375,8.34375,8.4375,8.3125,5.19710111618042
2001-01-04,38400,7.875,8.4375,8.5,7.875,5.255495071411133
2001-01-03,40200,7.75,7.875,7.96875,7.75,4.90512752532959
2001-01-02,16200,7.625,7.75,7.78125,7.625,4.827269554138184
2000-12-29,30600,7.6875,7.625,7.6875,7.53125,4.749411582946777
2000-12-28,31600,7.34375,7.625,7.6875,7.34375,4.749411582946777
2000-12-27,47000,7.25,7.375,7.40625,7.25,4.593691349029541
2000-12-26,17600,7.25,7.25,7.40625,7.25,4.515834331512451
2000-12-22,14800,7.25,7.25,7.3125,7.1875,4.515834331512451
2000-12-21,6600,7.3125,7.25,7.3125,7.25,4.515834331512451
2000-12-20,34400,7.28125,7.25,7.28125,7.09375,4.515834331512451
2000-12-19,55200,7.3125,7.21875,7.3125,7.0625,4.496366500854492
2000-12-18,6600,7.40625,7.3125,7.40625,7.3125,4.554763317108154
2000-12-15,6200,7.3125,7.34375,7.34375,7.3125,4.574228763580322
2000-12-14,12000,7.375,7.375,7.4375,7.3125,4.593691349029541
2000-12-13,7000,7.46875,7.4375,7.46875,7.3125,4.632620811462402
2000-12-12,7400,7.25,7.40625,7.40625,7.25,4.613156795501709
2000-12-11,7800,7.1875,7.3125,7.3125,7.15625,4.554763317108154
2000-12-08,30800,7.09375,7.15625,7.15625,7.0625,4.457437992095947
2000-12-07,12800,7.0,7.0625,7.15625,7.0,4.399044513702393
2000-12-06,94800,7.0,7.0,7.25,6.9375,4.360113620758057
2000-12-05,285400,7.9375,6.9375,7.9375,6.875,4.321185111999512
2000-12-04,22400,8.3125,8.28125,8.3125,8.25,5.158171653747559
2000-12-01,4000,8.125,8.1875,8.1875,8.125,5.0997748374938965
2000-11-30,5400,8.375,8.1875,8.375,8.1875,5.0997748374938965
2000-11-29,6000,8.4375,8.375,8.46875,8.375,5.21656608581543
2000-11-28,1600,8.46875,8.40625,8.46875,8.375,5.236030578613281
2000-11-27,9200,8.40625,8.46875,8.46875,8.375,5.274959564208984
2000-11-24,3200,8.1875,8.34375,8.375,8.1875,5.19710111618042
2000-11-22,13600,8.1875,8.15625,8.21875,8.125,5.080312728881836
2000-11-21,4800,8.25,8.25,8.28125,8.25,5.138706207275391
2000-11-20,24400,8.375,8.28125,8.375,8.25,5.158171653747559
2000-11-17,14000,8.25,8.25,8.25,8.25,5.138706207275391
2000-11-16,4200,8.15625,8.25,8.25,8.15625,5.138706207275391
2000-11-15,600,8.15625,8.15625,8.15625,8.15625,5.080312728881836
2000-11-14,42600,8.21875,8.21875,8.25,8.15625,5.1192402839660645
2000-11-13,18600,8.0,8.15625,8.15625,8.0,5.080312728881836
2000-11-10,31600,8.3125,8.25,8.3125,8.1875,5.0079026222229
2000-11-09,200,8.375,8.375,8.375,8.375,5.0837812423706055
2000-11-08,30000,8.46875,8.40625,8.46875,8.375,5.102749347686768
2000-11-07,4600,8.40625,8.46875,8.46875,8.40625,5.140687942504883
2000-11-06,21000,8.625,8.46875,8.6875,8.4375,5.140687942504883
2000-11-03,46000,8.71875,8.625,8.71875,8.5625,5.235536098480225
2000-11-02,15600,8.84375,8.78125,8.84375,8.6875,5.330382823944092
2000-11-01,6600,8.875,8.84375,8.875,8.8125,5.368320941925049
2000-10-31,9800,8.40625,8.75,8.75,8.40625,5.3114118576049805
2000-10-30,122400,8.375,8.40625,8.40625,8.25,5.102749347686768
2000-10-27,600,8.34375,8.34375,8.34375,8.34375,5.064810752868652
2000-10-26,5600,8.375,8.34375,8.375,8.3125,5.064810752868652
2000-10-25,27000,8.25,8.4375,8.4375,8.25,5.1217193603515625
2000-10-24,5000,8.125,8.1875,8.21875,8.125,4.969963073730469
2000-10-23,43200,8.125,8.09375,8.1875,8.0625,4.913056373596191
2000-10-20,30000,8.1875,8.1875,8.1875,8.125,4.969963073730469
2000-10-19,112400,8.1875,8.125,8.21875,8.125,4.932025909423828
2000-10-18,3000,8.125,8.15625,8.15625,8.125,4.950994491577148
2000-10-17,9200,8.4375,8.1875,8.4375,8.1875,4.969963073730469
2000-10-16,3800,8.5625,8.5,8.5625,8.5,5.159658432006836
2000-10-13,17400,8.46875,8.5,8.5,8.46875,5.159658432006836
2000-10-12,26000,8.65625,8.53125,8.65625,8.46875,5.178626537322998
2000-10-11,0,8.71875,8.71875,8.71875,8.71875,5.292443752288818
2000-10-10,14800,8.84375,8.71875,8.84375,8.71875,5.292443752288818
2000-10-09,0,8.78125,8.78125,8.78125,8.78125,5.330382823944092
2000-10-06,15600,8.84375,8.78125,8.84375,8.78125,5.330382823944092
2000-10-05,2800,8.90625,8.875,8.96875,8.875,5.387289524078369
2000-10-04,196200,8.90625,8.9375,8.96875,8.90625,5.425229549407959
2000-10-03,36400,8.875,8.90625,8.96875,8.875,5.406258583068848
2000-10-02,15000,8.875,8.875,8.90625,8.875,5.387289524078369
2000-09-29,8400,8.78125,8.9375,8.9375,8.78125,5.425229549407959
2000-09-28,19200,9.0,8.78125,9.0,8.75,5.330382823944092
2000-09-27,21400,9.0,9.0,9.0625,9.0,5.463166236877441
2000-09-26,49000,9.625,9.125,9.625,9.09375,5.539045333862305
2000-09-25,36400,10.40625,9.9375,10.40625,9.9375,6.032246112823486
2000-09-22,13200,10.625,10.46875,10.625,10.46875,6.35472297668457
2000-09-21,6600,10.875,10.6875,10.875,10.6875,6.48751163482666
2000-09-20,9800,10.71875,10.9375,10.9375,10.65625,6.639266014099121
2000-09-19,9800,10.8125,10.84375,10.875,10.8125,6.582355976104736
2000-09-18,23800,10.875,10.75,11.03125,10.75,6.525451183319092
2000-09-15,23800,10.8125,10.875,10.90625,10.8125,6.601327419281006
2000-09-14,19800,10.9375,10.875,10.9375,10.75,6.601327419281006
2000-09-13,42200,11.1875,10.9375,11.1875,10.9375,6.639266014099121
2000-09-12,7000,10.84375,11.125,11.125,10.84375,6.753081798553467
2000-09-11,20600,11.0625,10.78125,11.0625,10.75,6.544417381286621
2000-09-08,13600,11.125,11.125,11.125,11.0625,6.753081798553467
2000-09-07,19600,10.78125,11.1875,11.1875,10.78125,6.791018009185791
2000-09-06,59200,10.96875,10.90625,11.0,10.90625,6.620296955108643
2000-09-05,19600,10.96875,11.03125,11.03125,10.875,6.6961750984191895
2000-09-01,12200,11.03125,11.03125,11.0625,10.96875,6.6961750984191895
2000-08-31,6600,11.0625,11.0625,11.0625,11.0625,6.715141773223877
2000-08-30,6000,11.0,11.03125,11.0625,11.0,6.6961750984191895
2000-08-29,37800,11.0,11.03125,11.25,11.0,6.6961750984191895
2000-08-28,11400,11.0625,10.9375,11.09375,10.90625,6.639266014099121
2000-08-25,3000,11.21875,11.03125,11.21875,11.03125,6.6961750984191895
2000-08-24,53400,10.875,11.1875,11.1875,10.875,6.791018009185791
2000-08-23,2000,10.75,10.8125,10.8125,10.75,6.563384056091309
2000-08-22,58200,10.625,10.6875,10.6875,10.625,6.48751163482666
2000-08-21,7200,10.78125,10.75,10.78125,10.71875,6.525451183319092
2000-08-18,11400,10.71875,10.6875,10.71875,10.6875,6.48751163482666
2000-08-17,43200,10.53125,10.59375,10.59375,10.40625,6.430602550506592
2000-08-16,3600,10.53125,10.53125,10.53125,10.53125,6.392664909362793
2000-08-15,17600,10.5,10.53125,10.53125,10.3125,6.392664909362793
2000-08-14,37600,10.5,10.5,10.6875,10.25,6.373696804046631
2000-08-11,24200,10.1875,10.5625,10.6875,10.0625,6.411635398864746
2000-08-10,70800,10.0625,10.3125,10.625,10.0625,6.1324076652526855
2000-08-09,5000,10.03125,10.0,10.03125,10.0,5.94657564163208
2000-08-08,22600,9.96875,10.0,10.03125,9.96875,5.94657564163208
2000-08-07,49200,9.96875,9.96875,10.0,9.9375,5.927990913391113
2000-08-04,8600,9.875,9.96875,9.96875,9.875,5.927990913391113
2000-08-03,49400,9.65625,9.875,9.9375,9.65625,5.872242450714111
2000-08-02,14000,9.65625,9.65625,9.71875,9.65625,5.742161273956299
2000-08-01,3800,9.625,9.65625,9.65625,9.625,5.742161273956299
2000-07-31,26200,9.625,9.65625,9.65625,9.59375,5.742161273956299
2000-07-28,44800,9.53125,9.5625,9.59375,9.5,5.6864118576049805
2000-07-27,44000,9.59375,9.53125,9.59375,9.53125,5.66782808303833
2000-07-26,47200,9.59375,9.59375,9.625,9.59375,5.704995155334473
2000-07-25,43800,9.5625,9.5625,9.59375,9.546879768371582,5.6864118576049805
2000-07-24,19400,9.59375,9.5625,9.6875,9.5625,5.6864118576049805
2000-07-21,43400,9.28125,9.5,9.59375,9.28125,5.649245262145996
2000-07-20,12200,9.125,9.21875,9.21875,9.125,5.481997489929199
2000-07-19,31000,9.09375,9.125,9.1875,9.09375,5.426247596740723
2000-07-18,130200,8.875,9.15625,9.21875,8.875,5.444831371307373
2000-07-17,27600,8.6875,8.6875,8.8125,8.6875,5.166086196899414
2000-07-14,11400,8.625,8.65625,8.71875,8.625,5.1475019454956055
2000-07-13,8400,8.65625,8.625,8.65625,8.59375,5.128918647766113
2000-07-12,16600,8.6875,8.59375,8.71875,8.59375,5.110337734222412
2000-07-11,7000,8.75,8.71875,8.8125,8.71875,5.184670925140381
2000-07-10,16000,8.625,8.6875,8.6875,8.5625,5.166086196899414
2000-07-07,15400,8.5,8.6875,8.75,8.5,5.166086196899414
2000-07-06,14400,8.65625,8.5,8.65625,8.4375,5.054588317871094
2000-07-05,7000,8.8125,8.65625,8.8125,8.65625,5.1475019454956055
2000-07-03,16600,8.9375,8.8125,8.9375,8.78125,5.240420818328857
2000-06-30,202800,8.40625,9.0,9.0,7.9375,5.3519182205200195
2000-06-29,43800,7.96875,8.28125,8.28125,7.9375,4.9245076179504395
2000-06-28,116600,7.71875,7.90625,8.0625,7.71875,4.701510429382324
2000-06-27,29800,7.625,7.6875,7.71875,7.625,4.5714287757873535
2000-06-26,20400,7.65625,7.625,7.6875,7.59375,4.534262180328369
2000-06-23,78000,7.90625,7.71875,7.90625,7.71875,4.5900115966796875
2000-06-22,30800,8.0,7.96875,8.03125,7.9375,4.73867654800415
2000-06-21,6600,8.0,8.03125,8.03125,8.0,4.775843143463135
2000-06-20,4600,8.15625,8.0625,8.1875,8.0625,4.794427394866943
2000-06-19,10200,8.1875,8.21875,8.21875,8.1875,4.887341022491455
2000-06-16,43800,8.21875,8.125,8.5,8.125,4.8315911293029785
2000-06-15,19000,8.0,8.21875,8.21875,8.0,4.887341022491455
2000-06-14,9400,8.0,8.03125,8.03125,8.0,4.775843143463135
2000-06-13,18200,8.03125,8.0,8.0625,8.0,4.757257461547852
2000-06-12,15400,8.09375,7.96875,8.09375,7.9375,4.73867654800415
2000-06-09,3600,8.03125,8.0,8.03125,7.96875,4.757257461547852
2000-06-08,11200,8.0,8.03125,8.0625,7.96875,4.775843143463135
2000-06-07,23400,8.03125,8.03125,8.03125,7.875,4.775843143463135
2000-06-06,13600,8.03125,8.0,8.03125,8.0,4.757257461547852
2000-06-05,39400,8.09375,8.0,8.09375,8.0,4.757257461547852
2000-06-02,34000,8.0,8.09375,8.125,7.9375,4.813008785247803
2000-06-01,49000,7.78125,7.8125,7.8125,7.6875,4.645759105682373
2000-05-31,18200,7.78125,7.71875,7.78125,7.65625,4.5900115966796875
2000-05-30,25600,7.78125,7.71875,7.8125,7.71875,4.5900115966796875
2000-05-26,18200,7.625,7.71875,7.71875,7.625,4.5900115966796875
2000-05-25,41600,7.625,7.5625,7.8125,7.5625,4.497096061706543
2000-05-24,20800,7.6875,7.5625,7.6875,7.5625,4.497096061706543
2000-05-23,27400,7.75,7.71875,7.90625,7.71875,4.5900115966796875
2000-05-22,21600,7.5625,7.65625,7.6875,7.5625,4.552845001220703
2000-05-19,37600,7.59375,7.59375,7.59375,7.5,4.515680313110352
2000-05-18,30200,7.75,7.5625,7.75,7.5,4.497096061706543
2000-05-17,15400,7.71875,7.75,7.78125,7.6875,4.6085944175720215
2000-05-16,65800,7.9375,7.6875,7.9375,7.5625,4.5714287757873535
2000-05-15,67200,7.875,7.8125,7.96875,7.75,4.645759105682373
2000-05-12,77000,8.125,7.8125,8.125,7.78125,4.645759105682373
2000-05-11,9400,8.09375,8.125,8.1875,8.09375,4.8315911293029785
2000-05-10,55600,8.25,8.15625,8.25,8.125,4.725296974182129
2000-05-09,50000,8.34375,8.375,8.40625,8.3125,4.852030277252197
2000-05-08,26400,8.46875,8.4375,8.5,8.34375,4.888238906860352
2000-05-05,33800,8.1875,8.40625,8.40625,8.1875,4.870133399963379
2000-05-04,7200,8.28125,8.25,8.28125,8.21875,4.779611110687256
2000-05-03,14800,8.34375,8.3125,8.34375,8.28125,4.815818786621094
2000-05-02,8600,8.34375,8.3125,8.5,8.3125,4.815818786621094
2000-05-01,28600,8.46875,8.34375,8.46875,8.21875,4.833925724029541
2000-04-28,11400,8.4375,8.5,8.5,8.375,4.924447059631348
2000-04-27,18400,8.375,8.3125,8.5,8.3125,4.815818786621094
2000-04-26,12200,8.46875,8.4375,8.59375,8.4375,4.888238906860352
2000-04-25,33600,8.59375,8.5,8.59375,8.46875,4.924447059631348
2000-04-24,3800,8.59375,8.53125,8.59375,8.53125,4.9425506591796875
2000-04-20,14600,8.5625,8.53125,8.625,8.53125,4.9425506591796875
2000-04-19,8000,8.5625,8.53125,8.5625,8.53125,4.9425506591796875
2000-04-18,38600,8.5625,8.625,8.625,8.4375,4.99686336517334
2000-04-17,29600,8.3125,8.625,8.625,8.3125,4.99686336517334
2000-04-14,40400,8.4375,8.375,8.5,8.25,4.852030277252197
2000-04-13,13400,8.65625,8.4375,8.65625,8.4375,4.888238906860352
2000-04-12,10800,8.75,8.625,8.875,8.625,4.99686336517334
2000-04-11,86600,8.8125,8.75,8.875,8.71875,5.069284439086914
2000-04-10,88800,8.8125,8.8125,8.84375,8.75,5.105495452880859
2000-04-07,34000,8.8125,8.8125,8.875,8.8125,5.105495452880859
2000-04-06,11800,8.8125,8.78125,8.875,8.75,5.08738899230957
2000-04-05,13200,8.6875,8.75,8.875,8.6875,5.069284439086914
2000-04-04,19000,8.8125,8.6875,8.8125,8.65625,5.033073425292969
2000-04-03,19400,9.0,8.875,9.0,8.8125,5.141704082489014
2000-03-31,21800,9.1875,9.0625,9.1875,9.0,5.250331401824951
2000-03-30,9000,9.0625,9.125,9.125,9.0625,5.2865376472473145
2000-03-29,5800,9.0,9.0,9.03125,9.0,5.214120864868164
2000-03-28,16200,9.15625,9.0625,9.15625,8.9375,5.250331401824951
2000-03-27,34800,8.75,9.125,9.125,8.75,5.2865376472473145
2000-03-24,80400,8.40625,8.6875,8.6875,8.40625,5.033073425292969
2000-03-23,3400,8.5,8.46875,8.5,8.40625,4.906343460083008
2000-03-22,26000,8.4375,8.375,8.4375,8.375,4.852030277252197
2000-03-21,69400,8.5625,8.5,8.5625,8.375,4.924447059631348
2000-03-20,15200,8.53125,8.4375,8.5625,8.4375,4.888238906860352
2000-03-17,17000,8.65625,8.5,8.65625,8.5,4.924447059631348
2000-03-16,15600,8.3125,8.71875,8.71875,8.3125,5.051180362701416
2000-03-15,21600,8.15625,8.3125,8.34375,8.09375,4.815818786621094
2000-03-14,6800,8.3125,8.125,8.3125,8.125,4.707192897796631
2000-03-13,26200,8.34375,8.3125,8.34375,8.3125,4.815818786621094
2000-03-10,12600,8.28125,8.46875,8.46875,8.28125,4.906343460083008
2000-03-09,28000,8.3125,8.21875,8.3125,8.125,4.761506080627441
2000-03-08,17800,8.21875,8.1875,8.21875,8.15625,4.743402004241943
2000-03-07,26000,8.84375,8.28125,8.84375,8.21875,4.797715663909912
2000-03-06,16800,8.8125,8.90625,8.90625,8.78125,5.15980863571167
2000-03-03,28000,8.8125,8.875,8.9375,8.78125,5.141704082489014
2000-03-02,103600,8.5,8.6875,8.6875,8.4375,5.033073425292969
2000-03-01,32800,8.3125,8.5,8.53125,8.3125,4.924447059631348
2000-02-29,27400,8.3125,8.3125,8.3125,8.21875,4.815818786621094
2000-02-28,14800,8.125,8.3125,8.3125,8.125,4.815818786621094
2000-02-25,123400,8.3125,8.125,8.3125,8.125,4.707192897796631
2000-02-24,8400,8.375,8.28125,8.375,8.28125,4.797715663909912
2000-02-23,10600,8.46875,8.375,8.53125,8.375,4.852030277252197
2000-02-22,53000,8.375,8.53125,8.5625,8.375,4.9425506591796875
2000-02-18,9600,8.46875,8.25,8.46875,8.25,4.779611110687256
2000-02-17,17400,8.5,8.4375,8.5,8.4375,4.888238906860352
2000-02-16,8600,8.5,8.5625,8.5625,8.4375,4.960657596588135
2000-02-15,105600,8.375,8.4375,8.5,8.0,4.888238906860352
2000-02-14,9600,8.3125,8.4375,8.4375,8.1875,4.888238906860352
2000-02-11,34800,8.28125,8.25,8.34375,8.15625,4.779611110687256
2000-02-10,20000,8.875,8.375,8.875,8.375,4.7303667068481445
2000-02-09,15600,8.90625,8.8125,8.90625,8.75,4.977476119995117
2000-02-08,22800,9.28125,8.90625,9.28125,8.90625,5.030430316925049
2000-02-07,15400,9.6875,9.25,9.71875,9.25,5.224584579467773
2000-02-04,14200,9.53125,9.65625,9.6875,9.5,5.45404052734375
2000-02-03,13200,9.34375,9.5,9.5,9.34375,5.365787982940674
2000-02-02,21800,9.375,9.40625,9.4375,9.375,5.31283712387085
2000-02-01,44200,8.625,9.375,9.40625,8.59375,5.295187473297119
2000-01-31,23400,9.0625,8.625,9.0625,8.5625,4.871569633483887
2000-01-28,12400,9.25,9.0,9.25,9.0,5.083379745483398
2000-01-27,35800,9.21875,9.21875,9.28125,9.09375,5.206932067871094
2000-01-26,47000,8.90625,9.15625,9.21875,8.90625,5.171630382537842
2000-01-25,20600,8.8125,8.90625,8.90625,8.78125,5.030430316925049
2000-01-24,103200,9.1875,8.71875,9.1875,8.625,4.924522876739502
2000-01-21,24400,9.4375,9.1875,9.625,9.125,5.189284801483154
2000-01-20,18000,9.5,9.5,9.53125,9.34375,5.365787982940674
2000-01-19,26800,9.375,9.5625,9.5625,9.375,5.401090145111084
2000-01-18,39000,9.875,9.8125,9.875,9.8125,5.542294502258301
2000-01-14,5800,9.875,9.875,9.875,9.8125,5.577593803405762
2000-01-13,22600,9.6875,9.84375,9.875,9.6875,5.559946537017822
2000-01-12,38800,9.75,9.5625,9.75,9.5625,5.401090145111084
2000-01-11,25400,10.0,9.78125,10.0,9.65625,5.524642467498779
2000-01-10,26000,9.9375,10.0,10.0,9.875,5.648198127746582
2000-01-07,6600,9.8125,9.8125,9.8125,9.75,5.542294502258301
2000-01-06,23200,9.8125,9.75,9.84375,9.75,5.506993770599365
2000-01-05,46800,10.0,9.84375,10.0,9.78125,5.559946537017822
2000-01-04,11800,9.75,9.78125,9.78125,9.75,5.524642467498779
2000-01-03,29600,9.90625,9.8125,9.90625,9.78125,5.542294502258301
1999-12-31,7000,9.875,9.90625,9.90625,9.8125,5.595248222351074
1999-12-30,10200,10.0,9.875,10.0,9.875,5.577593803405762
1999-12-29,30000,9.96875,9.96875,10.0,9.875,5.630548000335693
1999-12-28,6600,9.875,9.875,9.96875,9.875,5.577593803405762
1999-12-27,23800,9.875,9.875,10.0,9.875,5.577593803405762
1999-12-23,9600,9.9375,9.875,10.0,9.8125,5.577593803405762
1999-12-22,9400,9.8125,9.90625,9.90625,9.8125,5.595248222351074
1999-12-21,15800,9.875,9.90625,9.96875,9.8125,5.595248222351074
1999-12-20,12800,9.625,9.75,9.75,9.53125,5.506993770599365
1999-12-17,33800,9.625,9.625,9.65625,9.5,5.436389923095703
1999-12-16,30800,9.65625,9.625,9.71875,9.59375,5.436389923095703
1999-12-15,6400,9.8125,9.71875,9.8125,9.71875,5.489341735839844
1999-12-14,18200,9.90625,9.8125,9.90625,9.8125,5.542294502258301
1999-12-13,18800,9.9375,9.84375,9.9375,9.84375,5.559946537017822
1999-12-10,22600,10.25,9.875,10.25,9.8125,5.577593803405762
1999-12-09,16000,10.375,10.25,10.4375,10.25,5.789404392242432
1999-12-08,3600,10.5,10.375,10.5,10.375,5.860004425048828
1999-12-07,10600,10.375,10.5,10.53125,10.375,5.930610179901123
1999-12-06,15000,10.5,10.34375,10.5625,10.34375,5.842354774475098
1999-12-03,5000,10.5625,10.59375,10.625,10.5625,5.9835615158081055
1999-12-02,12600,10.5625,10.5,10.65625,10.4375,5.930610179901123
1999-12-01,3400,10.625,10.5625,10.625,10.53125,5.965909481048584
1999-11-30,3400,10.59375,10.65625,10.65625,10.59375,6.018859386444092
1999-11-29,10000,10.59375,10.59375,10.625,10.5625,5.9835615158081055
1999-11-26,3000,10.5625,10.625,10.625,10.5625,6.0012125968933105
1999-11-24,45000,10.5625,10.625,10.625,10.5625,6.0012125968933105
1999-11-23,26400,10.5,10.5,10.5,10.4375,5.930610179901123
1999-11-22,14200,10.53125,10.5,10.59375,10.46875,5.930610179901123
1999-11-19,65200,10.4375,10.59375,10.625,10.4375,5.9835615158081055
1999-11-18,40400,10.34375,10.40625,10.40625,10.3125,5.877656936645508
1999-11-17,3600,10.3125,10.34375,10.34375,10.25,5.842354774475098
1999-11-16,5200,10.34375,10.34375,10.34375,10.28125,5.842354774475098
1999-11-15,5000,10.34375,10.34375,10.375,10.28125,5.842354774475098
1999-11-12,12600,10.375,10.34375,10.375,10.34375,5.842354774475098
1999-11-11,51000,10.125,10.3125,10.3125,10.09375,5.824706554412842
1999-11-10,38800,10.09375,10.09375,10.125,10.09375,5.7011518478393555
1999-11-09,3800,10.1875,10.21875,10.21875,10.1875,5.65314245223999
1999-11-08,10800,10.1875,10.21875,10.28125,10.1875,5.65314245223999
1999-11-05,27800,10.46875,10.21875,10.53125,10.15625,5.65314245223999
1999-11-04,11600,10.71875,10.46875,10.75,10.46875,5.791443824768066
1999-11-03,31600,10.6875,10.75,10.75,10.625,5.947033405303955
1999-11-02,9000,10.78125,10.75,10.8125,10.75,5.947033405303955
1999-11-01,6400,10.75,10.75,10.75,10.75,5.947033405303955
1999-10-29,6600,10.8125,10.75,10.84375,10.75,5.947033405303955
1999-10-28,30200,10.8125,10.84375,10.84375,10.75,5.998899936676025
1999-10-27,31600,10.75,10.875,10.875,10.75,6.016186714172363
1999-10-26,66800,10.78125,10.78125,10.8125,10.65625,5.964325904846191
1999-10-25,47200,10.6875,10.71875,10.78125,10.6875,5.929745197296143
1999-10-22,26400,10.625,10.75,10.75,10.5,5.947033405303955
1999-10-21,19000,10.6875,10.6875,10.75,10.59375,5.91246223449707
1999-10-20,10600,10.65625,10.625,10.6875,10.625,5.877884387969971
1999-10-19,5600,10.625,10.71875,10.71875,10.625,5.929745197296143
1999-10-18,14400,10.84375,10.59375,10.84375,10.53125,5.860596179962158
1999-10-15,4800,11.0,10.8125,11.0,10.8125,5.9816131591796875
1999-10-14,10600,10.8125,11.0,11.0,10.75,6.085338592529297
1999-10-13,400,10.875,10.875,10.875,10.875,6.016186714172363
1999-10-12,6200,10.96875,10.875,10.96875,10.875,6.016186714172363
1999-10-11,9000,10.9375,10.90625,10.9375,10.875,6.033475875854492
1999-10-08,11000,11.0625,11.0,11.0625,11.0,6.085338592529297
1999-10-07,27200,11.09375,11.0,11.09375,10.96875,6.085338592529297
1999-10-06,31400,11.125,11.15625,11.1875,11.0625,6.171776294708252
1999-10-05,9800,11.0625,11.125,11.1875,11.0,6.154490947723389
1999-10-04,29800,10.90625,11.0,11.0,10.8125,6.085338592529297
1999-10-01,23200,10.84375,10.78125,10.9375,10.75,5.964325904846191
1999-09-30,29000,10.65625,10.78125,10.78125,10.65625,5.964325904846191
1999-09-29,25800,11.0625,10.65625,11.0625,10.65625,5.895169734954834
1999-09-28,54400,11.03125,11.09375,11.09375,11.03125,6.137200832366943
1999-09-27,21200,11.0,11.03125,11.0625,10.9375,6.102625846862793
1999-09-24,2600,11.03125,11.0,11.0625,11.0,6.085338592529297
1999-09-23,4800,11.09375,11.09375,11.09375,11.0,6.137200832366943
1999-09-22,3600,11.0625,11.09375,11.125,11.0625,6.137200832366943
1999-09-21,55000,10.875,11.0625,11.0625,10.875,6.1199140548706055
1999-09-20,7000,10.78125,10.875,10.875,10.78125,6.016186714172363
1999-09-17,41600,10.8125,10.78125,10.8125,10.75,5.964325904846191
1999-09-16,239600,10.96875,10.8125,10.96875,10.78125,5.9816131591796875
1999-09-15,14000,10.9375,11.0,11.0,10.875,6.085338592529297
1999-09-14,14800,11.34375,10.9375,11.34375,10.875,6.05076265335083
1999-09-13,7000,11.53125,11.46875,11.53125,11.46875,6.344656467437744
1999-09-10,23000,11.5,11.46875,11.5,11.4375,6.344656467437744
1999-09-09,11000,11.625,11.53125,11.625,11.53125,6.379232883453369
1999-09-08,7000,11.65625,11.6875,11.71875,11.625,6.465672492980957
1999-09-07,19200,11.4375,11.59375,11.65625,11.4375,6.413809776306152
1999-09-03,24000,10.96875,11.3125,11.3125,10.96875,6.258217811584473
1999-09-02,6600,10.84375,10.90625,10.90625,10.828120231628418,6.033475875854492
1999-09-01,110600,10.84375,10.90625,10.90625,10.8125,6.033475875854492
1999-08-31,10400,10.9375,10.8125,11.0,10.75,5.9816131591796875
1999-08-30,26400,11.25,10.9375,11.25,10.90625,6.05076265335083
1999-08-27,37800,11.4375,11.25,11.4375,11.1875,6.223640441894531
1999-08-26,6000,11.46875,11.4375,11.5,11.4375,6.32736873626709
1999-08-25,17000,11.5625,11.4375,11.65625,11.4375,6.32736873626709
1999-08-24,9400,11.53125,11.53125,11.53125,11.5,6.379232883453369
1999-08-23,102800,11.40625,11.46875,11.53125,11.40625,6.344656467437744
1999-08-20,2600,11.5625,11.53125,11.625,11.5,6.379232883453369
1999-08-19,28000,11.5,11.5,11.515620231628418,11.5,6.361942768096924
1999-08-18,10200,11.5,11.5,11.5625,11.5,6.361942768096924
1999-08-17,8200,11.40625,11.5,11.5,11.40625,6.361942768096924
1999-08-16,4800,11.40625,11.46875,11.46875,11.40625,6.344656467437744
1999-08-13,1000,11.5,11.53125,11.53125,11.5,6.379232883453369
1999-08-12,35000,11.25,11.53125,11.625,11.25,6.379232883453369
1999-08-11,14400,11.28125,11.3125,11.3125,11.25,6.258217811584473
1999-08-10,107000,11.625,11.28125,11.625,11.1875,6.124753952026367
1999-08-09,3000,11.875,11.75,11.875,11.75,6.379247188568115
1999-08-06,6800,11.9375,11.84375,11.9375,11.84375,6.430141925811768
1999-08-05,11200,12.09375,12.0,12.09375,12.0,6.514975547790527
1999-08-04,2200,12.25,12.15625,12.25,12.125,6.599804878234863
1999-08-03,15000,12.5,12.21875,12.5,12.125,6.633738040924072
1999-08-02,2000,12.5,12.5,12.5,12.5,6.786431312561035
1999-07-30,9600,12.5625,12.46875,12.671879768371582,12.375,6.769465923309326
1999-07-29,13800,12.84375,12.5,12.84375,12.4375,6.786431312561035
1999-07-28,2800,12.90625,12.875,12.90625,12.84375,6.990023612976074
1999-07-27,16200,13.0625,12.96875,13.15625,12.96875,7.040924549102783
1999-07-26,6400,13.28125,13.15625,13.28125,13.15625,7.142715930938721
1999-07-23,9000,13.34375,13.25,13.34375,13.1875,7.19361686706543
1999-07-22,365800,13.46875,13.40625,13.46875,13.375,7.278449058532715
1999-07-21,4800,13.5,13.46875,13.5625,13.4375,7.312379360198975
1999-07-20,18600,13.90625,13.53125,13.90625,13.46875,7.346314430236816
1999-07-19,10000,13.90625,13.84375,13.90625,13.8125,7.5159735679626465
1999-07-16,7400,13.875,13.90625,13.90625,13.8125,7.54990291595459
1999-07-15,10800,13.90625,13.90625,13.90625,13.90625,7.54990291595459
1999-07-14,20600,13.96875,13.90625,13.96875,13.875,7.54990291595459
1999-07-13,8600,13.875,13.96875,14.0,13.875,7.583837985992432
1999-07-12,7800,14.0,13.9375,14.0,13.875,7.566868782043457
1999-07-09,3400,13.75,13.875,13.875,13.75,7.53294038772583
1999-07-08,7400,13.875,13.8125,13.875,13.71875,7.499006748199463
1999-07-07,27200,13.9375,13.9375,13.96875,13.9375,7.566868782043457
1999-07-06,16600,14.09375,13.96875,14.09375,13.96875,7.583837985992432
1999-07-02,13600,14.3125,14.25,14.3125,14.15625,7.736533164978027
1999-07-01,8400,14.15625,14.1875,14.21875,14.15625,7.702600955963135
1999-06-30,59600,14.4375,14.15625,14.6875,14.15625,7.685633659362793
1999-06-29,25400,14.46875,14.46875,14.53125,14.46875,7.855292797088623
1999-06-28,39400,14.25,14.40625,14.40625,14.21875,7.821362495422363
1999-06-25,2000,14.21875,14.25,14.25,14.21875,7.736533164978027
1999-06-24,73600,14.5625,14.25,14.5625,14.1875,7.736533164978027
1999-06-23,11600,14.8125,14.625,14.8125,14.625,7.940125465393066
1999-06-22,72800,14.5,14.875,14.875,14.4375,8.075851440429688
1999-06-21,800,14.5,14.4375,14.5,14.4375,7.838329792022705
1999-06-18,52000,14.6875,14.5,14.6875,13.96875,7.872259140014648
1999-06-17,11000,14.5625,14.5625,14.59375,14.5,7.906192302703857
1999-06-16,33400,14.25,14.625,14.625,14.21875,7.940125465393066
1999-06-15,7800,14.0625,14.25,14.25,14.0625,7.736533164978027
1999-06-14,5200,14.25,14.125,14.25,14.125,7.668666839599609
1999-06-11,19800,14.375,14.25,14.375,14.1875,7.736533164978027
1999-06-10,19600,14.53125,14.4375,14.53125,14.4375,7.838329792022705
1999-06-09,21600,14.28125,14.46875,14.46875,14.21875,7.855292797088623
1999-06-08,16800,14.09375,14.28125,14.28125,14.09375,7.75349760055542
1999-06-07,5600,14.0625,14.0625,14.09375,14.0625,7.634737014770508
1999-06-04,20400,13.75,14.125,14.125,13.75,7.668666839599609
1999-06-03,5400,13.8125,13.78125,13.8125,13.78125,7.482043743133545
1999-06-02,3800,13.8125,13.875,13.875,13.78125,7.53294038772583
1999-06-01,11600,13.75,13.875,13.875,13.65625,7.53294038772583
1999-05-28,15600,13.75,13.875,14.0625,13.75,7.53294038772583
1999-05-27,7600,13.65625,13.71875,13.71875,13.65625,7.448106288909912
1999-05-26,13600,13.53125,13.6875,13.6875,13.4375,7.431141376495361
1999-05-25,11400,13.4375,13.5,13.5,13.40625,7.329344749450684
1999-05-24,6800,13.4375,13.40625,13.4375,13.375,7.278449058532715
1999-05-21,7400,13.3125,13.5,13.5,13.3125,7.329344749450684
1999-05-20,8200,13.3125,13.375,13.40625,13.3125,7.261482238769531
1999-05-19,32000,13.5625,13.4375,13.5625,13.4375,7.295413017272949
1999-05-18,27600,13.75,13.5,13.75,13.40625,7.329344749450684
1999-05-17,21000,13.5625,13.6875,13.6875,13.40625,7.431141376495361
1999-05-14,35600,13.625,13.5625,13.6875,13.5625,7.363277435302734
1999-05-13,20800,13.59375,13.625,13.71875,13.53125,7.39721155166626
1999-05-12,119600,14.125,13.53125,14.125,13.5,7.346314430236816
1999-05-11,35600,14.25,14.25,14.25,14.21875,7.622524261474609
1999-05-10,41000,13.8125,14.21875,14.25,13.8125,7.6058030128479
1999-05-07,19800,13.75,13.8125,13.8125,13.75,7.388494968414307
1999-05-06,35000,13.5625,13.75,13.75,13.5625,7.3550639152526855
1999-05-05,8200,13.625,13.5,13.625,13.4375,7.22133207321167
1999-05-04,10600,13.59375,13.53125,13.625,13.5,7.238055229187012
1999-05-03,29200,13.25,13.625,13.625,13.25,7.288199424743652
1999-04-30,136400,13.21875,13.21875,13.21875,13.21875,7.0708909034729
1999-04-29,39200,13.21875,13.125,13.21875,13.0625,7.020743370056152
1999-04-28,28600,13.65625,13.28125,13.65625,13.28125,7.104322910308838
1999-04-27,14400,13.6875,13.65625,13.75,13.65625,7.304916858673096
1999-04-26,34400,13.65625,13.75,13.75,13.5,7.3550639152526855
1999-04-23,600,13.5625,13.59375,13.59375,13.5625,7.271483421325684
1999-04-22,14000,13.625,13.625,13.625,13.5,7.288199424743652
1999-04-21,9600,13.6875,13.65625,13.75,13.625,7.304916858673096
1999-04-20,19200,13.8125,13.5625,13.8125,13.53125,7.254767417907715
1999-04-19,6200,13.875,13.875,13.9375,13.84375,7.421929836273193
1999-04-16,11400,13.65625,13.8125,13.875,13.59375,7.388494968414307
1999-04-15,15000,13.78125,13.65625,13.84375,13.65625,7.304916858673096
1999-04-14,47600,13.25,13.84375,14.0,13.25,7.405209064483643
1999-04-13,33200,13.125,13.125,13.34375,13.09375,7.020743370056152
1999-04-12,23200,12.59375,13.0,13.03125,12.53125,6.953877925872803
1999-04-09,11200,12.625,12.65625,12.65625,12.53125,6.770001411437988
1999-04-08,35600,12.59375,12.625,12.625,12.5,6.753286838531494
1999-04-07,18200,12.53125,12.53125,12.625,12.5,6.70313835144043
1999-04-06,8600,12.6875,12.5625,12.6875,12.5625,6.719854831695557
1999-04-05,29400,12.625,12.71875,12.75,12.625,6.803432941436768
1999-04-01,49200,12.25,12.5,12.5,12.25,6.686420440673828
1999-03-31,21200,12.375,12.1875,12.40625,12.1875,6.519259452819824
1999-03-30,17400,12.3125,12.4375,12.4375,12.28125,6.652989387512207
1999-03-29,27000,12.1875,12.34375,12.34375,12.15625,6.602840900421143
1999-03-26,31200,12.15625,12.125,12.1875,12.09375,6.485825538635254
1999-03-25,98800,11.53125,12.15625,12.15625,11.53125,6.502542972564697
1999-03-24,73000,12.03125,11.53125,12.03125,11.5,6.1682209968566895
1999-03-23,208800,11.0625,12.03125,12.25,11.0625,6.435678958892822
1999-03-22,14800,10.8125,10.8125,10.875,10.78125,5.783754348754883
1999-03-19,36200,10.78125,10.78125,11.0,10.78125,5.7670369148254395
1999-03-18,30000,11.0,10.84375,11.21875,10.8125,5.800469875335693
1999-03-17,25400,11.21875,10.9375,11.21875,10.9375,5.850620746612549
1999-03-16,34000,11.28125,11.25,11.34375,11.1875,6.017777919769287
1999-03-15,13800,11.375,11.28125,11.375,11.25,6.034494400024414
1999-03-12,18200,11.8125,11.3125,11.8125,11.25,6.051210403442383
1999-03-11,34000,11.9375,11.8125,11.9375,11.8125,6.318666458129883
1999-03-10,1600,11.8125,11.8125,11.8125,11.8125,6.318666458129883
1999-03-09,8000,11.875,11.875,11.875,11.8125,6.352100849151611
1999-03-08,16000,12.125,11.9375,12.125,11.875,6.385530948638916
1999-03-05,6600,12.1875,12.125,12.1875,12.125,6.485825538635254
1999-03-04,13800,12.125,12.15625,12.1875,12.0625,6.502542972564697
1999-03-03,13000,12.0,12.0625,12.125,12.0,6.452395439147949
1999-03-02,29800,12.03125,11.875,12.03125,11.875,6.352100849151611
1999-03-01,18400,11.75,11.96875,12.0,11.75,6.402250289916992
1999-02-26,123800,11.625,11.625,11.6875,11.5,6.2183685302734375
1999-02-25,27800,11.84375,11.6875,11.84375,11.40625,6.251803398132324
1999-02-24,2200,11.9375,11.875,11.96875,11.875,6.352100849151611
1999-02-23,5400,12.0,12.0,12.0,11.9375,6.418966293334961
1999-02-22,15400,11.8125,11.9375,11.9375,11.8125,6.385530948638916
1999-02-19,142400,12.0625,11.75,12.1875,11.625,6.28523588180542
1999-02-18,18200,11.75,11.9375,11.9375,11.625,6.385530948638916
1999-02-17,12400,12.25,11.8125,12.25,11.8125,6.318666458129883
1999-02-16,6800,12.4375,12.3125,12.4375,12.28125,6.586124897003174
1999-02-12,11200,12.5625,12.375,12.5625,12.375,6.619556903839111
1999-02-11,2400,12.65625,12.625,12.65625,12.59375,6.753286838531494
1999-02-10,3400,12.65625,12.625,12.6875,12.625,6.753286838531494
1999-02-09,35800,12.9375,12.84375,12.9375,12.8125,6.7579665184021
1999-02-08,21600,12.875,12.90625,12.9375,12.875,6.7908549308776855
1999-02-05,19600,13.1875,12.9375,13.21875,12.9375,6.807297229766846
1999-02-04,13600,13.34375,13.1875,13.34375,13.1875,6.938835620880127
1999-02-03,13800,13.21875,13.21875,13.25,13.1875,6.95527982711792
1999-02-02,9800,13.375,13.21875,13.375,13.1875,6.95527982711792
1999-02-01,7200,13.125,13.375,13.375,13.125,7.037492752075195
1999-01-29,35400,13.40625,13.09375,13.4375,13.09375,6.889504909515381
1999-01-28,36000,13.65625,13.4375,13.65625,13.4375,7.070377826690674
1999-01-27,20800,14.21875,13.71875,14.21875,13.71875,7.218362808227539
1999-01-26,18400,14.21875,14.1875,14.21875,14.0625,7.465003967285156
1999-01-25,66400,14.09375,14.21875,14.21875,13.96875,7.481450080871582
1999-01-22,15800,14.0625,14.09375,14.1875,14.0625,7.415674209594727
1999-01-21,11400,14.125,14.0,14.125,14.0,7.3663458824157715
1999-01-20,20200,14.0625,14.1875,14.1875,14.0625,7.465003967285156
1999-01-19,4000,14.0,14.0625,14.0625,13.96875,7.399231433868408
1999-01-15,17800,14.0625,13.9375,14.09375,13.9375,7.333461284637451
1999-01-14,26800,14.1875,14.1875,14.21875,14.125,7.465003967285156
1999-01-13,29000,14.03125,14.1875,14.1875,14.0,7.465003967285156
1999-01-12,18600,14.1875,14.125,14.1875,14.0625,7.432118892669678
1999-01-11,26200,13.9375,14.1875,14.1875,13.9375,7.465003967285156
1999-01-08,33600,14.46875,14.0,14.46875,14.0,7.3663458824157715
1999-01-07,29000,14.3125,14.4375,14.4375,14.25,7.5965447425842285
1999-01-06,82400,14.5625,14.375,14.59375,14.375,7.563659191131592
1999-01-05,23400,14.625,14.625,14.6875,14.5,7.695201873779297
1999-01-04,48400,14.0,14.5,14.8125,14.0,7.6294331550598145
1998-12-31,27000,13.8125,14.125,14.125,13.8125,7.432118892669678
1998-12-30,10800,13.46875,13.6875,13.6875,13.4375,7.201918125152588
1998-12-29,225000,12.90625,13.4375,13.4375,12.90625,7.070377826690674
1998-12-28,27000,12.875,12.90625,13.0,12.84375,6.7908549308776855
1998-12-24,3600,13.0,12.90625,13.03125,12.90625,6.7908549308776855
1998-12-23,23400,13.0625,13.0,13.09375,12.875,6.840178489685059
1998-12-22,36400,12.78125,13.0,13.0625,12.78125,6.840178489685059
1998-12-21,52600,12.125,12.65625,12.65625,12.125,6.6593098640441895
1998-12-18,91200,11.5,12.0,12.03125,11.5,6.314013481140137
1998-12-17,231800,12.0,11.5,12.03125,11.25,6.05092716217041
1998-12-16,29200,12.25,11.875,12.3125,11.875,6.2482404708862305
1998-12-15,21400,12.625,12.125,12.765620231628418,12.125,6.379782676696777
1998-12-14,70200,13.5625,12.6875,13.5625,12.6875,6.67575216293335
1998-12-11,23800,13.78125,13.5,13.78125,13.46875,7.1032633781433105
1998-12-10,18400,13.96875,13.78125,13.96875,13.75,7.251247406005859
1998-12-09,7000,13.90625,13.96875,13.96875,13.90625,7.349905490875244
1998-12-08,12200,14.0,13.84375,14.0,13.8125,7.284134387969971
1998-12-07,11800,14.0,14.0,14.0,13.96875,7.3663458824157715
1998-12-04,6200,14.0,14.0,14.0,13.96875,7.3663458824157715
1998-12-03,13000,14.0,13.96875,14.0,13.90625,7.349905490875244
1998-12-02,45600,14.1875,14.0,14.1875,14.0,7.3663458824157715
1998-12-01,83600,14.4375,14.1875,14.4375,14.15625,7.465003967285156
1998-11-30,11800,14.46875,14.4375,14.5,14.375,7.5965447425842285
1998-11-27,0,14.40625,14.40625,14.40625,14.40625,7.58010196685791
1998-11-25,5000,14.4375,14.40625,14.46875,14.40625,7.58010196685791
1998-11-24,6000,14.53125,14.375,14.53125,14.375,7.563659191131592
1998-11-23,6800,14.71875,14.53125,14.71875,14.53125,7.645875930786133
1998-11-20,5600,14.8125,14.78125,14.8125,14.78125,7.777414798736572
1998-11-19,37600,15.0,14.90625,15.0,14.8125,7.84318208694458
1998-11-18,17000,14.96875,15.0,15.0,14.9375,7.892512798309326
1998-11-17,15200,14.78125,15.03125,15.03125,14.78125,7.9089579582214355
1998-11-16,32600,14.6875,14.8125,14.875,14.5625,7.793856143951416
1998-11-13,34600,15.0,14.625,15.0,14.53125,7.695201873779297
1998-11-12,11400,15.125,14.96875,15.125,14.875,7.876073837280273
1998-11-11,8600,15.0625,15.0625,15.0625,15.03125,7.92540168762207
1998-11-10,49200,15.21875,15.0,15.21875,14.875,7.892512798309326
1998-11-09,5200,15.1875,15.1875,15.25,15.1875,7.885937213897705
1998-11-06,16800,15.0,15.09375,15.125,15.0,7.837257385253906
1998-11-05,23200,14.75,14.9375,14.9375,14.75,7.756129264831543
1998-11-04,45800,14.40625,14.71875,14.71875,14.40625,7.642545223236084
1998-11-03,1400,14.40625,14.375,14.40625,14.34375,7.464056015014648
1998-11-02,31400,14.28125,14.34375,14.34375,14.28125,7.447828769683838
1998-10-30,232200,14.0,14.15625,14.21875,14.0,7.350471019744873
1998-10-29,7200,14.46875,14.375,14.46875,14.375,7.464056015014648
1998-10-28,5400,14.4375,14.40625,14.4375,14.40625,7.480281829833984
1998-10-27,22000,14.71875,14.4375,14.71875,14.4375,7.496505260467529
1998-10-26,53600,14.75,14.6875,14.75,14.6875,7.626317024230957
1998-10-23,41400,15.0,14.75,15.09375,14.75,7.658768653869629
1998-10-22,20600,15.15625,15.0625,15.15625,14.96875,7.821031093597412
1998-10-21,42200,15.125,15.125,15.1875,15.0625,7.853485107421875
1998-10-20,22600,15.125,15.125,15.25,15.125,7.853485107421875
1998-10-19,27800,14.625,15.0625,15.0625,14.5625,7.821031093597412
1998-10-16,18200,14.25,14.5,14.59375,14.25,7.528962135314941
1998-10-15,13600,14.15625,14.1875,14.25,14.15625,7.366700649261475
1998-10-14,62800,14.09375,14.15625,14.3125,14.09375,7.350471019744873
1998-10-13,29200,14.15625,14.09375,14.21875,14.03125,7.318023204803467
1998-10-12,147000,14.15625,14.21875,14.34375,14.125,7.3829264640808105
1998-10-09,89400,13.59375,14.09375,14.5,13.59375,7.318023204803467
1998-10-08,106000,13.59375,13.59375,14.0625,13.59375,7.0583977699279785
1998-10-07,22200,14.8125,13.59375,14.8125,13.59375,7.0583977699279785
1998-10-06,20000,14.9375,14.875,15.3125,14.875,7.723677635192871
1998-10-05,186400,15.0,14.90625,15.0,14.90625,7.739902019500732
1998-10-02,21200,14.96875,14.96875,15.0625,14.96875,7.772353649139404
1998-10-01,37000,15.28125,15.03125,15.28125,14.9375,7.804802894592285
1998-09-30,43800,15.1875,15.375,15.375,15.1875,7.983293533325195
1998-09-29,24200,15.09375,15.125,15.125,15.0,7.853485107421875
1998-09-28,43600,15.375,15.03125,15.375,14.96875,7.804802894592285
1998-09-25,63200,15.375,15.3125,15.5,15.3125,7.950843811035156
1998-09-24,8000,15.21875,15.5,15.5,15.21875,8.048198699951172
1998-09-23,23600,14.40625,15.21875,15.21875,14.40625,7.902162075042725
1998-09-22,35800,14.3125,14.34375,14.65625,14.28125,7.447828769683838
1998-09-21,27800,13.96875,14.375,14.46875,13.96875,7.464056015014648
1998-09-18,27200,13.375,13.96875,13.96875,13.125,7.253113269805908
1998-09-17,11200,13.3125,13.25,13.34375,13.21875,6.879909992218018
1998-09-16,9800,13.5,13.4375,13.5,13.375,6.977267742156982
1998-09-15,15200,13.4375,13.4375,13.4375,13.375,6.977267742156982
1998-09-14,57600,13.21875,13.375,13.4375,13.21875,6.9448161125183105
1998-09-11,13200,12.8125,13.15625,13.15625,12.78125,6.831233024597168
1998-09-10,12000,13.125,12.875,13.125,12.8125,6.685195446014404
1998-09-09,18000,13.84375,13.1875,13.84375,13.1875,6.8474626541137695
1998-09-08,38000,13.34375,13.875,13.875,13.34375,7.204434871673584
1998-09-04,11800,13.375,13.21875,13.375,13.1875,6.863686561584473
1998-09-03,7000,13.65625,13.4375,13.65625,13.4375,6.977267742156982
1998-09-02,20000,13.8125,13.71875,13.90625,13.59375,7.123303413391113
1998-09-01,20000,13.46875,13.78125,13.78125,13.40625,7.155757427215576
1998-08-31,18600,14.0625,13.53125,14.0625,13.5,7.025942802429199
1998-08-28,16400,14.3125,14.1875,14.3125,14.125,7.366700649261475
1998-08-27,6800,14.5625,14.375,14.5625,14.34375,7.464056015014648
1998-08-26,5400,14.71875,14.625,14.75,14.625,7.593864917755127
1998-08-25,27000,14.96875,14.8125,15.03125,14.8125,7.69122314453125
1998-08-24,10200,15.0,14.96875,15.0625,14.9375,7.772353649139404
1998-08-21,167000,15.0,15.03125,15.03125,15.0,7.804802894592285
1998-08-20,55000,14.53125,15.0,15.125,14.53125,7.788578987121582
1998-08-19,29600,15.5,14.53125,15.5,14.5,7.545185089111328
1998-08-18,77400,15.6875,15.5,15.75,15.5,8.048198699951172
1998-08-17,9800,15.8125,15.75,15.8125,15.71875,8.178008079528809
1998-08-14,17000,15.5625,15.875,15.875,15.5625,8.242915153503418
1998-08-13,45200,15.53125,15.5625,15.5625,15.53125,8.080648422241211
1998-08-12,10800,15.40625,15.5625,15.59375,15.34375,7.976803779602051
1998-08-11,19600,15.4375,15.34375,15.46875,15.28125,7.864680290222168
1998-08-10,39000,15.5625,15.5,15.5625,15.46875,7.944767475128174
1998-08-07,26800,15.5,15.5,15.5,15.4375,7.944767475128174
1998-08-06,85400,15.5,15.5,15.625,15.375,7.944767475128174
1998-08-05,231000,15.25,15.5,15.5625,15.25,7.944767475128174
1998-08-04,94600,15.125,15.1875,15.1875,15.0625,7.784590721130371
1998-08-03,84800,15.03125,15.0625,15.09375,15.03125,7.720521450042725
1998-07-31,106400,15.03125,15.03125,15.15625,15.03125,7.70450496673584
1998-07-30,33000,15.0625,15.0625,15.0625,14.65625,7.720521450042725
1998-07-29,24400,15.40625,15.125,15.40625,15.09375,7.752555847167969
1998-07-28,24200,15.8125,15.3125,15.8125,15.21875,7.84866189956665
1998-07-27,7600,15.875,15.84375,15.875,15.78125,8.120965003967285
1998-07-24,24600,16.0,15.875,16.0,15.6875,8.136981964111328
1998-07-23,50600,16.65625,16.0,16.65625,16.0,8.201051712036133
1998-07-22,13200,16.875,16.65625,16.875,16.625,8.537422180175781
1998-07-21,2800,16.84375,16.84375,16.90625,16.84375,8.633524894714355
1998-07-20,51400,17.375,16.84375,17.375,16.8125,8.633524894714355
1998-07-17,18800,17.40625,17.375,17.46875,17.34375,8.905828475952148
1998-07-16,70200,18.0,17.40625,18.0,17.15625,8.921845436096191
1998-07-15,25000,18.0625,18.09375,18.15625,18.0625,9.274236679077148
1998-07-14,33400,17.96875,18.1875,18.1875,17.9375,9.322285652160645
1998-07-13,36800,17.75,17.9375,17.9375,17.71875,9.194151878356934
1998-07-10,15200,17.65625,17.75,17.8125,17.65625,9.098040580749512
1998-07-09,17400,17.625,17.6875,17.6875,17.5625,9.066003799438477
1998-07-08,30400,17.5,17.625,17.625,17.375,9.03397274017334
1998-07-07,41000,17.59375,17.5,17.65625,17.46875,8.969902992248535
1998-07-06,42200,17.6875,17.6875,17.6875,17.625,9.066003799438477
1998-07-02,77000,17.75,17.65625,17.75,17.625,9.0499906539917
1998-07-01,73400,17.40625,17.7343807220459,17.75,17.40625,9.090038299560547
1998-06-30,25600,17.625,17.46875,17.625,17.4375,8.953882217407227
1998-06-29,7200,17.9375,17.5625,17.9375,17.5625,9.001932144165039
1998-06-26,25400,17.3125,18.0,18.0,17.25,9.226186752319336
1998-06-25,36800,17.3125,17.3125,17.3125,16.90625,8.873791694641113
1998-06-24,27200,17.0,17.4375,17.4375,16.9375,8.9378662109375
1998-06-23,4200,16.96875,17.0,17.03125,16.96875,8.713617324829102
1998-06-22,6000,17.0625,16.96875,17.0625,16.9375,8.69759750366211
1998-06-19,16200,17.71875,17.125,17.71875,17.125,8.77768611907959
1998-06-18,7800,17.875,17.71875,17.875,17.71875,9.082025527954102
1998-06-17,5400,18.09375,18.0,18.09375,18.0,9.226186752319336
1998-06-16,34000,18.0,18.03125,18.1875,17.96875,9.242199897766113
1998-06-15,25000,17.90625,17.9375,17.96875,17.71875,9.194151878356934
1998-06-12,38200,18.15625,17.96875,18.1875,17.9375,9.210164070129395
1998-06-11,23800,18.15625,18.1875,18.28125,18.125,9.322285652160645
1998-06-10,52600,18.09375,18.15625,18.5,18.03125,9.30627155303955
1998-06-09,19400,18.125,18.21875,18.25,18.0,9.338305473327637
1998-06-08,86200,17.46875,18.125,18.25,17.46875,9.290250778198242
1998-06-05,18800,17.46875,17.46875,17.46875,17.40625,8.953882217407227
1998-06-04,26800,17.40625,17.4375,17.4375,17.375,8.9378662109375
1998-06-03,25200,17.40625,17.40625,17.40625,17.375,8.921845436096191
1998-06-02,12400,17.4375,17.4375,17.5,17.40625,8.9378662109375
1998-06-01,16200,17.3125,17.46875,17.5,17.3125,8.953882217407227
1998-05-29,8800,17.46875,17.4375,17.46875,17.4375,8.9378662109375
1998-05-28,62400,17.03125,17.40625,17.40625,17.0,8.921845436096191
1998-05-27,31200,17.0,17.15625,17.15625,17.0,8.793704986572266
1998-05-26,11600,16.96875,17.0,17.0625,16.90625,8.713617324829102
1998-05-22,37000,17.0625,17.03125,17.1875,16.90625,8.729636192321777
1998-05-21,41600,17.0,17.125,17.125,16.96875,8.77768611907959
1998-05-20,7400,17.09375,17.09375,17.125,17.0625,8.761672973632812
1998-05-19,13400,17.03125,17.15625,17.25,17.03125,8.793704986572266
1998-05-18,8400,17.03125,17.09375,17.1875,17.03125,8.761672973632812
1998-05-15,18400,17.125,17.09375,17.21875,17.0625,8.761672973632812
1998-05-14,13800,17.21875,17.125,17.21875,17.03125,8.77768611907959
1998-05-13,14400,16.84375,17.1875,17.1875,16.84375,8.809722900390625
1998-05-12,19200,17.03125,17.0,17.15625,16.84375,8.611103057861328
1998-05-11,13200,17.25,17.09375,17.25,17.09375,8.65859603881836
1998-05-08,3600,17.1875,17.25,17.25,17.1875,8.737738609313965
1998-05-07,13000,17.15625,17.15625,17.1875,17.125,8.690252304077148
1998-05-06,25800,17.3125,17.25,17.375,17.25,8.737738609313965
1998-05-05,33400,17.5,17.1875,17.5,17.125,8.706079483032227
1998-05-04,83800,18.125,17.625,18.125,17.40625,8.927689552307129
1998-05-01,41000,17.875,18.09375,18.25,17.75,9.165128707885742
1998-04-30,76000,17.21875,17.8125,17.8125,17.21875,9.022664070129395
1998-04-29,48600,17.25,17.21875,17.28125,17.1875,8.721911430358887
1998-04-28,11600,17.3125,17.34375,17.40625,17.28125,8.785223960876465
1998-04-27,33400,17.40625,17.25,17.46875,17.09375,8.737738609313965
1998-04-24,24000,17.34375,17.5,17.5,17.34375,8.864375114440918
1998-04-23,19600,17.34375,17.34375,17.34375,17.21875,8.785223960876465
1998-04-22,32800,17.25,17.40625,17.4375,17.25,8.816883087158203
1998-04-21,21400,17.96875,17.59375,18.0,17.5625,8.91186237335205
1998-04-20,27800,18.34375,18.09375,18.375,18.09375,9.165128707885742
1998-04-17,104800,18.4375,18.4375,18.53125,18.375,9.339249610900879
1998-04-16,70800,18.25,18.5,18.84375,18.25,9.370906829833984
1998-04-15,67000,17.625,18.25,18.25,17.625,9.244274139404297
1998-04-14,35800,17.125,17.5,17.625,17.09375,8.864375114440918
1998-04-13,66000,17.0,17.09375,17.125,17.0,8.65859603881836
1998-04-09,41000,16.84375,16.96875,16.96875,16.65625,8.595271110534668
1998-04-08,38200,16.625,16.6875,16.96875,16.625,8.452815055847168
1998-04-07,45200,16.90625,16.625,16.96875,16.625,8.421147346496582
1998-04-06,42000,16.875,16.8125,16.875,16.65625,8.516128540039062
1998-04-03,37400,16.59375,16.9375,16.9375,16.59375,8.579446792602539
1998-04-02,46000,16.28125,16.59375,16.75,16.1875,8.405325889587402
1998-04-01,25400,15.75,16.28125,16.3125,15.75,8.247029304504395
1998-03-31,24200,15.625,15.6875,15.75,15.59375,7.946274757385254
1998-03-30,34400,15.5,15.5625,15.5625,15.5,7.882956027984619
1998-03-27,40200,15.53125,15.5,15.53125,15.46875,7.8513007164001465
1998-03-26,141200,15.3125,15.5625,15.5625,15.1875,7.882956027984619
1998-03-25,60600,15.59375,15.375,15.59375,15.25,7.787985324859619
1998-03-24,74000,15.25,15.46875,15.625,15.25,7.835470676422119
1998-03-23,39800,14.875,15.0,15.09375,14.8125,7.598030090332031
1998-03-20,41400,14.71875,14.875,15.0,14.71875,7.534713268280029
1998-03-19,107600,14.65625,14.75,14.75,14.625,7.471397876739502
1998-03-18,45600,14.8125,14.65625,14.84375,14.625,7.423911094665527
1998-03-17,100400,15.0625,14.875,15.0625,14.75,7.534713268280029
1998-03-16,63600,15.5,15.34375,15.5,15.0,7.772157192230225
1998-03-13,32200,15.8125,15.5,15.8125,15.46875,7.8513007164001465
1998-03-12,42600,15.8125,15.8125,15.84375,15.6875,8.009590148925781
1998-03-11,49200,15.96875,15.875,15.96875,15.875,8.041251182556152
1998-03-10,34200,16.28125,15.96875,16.28125,15.875,8.088740348815918
1998-03-09,91600,16.0625,16.28125,16.71875,16.0625,8.247029304504395
1998-03-06,81000,16.46875,16.03125,16.75,16.03125,8.120397567749023
1998-03-05,31200,16.1875,16.40625,16.40625,16.1875,8.310342788696289
1998-03-04,21200,16.46875,16.28125,16.46875,16.25,8.247029304504395
1998-03-03,22000,16.40625,16.46875,16.5625,16.28125,8.34200668334961
1998-03-02,37400,16.125,16.46875,16.46875,16.125,8.34200668334961
1998-02-27,34200,15.5,15.75,15.75,15.375,7.977931499481201
1998-02-26,14200,15.3125,15.5,15.5,15.28125,7.8513007164001465
1998-02-25,13600,15.125,15.3125,15.3125,15.125,7.756321907043457
1998-02-24,40200,15.03125,15.0625,15.15625,14.96875,7.629693031311035
1998-02-23,30800,14.90625,15.0,15.15625,14.90625,7.598030090332031
1998-02-20,28600,15.0,14.84375,15.0,14.75,7.51888370513916
1998-02-19,49600,15.03125,14.96875,15.03125,14.859379768371582,7.582200050354004
1998-02-18,28600,15.125,15.0,15.1875,14.9375,7.598030090332031
1998-02-17,28800,15.21875,15.0625,15.21875,15.03125,7.629693031311035
1998-02-13,35600,15.125,15.28125,15.5,15.125,7.740494728088379
1998-02-12,11200,15.15625,15.1875,15.1875,15.0,7.693007469177246
1998-02-11,44200,14.71875,15.21875,15.3125,14.71875,7.708840370178223
1998-02-10,27400,14.6875,14.78125,14.90625,14.6875,7.385921955108643
1998-02-09,39400,14.625,14.65625,14.8125,14.625,7.323461055755615
1998-02-06,5800,14.5,14.65625,14.65625,14.4375,7.323461055755615
1998-02-05,26000,14.5,14.53125,14.53125,14.34375,7.26099967956543
1998-02-04,18000,14.4375,14.375,14.46875,14.09375,7.18292760848999
1998-02-03,92800,14.34375,14.3125,14.5625,14.25,7.151697158813477
1998-02-02,72400,15.0,14.3125,15.0625,14.28125,7.151697158813477
1998-01-30,32400,15.0,15.0,15.0625,14.96875,7.495223045349121
1998-01-29,9400,14.96875,15.03125,15.0625,14.96875,7.5108442306518555
1998-01-28,69600,14.9375,15.0625,15.125,14.9375,7.526456356048584
1998-01-27,26600,15.0,14.8125,15.0625,14.8125,7.401537895202637
1998-01-26,21200,14.9375,14.9375,15.03125,14.9375,7.463996887207031
1998-01-23,33200,14.8125,14.875,14.9375,14.8125,7.432765483856201
1998-01-22,30200,14.96875,14.8125,14.96875,14.8125,7.401537895202637
1998-01-21,40800,15.5,14.96875,15.5,14.8125,7.479607105255127
1998-01-20,17800,15.59375,15.375,15.59375,15.15625,7.682606220245361
1998-01-16,72800,15.5,15.5625,15.75,15.375,7.776294708251953
1998-01-15,46800,15.21875,15.4375,15.5625,15.21875,7.713837623596191
1998-01-14,35800,14.8125,15.125,15.125,14.625,7.557687759399414
1998-01-13,14000,14.78125,14.75,14.78125,14.75,7.370305061340332
1998-01-12,27400,14.65625,14.65625,14.875,14.65625,7.323461055755615
1998-01-09,30000,15.5625,14.71875,15.5625,14.6875,7.354690074920654
1998-01-08,19600,15.71875,15.5625,15.71875,15.5625,7.776294708251953
1998-01-07,61200,16.09375,15.71875,16.09375,15.6875,7.854372501373291
1998-01-06,18000,16.09375,16.0625,16.28125,16.0625,8.026139259338379
1998-01-05,96800,16.21875,16.0625,16.28125,16.0,8.026139259338379
1998-01-02,66200,16.28125,16.15625,16.3125,16.09375,8.072982788085938
1997-12-31,39200,16.46875,16.25,16.46875,16.25,8.119828224182129
1997-12-30,15600,16.5,16.34375,16.5625,16.34375,8.166671752929688
1997-12-29,39200,16.5625,16.46875,16.5625,16.34375,8.229135513305664
1997-12-26,13600,16.09375,16.3125,16.3125,16.09375,8.151056289672852
1997-12-24,17800,16.3125,16.15625,16.34375,16.125,8.072982788085938
1997-12-23,36200,15.8125,16.1875,16.25,15.8125,8.088601112365723
1997-12-22,56800,15.21875,15.9375,15.9375,15.21875,7.96367883682251
1997-12-19,28600,15.6875,15.25,15.6875,15.21875,7.620148181915283
1997-12-18,53200,16.4375,15.8125,16.4375,15.8125,7.901217460632324
1997-12-17,35400,16.90625,16.5625,16.96875,16.34375,8.275978088378906
1997-12-16,17800,16.96875,16.96875,16.96875,16.9375,8.478971481323242
1997-12-15,53400,16.8125,17.0,17.0,16.8125,8.494589805603027
1997-12-12,15800,16.59375,16.78125,16.8125,16.53125,8.385285377502441
1997-12-11,24600,16.71875,16.5,16.75,16.4375,8.244750022888184
1997-12-10,46400,16.84375,16.8125,16.84375,16.5,8.400901794433594
1997-12-09,33800,16.96875,17.0,17.0,16.875,8.494589805603027
1997-12-08,16600,16.8125,16.96875,17.0,16.78125,8.478971481323242
1997-12-05,32800,17.0,16.9375,17.03125,16.9375,8.463359832763672
1997-12-04,40000,17.40625,17.09375,17.40625,17.0,8.541437149047852
1997-12-03,14800,17.375,17.375,17.4375,17.3125,8.681968688964844
1997-12-02,42800,17.375,17.4375,17.46875,17.375,8.713199615478516
1997-12-01,31400,17.4375,17.4375,17.53125,17.40625,8.713199615478516
1997-11-28,20800,17.625,17.625,17.71875,17.5625,8.806892395019531
1997-11-26,14000,17.75,17.71875,17.84375,17.6875,8.853734970092773
1997-11-25,19400,17.65625,17.65625,17.71875,17.625,8.822504997253418
1997-11-24,73200,18.03125,17.75,18.03125,17.75,8.86935043334961
1997-11-21,62400,18.1875,18.03125,18.25,17.875,9.009881973266602
1997-11-20,30400,18.40625,18.25,18.40625,18.25,9.119192123413086
1997-11-19,91200,18.46875,18.375,18.46875,18.34375,9.181655883789062
1997-11-18,13600,18.46875,18.40625,18.5,18.375,9.197266578674316
1997-11-17,87400,18.0,18.40625,18.46875,18.0,9.197266578674316
1997-11-14,15800,18.125,18.09375,18.125,18.03125,9.041117668151855
1997-11-13,51000,18.25,18.125,18.25,18.03125,9.056730270385742
1997-11-12,38000,18.125,18.25,18.25,18.0625,9.119192123413086
1997-11-11,13400,18.46875,18.375,18.46875,18.28125,9.081719398498535
1997-11-10,46800,18.25,18.4375,18.5,18.25,9.112605094909668
1997-11-07,87400,18.0625,18.125,18.15625,18.03125,8.958155632019043
1997-11-06,47400,18.09375,18.1875,18.375,18.09375,8.989043235778809
1997-11-05,47400,18.0,18.09375,18.1875,17.96875,8.942709922790527
1997-11-04,65600,17.8125,18.03125,18.1875,17.8125,8.91181755065918
1997-11-03,103600,17.5,17.875,18.0,17.5,8.834596633911133
1997-10-31,36400,16.75,17.375,17.375,16.75,8.58747386932373
1997-10-30,16600,16.59375,16.625,16.65625,16.53125,8.216788291931152
1997-10-29,26400,16.09375,16.59375,16.59375,16.09375,8.201345443725586
1997-10-28,74000,16.125,15.96875,16.125,15.15625,7.8924407958984375
1997-10-27,49600,17.125,16.25,17.21875,16.21875,8.031451225280762
1997-10-24,41600,16.71875,17.15625,17.25,16.71875,8.479357719421387
1997-10-23,39600,16.21875,16.625,16.625,16.21875,8.216788291931152
1997-10-22,36200,16.40625,16.34375,16.4375,16.25,8.077784538269043
1997-10-21,23600,16.53125,16.375,16.5625,16.3125,8.093230247497559
1997-10-20,12600,16.71875,16.53125,16.71875,16.375,8.170454978942871
1997-10-17,38800,16.90625,16.6875,16.90625,16.15625,8.247684478759766
1997-10-16,24600,17.5,17.0,17.5,16.90625,8.402132034301758
1997-10-15,17200,17.875,17.5,17.875,17.5,8.64925479888916
1997-10-14,69000,17.96875,17.90625,18.0,17.875,8.850038528442383
1997-10-13,14400,18.125,17.96875,18.125,17.9375,8.880928039550781
1997-10-10,22400,18.3125,18.125,18.3125,18.09375,8.958155632019043
1997-10-09,42400,18.78125,18.25,18.78125,18.0625,9.019936561584473
1997-10-08,41400,19.0625,18.78125,19.09375,18.75,9.282501220703125
1997-10-07,42400,18.75,19.0625,19.1875,18.71875,9.421507835388184
1997-10-06,70600,18.4375,18.875,19.375,18.4375,9.328840255737305
1997-10-03,109000,17.90625,18.3125,18.375,17.90625,9.050826072692871
1997-10-02,70800,17.3125,17.78125,17.875,17.21875,8.78825855255127
1997-10-01,55600,17.0,17.3125,17.3125,16.9375,8.556583404541016
1997-09-30,95200,17.0,16.9375,17.0,16.90625,8.371241569519043
1997-09-29,36200,17.09375,17.28125,17.3125,17.0625,8.541141510009766
1997-09-26,17800,17.3125,17.09375,17.3125,16.9375,8.448467254638672
1997-09-25,46200,17.125,17.25,17.25,17.0625,8.525693893432617
1997-09-24,46600,17.84375,17.1875,17.90625,17.15625,8.494803428649902
1997-09-23,279400,18.5,18.09375,18.75,17.875,8.942709922790527
1997-09-22,16800,17.75,17.3125,17.75,17.3125,8.556583404541016
1997-09-19,33000,17.28125,17.6875,17.78125,17.25,8.741922378540039
1997-09-18,32600,17.28125,17.40625,17.5,17.28125,8.60291862487793
1997-09-17,28200,16.78125,17.21875,17.25,16.78125,8.510247230529785
1997-09-16,52000,17.03125,16.875,17.03125,16.5625,8.340351104736328
1997-09-15,25600,16.875,16.96875,17.03125,16.875,8.38668441772461
1997-09-12,19400,16.53125,16.75,16.75,16.53125,8.278573989868164
1997-09-11,91200,16.84375,16.46875,16.84375,16.46875,8.139565467834473
1997-09-10,92000,16.59375,16.875,16.9375,16.53125,8.340351104736328
1997-09-09,136800,16.53125,16.59375,16.65625,16.4375,8.201345443725586
1997-09-08,80800,16.5,16.59375,16.75,16.4375,8.201345443725586
1997-09-05,14400,16.28125,16.5,16.5,16.21875,8.155009269714355
1997-09-04,12400,16.40625,16.28125,16.40625,16.21875,8.046893119812012
1997-09-03,23800,16.5,16.46875,16.6875,16.4375,8.139565467834473
1997-09-02,17000,16.65625,16.625,16.6875,16.59375,8.216788291931152
1997-08-29,61400,15.875,16.78125,17.0,15.875,8.29401683807373
1997-08-28,45000,15.25,16.0,16.0,15.25,7.907887935638428
1997-08-27,193000,14.875,15.1875,15.21875,14.84375,7.506317138671875
1997-08-26,29200,14.75,14.96875,15.125,14.75,7.398198127746582
1997-08-25,27400,14.84375,14.8125,14.90625,14.59375,7.320977210998535
1997-08-22,17200,15.1875,14.84375,15.1875,14.8125,7.336416244506836
1997-08-21,21200,15.25,15.21875,15.25,15.1875,7.521759986877441
1997-08-20,65200,15.09375,15.25,15.25,15.09375,7.537206649780273
1997-08-19,45800,15.25,15.15625,15.25,15.125,7.490872383117676
1997-08-18,78600,15.5625,15.25,15.5625,15.15625,7.537206649780273
1997-08-15,13600,15.625,15.5,15.625,15.5,7.660768985748291
1997-08-14,8400,15.625,15.59375,15.65625,15.59375,7.707101345062256
1997-08-13,16000,15.4375,15.5625,15.5625,15.4375,7.691656112670898
1997-08-12,51400,15.28125,15.5,15.59375,15.28125,7.561919689178467
1997-08-11,10400,15.21875,15.28125,15.28125,15.21875,7.455198287963867
1997-08-08,7800,15.28125,15.21875,15.3125,15.21875,7.424707412719727
1997-08-07,7200,15.125,15.3125,15.375,15.125,7.470441818237305
1997-08-06,9600,15.15625,15.09375,15.15625,14.96875,7.363724708557129
1997-08-05,7600,15.09375,15.09375,15.09375,15.0,7.363724708557129
1997-08-04,29400,15.21875,15.21875,15.28125,15.1875,7.424707412719727
1997-08-01,19600,15.1875,15.21875,15.21875,15.1875,7.424707412719727
1997-07-31,21600,15.03125,15.25,15.3125,15.03125,7.439950942993164
1997-07-30,27000,14.625,15.0,15.03125,14.625,7.3179826736450195
1997-07-29,23600,14.625,14.65625,14.6875,14.5625,7.150283336639404
1997-07-28,14000,14.65625,14.6875,14.75,14.625,7.165524482727051
1997-07-25,8000,14.78125,14.71875,14.8125,14.65625,7.1807708740234375
1997-07-24,26800,14.6875,14.8125,14.8125,14.6875,7.226513385772705
1997-07-23,17800,14.6875,14.6875,14.75,14.625,7.165524482727051
1997-07-22,41600,14.78125,14.75,14.875,14.71875,7.196020126342773
1997-07-21,55400,15.03125,14.71875,15.09375,14.625,7.1807708740234375
1997-07-18,40200,15.25,15.03125,15.25,14.8125,7.333232402801514
1997-07-17,43200,15.375,15.375,15.625,15.34375,7.500933647155762
1997-07-16,84200,15.0,15.4375,15.4375,15.0,7.531426429748535
1997-07-15,109200,14.25,14.9375,15.0,14.25,7.28749418258667
1997-07-14,43400,13.84375,13.96875,14.125,13.8125,6.814873218536377
1997-07-11,16200,13.6875,13.78125,13.84375,13.6875,6.723397731781006
1997-07-10,23600,13.4375,13.625,13.625,13.4375,6.647171974182129
1997-07-09,12000,13.75,13.5625,13.75,13.5625,6.6166791915893555
1997-07-08,22400,13.8125,13.8125,13.9375,13.6875,6.738645553588867
1997-07-07,77600,14.0,13.875,14.0,13.875,6.769137859344482
1997-07-03,4400,13.9375,13.96875,14.0,13.9375,6.814873218536377
1997-07-02,13600,13.9375,13.875,13.9375,13.875,6.769137859344482
1997-07-01,39400,14.1875,13.875,14.1875,13.78125,6.769137859344482
1997-06-30,131400,13.5625,14.1875,14.25,13.375,6.921592712402344
1997-06-27,40400,13.4375,13.4375,13.5,13.375,6.555698394775391
1997-06-26,15000,13.5625,13.5,13.59375,13.5,6.586184501647949
1997-06-25,34600,13.65625,13.5,13.65625,13.375,6.586184501647949
1997-06-24,39000,12.96875,13.625,13.75,12.96875,6.647171974182129
1997-06-23,26600,12.6875,12.9375,13.0,12.6875,6.311761379241943
1997-06-20,12200,12.375,12.5625,12.6875,12.375,6.12881326675415
1997-06-19,19000,12.5,12.375,12.5625,12.3125,6.0373382568359375
1997-06-18,12000,12.375,12.375,12.375,12.3125,6.0373382568359375
1997-06-17,19600,12.375,12.25,12.375,12.25,5.976354122161865
1997-06-16,41200,12.25,12.375,12.375,12.1875,6.0373382568359375
1997-06-13,14400,12.1875,12.375,12.4375,12.1875,6.0373382568359375
1997-06-12,36000,12.25,12.1875,12.25,12.1875,5.945864200592041
1997-06-11,39000,12.1875,12.1875,12.25,12.1875,5.945864200592041
1997-06-10,28800,12.1875,12.0625,12.25,12.0625,5.884880065917969
1997-06-09,50200,12.1875,12.25,12.25,12.1875,5.976354122161865
1997-06-06,12400,12.0625,12.1875,12.375,12.0625,5.945864200592041
1997-06-05,28000,11.875,12.0,12.0,11.875,5.854389667510986
1997-06-04,41200,11.8125,11.875,11.875,11.8125,5.793406963348389
1997-06-03,16800,12.0,11.75,12.0,11.6875,5.732423782348633
1997-06-02,61800,12.0625,11.9375,12.125,11.9375,5.823896884918213
1997-05-30,26000,12.25,12.0625,12.3125,12.0625,5.884880065917969
1997-05-29,15600,12.0,12.25,12.25,12.0,5.976354122161865
1997-05-28,135000,11.5625,11.875,11.875,11.5,5.793406963348389
1997-05-27,81800,12.1875,11.625,12.1875,11.5,5.671439170837402
1997-05-23,27200,12.3125,12.1875,12.3125,12.125,5.945864200592041
1997-05-22,35800,12.1875,12.1875,12.25,12.1875,5.945864200592041
1997-05-21,47600,12.375,12.25,12.5,12.25,5.976354122161865
1997-05-20,11000,12.375,12.375,12.375,12.3125,6.0373382568359375
1997-05-19,4600,12.3125,12.4375,12.4375,12.25,6.067831039428711
1997-05-16,23800,12.25,12.375,12.375,12.125,6.0373382568359375
1997-05-15,23000,12.0,12.1875,12.25,12.0,5.945864200592041
1997-05-14,12000,12.1875,12.0625,12.1875,12.0,5.884880065917969
1997-05-13,10800,12.125,12.125,12.1875,12.0625,5.915372371673584
1997-05-12,5200,12.375,12.3125,12.375,12.3125,5.909275054931641
1997-05-09,13400,12.4375,12.25,12.5,12.25,5.879278182983398
1997-05-08,6600,12.4375,12.375,12.4375,12.375,5.93927001953125
1997-05-07,16600,12.5625,12.375,12.5625,12.375,5.93927001953125
1997-05-06,20000,12.6875,12.5625,12.6875,12.5625,6.029261112213135
1997-05-05,31000,13.0,12.8125,13.0,12.6875,6.1492438316345215
1997-05-02,19400,12.4375,12.875,12.875,12.375,6.179240703582764
1997-05-01,43000,12.25,12.375,12.5625,12.25,5.93927001953125
1997-04-30,41800,11.6875,12.125,12.25,11.6875,5.8192830085754395
1997-04-29,29600,11.6875,11.6875,11.75,11.625,5.609310150146484
1997-04-28,47800,11.6875,11.625,11.875,11.625,5.579317092895508
1997-04-25,26200,11.875,11.625,11.9375,11.625,5.579317092895508
1997-04-24,21200,12.625,12.0,12.625,12.0,5.759293556213379
1997-04-23,32400,13.0,12.625,13.0,12.625,6.059256076812744
1997-04-22,6000,13.3125,13.125,13.3125,13.125,6.299225807189941
1997-04-21,75600,13.6875,13.4375,13.6875,13.4375,6.449206352233887
1997-04-18,68600,13.3125,13.75,13.75,13.3125,6.599185943603516
1997-04-17,39200,13.375,13.3125,13.375,13.3125,6.3892130851745605
1997-04-16,23600,13.4375,13.4375,13.5,13.125,6.449206352233887
1997-04-15,50800,13.4375,13.5,13.5,13.4375,6.479204177856445
1997-04-14,32200,14.0,13.5625,14.0,13.5,6.509201526641846
1997-04-11,9400,14.125,14.0625,14.125,14.0625,6.749171257019043
1997-04-10,22000,14.0625,14.1875,14.25,14.0,6.8091607093811035
1997-04-09,238800,14.25,14.125,14.25,14.0625,6.779165267944336
1997-04-08,77000,13.875,14.0,14.25,13.875,6.719175815582275
1997-04-07,22000,13.25,13.6875,13.6875,13.125,6.569192409515381
1997-04-04,5600,13.1875,13.1875,13.25,13.125,6.329222679138184
1997-04-03,8600,13.25,13.3125,13.3125,13.25,6.3892130851745605
1997-04-02,7800,13.375,13.25,13.375,13.25,6.359217643737793
1997-04-01,12000,13.3125,13.4375,13.4375,13.3125,6.449206352233887
1997-03-31,37600,13.375,13.3125,13.5,13.25,6.3892130851745605
1997-03-27,78600,13.3125,13.5,13.5625,13.3125,6.479204177856445
1997-03-26,24600,13.5,13.375,13.5,13.3125,6.419209957122803
1997-03-25,110000,13.75,13.4375,13.75,13.375,6.449206352233887
1997-03-24,12400,12.625,12.9375,12.9375,12.625,6.2092366218566895
1997-03-21,5000,12.625,12.625,12.6875,12.5625,6.059256076812744
1997-03-20,37800,12.5625,12.5,12.5625,12.4375,5.999263763427734
1997-03-19,6400,12.75,12.625,12.75,12.5625,6.059256076812744
1997-03-18,3000,12.6875,12.6875,12.75,12.6875,6.089252948760986
1997-03-17,10400,12.75,12.6875,12.75,12.625,6.089252948760986
1997-03-14,28200,13.125,12.8125,13.1875,12.8125,6.1492438316345215
1997-03-13,21800,13.3125,13.125,13.5,13.125,6.299225807189941
1997-03-12,53800,13.125,13.4375,13.5,13.125,6.449206352233887
1997-03-11,16000,12.8125,13.0,13.0,12.8125,6.239233493804932
1997-03-10,33800,12.6875,12.6875,12.75,12.625,6.089252948760986
1997-03-07,38600,12.3125,12.625,12.8125,12.3125,6.059256076812744
1997-03-06,7400,12.1875,12.25,12.25,12.1875,5.879278182983398
1997-03-05,9600,11.9375,12.1875,12.1875,11.9375,5.849282741546631
1997-03-04,24200,12.0625,11.875,12.0625,11.875,5.699301242828369
1997-03-03,92200,11.625,11.9375,11.9375,11.625,5.72929573059082
1997-02-28,87400,11.6875,11.625,11.6875,11.625,5.579317092895508
1997-02-27,39400,12.375,11.6875,12.375,11.6875,5.609310150146484
1997-02-26,8400,12.4375,12.4375,12.4375,12.375,5.96926736831665
1997-02-25,5400,12.4375,12.4375,12.4375,12.375,5.96926736831665
1997-02-24,12400,12.4375,12.4375,12.4375,12.375,5.96926736831665
1997-02-21,9200,12.25,12.25,12.25,12.1875,5.879278182983398
1997-02-20,18000,12.5,12.3125,12.5,12.3125,5.909275054931641
1997-02-19,42200,12.375,12.5,12.6875,12.375,5.999263763427734
1997-02-18,18600,12.3125,12.375,12.4375,12.3125,5.93927001953125
1997-02-14,44600,12.4375,12.375,12.4375,12.375,5.93927001953125
1997-02-13,44600,12.625,12.4375,12.6875,12.4375,5.96926736831665
1997-02-12,19600,12.75,12.5625,12.75,12.375,6.029261112213135
1997-02-11,38600,12.8125,12.8125,12.8125,12.75,6.053255558013916
1997-02-10,55800,12.8125,12.6875,12.8125,12.5625,5.994201183319092
1997-02-07,34800,12.875,12.75,12.9375,12.5625,6.023725509643555
1997-02-06,17600,13.0,12.9375,13.0,12.875,6.112311840057373
1997-02-05,25000,13.3125,13.125,13.3125,13.0,6.200896739959717
1997-02-04,12200,13.4375,13.375,13.4375,13.1875,6.319007873535156
1997-02-03,85800,13.0,13.3125,13.4375,13.0,6.289480209350586
1997-01-31,13600,12.75,12.9375,12.9375,12.75,6.112311840057373
1997-01-30,13000,12.8125,12.8125,12.875,12.8125,6.053255558013916
1997-01-29,30000,12.625,12.75,12.875,12.4375,6.023725509643555
1997-01-28,21200,12.6875,12.5625,12.8125,12.5625,5.935145854949951
1997-01-27,22200,13.0,12.75,13.0,12.75,6.023725509643555
1997-01-24,12800,12.625,13.0,13.0,12.625,6.141840934753418
1997-01-23,22200,13.1875,12.625,13.1875,12.5625,5.964672565460205
1997-01-22,15200,13.375,13.3125,13.375,13.3125,6.289480209350586
1997-01-21,152000,13.5,13.4375,13.8125,13.4375,6.348536491394043
1997-01-20,176400,13.125,13.625,13.875,13.125,6.437119960784912
1997-01-17,173200,12.375,13.0,13.125,12.375,6.141840934753418
1997-01-16,127400,12.125,12.3125,12.4375,12.125,5.817032814025879
1997-01-15,8200,12.0625,12.0,12.0625,12.0,5.6693925857543945
1997-01-14,70600,12.4375,12.0,12.4375,12.0,5.6693925857543945
1997-01-13,26200,12.125,12.4375,12.4375,12.125,5.876088619232178
1997-01-10,44600,12.0625,12.0625,12.125,11.875,5.698919296264648
1997-01-09,9600,12.3125,12.1875,12.375,12.125,5.75797700881958
1997-01-08,11400,12.3125,12.3125,12.375,12.3125,5.817032814025879
1997-01-07,163600,12.6875,12.375,12.6875,11.5625,5.846559524536133
1997-01-06,107200,12.375,12.75,12.8125,12.375,6.023725509643555
1997-01-03,130000,12.5,12.3125,12.5,12.25,5.817032814025879
1997-01-02,116000,11.9375,12.5,12.5,11.9375,5.905616760253906
1996-12-31,30600,12.0,12.0,12.125,11.875,5.6693925857543945
1996-12-30,39600,11.3125,11.9375,12.1875,11.3125,5.63986349105835
1996-12-27,69000,11.1875,11.1875,11.25,10.875,5.285525798797607
1996-12-26,21600,11.25,11.3125,11.3125,11.25,5.344583988189697
1996-12-24,30200,11.1875,11.3125,11.3125,11.125,5.344583988189697
1996-12-23,214000,11.3125,11.1875,11.375,11.0625,5.285525798797607
1996-12-20,196200,10.25,11.25,11.375,10.1875,5.315056800842285
1996-12-19,35200,9.1875,9.5,9.5,9.125,4.488269329071045
1996-12-18,20200,9.1875,9.125,9.1875,8.9375,4.311099052429199
1996-12-17,2000,9.3125,9.25,9.3125,9.25,4.370155334472656
1996-12-16,14200,9.375,9.3125,9.4375,9.25,4.39968204498291
1996-12-13,2200,9.5,9.4375,9.5,9.4375,4.458739757537842
1996-12-12,12800,9.375,9.5,9.5,9.3125,4.488269329071045
1996-12-11,20000,9.375,9.375,9.4375,9.3125,4.429210662841797
1996-12-10,8600,9.5,9.375,9.5,9.375,4.429210662841797
1996-12-09,4400,9.3125,9.4375,9.4375,9.3125,4.458739757537842
1996-12-06,24400,9.25,9.25,9.3125,9.25,4.370155334472656
1996-12-05,11800,9.25,9.3125,9.375,9.25,4.39968204498291
1996-12-04,34800,9.1875,9.125,9.1875,9.0625,4.311099052429199
1996-12-03,31400,9.1875,9.1875,9.4375,9.1875,4.340628147125244
1996-12-02,54800,9.25,9.1875,9.25,9.0625,4.340628147125244
1996-11-29,1400,9.125,9.125,9.125,9.125,4.311099052429199
1996-11-27,7000,9.0625,9.125,9.125,9.0625,4.311099052429199
1996-11-26,20400,9.0625,9.125,9.125,9.0,4.311099052429199
1996-11-25,6800,8.8125,8.9375,8.9375,8.8125,4.222516059875488
1996-11-22,5200,8.875,8.875,8.875,8.8125,4.19298791885376
1996-11-21,15400,8.75,8.8125,8.875,8.75,4.1634602546691895
1996-11-20,11200,8.6875,8.75,8.8125,8.6875,4.133932113647461
1996-11-19,19600,9.0,8.6875,9.0,8.6875,4.104403018951416
1996-11-18,12400,9.0625,8.9375,9.0625,8.9375,4.222516059875488
1996-11-15,2200,9.0,9.125,9.125,9.0,4.311099052429199
1996-11-14,14200,9.0625,9.0625,9.0625,9.0625,4.281571388244629
1996-11-13,115000,9.125,9.0,9.125,9.0,4.252044200897217
1996-11-12,5400,9.125,9.125,9.1875,9.125,4.216610908508301
1996-11-11,4800,9.1875,9.1875,9.1875,9.1875,4.2454915046691895
1996-11-08,5200,9.1875,9.125,9.1875,9.125,4.216610908508301
1996-11-07,20600,9.125,9.125,9.3125,9.125,4.216610908508301
1996-11-06,5200,9.0625,9.09375,9.125,9.0625,4.202169418334961
1996-11-05,3200,9.0625,9.125,9.125,9.0625,4.216610908508301
1996-11-04,5800,9.125,9.0625,9.125,9.0625,4.1877288818359375
1996-11-01,7200,9.125,9.0625,9.125,9.0625,4.1877288818359375
1996-10-31,13000,9.0625,9.125,9.1875,9.0625,4.216610908508301
1996-10-30,12400,9.125,9.125,9.125,9.0,4.216610908508301
1996-10-29,12200,9.1875,9.0625,9.1875,9.0625,4.1877288818359375
1996-10-28,8800,9.3125,9.25,9.3125,9.1875,4.2743706703186035
1996-10-25,5400,9.5,9.4375,9.5,9.4375,4.361013889312744
1996-10-24,6200,9.375,9.375,9.375,9.375,4.332132816314697
1996-10-23,17200,9.375,9.375,9.5,9.375,4.332132816314697
1996-10-22,10000,9.5,9.375,9.5,9.3125,4.332132816314697
1996-10-21,11400,9.5625,9.4375,9.625,9.4375,4.361013889312744
1996-10-18,15000,9.5625,9.5,9.5625,9.5,4.389895915985107
1996-10-17,44600,9.375,9.4375,9.5,9.375,4.361013889312744
1996-10-16,26400,9.375,9.4375,9.4375,9.375,4.361013889312744
1996-10-15,11800,9.25,9.3125,9.3125,9.25,4.30325174331665
1996-10-14,30400,9.0625,9.3125,9.3125,9.0625,4.30325174331665
1996-10-11,7600,9.0625,9.0,9.125,9.0,4.158848762512207
1996-10-10,33600,9.125,9.0,9.125,9.0,4.158848762512207
1996-10-09,32400,9.0625,9.0625,9.1875,9.0625,4.1877288818359375
1996-10-08,52000,9.0,9.125,9.125,9.0,4.216610908508301
1996-10-07,12200,8.9375,8.9375,9.0,8.875,4.129967212677002
1996-10-04,6600,8.875,8.875,8.875,8.8125,4.101085662841797
1996-10-03,12800,8.9375,8.9375,8.9375,8.875,4.129967212677002
1996-10-02,7400,8.8125,8.875,8.875,8.8125,4.101085662841797
1996-10-01,31000,8.6875,8.875,8.875,8.6875,4.101085662841797
1996-09-30,22600,8.6875,8.625,8.75,8.625,3.985563278198242
1996-09-27,5400,8.625,8.625,8.625,8.625,3.985563278198242
1996-09-26,3600,8.6875,8.625,8.6875,8.625,3.985563278198242
1996-09-25,4600,8.5625,8.625,8.625,8.5625,3.985563278198242
1996-09-24,66800,8.625,8.625,8.6875,8.5625,3.985563278198242
1996-09-23,25600,8.5,8.375,8.5,8.375,3.8700389862060547
1996-09-20,27400,8.4375,8.5625,8.5625,8.3125,3.956681251525879
1996-09-19,40000,8.5625,8.375,8.5625,8.25,3.8700389862060547
1996-09-18,9000,8.5625,8.5,8.5625,8.4375,3.927799701690674
1996-09-17,11000,8.8125,8.5625,8.875,8.5625,3.956681251525879
1996-09-16,9800,8.9375,8.875,8.9375,8.8125,4.101085662841797
1996-09-13,9000,9.125,9.0,9.125,9.0,4.158848762512207
1996-09-12,37800,8.8125,9.0625,9.0625,8.8125,4.1877288818359375
1996-09-11,7800,8.8125,8.875,8.875,8.8125,4.101085662841797
1996-09-10,10200,8.875,8.875,8.9375,8.8125,4.101085662841797
1996-09-09,19200,8.875,8.75,8.9375,8.75,4.043324947357178
1996-09-06,43000,8.75,8.875,8.875,8.75,4.101085662841797
1996-09-05,33400,8.625,8.75,8.8125,8.625,4.043324947357178
1996-09-04,3600,8.5625,8.5625,8.5625,8.5,3.956681251525879
1996-09-03,25000,8.1875,8.5625,8.5625,8.1875,3.956681251525879
1996-08-30,5600,8.1875,8.125,8.21875,8.125,3.754514455795288
1996-08-29,13000,8.25,8.25,8.25,8.1875,3.8122775554656982
1996-08-28,21600,8.0,8.1875,8.25,8.0,3.7833964824676514
1996-08-27,55000,7.75,7.9375,7.9375,7.75,3.667872905731201
1996-08-26,8400,7.75,7.75,7.8125,7.75,3.5812301635742188
1996-08-23,38400,7.6875,7.75,7.75,7.6875,3.5812301635742188
1996-08-22,28600,7.8125,7.75,7.8125,7.75,3.5812301635742188
1996-08-21,77600,7.6875,7.6875,7.75,7.5625,3.552349805831909
1996-08-20,166400,7.5,7.625,7.625,7.4375,3.523467779159546
1996-08-19,58400,7.375,7.4375,7.4375,7.3125,3.4368252754211426
1996-08-16,15400,7.5,7.4375,7.5,7.375,3.4368252754211426
1996-08-15,2200,7.5625,7.5625,7.5625,7.5625,3.494586706161499
1996-08-14,1800,7.5,7.4375,7.5,7.4375,3.4368252754211426
1996-08-13,7200,7.5,7.5625,7.5625,7.5,3.402168035507202
1996-08-12,10400,7.5625,7.5625,7.5625,7.5,3.402168035507202
1996-08-09,52400,7.5,7.5,7.5625,7.5,3.3740506172180176
1996-08-08,109200,7.5625,7.5,7.5625,7.5,3.3740506172180176
1996-08-07,40000,7.6875,7.5625,7.6875,7.5625,3.402168035507202
1996-08-06,6400,7.6875,7.625,7.6875,7.625,3.4302852153778076
1996-08-05,11200,7.5625,7.625,7.625,7.5625,3.4302852153778076
1996-08-02,16600,7.5625,7.5625,7.5625,7.5625,3.402168035507202
1996-08-01,19600,7.6875,7.625,7.6875,7.625,3.4302852153778076
1996-07-31,50000,7.5,7.5,7.5625,7.5,3.3740506172180176
1996-07-30,9200,7.5,7.5625,7.5625,7.5,3.402168035507202
1996-07-29,31800,7.5,7.5,7.5,7.5,3.3740506172180176
1996-07-26,51600,7.625,7.5625,7.625,7.5,3.402168035507202
1996-07-25,46800,7.3125,7.625,7.75,7.25,3.4302852153778076
1996-07-24,29000,7.4375,7.25,7.4375,7.25,3.261582612991333
1996-07-23,13000,7.5,7.375,7.5,7.375,3.3178162574768066
1996-07-22,13400,7.5,7.5,7.6875,7.4375,3.3740506172180176
1996-07-19,46600,7.75,7.5,7.75,7.5,3.3740506172180176
1996-07-18,38200,7.75,7.6875,7.8125,7.6875,3.4584035873413086
1996-07-17,34400,7.4375,7.625,7.6875,7.4375,3.4302852153778076
1996-07-16,55800,7.625,7.375,7.625,7.1875,3.3178162574768066
1996-07-15,38000,7.5625,7.5,7.625,7.4375,3.3740506172180176
1996-07-12,23200,7.6875,7.625,7.6875,7.4375,3.4302852153778076
1996-07-11,74200,8.0,7.625,8.0,7.4375,3.4302852153778076
1996-07-10,84800,8.0625,7.875,8.0625,7.875,3.5427541732788086
1996-07-09,26600,8.0,8.0625,8.125,7.9375,3.6271047592163086
1996-07-08,4800,8.125,8.0625,8.125,8.0625,3.6271047592163086
1996-07-05,8000,8.1875,8.0625,8.1875,8.0,3.6271047592163086
1996-07-03,13000,8.375,8.25,8.375,8.25,3.7114570140838623
1996-07-02,15400,8.375,8.25,8.4375,8.25,3.7114570140838623
1996-07-01,13400,8.1875,8.375,8.375,8.1875,3.767690658569336
1996-06-28,81200,8.125,8.0625,8.25,8.0625,3.6271047592163086
1996-06-27,133800,8.0625,8.125,8.375,7.9375,3.655221939086914
1996-06-26,46800,8.0,8.0625,8.0625,7.9375,3.6271047592163086
1996-06-25,70200,8.5625,8.0625,8.59375,8.0,3.6271047592163086
1996-06-24,19600,8.5,8.5625,8.625,8.4375,3.8520419597625732
1996-06-21,45400,8.625,8.375,8.625,8.375,3.767690658569336
1996-06-20,69400,8.6875,8.5625,8.6875,8.5,3.8520419597625732
1996-06-19,16800,8.75,8.75,8.8125,8.6875,3.936393976211548
1996-06-18,37400,8.75,8.75,8.8125,8.6875,3.936393976211548
1996-06-17,4400,8.875,8.8125,8.875,8.75,3.9645121097564697
1996-06-14,5000,8.875,8.875,8.875,8.875,3.9926273822784424
1996-06-13,6600,8.9375,8.9375,8.9375,8.875,4.020744800567627
1996-06-12,7600,9.0625,9.0,9.0625,9.0,4.048861980438232
1996-06-11,30200,9.0,8.9375,9.0,8.9375,4.020744800567627
1996-06-10,0,8.9375,8.9375,8.9375,8.9375,4.020744800567627
1996-06-07,3600,8.9375,8.9375,8.9375,8.9375,4.020744800567627
1996-06-06,66600,9.0625,9.0,9.125,9.0,4.048861980438232
1996-06-05,39800,9.125,9.125,9.125,9.0625,4.105096817016602
1996-06-04,3600,9.125,9.0625,9.125,9.0625,4.076979160308838
1996-06-03,15200,9.125,9.0625,9.125,9.0,4.076979160308838
1996-05-31,17200,9.1875,9.125,9.1875,9.0,4.105096817016602
1996-05-30,600,9.125,9.125,9.125,9.125,4.105096817016602
1996-05-29,28000,9.25,9.125,9.25,9.125,4.105096817016602
1996-05-28,6000,9.3125,9.3125,9.3125,9.25,4.189446449279785
1996-05-24,1600,9.3125,9.3125,9.3125,9.3125,4.189446449279785
1996-05-23,32000,9.375,9.3125,9.375,9.25,4.189446449279785
1996-05-22,17600,9.3125,9.3125,9.375,9.3125,4.189446449279785
1996-05-21,26200,9.3125,9.25,9.3125,9.25,4.16132926940918
1996-05-20,21000,9.4375,9.375,9.4375,9.3125,4.217563629150391
1996-05-17,683000,9.375,9.375,9.375,9.125,4.217563629150391
1996-05-16,10600,9.3125,9.375,9.4375,9.3125,4.217563629150391
1996-05-15,7400,9.25,9.25,9.25,9.25,4.16132926940918
1996-05-14,3800,9.375,9.3125,9.375,9.3125,4.189446449279785
1996-05-13,1600,9.3125,9.3125,9.3125,9.25,4.189446449279785
1996-05-10,9200,9.375,9.375,9.40625,9.375,4.127589225769043
1996-05-09,3200,9.375,9.375,9.4375,9.375,4.127589225769043
1996-05-08,14600,9.5,9.4375,9.5,9.375,4.1551055908203125
1996-05-07,41600,9.5625,9.5625,9.625,9.5,4.210142135620117
1996-05-06,89400,9.5,9.5625,9.5625,9.375,4.210142135620117
1996-05-03,64400,9.625,9.5625,9.625,9.5,4.210142135620117
1996-05-02,29400,9.375,9.5,9.625,9.375,4.182625770568848
1996-05-01,178000,8.8125,9.3125,9.3125,8.8125,4.100072383880615
1996-04-30,5600,8.8125,8.75,8.8125,8.6875,3.8524177074432373
1996-04-29,4800,8.875,8.8125,8.875,8.75,3.8799355030059814
1996-04-26,2600,8.8125,8.875,8.875,8.8125,3.9074513912200928
1996-04-25,24600,8.9375,8.875,8.9375,8.875,3.9074513912200928
1996-04-24,4200,8.9375,8.9375,8.9375,8.9375,3.934969186782837
1996-04-23,3400,8.875,8.9375,8.9375,8.875,3.934969186782837
1996-04-22,4800,8.875,8.9375,8.9375,8.875,3.934969186782837
1996-04-19,12800,8.9375,8.875,8.9375,8.8125,3.9074513912200928
1996-04-18,13600,9.0,8.875,9.0,8.8125,3.9074513912200928
1996-04-17,10600,9.0625,8.9375,9.0625,8.9375,3.934969186782837
1996-04-16,35600,9.125,9.0625,9.125,9.0625,3.990002393722534
1996-04-15,16000,9.0625,9.125,9.125,9.0,4.017520904541016
1996-04-12,12400,9.125,9.125,9.125,9.0625,4.017520904541016
1996-04-11,7000,9.09375,9.125,9.125,9.09375,4.017520904541016
1996-04-10,9600,9.125,9.0625,9.1875,9.0625,3.990002393722534
1996-04-09,10800,9.25,9.25,9.25,9.1875,4.0725555419921875
1996-04-08,6800,9.3125,9.25,9.3125,9.25,4.0725555419921875
1996-04-04,11000,9.25,9.25,9.3125,9.25,4.0725555419921875
1996-04-03,37400,9.125,9.125,9.125,9.0625,4.017520904541016
1996-04-02,16200,9.125,9.125,9.125,9.0,4.017520904541016
1996-04-01,23200,8.8125,9.0,9.0625,8.8125,3.9624874591827393
1996-03-29,28600,8.6875,8.75,8.8125,8.6875,3.8524177074432373
1996-03-28,10000,8.4375,8.5,8.5625,8.4375,3.7423484325408936
1996-03-27,79400,8.3125,8.5,8.5,8.25,3.7423484325408936
1996-03-26,21000,8.4375,8.4375,8.4375,8.375,3.7148311138153076
1996-03-25,13200,8.5,8.5,8.5,8.4375,3.7423484325408936
1996-03-22,5000,8.5,8.4375,8.5,8.4375,3.7148311138153076
1996-03-21,57200,8.4375,8.5,8.5,8.4375,3.7423484325408936
1996-03-20,5000,8.5,8.5,8.5,8.5,3.7423484325408936
1996-03-19,9200,8.5,8.5,8.5,8.5,3.7423484325408936
1996-03-18,14200,8.5,8.5,8.5,8.4375,3.7423484325408936
1996-03-15,49600,8.5625,8.5625,8.5625,8.5625,3.7698652744293213
1996-03-14,70800,8.5,8.5625,8.625,8.5,3.7698652744293213
1996-03-13,13200,8.5625,8.5,8.5625,8.4375,3.7423484325408936
1996-03-12,2200,8.625,8.5625,8.625,8.5625,3.7698652744293213
1996-03-11,3600,8.6875,8.625,8.6875,8.625,3.7973828315734863
1996-03-08,17600,8.75,8.6875,8.875,8.6875,3.824899435043335
1996-03-07,22600,8.8125,8.75,8.8125,8.625,3.8524177074432373
1996-03-06,12200,8.8125,8.75,8.875,8.75,3.8524177074432373
1996-03-05,22200,8.8125,8.6875,8.9375,8.6875,3.824899435043335
1996-03-04,53600,8.5,8.75,8.75,8.5,3.8524177074432373
1996-03-01,45400,8.375,8.5,8.5,8.3125,3.7423484325408936
1996-02-29,9200,8.375,8.375,8.4375,8.3125,3.6873130798339844
1996-02-28,10800,8.3125,8.4375,8.4375,8.3125,3.7148311138153076
1996-02-27,22000,8.1875,8.1875,8.1875,8.125,3.604761838912964
1996-02-26,12200,8.25,8.125,8.25,8.125,3.577244758605957
1996-02-23,17200,8.25,8.25,8.25,8.1875,3.63227915763855
1996-02-22,43000,8.25,8.25,8.4375,8.25,3.63227915763855
1996-02-21,41400,8.3125,8.3125,8.375,8.25,3.6597957611083984
1996-02-20,38000,8.5,8.25,8.5,8.125,3.63227915763855
1996-02-16,24800,8.6875,8.625,8.75,8.5,3.7973828315734863
1996-02-15,15200,8.5625,8.6875,8.6875,8.5625,3.824899435043335
1996-02-14,7400,8.6875,8.625,8.6875,8.5625,3.7973828315734863
1996-02-13,45000,8.75,8.625,8.75,8.625,3.7973828315734863
1996-02-12,6600,8.5625,8.75,8.75,8.5625,3.7643630504608154
1996-02-09,17000,8.625,8.6875,8.75,8.625,3.737474203109741
1996-02-08,9400,8.5,8.625,8.625,8.5,3.7105841636657715
1996-02-07,23200,8.4375,8.4375,8.5,8.375,3.629920244216919
1996-02-06,10000,8.4375,8.4375,8.4375,8.4375,3.629920244216919
1996-02-05,22200,8.375,8.375,8.375,8.3125,3.603031873703003
1996-02-02,14800,8.25,8.25,8.3125,8.1875,3.549255847930908
1996-02-01,11400,8.25,8.1875,8.25,8.1875,3.522369384765625
1996-01-31,12600,8.1875,8.25,8.25,8.1875,3.549255847930908
1996-01-30,7800,8.125,8.1875,8.1875,8.0625,3.522369384765625
1996-01-29,8800,8.3125,8.125,8.3125,8.125,3.4954776763916016
1996-01-26,9000,8.3125,8.3125,8.375,8.3125,3.576143980026245
1996-01-25,10000,8.34375,8.3125,8.34375,8.3125,3.576143980026245
1996-01-24,8400,8.375,8.375,8.4375,8.375,3.603031873703003
1996-01-23,6400,8.375,8.375,8.4375,8.375,3.603031873703003
1996-01-22,10000,8.4375,8.375,8.4375,8.375,3.603031873703003
1996-01-19,8400,8.5,8.4375,8.5,8.375,3.629920244216919
1996-01-18,5600,8.4375,8.4375,8.4375,8.4375,3.629920244216919
1996-01-17,24400,8.5,8.4375,8.5625,8.4375,3.629920244216919
1996-01-16,7600,8.46875,8.4375,8.5,8.4375,3.629920244216919
1996-01-15,2800,8.4375,8.4375,8.5,8.4375,3.629920244216919
1996-01-12,14800,8.625,8.5,8.625,8.4375,3.656808614730835
1996-01-11,6800,8.5625,8.625,8.625,8.5625,3.7105841636657715
1996-01-10,18800,8.5,8.5625,8.625,8.5,3.6836965084075928
1996-01-09,33600,8.625,8.5625,8.875,8.5625,3.6836965084075928
1996-01-08,6800,8.6875,8.6875,8.75,8.625,3.737474203109741
1996-01-05,8200,8.75,8.75,8.75,8.625,3.7643630504608154
1996-01-04,28000,8.875,8.6875,8.875,8.625,3.737474203109741
1996-01-03,25800,8.8125,8.8125,8.875,8.8125,3.791250467300415
1996-01-02,22000,8.5,8.875,8.875,8.4375,3.818138360977173
1995-12-29,82000,8.6875,8.375,8.6875,8.25,3.603031873703003
1995-12-28,34400,8.625,8.75,8.75,8.5625,3.7643630504608154
1995-12-27,21200,8.5625,8.625,8.75,8.5625,3.7105841636657715
1995-12-26,33800,8.75,8.625,8.75,8.5625,3.7105841636657715
1995-12-22,7000,8.875,8.9375,9.0,8.875,3.8450257778167725
1995-12-21,24000,9.125,8.9375,9.125,8.875,3.8450257778167725
1995-12-20,27400,9.3125,9.1875,9.3125,9.125,3.9525821208953857
1995-12-19,9800,9.25,9.25,9.25,9.1875,3.9794678688049316
1995-12-18,8800,9.375,9.125,9.375,9.125,3.925691843032837
1995-12-15,66200,9.375,9.375,9.4375,9.3125,4.033246040344238
1995-12-14,20600,9.1875,9.3125,9.3125,9.1875,4.0063557624816895
1995-12-13,14800,9.375,9.3125,9.375,9.1875,4.0063557624816895
1995-12-12,11000,9.5625,9.4375,9.5625,9.4375,4.06013298034668
1995-12-11,9400,9.5625,9.625,9.625,9.5,4.140798568725586
1995-12-08,13200,9.4375,9.5625,9.5625,9.4375,4.113908767700195
1995-12-07,29800,9.4375,9.4375,9.5625,9.375,4.06013298034668
1995-12-06,30200,9.375,9.5,9.5,9.25,4.087021827697754
1995-12-05,23200,9.3125,9.375,9.4375,9.1875,4.033246040344238
1995-12-04,41000,9.5,9.375,9.5,9.3125,4.033246040344238
1995-12-01,23600,9.375,9.375,9.4375,9.375,4.033246040344238
1995-11-30,11600,9.4375,9.375,9.4375,9.375,4.033246040344238
1995-11-29,19600,9.4375,9.4375,9.4375,9.375,4.06013298034668
1995-11-28,33600,9.125,9.4375,9.4375,9.125,4.06013298034668
1995-11-27,16800,9.0,9.125,9.1875,9.0,3.925691843032837
1995-11-24,5600,9.125,9.0625,9.125,9.0625,3.8988027572631836
1995-11-22,19600,8.9375,9.125,9.125,8.875,3.925691843032837
1995-11-21,26000,8.8125,8.8125,9.0,8.8125,3.791250467300415
1995-11-20,9200,8.75,8.75,8.8125,8.75,3.7643630504608154
1995-11-17,14000,8.75,8.75,8.75,8.6875,3.7643630504608154
1995-11-16,57000,8.53125,8.625,8.625,8.5,3.7105841636657715
1995-11-15,8800,8.5625,8.5,8.5625,8.375,3.656808614730835
1995-11-14,3400,8.5625,8.5625,8.625,8.5625,3.6836965084075928
1995-11-13,28600,8.5625,8.625,8.625,8.5,3.7105841636657715
1995-11-10,9600,8.8125,8.625,8.8125,8.625,3.6245429515838623
1995-11-09,12600,8.9375,8.8125,9.0,8.8125,3.7033374309539795
1995-11-08,4400,9.0,8.9375,9.0,8.9375,3.755866289138794
1995-11-07,39400,8.875,8.9375,9.0625,8.875,3.755866289138794
1995-11-06,6800,8.75,8.875,8.875,8.75,3.7296018600463867
1995-11-03,25200,8.75,8.75,8.875,8.6875,3.6770732402801514
1995-11-02,17600,8.1875,8.75,8.75,8.1875,3.6770732402801514
1995-11-01,9200,8.125,8.125,8.1875,8.125,3.4144232273101807
1995-10-31,27200,8.1875,8.125,8.21875,8.125,3.4144232273101807
1995-10-30,17200,8.1875,8.1875,8.3125,8.1875,3.440690517425537
1995-10-27,19000,8.125,8.25,8.25,8.125,3.466954469680786
1995-10-26,22000,8.0625,8.1875,8.1875,8.0625,3.440690517425537
1995-10-25,6000,8.0625,8.125,8.125,8.0,3.4144232273101807
1995-10-24,48000,8.0,8.0,8.0625,8.0,3.3618946075439453
1995-10-23,11400,8.0625,8.0625,8.0625,8.0,3.3881590366363525
1995-10-20,31000,8.125,8.0625,8.1875,8.0625,3.3881590366363525
1995-10-19,36000,8.1875,8.125,8.25,8.125,3.4144232273101807
1995-10-18,20400,8.25,8.1875,8.25,8.125,3.440690517425537
1995-10-17,9000,8.375,8.25,8.375,8.25,3.466954469680786
1995-10-16,42200,8.25,8.375,8.375,8.1875,3.5194833278656006
1995-10-13,26600,8.25,8.3125,8.3125,8.1875,3.4932186603546143
1995-10-12,24400,8.375,8.3125,8.4375,8.3125,3.4932186603546143
1995-10-11,46600,8.5625,8.5,8.625,8.5,3.5720126628875732
1995-10-10,4800,8.5625,8.625,8.625,8.5625,3.6245429515838623
1995-10-09,19000,8.625,8.625,8.6875,8.625,3.6245429515838623
1995-10-06,13600,8.75,8.6875,8.75,8.6875,3.6508069038391113
1995-10-05,44800,8.625,8.625,8.75,8.625,3.6245429515838623
1995-10-04,18600,8.6875,8.6875,8.75,8.6875,3.6508069038391113
1995-10-03,21400,8.75,8.75,8.75,8.6875,3.6770732402801514
1995-10-02,21000,8.8125,8.75,8.8125,8.75,3.6770732402801514
1995-09-29,6800,8.875,8.8125,8.875,8.8125,3.7033374309539795
1995-09-28,400,8.8125,8.8125,8.8125,8.8125,3.7033374309539795
1995-09-27,17600,8.875,8.875,8.875,8.8125,3.7296018600463867
1995-09-26,11200,8.8125,8.875,8.875,8.8125,3.7296018600463867
1995-09-25,2800,8.9375,8.875,8.9375,8.875,3.7296018600463867
1995-09-22,4800,8.875,8.875,8.9375,8.875,3.7296018600463867
1995-09-21,21200,9.0,8.9375,9.0,8.9375,3.755866289138794
1995-09-20,35400,8.9375,9.0,9.0,8.875,3.782132148742676
1995-09-19,20400,8.9375,8.875,8.9375,8.875,3.7296018600463867
1995-09-18,9000,8.875,8.9375,8.9375,8.875,3.755866289138794
1995-09-15,9600,8.9375,8.875,8.9375,8.875,3.7296018600463867
1995-09-14,15800,9.0,8.9375,9.0,8.875,3.755866289138794
1995-09-13,5400,8.875,9.0,9.0,8.875,3.782132148742676
1995-09-12,31800,8.9375,8.875,9.0,8.875,3.7296018600463867
1995-09-11,19000,9.0,8.9375,9.0,8.9375,3.755866289138794
1995-09-08,10200,9.0,9.0,9.0,8.9375,3.782132148742676
1995-09-07,15600,8.9375,9.0,9.0,8.875,3.782132148742676
1995-09-06,39800,9.0,9.0,9.0,8.9375,3.782132148742676
1995-09-05,17000,9.0625,9.0,9.0625,8.9375,3.782132148742676
1995-09-01,8600,9.0,9.0,9.0,9.0,3.782132148742676
1995-08-31,19000,9.125,9.0,9.125,9.0,3.782132148742676
1995-08-30,132200,8.875,9.0625,9.0625,8.875,3.80839467048645
1995-08-29,13400,9.125,9.0625,9.125,9.0625,3.80839467048645
1995-08-28,44800,9.25,9.125,9.25,9.0,3.834660530090332
1995-08-25,8800,9.1875,9.1875,9.25,9.1875,3.8609273433685303
1995-08-24,20400,9.1875,9.1875,9.1875,9.125,3.8609273433685303
1995-08-23,9000,9.0625,9.125,9.125,9.0625,3.834660530090332
1995-08-22,24000,9.0,9.125,9.125,8.9375,3.834660530090332
1995-08-21,14200,9.0,9.0,9.0,8.9375,3.782132148742676
1995-08-18,12000,9.0,9.0625,9.0625,9.0,3.80839467048645
1995-08-17,7400,9.0,9.0625,9.0625,9.0,3.80839467048645
1995-08-16,8200,9.0,9.125,9.125,9.0,3.834660530090332
1995-08-15,17600,9.1875,9.25,9.25,9.0625,3.803142547607422
1995-08-14,17600,9.0625,9.125,9.1875,9.0625,3.75174880027771
1995-08-11,11400,9.1875,9.0625,9.1875,9.0625,3.7260501384735107
1995-08-10,11600,9.125,9.125,9.125,9.0625,3.75174880027771
1995-08-09,77600,9.25,9.125,9.25,9.0625,3.75174880027771
1995-08-08,68400,9.25,9.1875,9.25,9.125,3.7774484157562256
1995-08-07,125800,9.25,9.25,9.3125,9.1875,3.803142547607422
1995-08-04,102000,9.0625,9.1875,9.1875,9.0625,3.7774484157562256
1995-08-03,21000,9.0625,9.0625,9.125,9.0625,3.7260501384735107
1995-08-02,41200,9.1875,9.125,9.1875,9.0625,3.75174880027771
1995-08-01,16400,9.0625,9.125,9.125,9.0625,3.75174880027771
1995-07-31,14600,9.0,9.0625,9.0625,9.0,3.7260501384735107
1995-07-28,8000,9.0625,9.0,9.0625,9.0,3.700356960296631
1995-07-27,5800,9.125,9.125,9.125,9.125,3.75174880027771
1995-07-26,19600,9.0625,9.125,9.1875,9.0625,3.75174880027771
1995-07-25,29600,9.125,9.125,9.1875,9.0625,3.75174880027771
1995-07-24,31000,9.125,9.125,9.1875,9.0625,3.75174880027771
1995-07-21,12400,8.9375,9.0,9.0,8.9375,3.700356960296631
1995-07-20,30800,8.875,9.0,9.0,8.78125,3.700356960296631
1995-07-19,23600,9.0,8.75,9.0,8.6875,3.5975699424743652
1995-07-18,35600,8.9375,9.0625,9.0625,8.9375,3.7260501384735107
1995-07-17,23000,9.0,8.9375,9.0625,8.875,3.6746578216552734
1995-07-14,17600,8.9375,8.9375,9.0,8.9375,3.6746578216552734
1995-07-13,35200,8.75,8.9375,8.9375,8.75,3.6746578216552734
1995-07-12,39400,9.0,8.625,9.0,8.625,3.5461738109588623
1995-07-11,12200,9.125,9.0,9.125,8.9375,3.700356960296631
1995-07-10,62000,9.1875,9.125,9.1875,9.0625,3.75174880027771
1995-07-07,19800,8.9375,9.1875,9.1875,8.9375,3.7774484157562256
1995-07-06,55400,8.875,8.9375,8.9375,8.625,3.6746578216552734
1995-07-05,18000,9.125,9.0,9.125,9.0,3.700356960296631
1995-07-03,10400,9.125,9.125,9.125,9.0,3.75174880027771
1995-06-30,14200,9.125,9.125,9.1875,9.125,3.75174880027771
1995-06-29,28600,9.0625,9.1875,9.21875,9.0625,3.7774484157562256
1995-06-28,5400,9.0,9.0625,9.0625,9.0,3.7260501384735107
1995-06-27,14000,9.0625,9.0,9.0625,9.0,3.700356960296631
1995-06-26,72600,9.125,9.0625,9.125,9.0,3.7260501384735107
1995-06-23,5000,9.125,9.1875,9.1875,9.125,3.7774484157562256
1995-06-22,42800,9.1875,9.125,9.1875,9.0625,3.75174880027771
1995-06-21,9200,9.1875,9.125,9.1875,9.125,3.75174880027771
1995-06-20,26600,9.25,9.125,9.25,9.0625,3.75174880027771
1995-06-19,1800,9.3125,9.1875,9.3125,9.1875,3.7774484157562256
1995-06-16,13200,9.3125,9.25,9.3125,9.25,3.803142547607422
1995-06-15,8800,9.25,9.25,9.3125,9.25,3.803142547607422
1995-06-14,7600,9.1875,9.25,9.3125,9.1875,3.803142547607422
1995-06-13,15600,9.3125,9.1875,9.3125,9.1875,3.7774484157562256
1995-06-12,10400,9.5625,9.25,9.5625,9.25,3.803142547607422
1995-06-09,8000,9.4375,9.5,9.5,9.4375,3.905930519104004
1995-06-08,25400,9.0,9.375,9.375,9.0,3.8545379638671875
1995-06-07,24400,9.0,8.9375,9.0,8.9375,3.6746578216552734
1995-06-06,20400,9.1875,8.9375,9.1875,8.9375,3.6746578216552734
1995-06-05,16600,9.1875,9.125,9.1875,9.0625,3.75174880027771
1995-06-02,46200,9.125,9.125,9.1875,9.0625,3.75174880027771
1995-06-01,51000,9.125,9.0625,9.125,9.0625,3.7260501384735107
1995-05-31,35000,9.25,9.125,9.3125,9.125,3.75174880027771
1995-05-30,82200,9.5,9.25,9.5625,9.25,3.803142547607422
1995-05-26,6200,10.0,9.9375,10.0625,9.9375,4.085808277130127
1995-05-25,14800,10.125,10.0,10.125,10.0,4.111506938934326
1995-05-24,8600,9.875,10.0,10.0,9.875,4.111506938934326
1995-05-23,14200,9.875,9.9375,9.9375,9.8125,4.085808277130127
1995-05-22,13400,9.875,9.875,9.875,9.8125,4.060112476348877
1995-05-19,7000,9.875,9.875,9.875,9.75,4.060112476348877
1995-05-18,21600,10.0,9.8125,10.0,9.75,4.034416198730469
1995-05-17,9000,10.125,10.125,10.1875,10.125,4.162900447845459
1995-05-16,14200,10.1875,10.125,10.1875,10.125,4.162900447845459
1995-05-15,8800,10.125,10.1875,10.25,10.125,4.188597679138184
1995-05-12,32400,10.3125,10.1875,10.375,10.125,4.188597679138184
1995-05-11,8800,10.3125,10.375,10.375,10.25,4.265688419342041
1995-05-10,54000,10.125,10.375,10.5625,10.125,4.1834588050842285
1995-05-09,40400,10.0,10.0625,10.125,10.0,4.057450294494629
1995-05-08,20000,9.8125,10.0,10.0,9.8125,4.0322489738464355
1995-05-05,34800,9.9375,9.8125,9.9375,9.8125,3.9566433429718018
1995-05-04,9400,9.9375,9.875,9.9375,9.875,3.981844425201416
1995-05-03,19000,9.9375,9.875,9.9375,9.875,3.981844425201416
1995-05-02,157600,9.875,9.875,9.875,9.8125,3.981844425201416
1995-05-01,31800,9.625,9.75,9.75,9.5,3.931440830230713
1995-04-28,22000,9.5,9.625,9.6875,9.4375,3.8810384273529053
1995-04-27,21600,9.5,9.4375,9.5625,9.3125,3.805433511734009
1995-04-26,26800,9.3125,9.5625,9.5625,9.3125,3.8558356761932373
1995-04-25,45000,9.0,9.25,9.25,9.0,3.7298295497894287
1995-04-24,41400,9.0,9.0,9.0625,8.9375,3.6290245056152344
1995-04-21,50200,9.25,9.125,9.25,9.125,3.679426431655884
1995-04-20,11000,9.5625,9.4375,9.5625,9.375,3.805433511734009
1995-04-19,75600,9.625,9.5,9.625,9.5,3.8306353092193604
1995-04-18,18200,9.9375,9.6875,9.9375,9.6875,3.9062411785125732
1995-04-17,42800,9.9375,9.875,9.9375,9.875,3.981844425201416
1995-04-13,14000,9.875,9.9375,9.9375,9.875,4.007046699523926
1995-04-12,26000,10.25,10.0,10.25,10.0,4.0322489738464355
1995-04-11,21800,10.3125,10.125,10.3125,10.125,4.082651138305664
1995-04-10,31200,10.5,10.3125,10.5,10.25,4.158257007598877
1995-04-07,14000,10.4375,10.375,10.5,10.375,4.1834588050842285
1995-04-06,107000,10.375,10.375,10.375,10.3125,4.1834588050842285
1995-04-05,36800,10.4375,10.375,10.5,10.3125,4.1834588050842285
1995-04-04,68800,9.9375,10.5,10.5,9.9375,4.233861923217773
1995-04-03,45800,9.5,9.75,9.75,9.5,3.931440830230713
1995-03-31,5800,9.75,9.625,9.75,9.5625,3.8810384273529053
1995-03-30,15200,9.8125,9.8125,9.8125,9.6875,3.9566433429718018
1995-03-29,56200,9.4375,9.6875,9.8125,9.4375,3.9062411785125732
1995-03-28,171200,9.75,9.4375,9.8125,9.3125,3.805433511734009
1995-03-27,5400,10.3125,10.25,10.3125,10.25,4.133053779602051
1995-03-24,3400,10.25,10.25,10.3125,10.25,4.133053779602051
1995-03-23,21800,10.1875,10.25,10.25,10.1875,4.133053779602051
1995-03-22,6200,10.1875,10.1875,10.25,10.1875,4.10785436630249
1995-03-21,14800,10.375,10.1875,10.375,10.1875,4.10785436630249
1995-03-20,9800,10.5625,10.4375,10.5625,10.375,4.20866060256958
1995-03-17,12800,10.6875,10.625,10.75,10.625,4.284264087677002
1995-03-16,2000,10.75,10.75,10.75,10.75,4.3346662521362305
1995-03-15,3400,10.875,10.8125,10.875,10.8125,4.359869003295898
1995-03-14,8400,10.8125,10.875,10.9375,10.8125,4.38507080078125
1995-03-13,22200,10.4375,10.75,10.8125,10.4375,4.3346662521362305
1995-03-10,8200,10.25,10.375,10.375,10.25,4.1834588050842285
1995-03-09,34000,10.3125,10.3125,10.3125,10.1875,4.158257007598877
1995-03-08,52600,10.25,10.375,10.375,10.25,4.1834588050842285
1995-03-07,46000,10.75,10.3125,10.75,10.25,4.158257007598877
1995-03-06,65000,10.75,10.75,10.8125,10.6875,4.3346662521362305
1995-03-03,72000,10.6875,10.8125,10.8125,10.59375,4.359869003295898
1995-03-02,14800,10.6875,10.6875,10.6875,10.625,4.309464454650879
1995-03-01,19600,10.8125,10.6875,10.8125,10.625,4.309464454650879
1995-02-28,29800,10.75,10.75,10.875,10.75,4.3346662521362305
1995-02-27,28200,10.8125,10.6875,10.8125,10.6875,4.309464454650879
1995-02-24,8600,10.8125,10.875,10.9375,10.8125,4.38507080078125
1995-02-23,7800,10.75,10.75,10.8125,10.75,4.3346662521362305
1995-02-22,4200,10.75,10.75,10.75,10.6875,4.3346662521362305
1995-02-21,9600,10.6875,10.75,10.75,10.6875,4.3346662521362305
1995-02-17,17000,10.5625,10.625,10.6875,10.5625,4.284264087677002
1995-02-16,28800,10.375,10.5625,10.75,10.375,4.259063243865967
1995-02-15,54200,10.25,10.3125,10.3125,10.25,4.158257007598877
1995-02-14,18600,10.25,10.1875,10.3125,10.1875,4.10785436630249
1995-02-13,46400,10.125,10.125,10.25,10.0,4.082651138305664
1995-02-10,17400,10.4375,10.125,10.4375,10.125,4.082651138305664
1995-02-09,32400,10.6875,10.4375,10.6875,10.375,4.20866060256958
1995-02-08,173800,10.875,10.9375,11.0,10.875,4.329626560211182
1995-02-07,134400,10.8125,10.9375,10.9375,10.6875,4.329626560211182
1995-02-06,53600,10.875,10.8125,10.875,10.75,4.28014612197876
1995-02-03,187000,10.125,10.9375,10.9375,10.0,4.329626560211182
1995-02-02,88600,9.375,9.75,9.75,9.375,3.859553813934326
1995-02-01,302800,9.0625,9.3125,9.4375,9.0,3.686367988586426
1995-01-31,21000,9.0,9.0,9.0625,8.875,3.562664270401001
1995-01-30,73200,9.375,9.0,9.375,9.0,3.562664270401001
1995-01-27,3400,9.4375,9.4375,9.4375,9.375,3.7358505725860596
1995-01-26,16800,9.4375,9.4375,9.4375,9.3125,3.7358505725860596
1995-01-25,12200,9.4375,9.375,9.4375,9.375,3.711108446121216
1995-01-24,8200,9.5,9.4375,9.5,9.4375,3.7358505725860596
1995-01-23,11800,9.5,9.5,9.5,9.5,3.760590076446533
1995-01-20,22800,9.625,9.5,9.625,9.4375,3.760590076446533
1995-01-19,14000,9.8125,9.5625,9.8125,9.5625,3.785332202911377
1995-01-18,30600,9.8125,9.8125,9.8125,9.6875,3.8842947483062744
1995-01-17,8600,9.8125,9.8125,9.8125,9.75,3.8842947483062744
1995-01-16,75000,9.8125,9.8125,9.8125,9.75,3.8842947483062744
1995-01-13,29800,9.75,9.8125,9.8125,9.75,3.8842947483062744
1995-01-12,121800,9.875,9.75,9.9375,9.6875,3.859553813934326
1995-01-11,49600,9.75,9.875,10.0,9.75,3.90903377532959
1995-01-10,42400,9.4375,9.6875,9.6875,9.4375,3.8348114490509033
1995-01-09,84800,9.25,9.375,9.375,9.0,3.711108446121216
1995-01-06,120600,10.0,9.5,10.0,9.5,3.760590076446533
1995-01-05,16000,10.375,10.0,10.375,10.0,3.9585154056549072
1995-01-04,114200,10.375,10.375,10.375,10.375,4.106960296630859
1995-01-03,27600,11.0,10.625,11.0,10.625,4.205921649932861
1994-12-30,97400,11.125,10.9375,11.1875,10.9375,4.329626560211182
1994-12-29,14000,11.375,11.1875,11.375,11.125,4.428586959838867
1994-12-28,20200,11.625,11.375,11.625,11.375,4.502811908721924
1994-12-27,16600,11.5625,11.625,11.6875,11.5625,4.601775169372559
1994-12-23,17000,11.625,11.625,11.6875,11.5625,4.601775169372559
1994-12-22,48600,11.75,11.6875,11.875,11.625,4.626514911651611
1994-12-21,60800,12.25,11.875,12.25,11.75,4.700738430023193
1994-12-20,15400,12.375,12.4375,12.4375,12.375,4.923404693603516
1994-12-19,16600,12.4375,12.375,12.5,12.375,4.89866304397583
1994-12-16,25600,12.4375,12.5,12.5,12.375,4.94814395904541
1994-12-15,20200,12.125,12.375,12.375,12.125,4.89866304397583
1994-12-14,2800,12.3125,12.375,12.375,12.3125,4.89866304397583
1994-12-13,39000,12.75,12.375,12.75,12.375,4.89866304397583
1994-12-12,18400,12.8125,12.75,12.875,12.6875,5.047107696533203
1994-12-09,14200,13.0,12.75,13.0,12.75,5.047107696533203
1994-12-08,39200,13.6875,13.125,13.6875,12.875,5.195551872253418
1994-12-07,2800,13.625,13.625,13.6875,13.625,5.3934783935546875
1994-12-06,53800,13.75,13.75,13.8125,13.6875,5.442956447601318
1994-12-05,4000,13.875,13.8125,13.875,13.75,5.4676995277404785
1994-12-02,19800,13.9375,13.9375,14.03125,13.9375,5.517181873321533
1994-12-01,20200,14.3125,14.0,14.3125,14.0,5.541923522949219
1994-11-30,25600,14.125,14.25,14.25,14.125,5.640885829925537
1994-11-29,67600,14.125,14.125,14.125,14.125,5.591403007507324
1994-11-28,15000,14.0,14.0625,14.0625,14.0,5.566665172576904
1994-11-25,4200,14.0625,14.0625,14.0625,14.0625,5.566665172576904
1994-11-23,22400,14.0,14.0,14.0625,14.0,5.541923522949219
1994-11-22,139200,13.9375,14.0,14.0625,13.9375,5.541923522949219
1994-11-21,41000,14.0,14.0,14.125,14.0,5.541923522949219
1994-11-18,21400,14.0,14.0,14.125,14.0,5.541923522949219
1994-11-17,43000,13.8125,13.875,13.9375,13.75,5.492440223693848
1994-11-16,9000,13.6875,13.6875,13.75,13.6875,5.41821813583374
1994-11-15,33800,13.375,13.625,13.625,13.25,5.3934783935546875
1994-11-14,8000,13.6875,13.5,13.6875,13.5,5.343995571136475
1994-11-11,6200,14.0625,13.75,14.0625,13.75,5.442956447601318
1994-11-10,35400,13.875,14.0625,14.0625,13.8125,5.566665172576904
1994-11-09,11800,14.25,14.0,14.3125,14.0,5.541923522949219
1994-11-08,21600,14.25,14.125,14.25,14.0625,5.591403007507324
1994-11-07,19000,14.25,14.125,14.3125,14.125,5.591403007507324
1994-11-04,31000,14.0,14.3125,14.375,14.0,5.594371318817139
1994-11-03,28000,13.375,13.875,13.875,13.375,5.423365592956543
1994-11-02,31400,12.875,13.25,13.25,12.875,5.179069519042969
1994-11-01,38200,12.8125,12.875,12.9375,12.6875,5.032492160797119
1994-10-31,11000,12.6875,12.6875,12.8125,12.6875,4.959201812744141
1994-10-28,65600,12.625,12.71875,12.75,12.625,4.971415996551514
1994-10-27,2200,12.5,12.5625,12.5625,12.5,4.910343647003174
1994-10-26,26000,12.5,12.5,12.5625,12.5,4.885914325714111
1994-10-25,73000,12.5625,12.5625,12.5625,12.5,4.910343647003174
1994-10-24,1800,12.6875,12.625,12.6875,12.625,4.934776306152344
1994-10-21,11600,12.625,12.6875,12.6875,12.625,4.959201812744141
1994-10-20,5200,12.6875,12.6875,12.75,12.625,4.959201812744141
1994-10-19,157800,12.5625,12.625,12.75,12.5625,4.934776306152344
1994-10-18,60000,12.625,12.5625,12.625,12.5625,4.910343647003174
1994-10-17,5200,12.75,12.6875,12.75,12.625,4.959201812744141
1994-10-14,13400,12.6875,12.6875,12.8125,12.625,4.959201812744141
1994-10-13,50600,12.8125,12.75,12.875,12.625,4.9836320877075195
1994-10-12,248600,12.75,12.6875,12.75,12.6875,4.959201812744141
1994-10-11,51600,12.375,12.625,12.75,12.375,4.934776306152344
1994-10-10,43000,12.25,12.5,12.5,12.1875,4.885914325714111
1994-10-07,2000,12.25,12.1875,12.25,12.1875,4.763768196105957
1994-10-06,95200,12.375,12.25,12.375,12.1875,4.7881975173950195
1994-10-05,6400,12.25,12.3125,12.375,12.25,4.812624931335449
1994-10-04,12400,12.5625,12.375,12.625,12.375,4.83705472946167
1994-10-03,13200,12.6875,12.625,12.75,12.5625,4.934776306152344
1994-09-30,9600,12.75,12.75,12.75,12.75,4.9836320877075195
1994-09-29,18200,12.8125,12.75,12.8125,12.75,4.9836320877075195
1994-09-28,17000,12.75,12.75,12.8125,12.75,4.9836320877075195
1994-09-27,22400,12.8125,12.75,12.875,12.75,4.9836320877075195
1994-09-26,18200,12.5625,12.6875,12.75,12.5625,4.959201812744141
1994-09-23,170800,13.25,12.625,13.25,12.5,4.934776306152344
1994-09-22,13400,13.25,13.25,13.25,13.25,5.179069519042969
1994-09-21,60800,13.4375,13.1875,13.4375,13.1875,5.154640197753906
1994-09-20,15000,13.625,13.5,13.625,13.4375,5.276788234710693
1994-09-19,38600,13.6875,13.625,13.75,13.625,5.325648784637451
1994-09-16,132600,13.875,13.6875,13.875,13.6875,5.3500752449035645
1994-09-15,24800,13.9375,13.9375,14.0625,13.75,5.447794437408447
1994-09-14,21400,13.9375,13.875,13.9375,13.875,5.423365592956543
1994-09-13,6600,13.875,13.9375,13.9375,13.8125,5.447794437408447
1994-09-12,12200,13.875,13.8125,13.875,13.8125,5.398935317993164
1994-09-09,13000,14.0,13.875,14.0,13.875,5.423365592956543
1994-09-08,13200,14.125,14.0625,14.125,14.0625,5.496655464172363
1994-09-07,23000,14.25,14.125,14.25,14.125,5.521082878112793
1994-09-06,13800,14.25,14.25,14.3125,14.25,5.569943428039551
1994-09-02,18000,14.25,14.25,14.25,14.25,5.569943428039551
1994-09-01,16400,14.25,14.25,14.25,14.25,5.569943428039551
1994-08-31,84000,14.3125,14.25,14.3125,14.1875,5.569943428039551
1994-08-30,80400,14.25,14.25,14.375,14.25,5.569943428039551
1994-08-29,26400,14.5,14.25,14.5,14.25,5.569943428039551
1994-08-26,32600,14.25,14.375,14.4375,14.25,5.618801116943359
1994-08-25,140400,14.4375,14.140620231628418,14.4375,14.125,5.527186870574951
1994-08-24,44600,13.5625,14.3125,14.375,13.5625,5.594371318817139
1994-08-23,17400,13.3125,13.625,13.625,13.3125,5.325648784637451
1994-08-22,21800,13.1875,13.1875,13.3125,13.0625,5.154640197753906
1994-08-19,28600,13.9375,13.5,13.9375,13.5,5.276788234710693
1994-08-18,14600,14.0,14.0,14.0,13.9375,5.472226142883301
1994-08-17,4800,14.0,13.9375,14.0,13.9375,5.447794437408447
1994-08-16,16600,13.9375,13.9375,14.0,13.9375,5.447794437408447
1994-08-15,3800,14.0,13.9375,14.0,13.9375,5.447794437408447
1994-08-12,13600,14.0625,14.0625,14.1875,14.0625,5.426299095153809
1994-08-11,3000,14.0,14.0,14.0,13.9375,5.402180194854736
1994-08-10,35800,13.75,13.875,13.875,13.6875,5.353945732116699
1994-08-09,4200,13.6875,13.8125,13.875,13.6875,5.329829692840576
1994-08-08,13800,13.875,13.8125,13.875,13.75,5.329829692840576
1994-08-05,18400,13.9375,13.75,13.9375,13.75,5.305711269378662
1994-08-04,46600,13.6875,13.875,13.875,13.6875,5.353945732116699
1994-08-03,17000,13.3125,13.5625,13.625,13.3125,5.233362674713135
1994-08-02,22200,13.4375,13.375,13.4375,13.125,5.161012172698975
1994-08-01,50800,14.1875,13.4375,14.1875,13.4375,5.185128688812256
1994-07-29,7000,14.5,14.1875,14.5,14.1875,5.474532604217529
1994-07-28,5400,14.625,14.5625,14.6875,14.5625,5.619231224060059
1994-07-27,2400,14.8125,14.6875,14.8125,14.6875,5.667463302612305
1994-07-26,16000,14.75,14.75,14.75,14.625,5.691583156585693
1994-07-25,16400,14.8125,14.625,14.9375,14.625,5.643348217010498
1994-07-22,8600,14.875,14.75,14.875,14.75,5.691583156585693
1994-07-21,34800,14.75,14.875,14.9375,14.75,5.739816665649414
1994-07-20,24000,14.625,14.6875,14.75,14.625,5.667463302612305
1994-07-19,42000,14.375,14.5625,14.75,14.375,5.619231224060059
1994-07-18,40200,13.875,14.0625,14.25,13.75,5.426299095153809
1994-07-15,54400,14.5,14.125,14.5,14.125,5.450416088104248
1994-07-14,59000,15.25,14.875,15.25,14.8125,5.739816665649414
1994-07-13,19800,15.6875,15.3125,15.6875,15.3125,5.908635139465332
1994-07-12,29400,15.6875,15.625,15.6875,15.625,6.029219627380371
1994-07-11,28200,15.625,15.6875,15.6875,15.625,6.053335189819336
1994-07-08,61200,15.75,15.6875,15.8125,15.6875,6.053335189819336
1994-07-07,41800,15.6875,15.75,15.75,15.625,6.077452182769775
1994-07-06,7400,15.6875,15.75,15.75,15.625,6.077452182769775
1994-07-05,34800,15.75,15.75,15.78125,15.6875,6.077452182769775
1994-07-01,41800,16.125,15.9375,16.125,15.9375,6.1498003005981445
1994-06-30,15600,16.1875,16.0,16.1875,16.0,6.173918724060059
1994-06-29,20000,16.0,16.125,16.125,15.875,6.222153186798096
1994-06-28,73800,16.3125,16.125,16.3125,16.125,6.222153186798096
1994-06-27,18000,16.25,16.25,16.3125,16.25,6.270386219024658
1994-06-24,27600,16.6875,16.25,16.6875,16.25,6.270386219024658
1994-06-23,79200,17.0625,16.75,17.0625,16.75,6.463324069976807
1994-06-22,14400,16.875,17.0625,17.0625,16.875,6.583909511566162
1994-06-21,30000,16.9375,16.9375,16.96875,16.875,6.535672664642334
1994-06-20,17800,17.0625,17.0625,17.0625,16.875,6.583909511566162
1994-06-17,90600,17.0625,17.0,17.0625,16.875,6.559790134429932
1994-06-16,21600,17.0,16.9375,17.0,16.75,6.535672664642334
1994-06-15,152200,17.1875,17.0,17.1875,17.0,6.559790134429932
1994-06-14,13000,16.875,17.0625,17.0625,16.875,6.583909511566162
1994-06-13,40000,16.9375,16.9375,17.0,16.875,6.535672664642334
1994-06-10,74400,17.0625,17.0625,17.0625,17.0,6.583909511566162
1994-06-09,92000,16.6875,17.0625,17.125,16.625,6.583909511566162
1994-06-08,8000,16.75,16.8125,16.8125,16.75,6.487441062927246
1994-06-07,12200,16.6875,16.75,16.75,16.6875,6.463324069976807
1994-06-06,3800,16.625,16.5625,16.625,16.5625,6.390970706939697
1994-06-03,119600,16.625,16.625,16.75,16.5625,6.415090084075928
1994-06-02,49000,16.9375,16.8125,16.9375,16.8125,6.487441062927246
1994-06-01,39800,16.75,16.875,16.9375,16.75,6.511558532714844
1994-05-31,37200,17.375,16.625,17.375,16.625,6.415090084075928
1994-05-27,56400,17.0,17.25,17.25,16.9375,6.656258583068848
1994-05-26,143200,16.375,16.875,16.9375,16.375,6.511558532714844
1994-05-25,58000,16.0625,16.375,16.375,16.0625,6.318623065948486
1994-05-24,4800,16.0,15.9375,16.0,15.875,6.1498003005981445
1994-05-23,16000,15.875,16.0625,16.1875,15.875,6.198036193847656
1994-05-20,49400,15.8125,16.0,16.125,15.75,6.173918724060059
1994-05-19,16000,15.4375,15.75,15.8125,15.4375,6.077452182769775
1994-05-18,113400,15.375,15.375,15.4375,15.375,5.932750701904297
1994-05-17,10000,15.3125,15.3125,15.375,15.125,5.908635139465332
1994-05-16,21400,15.25,15.4375,15.4375,15.125,5.956868648529053
1994-05-13,1800,15.25,15.375,15.375,15.25,5.932750701904297
1994-05-12,2600,15.1875,15.125,15.1875,15.125,5.83628511428833
1994-05-11,17200,15.5,15.125,15.5,15.125,5.83628511428833
1994-05-10,44000,15.1875,15.5,15.5,15.125,5.980983257293701
1994-05-09,31200,15.4375,15.25,15.4375,15.25,5.815062046051025
1994-05-06,6400,15.375,15.375,15.375,15.375,5.862726211547852
1994-05-05,7200,15.5625,15.3125,15.5625,15.3125,5.838893413543701
1994-05-04,82600,15.375,15.5,15.6875,15.375,5.910391807556152
1994-05-03,17600,15.6875,15.3125,15.6875,15.25,5.838893413543701
1994-05-02,67600,15.8125,15.625,15.8125,15.625,5.95805549621582
1994-04-29,15600,15.875,15.75,15.875,15.75,6.005719184875488
1994-04-28,17600,16.0,15.875,16.0,15.75,6.053382396697998
1994-04-26,18600,15.375,15.875,15.875,15.375,6.053382396697998
1994-04-25,14600,15.3125,15.3125,15.375,15.25,5.838893413543701
1994-04-22,7800,15.375,15.375,15.375,15.375,5.862726211547852
1994-04-21,21200,15.5,15.3125,15.5,15.3125,5.838893413543701
1994-04-20,71800,15.4375,15.5,15.5625,15.375,5.910391807556152
1994-04-19,19200,15.5,15.375,15.5,15.375,5.862726211547852
1994-04-18,217000,15.875,15.5,15.875,15.4375,5.910391807556152
1994-04-15,35800,15.9375,15.9375,15.9375,15.8125,6.077215671539307
1994-04-14,6200,16.0625,16.0625,16.0625,16.0,6.124881744384766
1994-04-13,48800,16.125,16.0625,16.1875,15.9375,6.124881744384766
1994-04-12,70600,16.125,16.25,16.375,16.125,6.196374893188477
1994-04-11,63600,15.75,16.0,16.0,15.75,6.101046562194824
1994-04-08,83600,15.5,15.6875,15.6875,15.4375,5.981887340545654
1994-04-07,36200,15.5,15.5,15.5,15.4375,5.910391807556152
1994-04-06,29000,15.4375,15.5,15.5,15.4375,5.910391807556152
1994-04-05,41000,15.1875,15.4375,15.4375,15.1875,5.886556625366211
1994-04-04,47000,15.25,15.25,15.25,15.125,5.815062046051025
1994-03-31,82400,15.375,15.375,15.625,15.375,5.862726211547852
1994-03-30,58600,15.9375,15.5,15.9375,15.4375,5.910391807556152
1994-03-29,43000,16.125,16.0,16.125,16.0,6.101046562194824
1994-03-28,47000,16.0625,16.0,16.1875,15.875,6.101046562194824
1994-03-25,42400,15.875,16.0,16.125,15.75,6.101046562194824
1994-03-24,67800,16.125,16.0,16.25,16.0,6.101046562194824
1994-03-23,71600,15.625,16.25,16.25,15.625,6.196374893188477
1994-03-22,104400,15.75,15.5,15.9375,15.25,5.910391807556152
1994-03-21,61800,15.375,15.1875,15.375,15.0,5.791229724884033
1994-03-18,21400,15.5,15.5,15.5,15.375,5.910391807556152
1994-03-17,49400,15.5,15.5,15.9375,15.5,5.910391807556152
1994-03-16,32200,15.8125,15.625,15.8125,15.5,5.95805549621582
1994-03-15,6400,15.875,15.8125,15.875,15.75,6.029552459716797
1994-03-14,19600,16.1875,15.875,16.1875,15.75,6.053382396697998
1994-03-11,20200,15.5,16.125,16.125,15.5,6.148711681365967
1994-03-10,27400,16.1875,15.625,16.1875,15.625,5.95805549621582
1994-03-09,78200,16.0,16.0625,16.1875,16.0,6.124881744384766
1994-03-08,26200,15.9375,16.0,16.0,15.75,6.101046562194824
1994-03-07,51800,15.5625,15.9375,16.125,15.5,6.077215671539307
1994-03-04,24400,15.5,15.5,15.5625,15.4375,5.910391807556152
1994-03-03,83000,15.125,15.5,15.5,15.0625,5.910391807556152
1994-03-02,63400,15.375,15.25,15.375,15.125,5.815062046051025
1994-03-01,91200,15.1875,15.375,15.6875,15.125,5.862726211547852
1994-02-28,63600,14.75,15.0,15.25,14.75,5.719731330871582
1994-02-25,72600,14.9375,14.875,14.9375,14.5625,5.672067642211914
1994-02-24,27800,14.875,14.875,14.9375,14.75,5.672067642211914
1994-02-23,32800,14.75,14.875,14.875,14.625,5.672067642211914
1994-02-22,56600,14.1875,14.625,14.6875,14.1875,5.5767388343811035
1994-02-18,36000,14.125,14.125,14.25,14.125,5.386083126068115
1994-02-17,144800,13.625,14.0,14.0625,13.5625,5.338418960571289
1994-02-16,57000,13.5,13.5625,13.5625,13.5,5.171590328216553
1994-02-15,131800,13.5,13.5,13.5625,13.5,5.147758960723877
1994-02-14,12800,13.3125,13.4375,13.4375,13.3125,5.12392520904541
1994-02-11,33800,13.1875,13.25,13.3125,13.1875,5.05242919921875
1994-02-10,160600,13.25,13.3125,13.3125,13.1875,5.0762619972229
1994-02-09,87600,13.0,13.3125,13.3125,13.0,5.0762619972229
1994-02-08,32600,13.3125,13.125,13.375,13.0,5.00476598739624
1994-02-07,43000,13.375,13.3125,13.4375,13.3125,5.0762619972229
1994-02-04,42200,13.5,13.5625,13.625,13.5,5.102954864501953
1994-02-03,19800,13.5,13.4375,13.5,13.375,5.055922031402588
1994-02-02,21800,13.4375,13.5,13.5,13.4375,5.079437732696533
1994-02-01,30400,13.1875,13.4375,13.5,13.1875,5.055922031402588
1994-01-31,11600,13.0,13.1875,13.1875,13.0,4.961857795715332
1994-01-28,55400,12.75,12.875,12.9375,12.75,4.844280242919922
1994-01-27,57000,12.75,12.6875,12.9375,12.6875,4.773731231689453
1994-01-26,17800,12.75,12.8125,12.875,12.5625,4.820762634277344
1994-01-25,13200,12.625,12.625,12.75,12.5,4.750216960906982
1994-01-24,24600,13.0,12.5,13.0,12.5,4.703183650970459
1994-01-21,26200,12.9375,12.9375,13.0,12.8125,4.867794036865234
1994-01-20,22800,12.75,12.8125,12.9375,12.625,4.820762634277344
1994-01-19,55000,12.75,12.8125,12.8125,12.6875,4.820762634277344
1994-01-18,144400,13.0,12.875,13.1875,12.8125,4.844280242919922
1994-01-17,9200,12.9375,12.9375,13.0,12.875,4.867794036865234
1994-01-14,66200,12.9375,12.875,13.0,12.875,4.844280242919922
1994-01-13,34600,12.8125,12.8125,12.875,12.8125,4.820762634277344
1994-01-12,47400,13.0,12.875,13.0,12.75,4.844280242919922
1994-01-11,57400,13.0,13.0625,13.1875,12.875,4.9148268699646
1994-01-10,32400,12.6875,12.875,12.9375,12.6875,4.844280242919922
1994-01-07,28400,12.625,12.5625,12.6875,12.5,4.7266998291015625
1994-01-06,22800,12.625,12.75,12.75,12.5625,4.797247409820557
1994-01-05,24800,12.5625,12.6875,12.75,12.5,4.773731231689453
1994-01-04,40600,12.4375,12.5,12.75,12.4375,4.703183650970459
1994-01-03,77200,12.4375,12.5,12.5625,12.25,4.703183650970459
1993-12-31,46200,12.1875,12.5,12.6875,12.1875,4.703183650970459
1993-12-30,57000,11.8125,12.0625,12.125,11.8125,4.538571357727051
1993-12-29,13200,11.25,11.5,11.5,11.25,4.326929092407227
1993-12-28,17200,11.125,11.3125,11.375,11.125,4.256381034851074
1993-12-27,12200,11.1875,11.1875,11.1875,11.0625,4.209350109100342
1993-12-23,4400,11.0,11.0625,11.0625,11.0,4.162320137023926
1993-12-22,35200,11.1875,11.0625,11.1875,11.0,4.162320137023926
1993-12-21,30200,11.5,11.25,11.5625,11.25,4.232865333557129
1993-12-20,46200,11.4375,11.1875,11.4375,11.125,4.209350109100342
1993-12-17,41400,11.625,11.5,11.625,11.3125,4.326929092407227
1993-12-16,17600,11.75,11.5,11.75,11.3125,4.326929092407227
1993-12-15,30400,11.875,11.8125,11.875,11.75,4.4445085525512695
1993-12-14,45200,11.875,11.75,11.875,11.75,4.420992851257324
1993-12-13,13200,12.0,11.875,12.0,11.75,4.468024730682373
1993-12-10,36600,12.0625,11.875,12.0625,11.875,4.468024730682373
1993-12-09,150600,12.3125,12.125,12.3125,12.125,4.562090873718262
1993-12-08,146400,12.125,12.25,12.375,12.125,4.609121322631836
1993-12-07,51600,11.875,12.125,12.3125,11.8125,4.562090873718262
1993-12-06,22200,11.75,11.875,11.875,11.625,4.468024730682373
1993-12-03,14000,11.375,11.875,11.875,11.375,4.468024730682373
1993-12-02,8000,11.25,11.3125,11.4375,11.25,4.256381034851074
1993-12-01,11400,11.125,11.1875,11.1875,11.0,4.209350109100342
1993-11-30,16800,11.375,11.375,11.375,11.25,4.2798991203308105
1993-11-29,161800,11.375,11.3125,11.375,11.25,4.256381034851074
1993-11-26,400,11.375,11.375,11.375,11.375,4.2798991203308105
1993-11-24,6200,11.4375,11.375,11.4375,11.3125,4.2798991203308105
1993-11-23,41200,11.3125,11.3125,11.3125,11.25,4.256381034851074
1993-11-22,11000,11.5,11.4375,11.5,11.375,4.303412914276123
1993-11-19,22800,11.0,11.625,11.625,11.0,4.373960494995117
1993-11-18,7000,11.0625,11.0,11.125,11.0,4.138801097869873
1993-11-17,17200,10.8125,10.9375,10.9375,10.75,4.115286350250244
1993-11-16,3600,11.0,10.9375,11.0,10.9375,4.115286350250244
1993-11-15,6200,11.0,11.125,11.1875,10.9375,4.18583345413208
1993-11-12,8800,11.25,11.125,11.3125,11.0,4.18583345413208
1993-11-11,3600,11.5,11.4375,11.5625,11.3125,4.303412914276123
1993-11-10,400,11.4375,11.4375,11.4375,11.4375,4.303412914276123
1993-11-09,7600,11.25,11.375,11.4375,11.25,4.2798991203308105
1993-11-08,12600,11.375,11.375,11.5,11.25,4.2798991203308105
1993-11-05,6400,11.625,11.5625,11.625,11.5625,4.288364887237549
1993-11-04,13200,11.6875,11.6875,11.6875,11.625,4.334723472595215
1993-11-03,46000,11.9375,11.75,12.125,11.75,4.357903003692627
1993-11-02,18800,11.875,12.0,12.0,11.8125,4.450625419616699
1993-11-01,9400,11.8125,11.8125,11.8125,11.75,4.381083965301514
1993-10-29,5000,11.8125,11.8125,11.8125,11.6875,4.381083965301514
1993-10-28,14200,11.625,11.75,11.75,11.625,4.357903003692627
1993-10-27,7600,11.625,11.625,11.625,11.625,4.311546325683594
1993-10-26,14200,11.625,11.625,11.75,11.625,4.311546325683594
1993-10-25,17000,11.625,11.6875,11.75,11.625,4.334723472595215
1993-10-22,6800,11.625,11.625,11.6875,11.625,4.311546325683594
1993-10-21,16600,11.625,11.6875,11.6875,11.5625,4.334723472595215
1993-10-20,3200,11.625,11.625,11.625,11.5625,4.311546325683594
1993-10-19,20000,11.4375,11.5625,11.5625,11.4375,4.288364887237549
1993-10-18,7400,11.5,11.5,11.5,11.375,4.265181064605713
1993-10-15,2600,11.3125,11.4375,11.5,11.3125,4.242000102996826
1993-10-14,32600,11.4375,11.375,11.4375,11.25,4.2188239097595215
1993-10-13,40400,11.4375,11.375,11.75,11.375,4.2188239097595215
1993-10-12,12000,11.75,11.375,11.75,11.375,4.2188239097595215
1993-10-11,26600,11.375,11.625,11.625,11.3125,4.311546325683594
1993-10-08,97600,11.375,11.25,11.375,11.25,4.172460556030273
1993-10-07,15600,11.25,11.25,11.3125,11.1875,4.172460556030273
1993-10-06,17200,11.0625,11.1875,11.1875,11.0,4.149281024932861
1993-10-05,22200,11.0625,11.0625,11.25,11.0625,4.102921485900879
1993-10-04,13200,10.875,10.9375,11.0,10.875,4.056560039520264
1993-10-01,28200,11.0625,10.9375,11.0625,10.875,4.056560039520264
1993-09-30,43200,10.875,11.0,11.0,10.8125,4.079739570617676
1993-09-29,9000,10.75,10.8125,10.9375,10.75,4.01019811630249
1993-09-28,7400,10.6875,10.625,10.6875,10.625,3.9406578540802
1993-09-27,21200,10.5,10.625,10.75,10.5,3.9406578540802
1993-09-24,14400,10.375,10.4375,10.4375,10.375,3.871116876602173
1993-09-23,19800,10.375,10.25,10.375,10.25,3.8015754222869873
1993-09-22,14000,10.3125,10.4375,10.4375,10.25,3.871116876602173
1993-09-21,45600,10.5,10.375,10.75,10.375,3.8479368686676025
1993-09-20,5200,10.4375,10.375,10.4375,10.375,3.8479368686676025
1993-09-17,19400,10.4375,10.5,10.5625,10.4375,3.8942956924438477
1993-09-16,2200,10.5,10.5,10.5,10.4375,3.8942956924438477
1993-09-15,26600,10.125,10.5,10.5,10.125,3.8942956924438477
1993-09-14,10000,10.0625,10.1875,10.1875,9.875,3.77839732170105
1993-09-13,5200,10.1875,10.125,10.1875,10.125,3.7552149295806885
1993-09-10,8400,10.25,10.25,10.3125,10.125,3.8015754222869873
1993-09-09,11000,10.1875,10.1875,10.3125,10.0625,3.77839732170105
1993-09-08,54600,10.0,10.0625,10.125,9.9375,3.732037305831909
1993-09-07,16400,10.1875,10.0,10.1875,10.0,3.708855152130127
1993-09-03,1600,10.3125,10.1875,10.375,10.1875,3.77839732170105
1993-09-02,26200,10.1875,10.25,10.375,10.125,3.8015754222869873
1993-09-01,11200,10.25,10.1875,10.25,10.1875,3.77839732170105
1993-08-31,8000,10.125,10.1875,10.25,10.125,3.77839732170105
1993-08-30,6400,10.25,10.1875,10.25,10.125,3.77839732170105
1993-08-27,13600,10.3125,10.125,10.3125,10.125,3.7552149295806885
1993-08-26,7400,10.375,10.3125,10.375,10.25,3.8247570991516113
1993-08-25,23400,10.375,10.5,10.5625,10.375,3.8942956924438477
1993-08-24,13800,10.25,10.375,10.4375,10.25,3.8479368686676025
1993-08-23,30800,10.0625,10.125,10.125,10.0625,3.7552149295806885
1993-08-20,19600,10.1875,10.125,10.1875,10.0625,3.7552149295806885
1993-08-19,39800,9.6875,10.0625,10.3125,9.6875,3.732037305831909
1993-08-18,22200,9.5625,9.5625,9.625,9.5,3.546592950820923
1993-08-17,3000,9.5,9.5,9.625,9.5,3.523411989212036
1993-08-16,23600,9.5,9.5,9.75,9.4375,3.523411989212036
1993-08-13,15600,9.5,9.625,9.625,9.5,3.5697736740112305
1993-08-12,15800,9.25,9.4375,9.5,9.25,3.500232219696045
1993-08-11,12800,9.3125,9.375,9.375,9.25,3.4770522117614746
1993-08-10,5200,9.375,9.25,9.375,9.25,3.430690050125122
1993-08-09,28200,9.375,9.5,9.6875,9.375,3.462214469909668
1993-08-06,5800,9.25,9.4375,9.4375,9.25,3.4394381046295166
1993-08-05,1000,9.3125,9.3125,9.3125,9.3125,3.3938841819763184
1993-08-04,10400,9.375,9.375,9.375,9.1875,3.4166598320007324
1993-08-03,27800,9.375,9.375,9.5,9.25,3.4166598320007324
1993-08-02,13400,8.875,9.25,9.25,8.875,3.3711049556732178
1993-07-30,14800,8.875,8.9375,9.125,8.875,3.2572150230407715
1993-07-29,11200,8.875,8.8125,8.875,8.8125,3.2116613388061523
1993-07-28,40400,8.75,8.875,8.9375,8.75,3.2344377040863037
1993-07-27,5600,8.6875,8.6875,8.8125,8.6875,3.1661059856414795
1993-07-26,7200,8.75,8.5625,8.75,8.5625,3.120549440383911
1993-07-23,4000,8.9375,8.875,8.9375,8.8125,3.2344377040863037
1993-07-22,4600,9.0625,9.0,9.0625,8.9375,3.279994249343872
1993-07-21,5400,9.0625,9.125,9.25,9.0625,3.3255488872528076
1993-07-20,23600,9.25,9.1875,9.5,9.0625,3.3483285903930664
1993-07-19,11000,8.9375,9.25,9.25,8.9375,3.3711049556732178
1993-07-16,17400,8.625,8.875,8.875,8.625,3.2344377040863037
1993-07-15,17400,8.5,8.6875,8.75,8.5,3.1661059856414795
1993-07-14,7800,8.375,8.5,8.5,8.375,3.0977721214294434
1993-07-13,16200,8.125,8.375,8.375,8.125,3.052217483520508
1993-07-12,23600,8.0,8.0,8.0,7.9375,2.9155497550964355
1993-07-09,3600,8.0,7.875,8.0,7.875,2.8699951171875
1993-07-08,12200,7.9375,7.9375,8.0625,7.9375,2.8927724361419678
1993-07-07,13600,8.1875,8.0,8.1875,8.0,2.9155497550964355
1993-07-06,7200,8.25,8.25,8.25,8.25,3.0066592693328857
1993-07-02,2000,8.3125,8.1875,8.3125,8.1875,2.98388409614563
1993-07-01,21800,8.0,8.25,8.25,8.0,3.0066592693328857
1993-06-30,17200,7.875,8.0,8.0,7.8125,2.9155497550964355
1993-06-29,32200,7.8125,7.8125,7.875,7.8125,2.847217321395874
1993-06-28,16400,7.625,7.75,7.8125,7.625,2.8244388103485107
1993-06-25,8400,7.5625,7.6875,7.6875,7.5625,2.8016626834869385
1993-06-24,1600,7.625,7.625,7.625,7.625,2.778883695602417
1993-06-23,23000,7.625,7.625,7.6875,7.625,2.778883695602417
1993-06-22,15600,7.5625,7.625,7.625,7.5,2.778883695602417
1993-06-21,297000,7.6875,7.5625,7.6875,7.5,2.756105661392212
1993-06-18,25400,8.0,7.625,8.0,7.625,2.778883695602417
1993-06-17,14600,8.1875,8.0,8.1875,8.0,2.9155497550964355
1993-06-16,3200,8.25,8.1875,8.25,8.1875,2.98388409614563
1993-06-15,3600,8.25,8.25,8.3125,8.25,3.0066592693328857
1993-06-14,4600,8.3125,8.25,8.3125,8.25,3.0066592693328857
1993-06-11,2000,8.3125,8.25,8.3125,8.25,3.0066592693328857
1993-06-10,800,8.3125,8.3125,8.3125,8.3125,3.0294389724731445
1993-06-09,2800,8.3125,8.3125,8.3125,8.3125,3.0294389724731445
1993-06-08,1600,8.375,8.3125,8.375,8.3125,3.0294389724731445
1993-06-07,15600,8.625,8.4375,8.625,8.375,3.0749943256378174
1993-06-04,9000,8.5,8.5,8.5,8.375,3.0977721214294434
1993-06-03,5800,8.4375,8.375,8.4375,8.375,3.052217483520508
1993-06-02,3600,8.5,8.375,8.5,8.375,3.052217483520508
1993-06-01,3600,8.4375,8.4375,8.5,8.4375,3.0749943256378174
1993-05-28,6600,8.375,8.4375,8.4375,8.375,3.0749943256378174
1993-05-27,1800,8.4375,8.375,8.4375,8.375,3.052217483520508
1993-05-26,3000,8.4375,8.5,8.5,8.4375,3.0977721214294434
1993-05-25,13400,8.3125,8.4375,8.5,8.3125,3.0749943256378174
1993-05-24,7000,8.3125,8.375,8.375,8.3125,3.052217483520508
1993-05-21,17800,8.3125,8.375,8.375,8.25,3.052217483520508
1993-05-20,5600,8.5,8.5,8.5,8.4375,3.0977721214294434
1993-05-19,25400,8.5625,8.5625,8.5625,8.5,3.120549440383911
1993-05-18,2200,8.5,8.625,8.625,8.5,3.1433286666870117
1993-05-17,1400,8.5,8.5,8.5,8.5,3.0977721214294434
1993-05-14,16200,8.5625,8.5,8.5625,8.5,3.0977721214294434
1993-05-13,13000,8.5,8.6875,8.6875,8.5,3.1661059856414795
1993-05-12,9200,8.5,8.4375,8.5625,8.4375,3.0749943256378174
1993-05-11,24200,8.8125,8.625,8.8125,8.625,3.1433286666870117
1993-05-10,7800,8.625,8.75,8.75,8.625,3.188883066177368
1993-05-07,7800,8.625,8.6875,8.6875,8.625,3.105971336364746
1993-05-06,7400,8.5,8.625,8.6875,8.5,3.083627700805664
1993-05-05,6400,8.25,8.5,8.5,8.25,3.0389368534088135
1993-05-04,26400,8.125,8.25,8.3125,8.125,2.9495551586151123
1993-05-03,83400,8.1875,8.125,8.1875,8.0,2.9048657417297363
1993-04-30,8400,8.1875,8.0625,8.25,8.0625,2.882520914077759
1993-04-29,19200,8.5,8.3125,8.5,8.25,2.971903085708618
1993-04-28,3200,8.25,8.4375,8.4375,8.25,3.0165915489196777
1993-04-27,9600,8.25,8.1875,8.25,8.0625,2.9272124767303467
1993-04-26,7400,8.375,8.1875,8.375,8.1875,2.9272124767303467
1993-04-23,16000,8.3125,8.375,8.5,8.25,2.9942471981048584
1993-04-22,16000,8.25,8.25,8.3125,8.125,2.9495551586151123
1993-04-21,12400,8.3125,8.375,8.375,8.25,2.9942471981048584
1993-04-20,14400,8.3125,8.4375,8.5625,8.3125,3.0165915489196777
1993-04-19,15600,8.6875,8.4375,8.6875,8.3125,3.0165915489196777
1993-04-16,19800,8.8125,8.5625,8.8125,8.5,3.0612807273864746
1993-04-15,1400,8.8125,8.875,8.875,8.8125,3.1730077266693115
1993-04-14,7800,8.875,8.9375,9.0,8.75,3.1953518390655518
1993-04-13,9800,8.4375,8.75,8.75,8.4375,3.12831711769104
1993-04-12,14000,8.75,8.5,8.875,8.4375,3.0389368534088135
1993-04-08,11000,8.5625,8.6875,8.6875,8.5,3.105971336364746
1993-04-07,41600,8.625,8.625,8.6875,8.5,3.083627700805664
1993-04-06,9000,8.625,8.625,8.75,8.625,3.083627700805664
1993-04-05,28800,8.5,8.625,8.625,8.4375,3.083627700805664
1993-04-02,26000,8.75,8.4375,8.75,8.4375,3.0165915489196777
1993-04-01,33800,8.6875,8.625,8.8125,8.5,3.083627700805664
1993-03-31,34800,8.875,8.6875,8.875,8.5,3.105971336364746
1993-03-30,17800,8.25,8.75,8.75,8.25,3.12831711769104
1993-03-29,168400,8.125,8.1875,8.1875,8.0,2.9272124767303467
1993-03-26,63600,8.3125,8.0,8.375,7.9375,2.860175132751465
1993-03-25,37800,8.0,8.1875,8.1875,8.0,2.9272124767303467
1993-03-24,42800,8.625,8.0,8.75,8.0,2.860175132751465
1993-03-23,93000,9.0,8.5,9.0,7.875,3.0389368534088135
1993-03-22,9800,9.375,9.1875,9.375,9.1875,3.2847349643707275
1993-03-19,3600,9.5625,9.5,9.5625,9.5,3.396458387374878
1993-03-18,6200,9.5625,9.5625,9.625,9.5,3.418804168701172
1993-03-17,6400,9.5625,9.625,9.6875,9.5,3.4411492347717285
1993-03-16,10000,9.625,9.5,9.6875,9.5,3.396458387374878
1993-03-15,4000,9.625,9.625,9.625,9.625,3.4411492347717285
1993-03-12,14400,9.5,9.6875,9.6875,9.5,3.4634945392608643
1993-03-11,13400,9.8125,9.625,9.8125,9.625,3.4411492347717285
1993-03-10,22200,9.875,9.875,9.9375,9.875,3.5305280685424805
1993-03-09,800,10.0,9.9375,10.0,9.9375,3.5528740882873535
1993-03-08,11800,9.9375,9.9375,10.0625,9.9375,3.5528740882873535
1993-03-05,5600,10.0625,10.0625,10.125,10.0625,3.5975654125213623
1993-03-04,5200,9.9375,9.9375,10.0,9.875,3.5528740882873535
1993-03-03,4200,10.0,9.9375,10.0625,9.9375,3.5528740882873535
1993-03-02,8600,10.0625,10.0625,10.125,10.0,3.5975654125213623
1993-03-01,10400,10.0,10.1875,10.25,9.875,3.642256021499634
1993-02-26,14400,9.4375,9.875,9.875,9.375,3.5305280685424805
1993-02-25,2800,9.3125,9.4375,9.4375,9.3125,3.3741133213043213
1993-02-24,2400,9.3125,9.3125,9.4375,9.3125,3.3294246196746826
1993-02-23,26400,9.4375,9.375,9.4375,9.125,3.351768970489502
1993-02-22,28800,9.75,9.3125,9.8125,9.3125,3.3294246196746826
1993-02-19,12000,9.875,9.875,9.875,9.625,3.5305280685424805
1993-02-18,18600,9.75,9.75,9.875,9.6875,3.4858388900756836
1993-02-17,20600,10.25,9.75,10.25,9.6875,3.4858388900756836
1993-02-16,23000,10.5,10.4375,10.5625,10.3125,3.731635570526123
1993-02-12,8000,10.6875,10.625,10.6875,10.625,3.7986717224121094
1993-02-11,2800,10.75,10.6875,10.75,10.6875,3.821014881134033
1993-02-10,9400,10.75,10.8125,10.875,10.75,3.865703821182251
1993-02-09,6000,10.6875,10.75,10.75,10.625,3.8433611392974854
1993-02-08,7000,10.5,10.625,10.6875,10.5,3.7986717224121094
1993-02-05,9600,11.0625,10.625,11.0625,10.625,3.7396798133850098
1993-02-04,15400,10.9375,11.0,11.125,10.875,3.871668577194214
1993-02-03,10600,11.0625,11.0625,11.125,11.0,3.893667221069336
1993-02-02,21400,10.9375,11.0625,11.1875,10.9375,3.893667221069336
1993-02-01,9400,10.9375,10.9375,11.0,10.875,3.8496713638305664
1993-01-29,3600,10.875,10.8125,10.875,10.8125,3.8056740760803223
1993-01-28,37800,11.0,10.9375,11.0625,10.9375,3.8496713638305664
1993-01-27,27000,11.0625,11.125,11.1875,11.0625,3.915663719177246
1993-01-26,45600,11.0,11.125,11.25,11.0,3.915663719177246
1993-01-25,60800,11.0,11.0,11.0625,10.9375,3.871668577194214
1993-01-22,24000,10.8125,11.0,11.0,10.625,3.871668577194214
1993-01-21,21600,10.5625,10.8125,10.9375,10.5625,3.8056740760803223
1993-01-20,24000,10.1875,10.5625,10.625,10.1875,3.717681407928467
1993-01-19,27800,10.3125,10.25,10.375,10.125,3.6076910495758057
1993-01-18,20000,10.25,10.25,10.3125,10.1875,3.6076910495758057
1993-01-15,24000,10.125,10.375,10.375,10.125,3.65168833732605
1993-01-14,44200,10.125,10.25,10.25,10.0625,3.6076910495758057
1993-01-13,13600,10.0,10.125,10.125,9.9375,3.563694953918457
1993-01-12,14200,9.8125,9.9375,9.9375,9.6875,3.4976999759674072
1993-01-11,14400,10.0625,9.9375,10.0625,9.8125,3.4976999759674072
1993-01-08,10600,10.125,10.0625,10.125,10.0,3.541696548461914
1993-01-07,17400,10.1875,10.1875,10.25,10.125,3.585692882537842
1993-01-06,12000,10.125,10.125,10.25,10.0625,3.563694953918457
1993-01-05,15000,10.0625,10.1875,10.3125,10.0,3.585692882537842
1993-01-04,12000,10.1875,10.125,10.25,10.125,3.563694953918457
1992-12-31,10000,10.0625,10.3125,10.4375,10.0,3.629688262939453
1992-12-30,17600,10.25,10.125,10.25,10.0625,3.563694953918457
1992-12-29,5600,10.25,10.25,10.3125,10.25,3.6076910495758057
1992-12-28,15600,10.1875,10.375,10.375,10.125,3.65168833732605
1992-12-24,3600,10.125,10.1875,10.25,10.125,3.585692882537842
1992-12-23,33400,10.125,10.25,10.25,10.0,3.6076910495758057
1992-12-22,39800,10.0,10.0625,10.1875,10.0,3.541696548461914
1992-12-21,33600,9.8125,9.875,9.9375,9.625,3.4757027626037598
1992-12-18,68400,9.9375,9.9375,10.0,9.8125,3.4976999759674072
1992-12-17,12600,9.625,9.875,9.875,9.625,3.4757027626037598
1992-12-16,9200,9.625,9.625,9.6875,9.5625,3.387709856033325
1992-12-15,12600,9.875,9.6875,9.875,9.6875,3.4097073078155518
1992-12-14,13400,10.125,9.875,10.125,9.75,3.4757027626037598
1992-12-11,11000,10.0625,10.125,10.125,10.0,3.563694953918457
1992-12-10,47400,10.125,10.0625,10.1875,10.0625,3.541696548461914
1992-12-09,28200,10.125,10.0625,10.1875,10.0,3.541696548461914
1992-12-08,57000,10.3125,10.25,10.5,9.875,3.6076910495758057
1992-12-07,14200,10.4375,10.1875,10.5,10.1875,3.585692882537842
1992-12-04,20200,10.4375,10.4375,10.4375,10.3125,3.6736857891082764
1992-12-03,40000,10.1875,10.3125,10.3125,10.125,3.629688262939453
1992-12-02,56400,9.9375,10.0625,10.1875,9.8125,3.541696548461914
1992-12-01,48800,9.625,9.875,9.9375,9.5625,3.4757027626037598
1992-11-30,42600,9.5625,9.625,9.625,9.4375,3.387709856033325
1992-11-27,6200,9.375,9.5,9.5,9.375,3.343712568283081
1992-11-25,42200,9.625,9.375,9.8125,9.375,3.299717903137207
1992-11-24,64400,9.5625,9.625,9.625,9.4375,3.387709856033325
1992-11-23,112200,9.25,9.5625,9.625,9.1875,3.365712881088257
1992-11-20,116400,8.75,9.4375,9.4375,8.6875,3.321716785430908
1992-11-19,111800,8.3125,8.5,8.875,8.0,2.9917447566986084
1992-11-18,16000,8.5,8.375,8.5,8.375,2.9477484226226807
1992-11-17,29800,8.75,8.5,8.75,8.375,2.9917447566986084
1992-11-16,17200,9.0,8.875,9.0625,8.6875,3.1237335205078125
1992-11-13,10000,9.0625,9.0625,9.0625,9.0,3.1897263526916504
1992-11-12,45600,8.9375,9.0625,9.125,8.9375,3.1897263526916504
1992-11-11,10200,8.75,8.9375,8.9375,8.75,3.145730972290039
1992-11-10,17000,8.5,8.75,8.8125,8.5,3.079735517501831
1992-11-09,7800,8.625,8.5625,8.625,8.5625,3.0137405395507812
1992-11-06,18000,8.5,8.5625,8.625,8.4375,3.0137405395507812
1992-11-05,15800,8.5,8.5625,8.5625,8.4375,2.960946798324585
1992-11-04,18600,8.375,8.4375,8.4375,8.375,2.9177212715148926
1992-11-03,3400,8.4375,8.375,8.4375,8.375,2.8961076736450195
1992-11-02,34400,8.3125,8.3125,8.375,8.3125,2.8744962215423584
1992-10-30,40000,8.625,8.375,8.625,8.375,2.8961076736450195
1992-10-29,10600,8.625,8.625,8.6875,8.625,2.982560396194458
1992-10-28,30000,8.625,8.6875,8.6875,8.625,3.004171371459961
1992-10-27,12000,8.8125,8.75,8.8125,8.75,3.025784492492676
1992-10-26,15200,8.75,8.8125,8.8125,8.75,3.0473968982696533
1992-10-23,16400,8.8125,8.8125,8.8125,8.75,3.0473968982696533
1992-10-22,124200,8.6875,8.875,8.875,8.6875,3.0690090656280518
1992-10-21,140400,8.6875,8.6875,8.6875,8.625,3.004171371459961
1992-10-20,12400,8.625,8.625,8.6875,8.625,2.982560396194458
1992-10-19,86200,8.5,8.625,8.6875,8.5,2.982560396194458
1992-10-16,11600,8.5625,8.5625,8.5625,8.5,2.960946798324585
1992-10-15,8800,8.5625,8.5625,8.5625,8.5,2.960946798324585
1992-10-14,19800,8.5,8.5,8.5625,8.5,2.9393341541290283
1992-10-13,97800,8.5625,8.625,8.625,8.5,2.982560396194458
1992-10-12,95800,8.4375,8.5625,8.625,8.4375,2.960946798324585
1992-10-09,44800,8.25,8.5,8.5625,8.25,2.9393341541290283
1992-10-08,136600,8.0,8.1875,8.1875,8.0,2.8312699794769287
1992-10-07,6200,7.9375,8.0625,8.125,7.9375,2.7880454063415527
1992-10-06,6600,7.875,7.9375,7.9375,7.875,2.744819402694702
1992-10-05,41200,7.75,7.8125,7.8125,7.75,2.701592206954956
1992-10-02,23600,8.0,7.875,8.0625,7.8125,2.7232067584991455
1992-10-01,2600,8.0625,8.0,8.0625,8.0,2.766432285308838
1992-09-30,16000,8.0,8.125,8.125,8.0,2.8096563816070557
1992-09-29,7200,7.9375,8.0,8.0,7.875,2.766432285308838
1992-09-28,13600,7.75,8.0,8.0,7.75,2.766432285308838
1992-09-25,21200,8.0,7.8125,8.0,7.8125,2.701592206954956
1992-09-24,21400,8.0625,8.0,8.1875,7.9375,2.766432285308838
1992-09-23,30600,8.1875,8.125,8.1875,8.0625,2.8096563816070557
1992-09-22,22600,8.5,8.3125,8.5625,8.3125,2.8744962215423584
1992-09-21,10600,8.5625,8.5625,8.625,8.5,2.960946798324585
1992-09-18,17800,8.6875,8.625,8.6875,8.5625,2.982560396194458
1992-09-17,12800,8.75,8.625,8.75,8.5625,2.982560396194458
1992-09-16,27800,8.375,8.6875,8.75,8.375,3.004171371459961
1992-09-15,19000,8.3125,8.25,8.3125,8.1875,2.8528823852539062
1992-09-14,53000,8.375,8.3125,8.5,8.3125,2.8744962215423584
1992-09-11,25200,8.25,8.3125,8.3125,8.25,2.8744962215423584
1992-09-10,30400,8.0625,8.1875,8.1875,8.0625,2.8312699794769287
1992-09-09,52600,8.0,8.0,8.0625,7.9375,2.766432285308838
1992-09-08,11600,7.9375,7.875,8.0,7.875,2.7232067584991455
1992-09-04,3800,7.9375,8.0,8.0,7.9375,2.766432285308838
1992-09-03,7400,8.0,8.0,8.0,7.9375,2.766432285308838
1992-09-02,13200,8.0625,8.0,8.0625,8.0,2.766432285308838
1992-09-01,33000,7.8125,8.0,8.0625,7.8125,2.766432285308838
1992-08-31,36000,8.3125,7.8125,8.375,7.75,2.701592206954956
1992-08-28,12400,8.25,8.25,8.25,8.1875,2.8528823852539062
1992-08-27,28200,8.1875,8.125,8.25,8.0625,2.8096563816070557
1992-08-26,17000,8.0625,8.125,8.125,8.0,2.8096563816070557
1992-08-25,86200,8.0,8.0625,8.125,8.0,2.7880454063415527
1992-08-24,35000,8.3125,8.0625,8.3125,8.0625,2.7880454063415527
1992-08-21,44800,8.5,8.3125,8.625,8.25,2.8744962215423584
1992-08-20,17400,8.375,8.4375,8.5,8.375,2.9177212715148926
1992-08-19,16800,8.5,8.375,8.5625,8.375,2.8961076736450195
1992-08-18,19600,8.5,8.625,8.6875,8.5,2.982560396194458
1992-08-17,31800,8.5,8.5,8.6875,8.5,2.9393341541290283
1992-08-14,24800,8.0,8.5,8.5625,8.0,2.9393341541290283
1992-08-13,30600,8.125,8.0,8.25,8.0,2.766432285308838
1992-08-12,38800,8.0,8.1875,8.1875,8.0,2.8312699794769287
1992-08-11,77800,8.1875,8.125,8.1875,7.875,2.8096563816070557
1992-08-10,78200,8.75,8.5,8.75,8.375,2.887463331222534
1992-08-07,57000,8.75,8.875,8.875,8.4375,3.014850378036499
1992-08-06,70800,8.9375,9.0,9.125,8.9375,3.057314872741699
1992-08-05,61000,9.4375,9.0625,9.4375,9.0,3.078545331954956
1992-08-04,32200,9.625,9.375,9.625,9.3125,3.1847026348114014
1992-08-03,45800,9.125,9.4375,9.5,9.125,3.205933094024658
1992-07-31,14800,9.0,9.25,9.3125,9.0,3.142239809036255
1992-07-30,7400,9.0,9.125,9.125,9.0,3.0997769832611084
1992-07-29,13200,9.125,9.0625,9.25,9.0625,3.078545331954956
1992-07-28,11600,9.125,9.25,9.3125,9.125,3.142239809036255
1992-07-27,27400,8.4375,9.0,9.0,8.4375,3.057314872741699
1992-07-24,60400,8.875,8.4375,8.9375,8.375,2.86623215675354
1992-07-23,28600,9.125,8.9375,9.1875,8.9375,3.0360825061798096
1992-07-22,8200,9.1875,9.25,9.25,9.125,3.142239809036255
1992-07-21,31000,9.5625,9.125,9.5625,9.125,3.0997769832611084
1992-07-20,31200,9.9375,9.6875,10.0,9.6875,3.290858030319214
1992-07-17,21800,9.875,9.8125,9.9375,9.5,3.333322048187256
1992-07-16,92800,9.6875,9.875,10.125,9.625,3.3545541763305664
1992-07-15,176800,9.0,9.4375,10.125,9.0,3.205933094024658
1992-07-14,204400,8.25,8.625,8.8125,8.25,2.929926872253418
1992-07-13,27000,7.625,7.75,7.75,7.625,2.632685899734497
1992-07-10,20600,7.75,7.5,7.8125,7.5,2.547762393951416
1992-07-09,12800,7.5625,7.6875,7.6875,7.5,2.611454725265503
1992-07-08,40000,7.8125,7.625,7.9375,7.5625,2.590224266052246
1992-07-07,28800,8.0,7.875,8.0,7.8125,2.675150156021118
1992-07-06,29600,7.6875,7.9375,7.9375,7.6875,2.696381092071533
1992-07-02,87200,8.5,8.125,8.6875,8.125,2.7600741386413574
1992-07-01,95800,7.625,8.0625,8.25,7.625,2.7388439178466797
1992-06-30,114600,7.875,7.6875,8.0,7.5625,2.611454725265503
1992-06-29,107400,7.375,7.75,8.3125,7.25,2.632685899734497
1992-06-26,259800,7.625,7.25,7.625,7.1875,2.4628353118896484
1992-06-25,24800,8.625,7.9375,8.6875,7.875,2.696381092071533
1992-06-24,41200,8.8125,8.625,8.875,8.625,2.929926872253418
1992-06-23,9200,8.75,8.8125,8.8125,8.6875,2.993619918823242
1992-06-22,10200,8.9375,8.75,8.9375,8.6875,2.972388982772827
1992-06-19,49400,8.8125,8.9375,9.0,8.8125,3.0360825061798096
1992-06-18,170000,8.25,8.6875,9.4375,7.75,2.951155662536621
1992-06-17,64000,9.4375,8.5,9.4375,8.5,2.887463331222534
1992-06-16,88800,9.875,9.5625,10.0,9.1875,3.2483975887298584
1992-06-15,88400,11.1875,9.875,11.1875,9.5,3.3545541763305664
1992-06-12,60400,11.9375,11.3125,11.9375,11.3125,3.8428738117218018
1992-06-11,85600,12.375,12.125,12.4375,12.125,4.1188812255859375
1992-06-10,13000,12.625,12.375,12.625,12.375,4.203807830810547
1992-06-09,15400,13.1875,12.75,13.1875,12.75,4.331195831298828
1992-06-08,12400,13.1875,13.125,13.25,13.125,4.458580493927002
1992-06-05,9200,13.3125,13.3125,13.375,13.3125,4.522275447845459
1992-06-04,600,13.25,13.25,13.25,13.25,4.5010480880737305
1992-06-03,22800,13.3125,13.3125,13.3125,13.1875,4.522275447845459
1992-06-02,33200,13.375,13.375,13.5,13.375,4.543508052825928
1992-06-01,17000,13.375,13.375,13.4375,13.3125,4.543508052825928
1992-05-29,37200,12.8125,13.25,13.3125,12.8125,4.5010480880737305
1992-05-28,15800,12.5,12.75,12.75,12.5,4.331195831298828
1992-05-27,40600,12.625,12.5625,12.625,12.5,4.267500877380371
1992-05-26,9000,12.5625,12.5625,12.5625,12.5,4.267500877380371
1992-05-22,58800,12.5625,12.625,12.625,12.5625,4.288729667663574
1992-05-21,61000,12.9375,12.5625,12.9375,12.5625,4.267500877380371
1992-05-20,39600,12.8125,12.875,12.9375,12.8125,4.3736572265625
1992-05-19,57000,12.9375,12.8125,12.9375,12.75,4.352426052093506
1992-05-18,13000,13.0,12.875,13.0625,12.875,4.3736572265625
1992-05-15,23600,13.0625,13.125,13.125,12.9375,4.458580493927002
1992-05-14,10600,13.1875,13.125,13.25,13.125,4.458580493927002
1992-05-13,11200,13.1875,13.1875,13.25,13.125,4.479814529418945
1992-05-12,7800,12.875,13.0625,13.0625,12.875,4.437351226806641
1992-05-11,38200,12.6875,12.875,12.9375,12.6875,4.3736572265625
1992-05-08,11000,12.6875,12.6875,12.75,12.6875,4.259007930755615
1992-05-07,16000,12.8125,12.625,12.8125,12.625,4.238027572631836
1992-05-06,27600,12.75,12.8125,12.875,12.6875,4.300968647003174
1992-05-05,26600,12.625,12.625,12.6875,12.5625,4.238027572631836
1992-05-04,20800,12.6875,12.5625,12.6875,12.5,4.217048645019531
1992-05-01,8000,12.75,12.625,12.75,12.625,4.238027572631836
1992-04-30,16200,12.9375,12.8125,13.0,12.8125,4.300968647003174
1992-04-29,8400,13.1875,12.9375,13.1875,12.875,4.342931270599365
1992-04-28,20800,13.4375,13.25,13.4375,13.25,4.447831153869629
1992-04-27,32000,13.375,13.4375,13.5,13.25,4.510772228240967
1992-04-24,55000,13.125,13.3125,13.5625,13.125,4.468810558319092
1992-04-23,35400,13.125,13.25,13.3125,13.0625,4.447831153869629
1992-04-22,135800,12.5,13.125,13.125,12.4375,4.40587043762207
1992-04-21,32800,12.75,12.6875,12.75,12.5625,4.259007930755615
1992-04-20,61200,13.125,12.875,13.125,12.8125,4.321950435638428
1992-04-16,96000,12.75,13.0,13.0,12.5,4.36391019821167
1992-04-15,28800,12.5625,12.75,12.75,12.5625,4.2799882888793945
1992-04-14,32400,12.3125,12.5,12.5,12.25,4.1960673332214355
1992-04-13,37400,12.4375,12.25,12.4375,12.25,4.112145900726318
1992-04-10,43400,12.4375,12.375,12.4375,12.25,4.154107570648193
1992-04-09,30000,11.6875,12.3125,12.3125,11.6875,4.1331257820129395
1992-04-08,19400,11.875,11.6875,11.875,11.5625,3.9233241081237793
1992-04-07,77600,12.375,11.75,12.375,11.75,3.944305419921875
1992-04-06,143600,11.5,12.3125,12.3125,11.5,4.1331257820129395
1992-04-03,91200,11.0625,11.1875,11.3125,11.0625,3.7554802894592285
1992-04-02,77200,12.25,11.0,12.3125,11.0,3.6925392150878906
1992-04-01,74200,12.125,12.25,12.25,11.875,4.112145900726318
1992-03-31,100000,11.875,12.125,12.125,11.875,4.070186138153076
1992-03-30,77800,11.25,11.6875,11.8125,11.25,3.9233241081237793
1992-03-27,27800,11.375,11.125,11.375,11.125,3.7344987392425537
1992-03-26,57000,11.0625,11.375,11.375,11.0625,3.8184211254119873
1992-03-25,67800,10.75,11.0,11.0625,10.75,3.6925392150878906
1992-03-24,61000,10.8125,10.6875,11.1875,10.6875,3.587637424468994
1992-03-23,20800,10.75,10.625,10.75,10.5625,3.5666587352752686
1992-03-20,42000,10.6875,10.75,10.75,10.6875,3.6086177825927734
1992-03-19,31000,10.1875,10.6875,10.75,10.1875,3.587637424468994
1992-03-18,9800,9.9375,10.0,10.0625,9.9375,3.3568532466888428
1992-03-17,0,9.9375,9.9375,9.9375,9.9375,3.3358726501464844
1992-03-16,9000,9.9375,9.9375,9.9375,9.8125,3.3358726501464844
1992-03-13,8200,9.875,9.9375,9.9375,9.875,3.3358726501464844
1992-03-12,21000,9.875,9.8125,9.875,9.8125,3.2939131259918213
1992-03-11,10200,10.1875,9.8125,10.1875,9.8125,3.2939131259918213
1992-03-10,13200,10.3125,10.125,10.3125,10.0,3.398815393447876
1992-03-09,11200,10.25,10.3125,10.3125,10.1875,3.4617559909820557
1992-03-06,8600,10.25,10.125,10.3125,10.0625,3.398815393447876
1992-03-05,39000,10.6875,10.3125,10.6875,10.3125,3.4617559909820557
1992-03-04,75600,10.75,10.75,10.75,10.625,3.6086177825927734
1992-03-03,76200,10.3125,10.75,10.875,10.25,3.6086177825927734
1992-03-02,54200,9.875,10.1875,10.25,9.875,3.419795274734497
1992-02-28,16600,9.5,9.75,9.75,9.5,3.272932767868042
1992-02-27,18400,9.3125,9.5625,9.5625,9.25,3.2099924087524414
1992-02-26,44000,8.625,9.1875,9.1875,8.625,3.0841097831726074
1992-02-25,61600,9.0,8.5625,9.0,8.4375,2.874307155609131
1992-02-24,26200,9.6875,9.125,9.6875,9.125,3.063129425048828
1992-02-21,45800,9.6875,9.6875,9.6875,9.5625,3.2519521713256836
1992-02-20,14000,9.625,9.75,9.75,9.625,3.272932767868042
1992-02-19,22000,10.1875,9.75,10.1875,9.75,3.272932767868042
1992-02-18,16000,10.375,10.3125,10.4375,10.25,3.4617559909820557
1992-02-14,32200,10.375,10.375,10.5,10.3125,3.482736110687256
1992-02-13,30800,10.5,10.4375,10.5,10.375,3.503716468811035
1992-02-12,21800,10.6875,10.5,10.75,10.5,3.524695873260498
1992-02-11,28200,10.6875,10.625,10.75,10.625,3.5666587352752686
1992-02-10,54400,10.6875,10.75,10.75,10.6875,3.6086177825927734
1992-02-07,61600,10.5,10.6875,10.75,10.5,3.537285566329956
1992-02-06,201000,10.25,10.4375,10.4375,10.25,3.454540729522705
1992-02-05,40800,10.125,10.25,10.3125,10.125,3.3924834728240967
1992-02-04,8000,9.875,10.0625,10.0625,9.875,3.33042573928833
1992-02-03,25600,9.6875,10.0,10.0,9.6875,3.3097403049468994
1992-01-31,62000,9.75,9.75,9.75,9.75,3.226996898651123
1992-01-30,109800,9.625,9.75,9.75,9.625,3.226996898651123
1992-01-29,30800,9.4375,9.625,9.625,9.4375,3.185624122619629
1992-01-28,40200,9.125,9.5,9.5,9.125,3.1442534923553467
1992-01-27,43000,9.875,9.0625,9.875,9.0625,2.9994513988494873
1992-01-24,26600,10.25,9.875,10.25,9.875,3.268369674682617
1992-01-23,44600,10.25,10.1875,10.375,10.125,3.371797800064087
1992-01-22,62200,10.1875,10.25,10.3125,10.125,3.3924834728240967
1992-01-21,62600,10.1875,10.25,10.3125,10.125,3.3924834728240967
1992-01-20,21800,10.25,10.1875,10.25,10.125,3.371797800064087
1992-01-17,24800,10.0,10.1875,10.25,10.0,3.371797800064087
1992-01-16,71600,10.25,10.0625,10.375,9.9375,3.33042573928833
1992-01-15,45600,10.0625,10.25,10.4375,10.0,3.3924834728240967
1992-01-14,58600,9.9375,10.0625,10.125,9.875,3.33042573928833
1992-01-13,55800,10.0,10.0,10.1875,9.875,3.3097403049468994
1992-01-10,159200,9.875,10.0,10.125,9.875,3.3097403049468994
1992-01-09,132600,9.5625,9.75,9.8125,9.5625,3.226996898651123
1992-01-08,84200,9.25,9.5,9.625,9.25,3.1442534923553467
1992-01-07,360200,9.3125,9.25,9.3125,9.0625,3.061509847640991
1992-01-06,169200,9.1875,9.3125,9.875,9.1875,3.082195520401001
1992-01-03,133600,8.625,9.1875,9.1875,8.5,3.0408236980438232
1992-01-02,80600,8.125,8.5,8.75,8.125,2.8132786750793457
1991-12-31,75400,7.875,8.0,8.0625,7.875,2.6477911472320557
1991-12-30,53800,8.0,8.0,8.125,7.875,2.6477911472320557
1991-12-27,45000,8.125,7.875,8.3125,7.875,2.6064209938049316
1991-12-26,54800,7.5625,7.9375,8.0625,7.5625,2.6271069049835205
1991-12-24,42400,7.3125,7.4375,7.5,7.3125,2.4616191387176514
1991-12-23,19600,7.0,7.0,7.0,7.0,2.3168177604675293
1991-12-20,17800,7.0,6.9375,7.0,6.875,2.296131134033203
1991-12-19,6200,7.25,7.125,7.25,7.125,2.358189582824707
1991-12-18,49400,7.0,7.3125,7.375,7.0,2.4202475547790527
1991-12-17,5000,7.0,7.0625,7.125,7.0,2.337503671646118
1991-12-16,3200,7.0,7.0,7.0,7.0,2.3168177604675293
1991-12-13,2200,6.875,7.0,7.0,6.875,2.3168177604675293
1991-12-12,8400,6.875,6.9375,6.9375,6.875,2.296131134033203
1991-12-11,7000,6.75,6.875,6.875,6.75,2.275444984436035
1991-12-10,6200,6.9375,6.8125,6.9375,6.8125,2.254760503768921
1991-12-09,5600,6.875,6.9375,6.9375,6.875,2.296131134033203
1991-12-06,5400,7.0,6.9375,7.0,6.9375,2.296131134033203
1991-12-05,0,6.9375,6.9375,6.9375,6.9375,2.296131134033203
1991-12-04,800,6.9375,6.9375,6.9375,6.9375,2.296131134033203
1991-12-03,6000,7.0,7.0,7.0,7.0,2.3168177604675293
1991-12-02,15600,7.1875,7.0,7.1875,6.875,2.3168177604675293
1991-11-29,1600,7.25,7.25,7.3125,7.25,2.3995614051818848
1991-11-27,13200,7.3125,7.3125,7.375,7.3125,2.4202475547790527
1991-11-26,11400,7.5625,7.375,7.5625,7.375,2.4409337043762207
1991-11-25,5400,7.5625,7.5625,7.625,7.5625,2.5029914379119873
1991-11-22,3800,7.5625,7.5625,7.625,7.5625,2.5029914379119873
1991-11-21,9600,7.4375,7.5,7.5625,7.4375,2.4823062419891357
1991-11-20,16200,7.5,7.5,7.5625,7.5,2.4823062419891357
1991-11-19,37200,8.25,7.625,8.25,7.5,2.523676872253418
1991-11-18,6000,8.25,8.25,8.3125,8.25,2.7305352687835693
1991-11-15,12200,8.4375,8.3125,8.4375,8.25,2.7512221336364746
1991-11-14,17600,8.875,8.5625,8.875,8.5625,2.83396577835083
1991-11-13,51600,8.875,8.875,8.875,8.625,2.9373929500579834
1991-11-12,54200,8.5625,9.0,9.1875,8.5625,2.9787654876708984
1991-11-11,21400,8.0,8.5625,8.5625,8.0,2.83396577835083
1991-11-08,24200,7.625,7.9375,7.9375,7.625,2.6271069049835205
1991-11-07,21000,7.5625,7.625,7.6875,7.5625,2.482306957244873
1991-11-06,1200,7.5625,7.5625,7.5625,7.5625,2.4619593620300293
1991-11-05,16000,7.5,7.5,7.5,7.5,2.4416122436523438
1991-11-04,400,7.4375,7.4375,7.4375,7.4375,2.421265125274658
1991-11-01,400,7.5,7.5,7.5,7.5,2.4416122436523438
1991-10-31,20000,7.5,7.5,7.5,7.4375,2.4416122436523438
1991-10-30,800,7.4375,7.4375,7.4375,7.4375,2.421265125274658
1991-10-29,19000,7.5,7.4375,7.5,7.4375,2.421265125274658
1991-10-28,2600,7.3125,7.4375,7.4375,7.3125,2.421265125274658
1991-10-25,3400,7.3125,7.3125,7.3125,7.3125,2.380570650100708
1991-10-24,4000,7.375,7.3125,7.375,7.3125,2.380570650100708
1991-10-23,17400,7.4375,7.4375,7.5,7.4375,2.421265125274658
1991-10-22,11000,7.5625,7.5,7.5625,7.4375,2.4416122436523438
1991-10-21,2200,7.4375,7.5,7.5,7.4375,2.4416122436523438
1991-10-18,8400,7.5,7.5,7.625,7.5,2.4416122436523438
1991-10-17,22000,7.75,7.5625,7.75,7.5,2.4619593620300293
1991-10-16,12600,7.75,7.625,7.75,7.625,2.482306957244873
1991-10-15,21400,7.6875,7.75,7.75,7.5625,2.522998332977295
1991-10-14,7600,7.6875,7.75,7.75,7.625,2.522998332977295
1991-10-11,22400,7.5625,7.6875,7.75,7.5625,2.5026512145996094
1991-10-10,34200,7.625,7.625,7.6875,7.5625,2.482306957244873
1991-10-09,56200,7.25,7.4375,7.6875,7.25,2.421265125274658
1991-10-08,37400,6.9375,7.25,7.25,6.875,2.3602237701416016
1991-10-07,73800,6.4375,6.75,6.8125,6.4375,2.1974499225616455
1991-10-04,7000,6.4375,6.4375,6.4375,6.4375,2.0957159996032715
1991-10-03,6000,6.375,6.375,6.375,6.375,2.0753695964813232
1991-10-02,93200,6.5,6.5,6.5,6.375,2.116063117980957
1991-10-01,53400,6.5625,6.5,6.5625,6.5,2.116063117980957
1991-09-30,8800,6.375,6.5,6.5,6.375,2.116063117980957
1991-09-27,11600,6.25,6.3125,6.3125,6.25,2.0550217628479004
1991-09-26,7800,6.125,6.3125,6.3125,6.0625,2.0550217628479004
1991-09-25,4800,6.25,6.1875,6.25,6.1875,2.014329671859741
1991-09-24,38800,6.25,6.1875,6.25,6.125,2.014329671859741
1991-09-23,25800,6.125,6.0,6.125,6.0,1.9532898664474487
1991-09-20,1600,6.25,6.0625,6.25,6.0625,1.9736357927322388
1991-09-19,11400,6.1875,6.25,6.25,6.1875,2.0346765518188477
1991-09-18,4000,6.25,6.25,6.25,6.25,2.0346765518188477
1991-09-17,200,6.1875,6.1875,6.1875,6.1875,2.014329671859741
1991-09-16,5400,6.125,6.25,6.25,6.0625,2.0346765518188477
1991-09-13,3400,6.25,6.125,6.25,6.125,1.9939825534820557
1991-09-12,1400,6.0625,6.1875,6.1875,6.0625,2.014329671859741
1991-09-11,800,6.0625,6.1875,6.1875,6.0625,2.014329671859741
1991-09-10,2000,6.125,6.125,6.125,6.125,1.9939825534820557
1991-09-09,2200,6.3125,6.125,6.3125,6.125,1.9939825534820557
1991-09-06,32400,6.3125,6.25,6.375,6.25,2.0346765518188477
1991-09-05,3200,6.375,6.3125,6.5,6.3125,2.0550217628479004
1991-09-04,24000,6.375,6.375,6.375,6.25,2.0753695964813232
1991-09-03,2600,6.25,6.375,6.375,6.25,2.0753695964813232
1991-08-30,6200,6.25,6.3125,6.3125,6.25,2.0550217628479004
1991-08-29,800,6.3125,6.25,6.3125,6.25,2.0346765518188477
1991-08-28,3600,6.25,6.25,6.25,6.25,2.0346765518188477
1991-08-27,4800,5.9375,6.1875,6.25,5.9375,2.014329671859741
1991-08-26,3800,5.9375,6.0,6.0,5.9375,1.9532898664474487
1991-08-23,3400,5.9375,5.875,5.9375,5.875,1.9125964641571045
1991-08-22,7600,6.0625,5.9375,6.0625,5.9375,1.9329420328140259
1991-08-21,0,6.0,6.0,6.0,6.0,1.9532898664474487
1991-08-20,36200,6.0,6.0,6.0625,6.0,1.9532898664474487
1991-08-19,21800,5.9375,5.9375,6.0,5.875,1.9329420328140259
1991-08-16,0,6.0,6.0,6.0,6.0,1.9532898664474487
1991-08-15,4000,6.0625,6.0,6.0625,5.9375,1.9532898664474487
1991-08-14,400,6.125,6.125,6.125,6.125,1.9939825534820557
1991-08-13,1400,6.0625,6.125,6.125,6.0625,1.9939825534820557
1991-08-12,24000,6.0,6.0625,6.0625,6.0,1.9736357927322388
1991-08-09,0,6.0625,6.0625,6.0625,6.0625,1.9736357927322388
1991-08-08,12600,6.0625,6.125,6.125,6.0625,1.9532898664474487
1991-08-07,1800,6.0625,6.0625,6.125,6.0625,1.9333570003509521
1991-08-06,30400,6.0,6.0,6.0,6.0,1.913426160812378
1991-08-05,5000,6.125,6.0625,6.125,6.0625,1.9333570003509521
1991-08-02,0,6.0,6.0,6.0,6.0,1.913426160812378
1991-08-01,12000,6.125,6.0,6.125,6.0,1.913426160812378
1991-07-31,200,6.0625,6.0625,6.0625,6.0625,1.9333570003509521
1991-07-30,14000,6.0625,6.0625,6.0625,6.0625,1.9333570003509521
1991-07-29,600,6.0625,6.0625,6.0625,6.0625,1.9333570003509521
1991-07-26,4400,6.125,6.0625,6.125,6.0625,1.9333570003509521
1991-07-25,200,6.1875,6.1875,6.1875,6.1875,1.9732213020324707
1991-07-24,2800,6.3125,6.25,6.3125,6.25,1.9931530952453613
1991-07-23,600,6.4375,6.3125,6.4375,6.3125,2.0130832195281982
1991-07-22,16200,6.125,6.5,6.5,6.125,2.072878122329712
1991-07-19,2400,5.9375,6.1875,6.1875,5.9375,1.9732213020324707
1991-07-18,4000,6.0,6.0,6.0,6.0,1.913426160812378
1991-07-17,29200,5.9375,6.0,6.125,5.9375,1.913426160812378
1991-07-16,12000,6.0,5.9375,6.1875,5.9375,1.89349365234375
1991-07-15,1200,6.0,6.125,6.125,6.0,1.9532898664474487
1991-07-12,1200,6.0625,6.0,6.0625,6.0,1.913426160812378
1991-07-11,0,6.125,6.125,6.125,6.125,1.9532898664474487
1991-07-10,2000,6.0625,6.125,6.125,6.0625,1.9532898664474487
1991-07-09,4600,6.0625,6.0,6.0625,6.0,1.913426160812378
1991-07-08,1000,6.1875,6.1875,6.1875,6.1875,1.9732213020324707
1991-07-05,4200,6.125,6.125,6.125,6.125,1.9532898664474487
1991-07-03,5200,6.25,6.25,6.25,6.125,1.9931530952453613
1991-07-02,600,6.1875,6.1875,6.1875,6.1875,1.9732213020324707
1991-07-01,13600,6.0,6.125,6.1875,6.0,1.9532898664474487
1991-06-28,8200,5.9375,6.0625,6.0625,5.9375,1.9333570003509521
1991-06-27,1000,5.9375,5.9375,5.9375,5.9375,1.89349365234375
1991-06-26,24800,5.875,6.0,6.0,5.875,1.913426160812378
1991-06-25,13400,6.125,6.0,6.125,6.0,1.913426160812378
1991-06-24,14000,6.1875,6.1875,6.25,6.1875,1.9732213020324707
1991-06-21,400,6.25,6.3125,6.3125,6.25,2.0130832195281982
1991-06-20,2800,6.25,6.25,6.25,6.25,1.9931530952453613
1991-06-19,200,6.375,6.375,6.375,6.375,2.033015251159668
1991-06-18,400,6.375,6.375,6.375,6.375,2.033015251159668
1991-06-17,6600,6.125,6.3125,6.3125,6.125,2.0130832195281982
1991-06-14,1200,5.9375,6.125,6.125,5.9375,1.9532898664474487
1991-06-13,200,5.9375,5.9375,5.9375,5.9375,1.89349365234375
1991-06-12,600,5.9375,5.9375,5.9375,5.9375,1.89349365234375
1991-06-11,400,6.0,6.0,6.0,6.0,1.913426160812378
1991-06-10,8000,6.1875,5.9375,6.1875,5.9375,1.89349365234375
1991-06-07,3600,6.3125,6.125,6.3125,6.125,1.9532898664474487
1991-06-06,0,6.375,6.375,6.375,6.375,2.033015251159668
1991-06-05,3000,6.5,6.375,6.5,6.375,2.033015251159668
1991-06-04,7400,6.5625,6.5,6.5625,6.25,2.072878122329712
1991-06-03,2400,6.625,6.5625,6.625,6.5625,2.092808961868286
1991-05-31,7200,6.125,6.5,6.5,6.0625,2.072878122329712
1991-05-30,3200,5.875,6.0625,6.0625,5.875,1.9333570003509521
1991-05-29,6600,5.9375,5.9375,5.9375,5.9375,1.89349365234375
1991-05-28,2600,5.875,6.0,6.0,5.875,1.913426160812378
1991-05-24,3000,6.0,5.875,6.0,5.875,1.8735636472702026
1991-05-23,6200,6.25,6.0625,6.4375,6.0625,1.9333570003509521
1991-05-22,24800,6.0,6.3125,6.4375,6.0,2.0130832195281982
1991-05-21,4800,5.8125,6.0,6.0,5.8125,1.913426160812378
1991-05-20,19000,5.8125,5.8125,5.8125,5.8125,1.8536317348480225
1991-05-17,400,5.875,5.875,5.875,5.875,1.8735636472702026
1991-05-16,3800,5.75,5.875,5.875,5.75,1.8735636472702026
1991-05-15,15800,5.75,5.75,5.75,5.6875,1.8337000608444214
1991-05-14,3400,5.6875,5.6875,5.6875,5.6875,1.813767433166504
1991-05-13,200,5.75,5.75,5.75,5.75,1.8337000608444214
1991-05-10,2000,5.75,5.75,5.75,5.75,1.8337000608444214
1991-05-09,2200,5.8125,5.8125,5.875,5.8125,1.8536317348480225
1991-05-08,2400,5.8125,5.8125,5.8125,5.8125,1.8137685060501099
1991-05-07,1800,5.875,5.875,5.875,5.8125,1.833272099494934
1991-05-06,2200,5.8125,5.8125,5.8125,5.8125,1.8137685060501099
1991-05-03,0,5.75,5.75,5.75,5.75,1.794265866279602
1991-05-02,7800,5.75,5.75,5.75,5.75,1.794265866279602
1991-05-01,3200,5.75,5.75,5.8125,5.75,1.794265866279602
1991-04-30,15600,5.75,5.8125,5.875,5.75,1.8137685060501099
1991-04-29,600,5.625,5.625,5.625,5.625,1.7552611827850342
1991-04-26,0,5.6875,5.6875,5.6875,5.6875,1.7747619152069092
1991-04-25,8400,5.6875,5.6875,5.6875,5.6875,1.7747619152069092
1991-04-24,4000,5.625,5.625,5.625,5.625,1.7552611827850342
1991-04-23,3000,5.6875,5.6875,5.6875,5.6875,1.7747619152069092
1991-04-22,3200,5.8125,5.625,5.8125,5.625,1.7552611827850342
1991-04-19,2800,5.625,5.75,5.75,5.625,1.794265866279602
1991-04-18,14200,5.5625,5.5,5.625,5.5,1.7162538766860962
1991-04-17,5800,5.5,5.625,5.625,5.5,1.7552611827850342
1991-04-16,14200,5.5625,5.5,5.5625,5.5,1.7162538766860962
1991-04-15,10600,5.625,5.5625,5.625,5.4375,1.7357560396194458
1991-04-12,5400,5.5,5.5,5.5,5.5,1.7162538766860962
1991-04-11,132600,5.5,5.4375,5.625,5.4375,1.6967514753341675
1991-04-10,4600,5.4375,5.375,5.4375,5.375,1.6772475242614746
1991-04-09,10000,5.3125,5.4375,5.5625,5.3125,1.6967514753341675
1991-04-08,5400,5.25,5.375,5.4375,5.25,1.6772475242614746
1991-04-05,4000,5.25,5.25,5.25,5.25,1.6382427215576172
1991-04-04,5800,5.0,5.25,5.3125,5.0,1.6382427215576172
1991-04-03,400,4.9375,4.9375,4.9375,4.9375,1.5407280921936035
1991-04-02,1200,5.0,4.9375,5.0,4.9375,1.5407280921936035
1991-04-01,9600,4.875,4.9375,4.9375,4.875,1.5407280921936035
1991-03-28,8800,4.875,4.9375,4.9375,4.875,1.5407280921936035
1991-03-27,11400,4.6875,4.8125,4.8125,4.6875,1.501722812652588
1991-03-26,2800,4.375,4.5,4.5,4.375,1.4042079448699951
1991-03-25,5600,4.4375,4.4375,4.4375,4.375,1.38470458984375
1991-03-22,400,4.4375,4.4375,4.4375,4.4375,1.38470458984375
1991-03-21,0,4.375,4.375,4.375,4.375,1.365202784538269
1991-03-20,15600,4.375,4.375,4.375,4.375,1.365202784538269
1991-03-19,10600,4.375,4.375,4.375,4.375,1.365202784538269
1991-03-18,15400,4.3125,4.4375,4.4375,4.3125,1.38470458984375
1991-03-15,13400,4.4375,4.25,4.4375,4.25,1.326196551322937
1991-03-14,7400,4.4375,4.5,4.5,4.4375,1.4042079448699951
1991-03-13,3800,4.4375,4.4375,4.5,4.4375,1.38470458984375
1991-03-12,2000,4.4375,4.4375,4.4375,4.4375,1.38470458984375
1991-03-11,1200,4.625,4.5,4.625,4.5,1.4042079448699951
1991-03-08,400,4.625,4.625,4.625,4.625,1.4432135820388794
1991-03-07,10600,4.5,4.625,4.625,4.5,1.4432135820388794
1991-03-06,5400,4.5,4.4375,4.5,4.4375,1.38470458984375
1991-03-05,5600,4.375,4.375,4.4375,4.375,1.365202784538269
1991-03-04,2400,4.3125,4.3125,4.375,4.3125,1.3456991910934448
1991-03-01,3000,4.125,4.25,4.25,4.125,1.326196551322937
1991-02-28,2800,4.125,4.1875,4.1875,4.125,1.3066933155059814
1991-02-27,5400,4.1875,4.125,4.1875,4.125,1.287190556526184
1991-02-26,3200,4.125,4.0625,4.125,4.0625,1.267687201499939
1991-02-25,5000,4.1875,4.1875,4.1875,4.125,1.3066933155059814
1991-02-22,1000,4.0625,4.0625,4.0625,4.0625,1.267687201499939
1991-02-21,11800,4.125,4.125,4.1875,4.0625,1.287190556526184
1991-02-20,200,4.125,4.125,4.125,4.125,1.287190556526184
1991-02-19,0,4.1875,4.1875,4.1875,4.1875,1.3066933155059814
1991-02-15,5600,4.0625,4.1875,4.1875,4.0625,1.3066933155059814
1991-02-14,9400,4.125,4.125,4.1875,4.125,1.287190556526184
1991-02-13,13400,4.0625,4.1875,4.1875,4.0625,1.3066933155059814
1991-02-12,5400,4.1875,4.125,4.1875,4.125,1.287190556526184
1991-02-11,800,4.25,4.25,4.25,4.25,1.326196551322937
1991-02-08,600,4.1875,4.25,4.25,4.1875,1.2871907949447632
1991-02-07,1400,4.3125,4.25,4.3125,4.25,1.2871907949447632
1991-02-06,2200,4.25,4.3125,4.3125,4.25,1.3061195611953735
1991-02-05,4000,4.1875,4.1875,4.1875,4.1875,1.2682613134384155
1991-02-04,10600,4.0,4.125,4.125,4.0,1.2493319511413574
1991-02-01,12200,4.125,4.125,4.1875,4.125,1.2493319511413574
1991-01-31,4400,4.0,4.0,4.0,4.0,1.2114735841751099
1991-01-30,4200,3.9375,3.875,3.9375,3.875,1.173614740371704
1991-01-29,11400,3.9375,3.9375,4.0,3.875,1.1925444602966309
1991-01-28,32800,3.625,3.8125,3.8125,3.625,1.1546862125396729
1991-01-25,1000,3.625,3.625,3.625,3.625,1.0978976488113403
1991-01-24,400,3.5625,3.5625,3.5625,3.5625,1.0789682865142822
1991-01-23,12000,3.5,3.5,3.5625,3.5,1.0600392818450928
1991-01-22,1400,3.5625,3.5625,3.5625,3.5625,1.0789682865142822
1991-01-21,4800,3.5,3.625,3.625,3.5,1.0978976488113403
1991-01-18,400,3.5625,3.5,3.5625,3.5,1.0600392818450928
1991-01-17,6600,3.5,3.5625,3.625,3.5,1.0789682865142822
1991-01-16,4400,3.5,3.5,3.5,3.4375,1.0600392818450928
1991-01-15,1600,3.5,3.5,3.5,3.5,1.0600392818450928
1991-01-14,95600,3.5,3.5,3.5,3.5,1.0600392818450928
1991-01-11,200,3.5625,3.5625,3.5625,3.5625,1.0789682865142822
1991-01-10,2000,3.5625,3.625,3.625,3.5625,1.0978976488113403
1991-01-09,1200,3.5625,3.625,3.625,3.5625,1.0978976488113403
1991-01-08,400,3.5,3.5,3.5,3.5,1.0600392818450928
1991-01-07,5800,3.625,3.5,3.625,3.5,1.0600392818450928
1991-01-04,2000,3.5625,3.6875,3.6875,3.5625,1.1168272495269775
1991-01-03,1200,3.5625,3.5625,3.5625,3.5625,1.0789682865142822
1991-01-02,2800,3.625,3.625,3.625,3.625,1.0978976488113403
1990-12-31,16600,3.6875,3.75,3.75,3.5625,1.135756492614746
1990-12-28,600,3.4375,3.5,3.5,3.4375,1.0600392818450928
1990-12-27,3400,3.5,3.5,3.5,3.5,1.0600392818450928
1990-12-26,0,3.5625,3.5625,3.5625,3.5625,1.0789682865142822
1990-12-24,400,3.625,3.5625,3.625,3.5625,1.0789682865142822
1990-12-21,1800,3.625,3.6875,3.75,3.625,1.1168272495269775
1990-12-20,10800,3.625,3.625,3.625,3.625,1.0978976488113403
1990-12-19,2000,3.625,3.625,3.625,3.625,1.0978976488113403
1990-12-18,6200,3.6875,3.6875,3.75,3.6875,1.1168272495269775
1990-12-17,1200,3.625,3.625,3.625,3.625,1.0978976488113403
1990-12-14,8200,3.625,3.625,3.625,3.625,1.0978976488113403
1990-12-13,600,3.625,3.625,3.625,3.625,1.0978976488113403
1990-12-12,0,3.625,3.625,3.625,3.625,1.0978976488113403
1990-12-11,0,3.625,3.625,3.625,3.625,1.0978976488113403
1990-12-10,10000,3.625,3.625,3.625,3.625,1.0978976488113403
1990-12-07,2200,3.5,3.5,3.5625,3.5,1.0600392818450928
1990-12-06,1400,3.4375,3.5,3.5625,3.4375,1.0600392818450928
1990-12-05,4400,3.4375,3.5,3.5,3.4375,1.0600392818450928
1990-12-04,6400,3.4375,3.5,3.5,3.4375,1.0600392818450928
1990-12-03,4800,3.375,3.375,3.375,3.375,1.022180438041687
1990-11-30,400,3.375,3.375,3.375,3.375,1.022180438041687
1990-11-29,0,3.4375,3.4375,3.4375,3.4375,1.0411098003387451
1990-11-28,5600,3.3125,3.4375,3.4375,3.3125,1.0411098003387451
1990-11-27,6000,3.25,3.3125,3.3125,3.25,1.0032516717910767
1990-11-26,2600,3.4375,3.3125,3.4375,3.3125,1.0032516717910767
1990-11-23,200,3.4375,3.4375,3.4375,3.4375,1.0411098003387451
1990-11-21,15800,3.5,3.4375,3.5,3.4375,1.0411098003387451
1990-11-20,1000,3.5,3.5,3.5,3.5,1.0600392818450928
1990-11-19,0,3.625,3.625,3.625,3.625,1.0978976488113403
1990-11-16,200,3.625,3.625,3.625,3.625,1.0978976488113403
1990-11-15,600,3.625,3.5625,3.625,3.5625,1.0789682865142822
1990-11-14,0,3.5,3.5,3.5,3.5,1.0600392818450928
1990-11-13,0,3.5,3.5,3.5,3.5,1.0600392818450928
1990-11-12,1000,3.5,3.5,3.5,3.5,1.0600392818450928
1990-11-09,52000,3.5,3.625,3.625,3.5,1.0978976488113403
1990-11-08,400,3.5,3.5,3.5,3.5,1.0600392818450928
1990-11-07,35200,3.625,3.5625,3.625,3.5625,1.0411098003387451
1990-11-06,600,3.625,3.625,3.625,3.625,1.0593748092651367
1990-11-05,2000,3.625,3.625,3.625,3.625,1.0593748092651367
1990-11-02,0,3.625,3.625,3.625,3.625,1.0593748092651367
1990-11-01,0,3.625,3.625,3.625,3.625,1.0593748092651367
1990-10-31,200,3.625,3.625,3.625,3.625,1.0593748092651367
1990-10-30,8200,3.75,3.75,3.75,3.75,1.0959054231643677
1990-10-29,600,3.625,3.625,3.625,3.625,1.0593748092651367
1990-10-26,0,3.625,3.625,3.625,3.625,1.0593748092651367
1990-10-25,0,3.625,3.625,3.625,3.625,1.0593748092651367
1990-10-24,800,3.625,3.625,3.625,3.625,1.0593748092651367
1990-10-23,0,3.625,3.625,3.625,3.625,1.0593748092651367
1990-10-22,5800,3.75,3.625,3.75,3.625,1.0593748092651367
1990-10-19,0,3.75,3.75,3.75,3.75,1.0959054231643677
1990-10-18,60400,3.75,3.75,3.75,3.75,1.0959054231643677
1990-10-17,400,3.75,3.75,3.75,3.75,1.0959054231643677
1990-10-16,800,3.75,3.75,3.75,3.75,1.0959054231643677
1990-10-15,11200,3.8125,3.8125,3.8125,3.8125,1.1141704320907593
1990-10-12,0,3.875,3.875,3.875,3.875,1.1324353218078613
1990-10-11,200,3.875,3.875,3.875,3.875,1.1324353218078613
1990-10-10,0,3.875,3.875,3.875,3.875,1.1324353218078613
1990-10-09,34600,3.9375,3.875,3.9375,3.875,1.1324353218078613
1990-10-08,600,3.9375,3.8125,3.9375,3.8125,1.1141704320907593
1990-10-05,0,3.8125,3.8125,3.8125,3.8125,1.1141704320907593
1990-10-04,600,3.8125,3.8125,3.8125,3.8125,1.1141704320907593
1990-10-03,13000,3.75,3.875,3.875,3.75,1.1324353218078613
1990-10-02,1400,3.8125,3.8125,3.8125,3.8125,1.1141704320907593
1990-10-01,5000,3.75,3.75,3.75,3.75,1.0959054231643677
1990-09-28,5400,3.8125,3.75,3.8125,3.75,1.0959054231643677
1990-09-27,1200,3.9375,3.9375,3.9375,3.875,1.1507009267807007
1990-09-26,1200,3.9375,4.0,4.0,3.875,1.1689655780792236
1990-09-25,0,4.0,4.0,4.0,4.0,1.1689655780792236
1990-09-24,400,4.0,4.0,4.0,4.0,1.1689655780792236
1990-09-21,1400,3.875,3.875,3.875,3.875,1.1324353218078613
1990-09-20,0,3.8125,3.8125,3.8125,3.8125,1.1141704320907593
1990-09-19,5400,3.8125,3.8125,3.9375,3.75,1.1141704320907593
1990-09-18,1600,3.875,3.875,3.875,3.875,1.1324353218078613
1990-09-17,600,3.9375,3.9375,3.9375,3.9375,1.1507009267807007
1990-09-14,30600,4.0,4.0,4.0,4.0,1.1689655780792236
1990-09-13,66800,4.0,4.0,4.0,4.0,1.1689655780792236
1990-09-12,8800,4.0625,4.0625,4.0625,4.0625,1.1872299909591675
1990-09-11,14800,4.1875,4.125,4.1875,4.125,1.205495834350586
1990-09-10,2000,4.1875,4.125,4.1875,4.125,1.205495834350586
1990-09-07,0,4.3125,4.3125,4.3125,4.3125,1.2602908611297607
1990-09-06,2600,4.25,4.3125,4.3125,4.25,1.2602908611297607
1990-09-05,10400,4.3125,4.375,4.375,4.3125,1.2785568237304688
1990-09-04,22200,4.0625,4.1875,4.1875,4.0625,1.2237608432769775
1990-08-31,4800,3.9375,4.0,4.0,3.9375,1.1689655780792236
1990-08-30,13600,4.0,3.9375,4.0,3.9375,1.1507009267807007
1990-08-29,200,4.125,4.125,4.125,4.125,1.205495834350586
1990-08-28,200,4.0625,4.0625,4.0625,4.0625,1.1872299909591675
1990-08-27,600,4.0625,4.0625,4.0625,4.0625,1.1872299909591675
1990-08-24,0,4.0625,4.0625,4.0625,4.0625,1.1872299909591675
1990-08-23,4600,4.0625,4.0625,4.0625,4.0625,1.1872299909591675
1990-08-22,7400,4.1875,4.1875,4.1875,4.1875,1.2237608432769775
1990-08-21,0,4.1875,4.1875,4.1875,4.1875,1.2237608432769775
1990-08-20,0,4.1875,4.1875,4.1875,4.1875,1.2237608432769775
1990-08-17,10000,4.25,4.1875,4.25,4.1875,1.2237608432769775
1990-08-16,7200,4.25,4.1875,4.25,4.1875,1.2237608432769775
1990-08-15,1600,4.3125,4.25,4.3125,4.25,1.242026448249817
1990-08-14,17600,4.375,4.375,4.375,4.375,1.2785568237304688
1990-08-13,1000,4.375,4.375,4.375,4.375,1.2785568237304688
1990-08-10,200,4.4375,4.4375,4.4375,4.4375,1.296821117401123
1990-08-09,3200,4.5625,4.4375,4.5625,4.4375,1.296821117401123
1990-08-08,0,4.75,4.75,4.75,4.75,1.351616382598877
1990-08-07,6000,4.75,4.75,4.75,4.75,1.351616382598877
1990-08-06,28600,4.75,4.75,4.75,4.75,1.351616382598877
1990-08-03,6200,4.625,4.625,4.625,4.625,1.3160480260849
1990-08-02,30600,4.625,4.75,4.75,4.625,1.351616382598877
1990-08-01,4400,4.625,4.625,4.625,4.625,1.3160480260849
1990-07-31,40000,4.625,4.625,4.625,4.625,1.3160480260849
1990-07-30,400,4.625,4.625,4.625,4.625,1.3160480260849
1990-07-27,200,4.6875,4.6875,4.6875,4.6875,1.3338325023651123
1990-07-26,800,4.5625,4.75,4.75,4.5625,1.351616382598877
1990-07-25,400,4.5625,4.5625,4.5625,4.5625,1.2982635498046875
1990-07-24,800,4.5625,4.5625,4.5625,4.5625,1.2982635498046875
1990-07-23,800,4.5625,4.5625,4.5625,4.5625,1.2982635498046875
1990-07-20,400,4.5625,4.625,4.625,4.5625,1.3160480260849
1990-07-19,4000,4.5625,4.5625,4.5625,4.5625,1.2982635498046875
1990-07-18,2800,4.625,4.625,4.625,4.625,1.3160480260849
1990-07-17,2800,4.625,4.625,4.75,4.625,1.3160480260849
1990-07-16,3200,4.625,4.625,4.625,4.625,1.3160480260849
1990-07-13,2200,4.8125,4.6875,4.8125,4.6875,1.3338325023651123
1990-07-12,8000,4.75,4.6875,4.75,4.6875,1.3338325023651123
1990-07-11,200,4.625,4.625,4.625,4.625,1.3160480260849
1990-07-10,4600,4.5625,4.625,4.625,4.5625,1.3160480260849
1990-07-09,4400,4.625,4.625,4.625,4.625,1.3160480260849
1990-07-06,10000,4.75,4.6875,4.8125,4.6875,1.3338325023651123
1990-07-05,0,4.75,4.75,4.75,4.75,1.351616382598877
1990-07-03,0,4.75,4.75,4.75,4.75,1.351616382598877
1990-07-02,7800,4.75,4.75,4.75,4.75,1.351616382598877
1990-06-29,86200,4.5,4.625,4.625,4.5,1.3160480260849
1990-06-28,0,4.5,4.5,4.5,4.5,1.2804787158966064
1990-06-27,5200,4.625,4.5,4.625,4.5,1.2804787158966064
1990-06-26,2200,4.6875,4.625,4.6875,4.625,1.3160480260849
1990-06-25,20400,4.625,4.75,4.75,4.625,1.351616382598877
1990-06-22,2400,4.625,4.5625,4.625,4.5625,1.2982635498046875
1990-06-21,11800,4.625,4.625,4.625,4.625,1.3160480260849
1990-06-20,2000,4.625,4.625,4.625,4.625,1.3160480260849
1990-06-19,1200,4.6875,4.75,4.75,4.6875,1.351616382598877
1990-06-18,2000,4.75,4.75,4.75,4.75,1.351616382598877
1990-06-15,0,4.625,4.625,4.625,4.625,1.3160480260849
1990-06-14,2000,4.625,4.625,4.625,4.625,1.3160480260849
1990-06-13,2800,4.8125,4.6875,4.8125,4.6875,1.3338325023651123
1990-06-12,19800,4.625,4.8125,4.8125,4.625,1.3694007396697998
1990-06-11,800,4.75,4.75,4.75,4.75,1.351616382598877
1990-06-08,1000,4.8125,4.8125,4.8125,4.8125,1.3694007396697998
1990-06-07,35400,4.75,4.75,4.8125,4.75,1.351616382598877
1990-06-06,29200,4.5,4.625,4.6875,4.5,1.3160480260849
1990-06-05,5400,4.5,4.5,4.5,4.5,1.2804787158966064
1990-06-04,51000,4.5,4.5,4.5625,4.5,1.2804787158966064
1990-06-01,2000,4.5,4.5625,4.5625,4.5,1.2982635498046875
1990-05-31,5800,4.5,4.5,4.5,4.5,1.2804787158966064
1990-05-30,200,4.5625,4.5625,4.5625,4.5625,1.2982635498046875
1990-05-29,3400,4.5,4.5,4.5,4.5,1.2804787158966064
1990-05-25,13600,4.5,4.625,4.625,4.5,1.3160480260849
1990-05-24,12000,4.8125,4.625,4.8125,4.625,1.3160480260849
1990-05-23,0,4.8125,4.8125,4.8125,4.8125,1.3694007396697998
1990-05-22,1000,4.875,4.8125,4.875,4.8125,1.3694007396697998
1990-05-21,3600,4.9375,4.875,4.9375,4.875,1.3871859312057495
1990-05-18,2600,4.875,4.875,4.875,4.875,1.3871859312057495
1990-05-17,2000,4.9375,4.9375,4.9375,4.9375,1.404969573020935
1990-05-16,3000,4.9375,4.9375,5.0,4.9375,1.404969573020935
1990-05-15,8000,5.0,5.0,5.0,4.9375,1.4227548837661743
1990-05-14,1800,4.875,4.875,4.875,4.875,1.3871859312057495
1990-05-11,400,4.9375,4.9375,4.9375,4.9375,1.404969573020935
1990-05-10,1400,4.8125,4.8125,4.8125,4.8125,1.3694007396697998
1990-05-09,1600,4.8125,4.8125,4.8125,4.8125,1.3694007396697998
1990-05-08,0,4.9375,4.9375,4.9375,4.9375,1.3694007396697998
1990-05-07,400,4.9375,4.9375,4.9375,4.9375,1.3694007396697998
1990-05-04,600,4.9375,5.0,5.0,4.9375,1.3867356777191162
1990-05-03,1200,4.9375,4.9375,4.9375,4.9375,1.3694007396697998
1990-05-02,1800,4.9375,4.9375,4.9375,4.9375,1.3694007396697998
1990-05-01,600,4.9375,4.9375,4.9375,4.9375,1.3694007396697998
1990-04-30,12000,4.9375,4.9375,4.9375,4.9375,1.3694007396697998
1990-04-27,0,4.9375,4.9375,4.9375,4.9375,1.3694007396697998
1990-04-26,1600,4.9375,4.9375,4.9375,4.9375,1.3694007396697998
1990-04-25,200,4.9375,4.9375,4.9375,4.9375,1.3694007396697998
1990-04-24,1200,4.9375,5.0,5.0,4.9375,1.3867356777191162
1990-04-23,3400,4.875,4.875,4.875,4.875,1.352066993713379
1990-04-20,5000,4.9375,4.875,4.9375,4.875,1.352066993713379
1990-04-19,7000,4.875,4.875,4.875,4.875,1.352066993713379
1990-04-18,23400,4.9375,4.875,5.0,4.875,1.352066993713379
1990-04-17,1400,5.0,5.0,5.0,5.0,1.3867356777191162
1990-04-16,17600,5.125,5.0,5.1875,5.0,1.3867356777191162
1990-04-12,2200,5.1875,5.0,5.1875,5.0,1.3867356777191162
1990-04-11,600,5.125,5.0625,5.125,5.0625,1.4040690660476685
1990-04-10,18000,5.3125,5.1875,5.3125,5.1875,1.4387378692626953
1990-04-09,400,5.1875,5.1875,5.1875,5.1875,1.4387378692626953
1990-04-06,5200,5.3125,5.1875,5.3125,5.1875,1.4387378692626953
1990-04-05,11200,5.3125,5.3125,5.375,5.3125,1.4734065532684326
1990-04-04,6000,5.3125,5.3125,5.3125,5.3125,1.4734065532684326
1990-04-03,600,5.4375,5.4375,5.4375,5.4375,1.5080751180648804
1990-04-02,400,5.5,5.4375,5.5,5.4375,1.5080751180648804
1990-03-30,5200,5.4375,5.4375,5.4375,5.4375,1.5080751180648804
1990-03-29,5200,5.5,5.5,5.5,5.5,1.5254095792770386
1990-03-28,2000,5.5,5.5,5.5,5.5,1.5254095792770386
1990-03-27,400,5.5,5.5,5.5,5.5,1.5254095792770386
1990-03-26,34000,5.5625,5.5625,5.5625,5.5625,1.5427429676055908
1990-03-23,4000,5.5625,5.5625,5.5625,5.5625,1.5427429676055908
1990-03-22,400,5.5,5.5,5.5,5.5,1.5254095792770386
1990-03-21,2000,5.5,5.5,5.5,5.5,1.5254095792770386
1990-03-20,1000,5.5,5.5,5.5,5.5,1.5254095792770386
1990-03-19,4400,5.6875,5.5625,5.6875,5.5625,1.5427429676055908
1990-03-16,14000,5.625,5.8125,5.8125,5.625,1.6120799779891968
1990-03-15,800,5.5,5.5,5.5,5.5,1.5254095792770386
1990-03-14,2000,5.5,5.5,5.5,5.5,1.5254095792770386
1990-03-13,1400,5.5,5.5,5.5,5.5,1.5254095792770386
1990-03-12,12800,5.5,5.5,5.5,5.5,1.5254095792770386
1990-03-09,3000,5.75,5.625,5.75,5.625,1.5600765943527222
1990-03-08,3400,5.625,5.625,5.625,5.625,1.5600765943527222
1990-03-07,400,5.625,5.625,5.625,5.625,1.5600765943527222
1990-03-06,2600,5.625,5.625,5.625,5.625,1.5600765943527222
1990-03-05,600,5.75,5.75,5.75,5.75,1.5947456359863281
1990-03-02,14400,5.8125,5.8125,5.8125,5.8125,1.6120799779891968
1990-03-01,0,5.6875,5.6875,5.6875,5.6875,1.5774110555648804
1990-02-28,13400,5.75,5.6875,5.75,5.6875,1.5774110555648804
1990-02-27,1600,5.625,5.625,5.625,5.625,1.5600765943527222
1990-02-26,27000,5.8125,5.625,5.8125,5.625,1.5600765943527222
1990-02-23,200,5.9375,5.9375,5.9375,5.9375,1.6467490196228027
1990-02-22,4200,5.875,5.875,5.875,5.875,1.6294145584106445
1990-02-21,0,5.9375,5.9375,5.9375,5.9375,1.6467490196228027
1990-02-20,2400,5.8125,5.9375,5.9375,5.8125,1.6467490196228027
1990-02-16,2400,5.8125,5.8125,5.8125,5.8125,1.6120799779891968
1990-02-15,200,5.8125,5.8125,5.8125,5.8125,1.6120799779891968
1990-02-14,600,5.875,5.875,5.875,5.875,1.6294145584106445
1990-02-13,8600,5.8125,5.875,5.875,5.8125,1.6294145584106445
1990-02-12,600,5.875,5.875,5.875,5.875,1.6294145584106445
1990-02-09,4000,5.875,5.875,5.875,5.8125,1.6294145584106445
1990-02-08,3400,6.0,5.9375,6.0,5.875,1.6120799779891968
1990-02-07,400,5.875,5.875,5.875,5.875,1.5951098203659058
1990-02-06,53400,5.9375,5.9375,5.9375,5.9375,1.6120799779891968
1990-02-05,1200,5.875,5.9375,5.9375,5.875,1.6120799779891968
1990-02-02,0,5.75,5.75,5.75,5.75,1.5611722469329834
1990-02-01,1400,5.8125,5.75,5.8125,5.75,1.5611722469329834
1990-01-31,34000,5.875,5.875,5.875,5.875,1.5951098203659058
1990-01-30,29800,5.9375,5.875,5.9375,5.875,1.5951098203659058
1990-01-29,3200,6.0,5.9375,6.0,5.9375,1.6120799779891968
1990-01-26,42200,6.125,6.125,6.125,6.125,1.6629875898361206
1990-01-25,0,6.1875,6.1875,6.1875,6.1875,1.6799570322036743
1990-01-24,4600,6.1875,6.1875,6.1875,6.1875,1.6799570322036743
1990-01-23,2200,6.25,6.3125,6.3125,6.25,1.7138954401016235
1990-01-22,600,6.3125,6.3125,6.3125,6.3125,1.7138954401016235
1990-01-19,36600,6.25,6.25,6.25,6.25,1.6969257593154907
1990-01-18,4000,6.25,6.3125,6.3125,6.25,1.7138954401016235
1990-01-17,2800,6.375,6.3125,6.375,6.3125,1.7138954401016235
1990-01-16,77800,6.25,6.3125,6.3125,6.25,1.7138954401016235
1990-01-15,21800,6.375,6.25,6.4375,6.25,1.6969257593154907
1990-01-12,5000,6.3125,6.375,6.375,6.25,1.7308634519577026
1990-01-11,18000,6.25,6.25,6.25,6.25,1.6969257593154907
1990-01-10,2000,6.375,6.3125,6.375,6.3125,1.7138954401016235
1990-01-09,1800,6.3125,6.25,6.3125,6.25,1.6969257593154907
1990-01-08,7200,6.4375,6.375,6.4375,6.375,1.7308634519577026
1990-01-05,7000,6.375,6.5,6.5,6.375,1.7648029327392578
1990-01-04,23000,6.375,6.4375,6.5,6.375,1.7478337287902832
1990-01-03,5800,6.3125,6.4375,6.4375,6.3125,1.7478337287902832
1990-01-02,8600,6.25,6.375,6.375,6.25,1.7308634519577026
1989-12-29,4200,6.3125,6.3125,6.3125,6.1875,1.7138954401016235
1989-12-28,1400,6.1875,6.1875,6.1875,6.1875,1.6799570322036743
1989-12-27,800,6.1875,6.1875,6.1875,6.1875,1.6799570322036743
1989-12-26,3800,6.1875,6.1875,6.3125,6.1875,1.6799570322036743
1989-12-22,5400,6.375,6.25,6.375,6.25,1.6969257593154907
1989-12-21,7000,6.4375,6.5,6.625,6.4375,1.7648029327392578
1989-12-20,7600,6.5,6.5,6.5625,6.4375,1.7648029327392578
1989-12-19,42400,6.4375,6.5625,6.625,6.4375,1.7817715406417847
1989-12-18,32600,6.25,6.3125,6.375,6.25,1.7138954401016235
1989-12-15,8000,6.25,6.125,6.25,6.125,1.6629875898361206
1989-12-14,183800,6.25,6.1875,6.25,6.1875,1.6799570322036743
1989-12-13,13400,6.1875,6.25,6.25,6.1875,1.6969257593154907
1989-12-12,28400,6.1875,6.25,6.3125,6.1875,1.6969257593154907
1989-12-11,26800,6.3125,6.25,6.3125,6.25,1.6969257593154907
1989-12-08,0,6.25,6.25,6.25,6.25,1.6969257593154907
1989-12-07,1000,6.125,6.25,6.25,6.125,1.6969257593154907
1989-12-06,17800,6.1875,6.125,6.1875,6.125,1.6629875898361206
1989-12-05,213200,6.375,6.1875,6.375,6.1875,1.6799570322036743
1989-12-04,97200,6.25,6.375,6.375,6.25,1.7308634519577026
1989-12-01,11600,6.25,6.1875,6.25,6.1875,1.6799570322036743
1989-11-30,2000,6.0,6.1875,6.1875,6.0,1.6799570322036743
1989-11-29,3000,6.25,6.125,6.25,6.125,1.6629875898361206
1989-11-28,15200,6.25,6.25,6.25,6.25,1.6969257593154907
1989-11-27,1800,6.0625,6.1875,6.1875,6.0625,1.6799570322036743
1989-11-24,800,6.0625,6.125,6.125,6.0625,1.6629875898361206
1989-11-22,400,6.125,6.0625,6.125,6.0625,1.6460182666778564
1989-11-21,8800,6.1875,6.0625,6.1875,6.0625,1.6460182666778564
1989-11-20,200,6.25,6.25,6.25,6.25,1.6969257593154907
1989-11-17,5600,6.125,6.25,6.3125,6.125,1.6969257593154907
1989-11-16,200,6.1875,6.1875,6.1875,6.1875,1.6799570322036743
1989-11-15,1400,6.25,6.1875,6.25,6.1875,1.6799570322036743
1989-11-14,11600,6.4375,6.3125,6.4375,6.3125,1.7138954401016235
1989-11-13,1000,6.3125,6.3125,6.3125,6.3125,1.7138954401016235
1989-11-10,0,6.4375,6.4375,6.4375,6.4375,1.7478337287902832
1989-11-09,200,6.4375,6.4375,6.4375,6.4375,1.7478337287902832
1989-11-08,5200,6.4375,6.5,6.5,6.4375,1.7308638095855713
1989-11-07,1000,6.4375,6.4375,6.4375,6.4375,1.7142211198806763
1989-11-06,1200,6.25,6.375,6.375,6.25,1.697577714920044
1989-11-03,400,6.25,6.25,6.25,6.25,1.6642924547195435
1989-11-02,13400,6.375,6.3125,6.375,6.3125,1.6809355020523071
1989-11-01,200,6.5,6.5,6.5,6.5,1.7308638095855713
1989-10-31,25800,6.375,6.5625,6.6875,6.375,1.7475072145462036
1989-10-30,1200,6.5,6.4375,6.5,6.4375,1.7142211198806763
1989-10-27,16800,6.5625,6.5,6.625,6.5,1.7308638095855713
1989-10-26,32200,6.375,6.5,6.5,6.375,1.7308638095855713
1989-10-25,8400,6.3125,6.4375,6.4375,6.3125,1.7142211198806763
1989-10-24,3600,6.3125,6.4375,6.4375,6.3125,1.7142211198806763
1989-10-23,25400,6.375,6.4375,6.4375,6.3125,1.7142211198806763
1989-10-20,2600,6.4375,6.4375,6.4375,6.4375,1.7142211198806763
1989-10-19,1600,6.5,6.4375,6.5,6.4375,1.7142211198806763
1989-10-18,600,6.5,6.4375,6.5,6.4375,1.7142211198806763
1989-10-17,18800,6.375,6.4375,6.4375,6.375,1.7142211198806763
1989-10-16,12400,6.375,6.375,6.375,6.375,1.697577714920044
1989-10-13,14000,6.4375,6.4375,6.4375,6.4375,1.7142211198806763
1989-10-12,200,6.5,6.5,6.5,6.5,1.7308638095855713
1989-10-11,1600,6.375,6.5,6.5,6.375,1.7308638095855713
1989-10-10,4200,6.375,6.375,6.4375,6.375,1.697577714920044
1989-10-09,400,6.375,6.375,6.375,6.375,1.697577714920044
1989-10-06,20800,6.3125,6.4375,6.4375,6.3125,1.7142211198806763
1989-10-05,4200,6.25,6.3125,6.3125,6.25,1.6809355020523071
1989-10-04,400,6.25,6.25,6.25,6.25,1.6642924547195435
1989-10-03,4000,6.1875,6.1875,6.1875,6.1875,1.6476500034332275
1989-10-02,1600,6.25,6.3125,6.3125,6.25,1.6809355020523071
1989-09-29,0,6.1875,6.1875,6.1875,6.1875,1.6476500034332275
1989-09-28,200,6.1875,6.1875,6.1875,6.1875,1.6476500034332275
1989-09-27,6400,6.375,6.3125,6.4375,6.3125,1.6809355020523071
1989-09-26,7000,6.1875,6.3125,6.3125,6.125,1.6809355020523071
1989-09-25,44000,6.125,6.1875,6.3125,6.125,1.6476500034332275
1989-09-22,0,6.1875,6.1875,6.1875,6.1875,1.6476500034332275
1989-09-21,23800,6.25,6.1875,6.25,6.1875,1.6476500034332275
1989-09-20,2600,6.3125,6.3125,6.3125,6.3125,1.6809355020523071
1989-09-19,7000,6.25,6.3125,6.3125,6.25,1.6809355020523071
1989-09-18,11000,6.1875,6.125,6.1875,6.125,1.6310068368911743
1989-09-15,800,6.375,6.25,6.375,6.25,1.6642924547195435
1989-09-14,30200,6.3125,6.375,6.375,6.3125,1.697577714920044
1989-09-13,8000,6.375,6.375,6.375,6.375,1.697577714920044
1989-09-12,2400,6.3125,6.375,6.375,6.3125,1.697577714920044
1989-09-11,9600,6.3125,6.375,6.375,6.3125,1.697577714920044
1989-09-08,27600,6.3125,6.375,6.4375,6.3125,1.697577714920044
1989-09-07,90000,6.0625,6.1875,6.25,6.0625,1.6476500034332275
1989-09-06,26600,6.25,6.125,6.25,6.125,1.6310068368911743
1989-09-05,122400,6.3125,6.1875,6.3125,6.1875,1.6476500034332275
1989-09-01,22000,6.25,6.25,6.25,6.25,1.6642924547195435
1989-08-31,14200,6.125,6.25,6.25,6.125,1.6642924547195435
1989-08-30,0,6.1875,6.1875,6.1875,6.1875,1.6476500034332275
1989-08-29,1200,6.25,6.1875,6.25,6.1875,1.6476500034332275
1989-08-28,4000,6.3125,6.1875,6.3125,6.1875,1.6476500034332275
1989-08-25,24600,6.375,6.375,6.375,6.375,1.697577714920044
1989-08-24,21400,6.5625,6.375,6.5625,6.375,1.697577714920044
1989-08-23,24200,6.25,6.5625,6.5625,6.25,1.7475072145462036
1989-08-22,17600,6.25,6.25,6.375,6.25,1.6642924547195435
1989-08-21,15000,6.0625,6.1875,6.1875,6.0,1.6476500034332275
1989-08-18,31400,6.0625,6.0,6.0625,6.0,1.5977216958999634
1989-08-17,36400,6.125,6.0625,6.1875,6.0625,1.614364504814148
1989-08-16,52400,5.9375,6.0625,6.0625,5.9375,1.614364504814148
1989-08-15,2000,5.9375,5.9375,5.9375,5.9375,1.5810784101486206
1989-08-14,400,5.9375,6.0,6.0,5.9375,1.5977216958999634
1989-08-11,2600,6.0,5.9375,6.0,5.9375,1.5810784101486206
1989-08-10,1200,6.0,5.875,6.0,5.875,1.5644352436065674
1989-08-09,400,6.0625,6.0625,6.0625,6.0625,1.614364504814148
1989-08-08,12800,6.25,6.25,6.25,6.25,1.6310067176818848
1989-08-07,12800,6.0625,6.25,6.25,6.0625,1.6310067176818848
1989-08-04,6000,6.0,6.0,6.0,6.0,1.56576669216156
1989-08-03,1000,6.125,6.125,6.1875,6.125,1.5983864068984985
1989-08-02,0,6.0,6.0,6.0,6.0,1.56576669216156
1989-08-01,5200,6.125,6.0,6.125,6.0,1.56576669216156
1989-07-31,1000,6.125,6.125,6.1875,6.125,1.5983864068984985
1989-07-28,3000,6.125,6.1875,6.1875,6.0625,1.6146962642669678
1989-07-27,4600,6.125,6.125,6.1875,6.0,1.5983864068984985
1989-07-26,2200,6.1875,6.0625,6.1875,6.0625,1.5820765495300293
1989-07-25,9000,6.125,6.125,6.125,6.125,1.5983864068984985
1989-07-24,600,6.125,6.125,6.125,6.125,1.5983864068984985
1989-07-21,2200,6.1875,6.25,6.25,6.1875,1.6310067176818848
1989-07-20,4600,6.0,6.125,6.125,6.0,1.5983864068984985
1989-07-19,10600,5.9375,6.0625,6.0625,5.9375,1.5820765495300293
1989-07-18,22800,5.9375,5.9375,5.9375,5.875,1.54945707321167
1989-07-17,2200,5.8125,5.875,5.875,5.8125,1.5331462621688843
1989-07-14,9200,5.875,5.8125,5.875,5.8125,1.5168365240097046
1989-07-13,4000,5.75,5.75,5.75,5.75,1.5005263090133667
1989-07-12,15000,5.875,5.75,5.875,5.75,1.5005263090133667
1989-07-11,6200,6.0,5.875,6.0,5.875,1.5331462621688843
1989-07-10,6800,6.0,5.9375,6.0,5.9375,1.54945707321167
1989-07-07,7200,6.0625,6.0,6.0625,5.9375,1.56576669216156
1989-07-06,7800,6.125,6.0,6.1875,6.0,1.56576669216156
1989-07-05,200,6.0625,6.0625,6.0625,6.0625,1.5820765495300293
1989-07-03,2400,6.1875,6.125,6.1875,6.125,1.5983864068984985
1989-06-30,5600,6.0625,6.125,6.125,6.0,1.5983864068984985
1989-06-29,24200,6.5625,6.1875,6.5625,6.1875,1.6146962642669678
1989-06-28,16000,6.25,6.6875,6.6875,6.25,1.745176911354065
1989-06-27,29200,6.125,6.25,6.25,6.125,1.6310067176818848
1989-06-26,12400,6.0625,6.125,6.125,6.0625,1.5983864068984985
1989-06-23,3400,6.125,6.0625,6.125,6.0625,1.5820765495300293
1989-06-22,10400,6.1875,6.125,6.1875,6.0625,1.5983864068984985
1989-06-21,800,6.125,6.1875,6.1875,6.125,1.6146962642669678
1989-06-20,16000,6.0,6.1875,6.1875,6.0,1.6146962642669678
1989-06-19,3400,6.0,6.0625,6.0625,6.0,1.5820765495300293
1989-06-16,5200,6.0,6.0,6.0,6.0,1.56576669216156
1989-06-15,800,6.0625,6.0,6.0625,6.0,1.56576669216156
1989-06-14,11200,6.0,6.0,6.0625,6.0,1.56576669216156
1989-06-13,63000,6.0,6.0,6.0625,5.9375,1.56576669216156
1989-06-12,8200,5.875,5.9375,5.9375,5.875,1.54945707321167
1989-06-09,5000,5.6875,5.8125,5.8125,5.6875,1.5168365240097046
1989-06-08,2600,5.875,5.75,5.875,5.75,1.5005263090133667
1989-06-07,0,5.875,5.875,5.875,5.875,1.5331462621688843
1989-06-06,7800,5.75,5.875,5.875,5.75,1.5331462621688843
1989-06-05,1000,5.75,5.75,5.75,5.75,1.5005263090133667
1989-06-02,1000,5.8125,5.8125,5.875,5.8125,1.5168365240097046
1989-06-01,61800,5.8125,5.875,5.875,5.75,1.5331462621688843
1989-05-31,0,5.75,5.75,5.75,5.75,1.5005263090133667
1989-05-30,8600,5.625,5.75,5.75,5.625,1.5005263090133667
1989-05-26,1400,5.625,5.625,5.625,5.625,1.46790611743927
1989-05-25,800,5.6875,5.6875,5.6875,5.6875,1.4842151403427124
1989-05-24,2400,5.75,5.6875,5.75,5.6875,1.4842151403427124
1989-05-23,800,5.75,5.75,5.75,5.75,1.5005263090133667
1989-05-22,600,5.75,5.75,5.75,5.75,1.5005263090133667
1989-05-19,56800,5.75,5.75,5.75,5.75,1.5005263090133667
1989-05-18,1000,5.8125,5.75,5.8125,5.75,1.5005263090133667
1989-05-17,9600,5.75,5.6875,5.75,5.625,1.4842151403427124
1989-05-16,1400,5.75,5.8125,5.8125,5.75,1.5168365240097046
1989-05-15,3000,5.75,5.8125,5.8125,5.75,1.5168365240097046
1989-05-12,200,5.75,5.75,5.75,5.75,1.5005263090133667
1989-05-11,29000,5.8125,5.75,5.875,5.75,1.5005263090133667
1989-05-10,11600,5.75,5.875,5.875,5.75,1.5331462621688843
1989-05-09,8200,5.75,5.8125,5.8125,5.75,1.5168365240097046
1989-05-08,44200,5.8125,5.75,5.8125,5.75,1.46790611743927
1989-05-05,50200,5.5625,5.6875,5.75,5.5625,1.451950192451477
1989-05-04,22400,5.625,5.625,5.625,5.625,1.43599534034729
1989-05-03,33200,5.5625,5.625,5.625,5.5625,1.43599534034729
1989-05-02,23200,5.5,5.625,5.625,5.5,1.43599534034729
1989-05-01,37400,5.5625,5.5625,5.5625,5.5625,1.4200398921966553
1989-04-28,10800,5.625,5.6875,5.6875,5.625,1.451950192451477
1989-04-27,400,5.6875,5.6875,5.6875,5.6875,1.451950192451477
1989-04-26,12000,5.5625,5.5625,5.5625,5.5625,1.4200398921966553
1989-04-25,400,5.5625,5.6875,5.6875,5.5625,1.451950192451477
1989-04-24,0,5.6875,5.6875,5.6875,5.6875,1.451950192451477
1989-04-21,2000,5.6875,5.6875,5.6875,5.6875,1.451950192451477
1989-04-20,17000,5.625,5.625,5.6875,5.625,1.43599534034729
1989-04-19,31400,5.625,5.6875,5.6875,5.625,1.451950192451477
1989-04-18,400,5.6875,5.6875,5.6875,5.6875,1.451950192451477
1989-04-17,3800,5.625,5.6875,5.6875,5.625,1.451950192451477
1989-04-14,7800,5.5625,5.625,5.75,5.5625,1.43599534034729
1989-04-13,0,5.6875,5.6875,5.6875,5.6875,1.451950192451477
1989-04-12,1200,5.625,5.6875,5.6875,5.625,1.451950192451477
1989-04-11,14200,5.6875,5.6875,5.8125,5.625,1.451950192451477
1989-04-10,0,5.6875,5.6875,5.6875,5.6875,1.451950192451477
1989-04-07,1000,5.6875,5.6875,5.6875,5.6875,1.451950192451477
1989-04-06,9200,5.75,5.75,5.75,5.75,1.46790611743927
1989-04-05,28600,5.625,5.625,5.6875,5.625,1.43599534034729
1989-04-04,13600,5.6875,5.6875,5.6875,5.6875,1.451950192451477
1989-04-03,97200,5.4375,5.6875,5.6875,5.4375,1.451950192451477
1989-03-31,4400,5.4375,5.4375,5.4375,5.375,1.388128399848938
1989-03-30,158000,5.5,5.5,5.5,5.5,1.40408456325531
1989-03-29,5800,5.625,5.5,5.625,5.5,1.40408456325531
1989-03-28,14400,5.5,5.625,5.6875,5.4375,1.43599534034729
1989-03-27,2000,5.5625,5.5625,5.5625,5.5625,1.4200398921966553
1989-03-23,10600,5.6875,5.4375,5.6875,5.4375,1.388128399848938
1989-03-22,2600,5.6875,5.625,5.6875,5.625,1.43599534034729
1989-03-21,1200,5.6875,5.6875,5.6875,5.6875,1.451950192451477
1989-03-20,200200,5.6875,5.625,5.6875,5.625,1.43599534034729
1989-03-17,400,5.75,5.6875,5.75,5.6875,1.451950192451477
1989-03-16,400,5.75,5.75,5.75,5.75,1.46790611743927
1989-03-15,0,5.75,5.75,5.75,5.75,1.46790611743927
1989-03-14,18600,5.8125,5.75,5.8125,5.75,1.46790611743927
1989-03-13,2800,5.75,5.8125,5.8125,5.75,1.4838618040084839
1989-03-10,1000,5.875,5.8125,5.875,5.8125,1.4838618040084839
1989-03-09,3000,5.875,5.8125,5.875,5.8125,1.4838618040084839
1989-03-08,78000,5.75,5.875,5.875,5.75,1.4998174905776978
1989-03-07,0,5.8125,5.8125,5.8125,5.8125,1.4838618040084839
1989-03-06,10000,5.8125,5.8125,5.8125,5.8125,1.4838618040084839
1989-03-03,52400,5.875,5.875,5.875,5.875,1.4998174905776978
1989-03-02,400,5.875,5.875,5.875,5.875,1.4998174905776978
1989-03-01,4800,5.875,5.875,5.875,5.875,1.4998174905776978
1989-02-28,161600,5.875,6.0,6.0,5.875,1.5317280292510986
1989-02-27,5800,5.875,5.875,5.875,5.875,1.4998174905776978
1989-02-24,1800,5.9375,5.9375,5.9375,5.9375,1.5157735347747803
1989-02-23,3400,5.9375,5.9375,5.9375,5.9375,1.5157735347747803
1989-02-22,400,5.9375,5.9375,5.9375,5.9375,1.5157735347747803
1989-02-21,200,5.9375,5.9375,5.9375,5.9375,1.5157735347747803
1989-02-17,2800,5.9375,5.9375,6.0,5.9375,1.5157735347747803
1989-02-16,1200,5.9375,5.9375,5.9375,5.9375,1.5157735347747803
1989-02-15,1200,6.0,5.9375,6.0,5.9375,1.5157735347747803
1989-02-14,17000,5.875,6.0625,6.0625,5.875,1.5476834774017334
1989-02-13,5800,5.9375,5.875,5.9375,5.875,1.4998174905776978
1989-02-10,15000,5.9375,6.0,6.0,5.875,1.5317280292510986
1989-02-09,8000,5.8125,5.9375,5.9375,5.8125,1.5157735347747803
1989-02-08,7800,5.75,5.8125,5.8125,5.75,1.4519506692886353
1989-02-07,66400,5.75,5.75,5.75,5.6875,1.4363387823104858
1989-02-06,800,5.6875,5.75,5.75,5.6875,1.4363387823104858
1989-02-03,600,5.6875,5.6875,5.6875,5.6875,1.4207249879837036
1989-02-02,8000,5.625,5.625,5.625,5.625,1.4051134586334229
1989-02-01,2800,5.6875,5.6875,5.6875,5.6875,1.4207249879837036
1989-01-31,1800,5.6875,5.6875,5.6875,5.6875,1.4207249879837036
1989-01-30,2600,5.5625,5.8125,5.8125,5.5625,1.4519506692886353
1989-01-27,3000,5.5625,5.5625,5.5625,5.5625,1.3895014524459839
1989-01-26,4000,5.625,5.625,5.625,5.625,1.4051134586334229
1989-01-25,3000,5.5,5.625,5.625,5.5,1.4051134586334229
1989-01-24,600,5.5,5.5625,5.5625,5.5,1.3895014524459839
1989-01-23,600,5.4375,5.5,5.5625,5.4375,1.3738892078399658
1989-01-20,6400,5.5625,5.5,5.5625,5.5,1.3738892078399658
1989-01-19,3400,5.5,5.5,5.5625,5.5,1.3738892078399658
1989-01-18,26000,5.5,5.5,5.5,5.5,1.3738892078399658
1989-01-17,12800,5.5625,5.5625,5.5625,5.5625,1.3895014524459839
1989-01-16,4800,5.625,5.5625,5.625,5.5625,1.3895014524459839
1989-01-13,10000,5.8125,5.75,5.8125,5.75,1.4363387823104858
1989-01-12,15400,5.75,5.75,5.75,5.625,1.4363387823104858
1989-01-11,4600,5.8125,5.75,5.8125,5.75,1.4363387823104858
1989-01-10,800,5.75,5.75,5.75,5.75,1.4363387823104858
1989-01-09,11600,5.5625,5.75,5.8125,5.5625,1.4363387823104858
1989-01-06,4800,5.625,5.625,5.625,5.5625,1.4051134586334229
1989-01-05,22800,5.5,5.625,5.625,5.5,1.4051134586334229
1989-01-04,27200,5.375,5.5,5.5,5.375,1.3738892078399658
1989-01-03,33800,5.25,5.375,5.375,5.25,1.342664361000061
1988-12-30,9800,5.125,5.25,5.25,5.125,1.3114396333694458
1988-12-29,3000,5.125,5.125,5.125,5.125,1.2802146673202515
1988-12-28,400,5.125,5.125,5.125,5.125,1.2802146673202515
1988-12-27,1400,5.125,5.125,5.125,5.0625,1.2802146673202515
1988-12-23,24200,5.25,5.25,5.25,5.25,1.3114396333694458
1988-12-22,5400,5.125,5.125,5.125,5.125,1.2802146673202515
1988-12-21,10000,5.1875,5.125,5.3125,5.125,1.2802146673202515
1988-12-20,12000,5.25,5.25,5.25,5.1875,1.3114396333694458
1988-12-19,32600,5.25,5.3125,5.3125,5.25,1.3270512819290161
1988-12-16,8400,5.125,5.125,5.125,5.125,1.2802146673202515
1988-12-15,1000,5.125,5.125,5.125,5.125,1.2802146673202515
1988-12-14,9600,5.125,5.125,5.25,5.125,1.2802146673202515
1988-12-13,1600,5.125,5.125,5.125,5.125,1.2802146673202515
1988-12-12,2000,5.125,5.125,5.125,5.125,1.2802146673202515
1988-12-09,2600,5.1875,5.1875,5.1875,5.1875,1.2958273887634277
1988-12-08,4000,5.1875,5.1875,5.3125,5.1875,1.2958273887634277
1988-12-07,6000,5.25,5.1875,5.25,5.1875,1.2958273887634277
1988-12-06,200,5.25,5.25,5.25,5.25,1.3114396333694458
1988-12-05,2000,5.1875,5.25,5.3125,5.1875,1.3114396333694458
1988-12-02,1600,5.1875,5.1875,5.1875,5.1875,1.2958273887634277
1988-12-01,1200,5.25,5.1875,5.25,5.1875,1.2958273887634277
1988-11-30,2200,5.25,5.3125,5.3125,5.25,1.3270512819290161
1988-11-29,12600,5.1875,5.3125,5.3125,5.1875,1.3270512819290161
1988-11-28,23600,5.125,5.1875,5.1875,5.125,1.2958273887634277
1988-11-25,3200,5.125,5.125,5.125,5.125,1.2802146673202515
1988-11-23,2000,5.125,5.1875,5.25,5.125,1.2958273887634277
1988-11-22,10600,5.25,5.125,5.25,5.125,1.2802146673202515
1988-11-21,11200,5.1875,5.125,5.1875,5.125,1.2802146673202515
1988-11-18,1800,5.0,5.125,5.125,5.0,1.2802146673202515
1988-11-17,400,5.0,5.0,5.0,5.0,1.2489897012710571
1988-11-16,0,5.0,5.0,5.0,5.0,1.2489897012710571
1988-11-15,6000,5.0,5.0,5.0,5.0,1.2489897012710571
1988-11-14,9800,5.1875,5.0625,5.1875,5.0625,1.264602541923523
1988-11-11,68800,5.3125,5.25,5.375,5.25,1.3114396333694458
1988-11-10,5000,5.3125,5.25,5.3125,5.25,1.3114396333694458
1988-11-09,2800,5.25,5.3125,5.3125,5.25,1.3270512819290161
1988-11-08,6600,5.4375,5.3125,5.4375,5.3125,1.3270512819290161
1988-11-07,1400,5.5625,5.5625,5.5625,5.5625,1.358276605606079
1988-11-04,7600,5.625,5.5625,5.625,5.5625,1.358276605606079
1988-11-03,1800,5.5,5.5,5.5,5.5,1.343015432357788
1988-11-02,8600,5.5625,5.5,5.5625,5.5,1.343015432357788
1988-11-01,14400,5.5625,5.625,5.625,5.5625,1.3735378980636597
1988-10-31,0,5.5,5.5,5.5,5.5,1.343015432357788
1988-10-28,2000,5.5625,5.5,5.5625,5.5,1.343015432357788
1988-10-27,200,5.5625,5.5625,5.5625,5.5625,1.358276605606079
1988-10-26,12400,5.5625,5.5,5.5625,5.5,1.343015432357788
1988-10-25,6800,5.5,5.625,5.625,5.5,1.3735378980636597
1988-10-24,9200,5.5,5.5625,5.5625,5.4375,1.358276605606079
1988-10-21,1400,5.5,5.5,5.5,5.5,1.343015432357788
1988-10-20,13400,5.5,5.5625,5.5625,5.4375,1.358276605606079
1988-10-19,13600,5.625,5.5,5.625,5.5,1.343015432357788
1988-10-18,26200,5.6875,5.6875,5.6875,5.625,1.3887989521026611
1988-10-17,10400,5.6875,5.8125,5.8125,5.6875,1.4193222522735596
1988-10-14,8200,5.625,5.75,5.875,5.625,1.4040613174438477
1988-10-13,3800,5.625,5.625,5.625,5.5625,1.3735378980636597
1988-10-12,5200,5.5,5.625,5.625,5.5,1.3735378980636597
1988-10-11,4400,5.4375,5.5,5.5,5.4375,1.343015432357788
1988-10-10,3400,5.4375,5.375,5.4375,5.375,1.3124923706054688
1988-10-07,41600,5.3125,5.375,5.375,5.3125,1.3124923706054688
1988-10-06,68800,5.1875,5.3125,5.375,5.1875,1.2972296476364136
1988-10-05,3800,5.0625,5.125,5.125,5.0625,1.2514456510543823
1988-10-04,3800,5.0,5.0,5.0,4.9375,1.2209227085113525
1988-10-03,12400,5.0625,4.9375,5.0625,4.9375,1.2056612968444824
1988-09-30,103400,5.0,5.0625,5.0625,5.0,1.2361845970153809
1988-09-29,7800,5.0625,5.125,5.125,5.0,1.2514456510543823
1988-09-28,183400,4.9375,5.0,5.0,4.9375,1.2209227085113525
1988-09-27,10600,4.75,4.75,4.8125,4.75,1.1598767042160034
1988-09-26,3000,4.75,4.75,4.8125,4.75,1.1598767042160034
1988-09-23,3400,4.75,4.6875,4.75,4.6875,1.144614577293396
1988-09-22,4400,4.625,4.6875,4.6875,4.625,1.144614577293396
1988-09-21,1000,4.6875,4.6875,4.6875,4.6875,1.144614577293396
1988-09-20,1600,4.6875,4.75,4.75,4.6875,1.1598767042160034
1988-09-19,1800,4.75,4.75,4.75,4.75,1.1598767042160034
1988-09-16,4600,4.75,4.6875,4.75,4.6875,1.144614577293396
1988-09-15,8200,4.6875,4.625,4.6875,4.625,1.1293532848358154
1988-09-14,19000,4.8125,4.6875,4.8125,4.6875,1.144614577293396
1988-09-13,600,4.8125,4.8125,4.8125,4.8125,1.1751378774642944
1988-09-12,1000,4.8125,4.875,4.875,4.8125,1.190399169921875
1988-09-09,1800,4.8125,4.8125,4.8125,4.8125,1.1751378774642944
1988-09-08,5200,4.875,4.8125,4.875,4.8125,1.1751378774642944
1988-09-07,15200,4.8125,4.8125,4.8125,4.75,1.1751378774642944
1988-09-06,600,4.8125,4.8125,4.8125,4.8125,1.1751378774642944
1988-09-02,8000,4.9375,4.8125,4.9375,4.8125,1.1751378774642944
1988-09-01,6000,4.8125,4.875,4.9375,4.8125,1.190399169921875
1988-08-31,800,4.8125,4.8125,4.8125,4.8125,1.1751378774642944
1988-08-30,2200,4.875,4.875,4.875,4.875,1.190399169921875
1988-08-29,2000,4.8125,4.875,4.875,4.8125,1.190399169921875
1988-08-26,200,4.8125,4.8125,4.8125,4.8125,1.1751378774642944
1988-08-25,3200,4.8125,4.875,4.875,4.8125,1.190399169921875
1988-08-24,400,4.8125,4.8125,4.8125,4.8125,1.1751378774642944
1988-08-23,3800,4.875,4.8125,4.875,4.8125,1.1751378774642944
1988-08-22,1800,4.8125,4.9375,4.9375,4.8125,1.2056612968444824
1988-08-19,2400,4.8125,4.875,4.875,4.8125,1.190399169921875
1988-08-18,2400,4.875,4.875,4.875,4.875,1.190399169921875
1988-08-17,1200,4.75,4.75,4.75,4.75,1.1598767042160034
1988-08-16,20400,4.6875,4.875,4.875,4.6875,1.190399169921875
1988-08-15,400,4.8125,4.8125,4.8125,4.8125,1.1751378774642944
1988-08-12,4600,4.8125,4.875,4.875,4.8125,1.190399169921875
1988-08-11,1200,4.9375,4.875,4.9375,4.875,1.190399169921875
1988-08-10,5200,4.875,4.9375,4.9375,4.875,1.2056612968444824
1988-08-09,4000,4.9375,4.9375,4.9375,4.9375,1.2056612968444824
1988-08-08,1800,5.0625,5.0,5.125,5.0,1.1903997659683228
1988-08-05,4000,4.9375,4.9375,4.9375,4.9375,1.1755199432373047
1988-08-04,1200,5.0,4.9375,5.0,4.9375,1.1755199432373047
1988-08-03,44400,5.0,5.0625,5.0625,5.0,1.20527982711792
1988-08-02,1200,5.0,5.125,5.125,5.0,1.2201597690582275
1988-08-01,5600,5.0625,5.0,5.0625,5.0,1.1903997659683228
1988-07-29,25800,5.0625,5.0625,5.0625,5.0,1.20527982711792
1988-07-28,2200,5.125,5.0,5.125,5.0,1.1903997659683228
1988-07-27,0,5.0625,5.0625,5.0625,5.0625,1.20527982711792
1988-07-26,1000,5.0625,5.0625,5.0625,5.0625,1.20527982711792
1988-07-25,0,5.0625,5.0625,5.0625,5.0625,1.20527982711792
1988-07-22,30400,5.125,5.0625,5.125,5.0625,1.20527982711792
1988-07-21,200,5.1875,5.1875,5.1875,5.1875,1.2350399494171143
1988-07-20,23800,5.25,5.125,5.25,5.125,1.2201597690582275
1988-07-19,11600,5.0625,5.25,5.25,5.0625,1.2499200105667114
1988-07-18,10200,5.1875,5.1875,5.1875,5.1875,1.2350399494171143
1988-07-15,400,5.1875,5.1875,5.1875,5.1875,1.2350399494171143
1988-07-14,2200,5.1875,5.1875,5.1875,5.1875,1.2350399494171143
1988-07-13,6200,5.3125,5.1875,5.3125,5.1875,1.2350399494171143
1988-07-12,1400,5.1875,5.1875,5.1875,5.1875,1.2350399494171143
1988-07-11,0,5.1875,5.1875,5.1875,5.1875,1.2350399494171143
1988-07-08,136600,5.25,5.1875,5.25,5.1875,1.2350399494171143
1988-07-07,13800,5.3125,5.25,5.3125,5.25,1.2499200105667114
1988-07-06,1600,5.3125,5.25,5.3125,5.25,1.2499200105667114
1988-07-05,3400,5.25,5.25,5.25,5.25,1.2499200105667114
1988-07-01,400,5.3125,5.3125,5.3125,5.3125,1.2647993564605713
1988-06-30,2000,5.3125,5.375,5.375,5.3125,1.2796796560287476
1988-06-29,2600,5.375,5.3125,5.375,5.3125,1.2647993564605713
1988-06-28,600,5.3125,5.3125,5.3125,5.3125,1.2647993564605713
1988-06-27,10400,5.3125,5.3125,5.375,5.3125,1.2647993564605713
1988-06-24,8200,5.375,5.3125,5.375,5.3125,1.2647993564605713
1988-06-23,10600,5.25,5.375,5.375,5.25,1.2796796560287476
1988-06-22,200,5.25,5.25,5.25,5.25,1.2499200105667114
1988-06-21,15600,5.1875,5.1875,5.25,5.125,1.2350399494171143
1988-06-20,2000,5.25,5.125,5.25,5.125,1.2201597690582275
1988-06-17,24400,5.375,5.125,5.375,5.125,1.2201597690582275
1988-06-16,2600,5.25,5.25,5.25,5.125,1.2499200105667114
1988-06-15,2400,5.125,5.1875,5.1875,5.125,1.2350399494171143
1988-06-14,15400,5.125,5.1875,5.1875,5.125,1.2350399494171143
1988-06-13,5400,5.0625,5.0625,5.0625,5.0625,1.20527982711792
1988-06-10,2400,5.0,5.0625,5.0625,5.0,1.20527982711792
1988-06-09,3600,5.125,5.0625,5.125,5.0625,1.20527982711792
1988-06-08,4600,5.0,5.1875,5.1875,5.0,1.2350399494171143
1988-06-07,4600,4.9375,4.9375,4.9375,4.9375,1.1755199432373047
1988-06-06,3800,4.9375,4.9375,4.9375,4.9375,1.1755199432373047
1988-06-03,2000,5.0625,4.9375,5.0625,4.9375,1.1755199432373047
1988-06-02,800,5.0,5.0,5.0,5.0,1.1903997659683228
1988-06-01,2800,4.9375,5.0625,5.0625,4.875,1.20527982711792
1988-05-31,19000,5.0,5.0,5.0,5.0,1.1903997659683228
1988-05-27,34600,5.0625,4.9375,5.0625,4.9375,1.1755199432373047
1988-05-26,52000,5.0,5.0,5.0,5.0,1.1903997659683228
1988-05-25,1800,5.0,5.0,5.0,5.0,1.1903997659683228
1988-05-24,2000,5.0,5.0,5.0,5.0,1.1903997659683228
1988-05-23,5000,5.0,5.0,5.0,5.0,1.1903997659683228
1988-05-20,3600,5.0625,5.0,5.0625,5.0,1.1903997659683228
1988-05-19,89200,5.0,5.0,5.0,5.0,1.1903997659683228
1988-05-18,10800,5.0625,5.0,5.125,5.0,1.1903997659683228
1988-05-17,229400,5.3125,5.0625,5.3125,5.0,1.20527982711792
1988-05-16,31200,5.375,5.375,5.375,5.25,1.2796796560287476
1988-05-13,26600,5.4375,5.375,5.4375,5.375,1.2796796560287476
1988-05-12,9400,5.1875,5.4375,5.4375,5.1875,1.294559121131897
1988-05-11,2400,5.0625,5.0625,5.0625,5.0625,1.20527982711792
1988-05-10,10000,5.125,5.125,5.1875,5.125,1.2201597690582275
1988-05-09,16600,5.1875,5.125,5.1875,5.125,1.2201597690582275
1988-05-06,1600,5.3125,5.25,5.3125,5.25,1.2201597690582275
1988-05-05,200,5.25,5.25,5.25,5.25,1.2201597690582275
1988-05-04,1200,5.25,5.3125,5.3125,5.25,1.234684944152832
1988-05-03,0,5.25,5.25,5.25,5.25,1.2201597690582275
1988-05-02,7600,5.3125,5.25,5.375,5.25,1.2201597690582275
1988-04-29,9600,5.125,5.25,5.25,5.0625,1.2201597690582275
1988-04-28,4600,5.0625,5.25,5.25,5.0625,1.2201597690582275
1988-04-27,23600,5.125,5.1875,5.1875,5.125,1.205634593963623
1988-04-26,39400,5.125,5.1875,5.25,5.125,1.205634593963623
1988-04-25,45600,5.3125,5.1875,5.3125,5.1875,1.205634593963623
1988-04-22,30400,5.3125,5.25,5.3125,5.1875,1.2201597690582275
1988-04-21,6800,5.375,5.3125,5.4375,5.3125,1.234684944152832
1988-04-20,600,5.3125,5.375,5.375,5.3125,1.2492108345031738
1988-04-19,3400,5.375,5.375,5.375,5.375,1.2492108345031738
1988-04-18,27000,5.375,5.375,5.4375,5.25,1.2492108345031738
1988-04-15,15800,5.4375,5.4375,5.5,5.375,1.263736367225647
1988-04-14,3600,5.625,5.5,5.625,5.5,1.278262734413147
1988-04-13,18200,5.625,5.6875,5.6875,5.5625,1.3218390941619873
1988-04-12,2000,5.5625,5.6875,5.6875,5.5625,1.3218390941619873
1988-04-11,47200,5.75,5.625,5.75,5.5,1.3073134422302246
1988-04-08,19200,5.6875,5.8125,5.8125,5.5625,1.350891351699829
1988-04-07,40000,5.8125,5.8125,5.875,5.6875,1.350891351699829
1988-04-06,4800,5.875,5.875,5.875,5.75,1.3654162883758545
1988-04-05,543400,6.0,5.8125,6.0,5.75,1.350891351699829
1988-04-04,4600,6.125,6.0,6.125,6.0,1.394467830657959
1988-03-31,36000,5.875,6.1875,6.1875,5.875,1.4380450248718262
1988-03-30,5800,5.875,5.875,5.875,5.875,1.3654162883758545
1988-03-29,4800,5.9375,5.875,5.9375,5.875,1.3654162883758545
1988-03-28,50800,5.9375,5.875,5.9375,5.875,1.3654162883758545
1988-03-25,51200,6.0,5.9375,6.0,5.875,1.379942536354065
1988-03-24,19400,6.1875,6.125,6.1875,6.125,1.423519253730774
1988-03-23,27400,6.3125,6.1875,6.375,6.1875,1.4380450248718262
1988-03-22,600,6.1875,6.1875,6.1875,6.1875,1.4380450248718262
1988-03-21,134600,6.125,6.25,6.25,6.125,1.4525706768035889
1988-03-18,33800,6.125,6.125,6.25,6.125,1.423519253730774
1988-03-17,6000,5.9375,6.0,6.0,5.9375,1.394467830657959
1988-03-16,15200,6.0,6.0,6.0,5.9375,1.394467830657959
1988-03-15,6000,6.0,5.9375,6.0,5.9375,1.379942536354065
1988-03-14,27000,6.0,6.0,6.0,5.9375,1.394467830657959
1988-03-11,19200,6.0,6.0625,6.0625,6.0,1.4089936017990112
1988-03-10,18400,6.125,6.0,6.125,6.0,1.394467830657959
1988-03-09,18400,6.1875,6.0,6.25,6.0,1.394467830657959
1988-03-08,10600,6.25,6.3125,6.3125,6.125,1.4670960903167725
1988-03-07,8400,6.0,6.25,6.25,6.0,1.4525706768035889
1988-03-04,38600,5.9375,5.9375,5.9375,5.9375,1.379942536354065
1988-03-03,20400,5.9375,5.9375,5.9375,5.875,1.379942536354065
1988-03-02,14400,6.0,5.9375,6.0625,5.9375,1.379942536354065
1988-03-01,10600,6.0,6.0,6.0,5.875,1.394467830657959
1988-02-29,4800,5.75,5.875,5.875,5.75,1.3654162883758545
1988-02-26,34600,5.625,5.75,5.8125,5.5,1.3363653421401978
1988-02-25,4600,5.5,5.5,5.5,5.5,1.278262734413147
1988-02-24,22200,5.4375,5.4375,5.5,5.4375,1.263736367225647
1988-02-23,18800,5.4375,5.375,5.4375,5.375,1.2492108345031738
1988-02-22,5600,5.375,5.5,5.5,5.375,1.278262734413147
1988-02-19,600,5.375,5.375,5.375,5.375,1.2492108345031738
1988-02-18,18600,5.3125,5.4375,5.4375,5.3125,1.263736367225647
1988-02-17,2200,5.3125,5.25,5.3125,5.25,1.2201597690582275
1988-02-16,8000,5.25,5.3125,5.3125,5.25,1.234684944152832
1988-02-12,5000,5.3125,5.25,5.3125,5.25,1.2201597690582275
1988-02-11,82600,5.0625,5.25,5.25,5.0625,1.2201597690582275
1988-02-10,17200,4.9375,4.9375,5.0,4.875,1.147531270980835
1988-02-09,11400,4.875,4.8125,4.9375,4.8125,1.1184797286987305
1988-02-08,3200,4.6875,4.75,4.875,4.6875,1.1039537191390991
1988-02-05,11800,4.75,4.75,4.8125,4.6875,1.0749022960662842
1988-02-04,0,4.75,4.75,4.75,4.75,1.0749022960662842
1988-02-03,5000,4.6875,4.75,4.75,4.6875,1.0749022960662842
1988-02-02,29800,4.625,4.6875,4.6875,4.5625,1.0607584714889526
1988-02-01,7800,4.625,4.5625,4.625,4.5625,1.0324723720550537
1988-01-29,4800,4.625,4.625,4.625,4.625,1.0466158390045166
1988-01-28,32800,4.6875,4.625,4.6875,4.625,1.0466158390045166
1988-01-27,5200,4.6875,4.6875,4.6875,4.6875,1.0607584714889526
1988-01-26,1000,4.6875,4.6875,4.75,4.6875,1.0607584714889526
1988-01-25,6800,4.8125,4.75,4.8125,4.6875,1.0749022960662842
1988-01-22,30200,4.9375,4.8125,4.9375,4.8125,1.0890460014343262
1988-01-21,800,4.9375,4.9375,4.9375,4.9375,1.117332935333252
1988-01-20,45600,4.75,5.0,5.0,4.75,1.1314762830734253
1988-01-19,1000,4.8125,4.875,4.875,4.8125,1.1031887531280518
1988-01-18,32200,5.0,4.875,5.0,4.875,1.1031887531280518
1988-01-15,9400,5.0,5.0,5.0625,5.0,1.1314762830734253
1988-01-14,2600,4.875,4.9375,4.9375,4.875,1.117332935333252
1988-01-13,7200,5.0,4.9375,5.0,4.9375,1.117332935333252
1988-01-12,40000,5.0625,5.125,5.125,5.0625,1.1597634553909302
1988-01-11,4800,5.0,5.0625,5.0625,4.9375,1.1456202268600464
1988-01-08,7800,5.25,5.0625,5.25,5.0625,1.1456202268600464
1988-01-07,3400,5.25,5.3125,5.3125,5.25,1.202193260192871
1988-01-06,13200,5.25,5.25,5.25,5.25,1.1880502700805664
1988-01-05,9400,5.5,5.375,5.5,5.375,1.216336965560913
1988-01-04,22800,5.375,5.5,5.5,5.3125,1.244624137878418
1987-12-31,14000,5.0625,5.5,5.5,5.0625,1.244624137878418
1987-12-30,12000,5.0,5.125,5.3125,5.0,1.1597634553909302
