date,volume,open,close,high,low,adjclose
2019-02-15,5233300,1.649999976158142,1.6200000047683716,1.6699999570846558,1.5,1.6200000047683716
2019-02-14,9410000,1.399999976158142,1.6699999570846558,1.690000057220459,1.3899999856948853,1.6699999570846558
2019-02-13,2173100,1.3700000047683716,1.399999976158142,1.409999966621399,1.350000023841858,1.399999976158142
2019-02-12,960600,1.3700000047683716,1.3700000047683716,1.3799999952316284,1.350000023841858,1.3700000047683716
2019-02-11,1375300,1.350000023841858,1.3600000143051147,1.3700000047683716,1.3300000429153442,1.3600000143051147
2019-02-08,1276400,1.340000033378601,1.340000033378601,1.350000023841858,1.3200000524520874,1.340000033378601
2019-02-07,1207500,1.3600000143051147,1.340000033378601,1.3700000047683716,1.340000033378601,1.340000033378601
2019-02-06,1578900,1.3899999856948853,1.3600000143051147,1.399999976158142,1.350000023841858,1.3600000143051147
2019-02-05,1262000,1.3899999856948853,1.3799999952316284,1.3899999856948853,1.3700000047683716,1.3799999952316284
2019-02-04,2114300,1.3600000143051147,1.3799999952316284,1.3899999856948853,1.350000023841858,1.3799999952316284
2019-02-01,2640600,1.3799999952316284,1.340000033378601,1.399999976158142,1.3300000429153442,1.340000033378601
2019-01-31,2394600,1.3899999856948853,1.3700000047683716,1.4199999570846558,1.3700000047683716,1.3700000047683716
2019-01-30,1789100,1.4199999570846558,1.3899999856948853,1.4199999570846558,1.3700000047683716,1.3899999856948853
2019-01-29,1793100,1.3799999952316284,1.399999976158142,1.4199999570846558,1.3799999952316284,1.399999976158142
2019-01-28,1769300,1.3600000143051147,1.3700000047683716,1.3700000047683716,1.3300000429153442,1.3700000047683716
2019-01-25,1901000,1.3799999952316284,1.3600000143051147,1.399999976158142,1.340000033378601,1.3600000143051147
2019-01-24,1227200,1.3700000047683716,1.3700000047683716,1.3899999856948853,1.350000023841858,1.3700000047683716
2019-01-23,2144600,1.340000033378601,1.3600000143051147,1.3899999856948853,1.309999942779541,1.3600000143051147
2019-01-22,2180300,1.399999976158142,1.3300000429153442,1.399999976158142,1.309999942779541,1.3300000429153442
2019-01-18,2313600,1.409999966621399,1.3799999952316284,1.4299999475479126,1.3600000143051147,1.3799999952316284
2019-01-17,2165900,1.399999976158142,1.399999976158142,1.4299999475479126,1.3700000047683716,1.399999976158142
2019-01-16,1586900,1.3899999856948853,1.3899999856948853,1.440000057220459,1.3700000047683716,1.3899999856948853
2019-01-15,3491100,1.440000057220459,1.3899999856948853,1.4500000476837158,1.340000033378601,1.3899999856948853
2019-01-14,2000200,1.4700000286102295,1.4500000476837158,1.4700000286102295,1.409999966621399,1.4500000476837158
2019-01-11,4353600,1.4500000476837158,1.4800000190734863,1.4900000095367432,1.3600000143051147,1.4800000190734863
2019-01-10,2724900,1.5,1.4500000476837158,1.5,1.4199999570846558,1.4500000476837158
2019-01-09,7496200,1.649999976158142,1.5099999904632568,1.649999976158142,1.399999976158142,1.5099999904632568
2019-01-08,8715600,1.600000023841858,1.600000023841858,1.7000000476837158,1.590000033378601,1.600000023841858
2019-01-07,7525700,1.3799999952316284,1.5299999713897705,1.590000033378601,1.3799999952316284,1.5299999713897705
2019-01-04,4863800,1.2999999523162842,1.340000033378601,1.350000023841858,1.2599999904632568,1.340000033378601
2019-01-03,3638000,1.3300000429153442,1.2599999904632568,1.3300000429153442,1.2400000095367432,1.2599999904632568
2019-01-02,3389200,1.2400000095367432,1.3300000429153442,1.350000023841858,1.2300000190734863,1.3300000429153442
2018-12-31,3750200,1.3600000143051147,1.2400000095367432,1.3600000143051147,1.2300000190734863,1.2400000095367432
2018-12-28,4737800,1.2999999523162842,1.3200000524520874,1.3799999952316284,1.2599999904632568,1.3200000524520874
2018-12-27,5935600,1.350000023841858,1.2999999523162842,1.399999976158142,1.2200000286102295,1.2999999523162842
2018-12-26,8140800,1.0199999809265137,1.309999942779541,1.3300000429153442,1.0199999809265137,1.309999942779541
2018-12-24,3127500,1.0399999618530273,1.0199999809265137,1.0499999523162842,0.9900000095367432,1.0199999809265137
2018-12-21,8373200,1.0299999713897705,1.0199999809265137,1.0499999523162842,0.9900000095367432,1.0199999809265137
2018-12-20,7542100,1.2000000476837158,1.0099999904632568,1.2100000381469727,1.0,1.0099999904632568
2018-12-19,2358300,1.2100000381469727,1.1799999475479126,1.2200000286102295,1.1799999475479126,1.1799999475479126
2018-12-18,4184000,1.3200000524520874,1.1799999475479126,1.340000033378601,1.1699999570846558,1.1799999475479126
2018-12-17,3495800,1.3600000143051147,1.309999942779541,1.3899999856948853,1.2799999713897705,1.309999942779541
2018-12-14,2370700,1.4299999475479126,1.3700000047683716,1.440000057220459,1.3700000047683716,1.3700000047683716
2018-12-13,1743800,1.4700000286102295,1.4500000476837158,1.5,1.440000057220459,1.4500000476837158
2018-12-12,2239400,1.5,1.4600000381469727,1.5099999904632568,1.4600000381469727,1.4600000381469727
2018-12-11,1259400,1.5399999618530273,1.5,1.5499999523162842,1.4900000095367432,1.5
2018-12-10,3418000,1.600000023841858,1.5,1.6299999952316284,1.409999966621399,1.5
2018-12-07,2648800,1.6200000047683716,1.5700000524520874,1.6699999570846558,1.5499999523162842,1.5700000524520874
2018-12-06,2917600,1.690000057220459,1.6200000047683716,1.690000057220459,1.590000033378601,1.6200000047683716
2018-12-04,2137900,1.7100000381469727,1.690000057220459,1.7400000095367432,1.690000057220459,1.690000057220459
2018-12-03,2214000,1.7799999713897705,1.7000000476837158,1.7899999618530273,1.6799999475479126,1.7000000476837158
2018-11-30,1094500,1.7699999809265137,1.75,1.7699999809265137,1.75,1.75
2018-11-29,1168000,1.7999999523162842,1.7699999809265137,1.7999999523162842,1.7599999904632568,1.7699999809265137
2018-11-28,1418700,1.7799999713897705,1.7799999713897705,1.7899999618530273,1.7400000095367432,1.7799999713897705
2018-11-27,1213100,1.7400000095367432,1.7599999904632568,1.7699999809265137,1.7200000286102295,1.7599999904632568
2018-11-26,1451600,1.75,1.7300000190734863,1.7899999618530273,1.7200000286102295,1.7300000190734863
2018-11-23,1435700,1.7799999713897705,1.7100000381469727,1.7999999523162842,1.7100000381469727,1.7100000381469727
2018-11-21,1183200,1.7400000095367432,1.7999999523162842,1.8200000524520874,1.7400000095367432,1.7999999523162842
2018-11-20,1856000,1.7599999904632568,1.75,1.7999999523162842,1.7200000286102295,1.75
2018-11-19,2040600,1.8200000524520874,1.7799999713897705,1.8300000429153442,1.7400000095367432,1.7799999713897705
2018-11-16,823700,1.8200000524520874,1.840000033378601,1.840000033378601,1.809999942779541,1.840000033378601
2018-11-15,980400,1.7999999523162842,1.840000033378601,1.8600000143051147,1.7999999523162842,1.840000033378601
2018-11-14,1625500,1.8300000429153442,1.7999999523162842,1.850000023841858,1.7899999618530273,1.7999999523162842
2018-11-13,1254100,1.8600000143051147,1.809999942779541,1.8700000047683716,1.809999942779541,1.809999942779541
2018-11-12,1857100,1.8799999952316284,1.850000023841858,1.8799999952316284,1.7999999523162842,1.850000023841858
2018-11-09,2940500,1.9299999475479126,1.8700000047683716,1.9299999475479126,1.840000033378601,1.8700000047683716
2018-11-08,3052100,1.9600000381469727,1.940000057220459,2.0,1.899999976158142,1.940000057220459
2018-11-07,2244500,1.9199999570846558,1.9299999475479126,1.940000057220459,1.899999976158142,1.9299999475479126
2018-11-06,1264100,1.899999976158142,1.909999966621399,1.9199999570846558,1.8899999856948853,1.909999966621399
2018-11-05,1436500,1.909999966621399,1.9199999570846558,1.9199999570846558,1.8600000143051147,1.9199999570846558
2018-11-02,1074900,1.9199999570846558,1.899999976158142,1.9199999570846558,1.8700000047683716,1.899999976158142
2018-11-01,2090000,1.8300000429153442,1.8899999856948853,1.909999966621399,1.809999942779541,1.8899999856948853
2018-10-31,1201700,1.8600000143051147,1.850000023841858,1.8799999952316284,1.840000033378601,1.850000023841858
2018-10-30,1480100,1.7999999523162842,1.840000033378601,1.8600000143051147,1.7899999618530273,1.840000033378601
2018-10-29,1711000,1.8600000143051147,1.7999999523162842,1.8799999952316284,1.7799999713897705,1.7999999523162842
2018-10-26,2491200,1.850000023841858,1.8300000429153442,1.8799999952316284,1.7799999713897705,1.8300000429153442
2018-10-25,1426800,1.8899999856948853,1.850000023841858,1.8899999856948853,1.8300000429153442,1.850000023841858
2018-10-24,2976600,1.8700000047683716,1.8600000143051147,1.9199999570846558,1.850000023841858,1.8600000143051147
2018-10-23,2898300,1.899999976158142,1.8700000047683716,1.899999976158142,1.8200000524520874,1.8700000047683716
2018-10-22,1309600,1.9299999475479126,1.9199999570846558,1.9500000476837158,1.899999976158142,1.9199999570846558
2018-10-19,4039500,1.909999966621399,1.940000057220459,1.9500000476837158,1.8799999952316284,1.940000057220459
2018-10-18,1433400,1.909999966621399,1.909999966621399,1.9500000476837158,1.899999976158142,1.909999966621399
2018-10-17,2468300,1.9299999475479126,1.9299999475479126,1.9500000476837158,1.8899999856948853,1.9299999475479126
2018-10-16,4749700,1.9500000476837158,1.9299999475479126,1.9800000190734863,1.909999966621399,1.9299999475479126
2018-10-15,2220300,1.809999942779541,1.8799999952316284,1.8899999856948853,1.809999942779541,1.8799999952316284
2018-10-12,2337500,1.7999999523162842,1.809999942779541,1.8700000047683716,1.7799999713897705,1.809999942779541
2018-10-11,2725000,1.75,1.7799999713897705,1.8200000524520874,1.7300000190734863,1.7799999713897705
2018-10-10,4346500,1.8700000047683716,1.7400000095367432,1.8899999856948853,1.7200000286102295,1.7400000095367432
2018-10-09,1878100,1.8600000143051147,1.8600000143051147,1.9299999475479126,1.850000023841858,1.8600000143051147
2018-10-08,1268200,1.850000023841858,1.8600000143051147,1.8799999952316284,1.850000023841858,1.8600000143051147
2018-10-05,1511400,1.8799999952316284,1.8700000047683716,1.899999976158142,1.850000023841858,1.8700000047683716
2018-10-04,1244100,1.9199999570846558,1.8700000047683716,1.9199999570846558,1.8700000047683716,1.8700000047683716
2018-10-03,1890800,1.899999976158142,1.899999976158142,1.9199999570846558,1.8799999952316284,1.899999976158142
2018-10-02,2318400,1.940000057220459,1.899999976158142,1.940000057220459,1.8700000047683716,1.899999976158142
2018-10-01,2343000,1.9199999570846558,1.9299999475479126,1.9800000190734863,1.9199999570846558,1.9299999475479126
2018-09-28,1171600,1.909999966621399,1.9199999570846558,1.9500000476837158,1.899999976158142,1.9199999570846558
2018-09-27,1087000,1.909999966621399,1.899999976158142,1.9299999475479126,1.899999976158142,1.899999976158142
2018-09-26,2179000,1.9800000190734863,1.9199999570846558,1.9800000190734863,1.899999976158142,1.9199999570846558
2018-09-25,6956600,1.8899999856948853,1.9700000286102295,2.049999952316284,1.8799999952316284,1.9700000286102295
2018-09-24,970000,1.899999976158142,1.8799999952316284,1.899999976158142,1.8600000143051147,1.8799999952316284
2018-09-21,1890100,1.909999966621399,1.899999976158142,1.9299999475479126,1.899999976158142,1.899999976158142
2018-09-20,3069100,1.899999976158142,1.9299999475479126,1.940000057220459,1.8700000047683716,1.9299999475479126
2018-09-19,2409000,1.9199999570846558,1.8899999856948853,1.940000057220459,1.8799999952316284,1.8899999856948853
2018-09-18,3708700,1.8600000143051147,1.909999966621399,1.9199999570846558,1.850000023841858,1.909999966621399
2018-09-17,2115800,1.8700000047683716,1.8300000429153442,1.899999976158142,1.8200000524520874,1.8300000429153442
2018-09-14,3104100,1.75,1.8700000047683716,1.8799999952316284,1.7400000095367432,1.8700000047683716
2018-09-13,1428200,1.7599999904632568,1.75,1.7999999523162842,1.75,1.75
2018-09-12,2885800,1.7599999904632568,1.7699999809265137,1.7799999713897705,1.7200000286102295,1.7699999809265137
2018-09-11,5510300,1.8200000524520874,1.7599999904632568,1.840000033378601,1.7200000286102295,1.7599999904632568
2018-09-10,2994300,1.9299999475479126,1.8300000429153442,1.9299999475479126,1.8200000524520874,1.8300000429153442
2018-09-07,1568300,1.909999966621399,1.9199999570846558,1.9299999475479126,1.8899999856948853,1.9199999570846558
2018-09-06,1636300,1.9199999570846558,1.8899999856948853,1.940000057220459,1.8799999952316284,1.8899999856948853
2018-09-05,3091400,1.940000057220459,1.909999966621399,1.9500000476837158,1.8799999952316284,1.909999966621399
2018-09-04,4039300,2.0,1.9500000476837158,2.0299999713897705,1.9199999570846558,1.9500000476837158
2018-08-31,1872700,1.9199999570846558,1.9700000286102295,1.9800000190734863,1.9199999570846558,1.9700000286102295
2018-08-30,4030200,1.9700000286102295,1.940000057220459,1.9700000286102295,1.9199999570846558,1.940000057220459
2018-08-29,5114500,1.9900000095367432,1.9700000286102295,2.0399999618530273,1.9600000381469727,1.9700000286102295
2018-08-28,1833300,1.9900000095367432,1.9600000381469727,2.0,1.9500000476837158,1.9600000381469727
2018-08-27,3409800,2.009999990463257,1.9700000286102295,2.0399999618530273,1.9500000476837158,1.9700000286102295
2018-08-24,2517200,2.0299999713897705,2.0,2.049999952316284,1.9700000286102295,2.0
2018-08-23,5719700,1.9900000095367432,2.009999990463257,2.0999999046325684,1.9900000095367432,2.009999990463257
2018-08-22,1026700,1.9500000476837158,1.9500000476837158,1.9800000190734863,1.940000057220459,1.9500000476837158
2018-08-21,1648100,1.9500000476837158,1.9500000476837158,1.9800000190734863,1.9299999475479126,1.9500000476837158
2018-08-20,1243900,1.9900000095367432,1.9500000476837158,1.9900000095367432,1.940000057220459,1.9500000476837158
2018-08-17,1572000,1.9600000381469727,1.9700000286102295,1.9800000190734863,1.9299999475479126,1.9700000286102295
2018-08-16,4587400,1.8700000047683716,1.9700000286102295,2.0,1.8600000143051147,1.9700000286102295
2018-08-15,1310900,1.8899999856948853,1.8600000143051147,1.899999976158142,1.850000023841858,1.8600000143051147
2018-08-14,1865800,1.909999966621399,1.8899999856948853,1.909999966621399,1.8700000047683716,1.8899999856948853
2018-08-13,1798000,1.9199999570846558,1.8899999856948853,1.9299999475479126,1.8700000047683716,1.8899999856948853
2018-08-10,3094800,1.909999966621399,1.909999966621399,1.9199999570846558,1.8300000429153442,1.909999966621399
2018-08-09,4963700,2.009999990463257,1.909999966621399,2.0199999809265137,1.8899999856948853,1.909999966621399
2018-08-08,3986300,1.9700000286102295,2.0199999809265137,2.049999952316284,1.9500000476837158,2.0199999809265137
2018-08-07,1296500,1.9800000190734863,1.9500000476837158,1.9900000095367432,1.9500000476837158,1.9500000476837158
2018-08-06,1883700,1.9800000190734863,1.9700000286102295,1.9900000095367432,1.9500000476837158,1.9700000286102295
2018-08-03,1406700,1.9900000095367432,1.9500000476837158,2.0,1.9500000476837158,1.9500000476837158
2018-08-02,1347300,1.940000057220459,1.9900000095367432,1.9900000095367432,1.940000057220459,1.9900000095367432
2018-08-01,876900,2.0,1.9600000381469727,2.0199999809265137,1.940000057220459,1.9600000381469727
2018-07-31,3035700,1.909999966621399,2.0,2.0199999809265137,1.909999966621399,2.0
2018-07-30,1060400,1.9600000381469727,1.909999966621399,1.9600000381469727,1.909999966621399,1.909999966621399
2018-07-27,2472900,1.940000057220459,1.9500000476837158,1.9800000190734863,1.9199999570846558,1.9500000476837158
2018-07-26,871000,1.9700000286102295,1.9299999475479126,1.9800000190734863,1.9299999475479126,1.9299999475479126
2018-07-25,2014900,1.9500000476837158,1.9600000381469727,1.9800000190734863,1.9199999570846558,1.9600000381469727
2018-07-24,2005300,1.9600000381469727,1.909999966621399,2.0,1.899999976158142,1.909999966621399
2018-07-23,2006000,1.9800000190734863,1.9600000381469727,1.9900000095367432,1.940000057220459,1.9600000381469727
2018-07-20,2727000,2.0199999809265137,1.9600000381469727,2.0299999713897705,1.9600000381469727,1.9600000381469727
2018-07-19,1851500,1.9900000095367432,2.0199999809265137,2.0399999618530273,1.9800000190734863,2.0199999809265137
2018-07-18,880600,2.0,1.9900000095367432,2.0199999809265137,1.9800000190734863,1.9900000095367432
2018-07-17,2647100,1.9900000095367432,1.9800000190734863,2.0299999713897705,1.9800000190734863,1.9800000190734863
2018-07-16,3107000,2.0399999618530273,2.009999990463257,2.059999942779541,1.9800000190734863,2.009999990463257
2018-07-13,4965600,2.1700000762939453,2.049999952316284,2.200000047683716,2.049999952316284,2.049999952316284
2018-07-12,5609200,2.0799999237060547,2.180000066757202,2.190000057220459,2.0299999713897705,2.180000066757202
2018-07-11,1111500,2.049999952316284,2.059999942779541,2.0799999237060547,2.0399999618530273,2.059999942779541
2018-07-10,1661100,2.0399999618530273,2.059999942779541,2.0899999141693115,2.0399999618530273,2.059999942779541
2018-07-09,1516000,2.0399999618530273,2.0299999713897705,2.059999942779541,2.0199999809265137,2.0299999713897705
2018-07-06,2626300,2.059999942779541,2.0199999809265137,2.069999933242798,2.009999990463257,2.0199999809265137
2018-07-05,2681200,2.0299999713897705,2.049999952316284,2.0799999237060547,2.0,2.049999952316284
2018-07-03,2337900,2.0399999618530273,2.009999990463257,2.049999952316284,1.9900000095367432,2.009999990463257
2018-07-02,2655400,2.0,2.0299999713897705,2.049999952316284,1.9800000190734863,2.0299999713897705
2018-06-29,4359600,1.9900000095367432,2.0199999809265137,2.0399999618530273,1.9700000286102295,2.0199999809265137
2018-06-28,3737000,1.9700000286102295,1.9900000095367432,2.0,1.8799999952316284,1.9900000095367432
2018-06-27,1843600,2.0299999713897705,1.9700000286102295,2.049999952316284,1.9600000381469727,1.9700000286102295
2018-06-26,2334400,1.940000057220459,2.0299999713897705,2.0399999618530273,1.940000057220459,2.0299999713897705
2018-06-25,3885600,2.0199999809265137,1.940000057220459,2.0199999809265137,1.9299999475479126,1.940000057220459
2018-06-22,3172500,2.0199999809265137,2.0399999618530273,2.0399999618530273,1.9700000286102295,2.0399999618530273
2018-06-21,1701900,2.0199999809265137,1.9900000095367432,2.0199999809265137,1.9600000381469727,1.9900000095367432
2018-06-20,2832300,1.9600000381469727,2.009999990463257,2.0199999809265137,1.940000057220459,2.009999990463257
2018-06-19,2263500,1.9900000095367432,1.9800000190734863,2.0,1.9299999475479126,1.9800000190734863
2018-06-18,2742800,1.9500000476837158,1.9900000095367432,2.0199999809265137,1.940000057220459,1.9900000095367432
2018-06-15,2844200,1.9700000286102295,1.9800000190734863,1.9900000095367432,1.9199999570846558,1.9800000190734863
2018-06-14,2006400,2.009999990463257,1.9900000095367432,2.0299999713897705,1.940000057220459,1.9900000095367432
2018-06-13,2630400,2.0199999809265137,2.009999990463257,2.0299999713897705,1.9500000476837158,2.009999990463257
2018-06-12,5485500,1.9500000476837158,2.009999990463257,2.049999952316284,1.9299999475479126,2.009999990463257
2018-06-11,3586100,1.8899999856948853,1.9299999475479126,1.9500000476837158,1.8600000143051147,1.9299999475479126
2018-06-08,2330100,1.850000023841858,1.8600000143051147,1.8600000143051147,1.8300000429153442,1.8600000143051147
2018-06-07,1554200,1.8700000047683716,1.850000023841858,1.8799999952316284,1.840000033378601,1.850000023841858
2018-06-06,4202100,1.850000023841858,1.8600000143051147,1.8899999856948853,1.8200000524520874,1.8600000143051147
2018-06-05,4639000,1.8600000143051147,1.8200000524520874,1.8700000047683716,1.7799999713897705,1.8200000524520874
2018-06-04,3212900,1.899999976158142,1.8700000047683716,1.909999966621399,1.850000023841858,1.8700000047683716
2018-06-01,3682300,1.8899999856948853,1.8899999856948853,1.9199999570846558,1.8700000047683716,1.8899999856948853
2018-05-31,5232800,1.9600000381469727,1.8700000047683716,1.9700000286102295,1.8700000047683716,1.8700000047683716
2018-05-30,3572400,1.9700000286102295,1.9500000476837158,2.0,1.940000057220459,1.9500000476837158
2018-05-29,4021100,1.9700000286102295,1.9500000476837158,2.0199999809265137,1.899999976158142,1.9500000476837158
2018-05-25,8290300,2.130000114440918,1.9700000286102295,2.140000104904175,1.9299999475479126,1.9700000286102295
2018-05-24,6657400,2.140000104904175,2.1500000953674316,2.2200000286102295,2.119999885559082,2.1500000953674316
2018-05-23,2444000,2.1500000953674316,2.140000104904175,2.180000066757202,2.119999885559082,2.140000104904175
2018-05-22,3300200,2.240000009536743,2.140000104904175,2.240000009536743,2.140000104904175,2.140000104904175
2018-05-21,4773200,2.1500000953674316,2.2200000286102295,2.240000009536743,2.130000114440918,2.2200000286102295
2018-05-18,2218300,2.119999885559082,2.119999885559082,2.1600000858306885,2.109999895095825,2.119999885559082
2018-05-17,3516200,2.119999885559082,2.119999885559082,2.180000066757202,2.0999999046325684,2.119999885559082
2018-05-16,4758300,2.1700000762939453,2.109999895095825,2.190000057220459,2.0999999046325684,2.109999895095825
2018-05-15,4946300,2.1700000762939453,2.1500000953674316,2.200000047683716,2.0799999237060547,2.1500000953674316
2018-05-14,9248000,2.1700000762939453,2.190000057220459,2.2699999809265137,2.1700000762939453,2.190000057220459
2018-05-11,7264700,2.0199999809265137,2.1600000858306885,2.180000066757202,2.0,2.1600000858306885
2018-05-10,3832100,2.0,2.0199999809265137,2.0299999713897705,1.9700000286102295,2.0199999809265137
2018-05-09,6249200,1.9700000286102295,2.0,2.0,1.899999976158142,2.0
2018-05-08,4406800,1.8799999952316284,1.840000033378601,1.8899999856948853,1.8200000524520874,1.840000033378601
2018-05-07,3558500,1.850000023841858,1.8700000047683716,1.899999976158142,1.8300000429153442,1.8700000047683716
2018-05-04,7322500,1.850000023841858,1.809999942779541,1.8899999856948853,1.7999999523162842,1.809999942779541
2018-05-03,4753800,1.8600000143051147,1.840000033378601,1.8899999856948853,1.809999942779541,1.840000033378601
2018-05-02,2645000,1.8600000143051147,1.8700000047683716,1.899999976158142,1.840000033378601,1.8700000047683716
2018-05-01,3114100,1.8799999952316284,1.8600000143051147,1.899999976158142,1.8200000524520874,1.8600000143051147
2018-04-30,2022800,1.8200000524520874,1.8300000429153442,1.8600000143051147,1.8200000524520874,1.8300000429153442
2018-04-27,3699500,1.8600000143051147,1.8200000524520874,1.8799999952316284,1.809999942779541,1.8200000524520874
2018-04-26,2267500,1.8200000524520874,1.8600000143051147,1.8899999856948853,1.809999942779541,1.8600000143051147
2018-04-25,4344200,1.8600000143051147,1.840000033378601,1.8600000143051147,1.7599999904632568,1.840000033378601
2018-04-24,3086100,1.909999966621399,1.8600000143051147,1.9299999475479126,1.8200000524520874,1.8600000143051147
2018-04-23,3026600,1.9199999570846558,1.899999976158142,1.9500000476837158,1.8799999952316284,1.899999976158142
2018-04-20,2293400,1.940000057220459,1.9199999570846558,1.9600000381469727,1.909999966621399,1.9199999570846558
2018-04-19,2773900,1.940000057220459,1.9500000476837158,1.9800000190734863,1.940000057220459,1.9500000476837158
2018-04-18,5892300,1.9900000095367432,1.9500000476837158,2.009999990463257,1.9299999475479126,1.9500000476837158
2018-04-17,5824900,1.8700000047683716,1.9600000381469727,2.0,1.8700000047683716,1.9600000381469727
2018-04-16,1691900,1.8799999952316284,1.8799999952316284,1.899999976158142,1.8600000143051147,1.8799999952316284
2018-04-13,2926900,1.8700000047683716,1.8799999952316284,1.9199999570846558,1.840000033378601,1.8799999952316284
2018-04-12,2023500,1.8600000143051147,1.8700000047683716,1.899999976158142,1.850000023841858,1.8700000047683716
2018-04-11,4024700,1.840000033378601,1.8600000143051147,1.8899999856948853,1.840000033378601,1.8600000143051147
2018-04-10,2371800,1.850000023841858,1.850000023841858,1.899999976158142,1.8300000429153442,1.850000023841858
2018-04-09,2543800,1.8200000524520874,1.8300000429153442,1.8799999952316284,1.7999999523162842,1.8300000429153442
2018-04-06,2400200,1.809999942779541,1.7999999523162842,1.8300000429153442,1.7799999713897705,1.7999999523162842
2018-04-05,2271400,1.840000033378601,1.8300000429153442,1.8600000143051147,1.7999999523162842,1.8300000429153442
2018-04-04,4866200,1.7400000095367432,1.8300000429153442,1.8300000429153442,1.7300000190734863,1.8300000429153442
2018-04-03,4571000,1.7999999523162842,1.7799999713897705,1.8300000429153442,1.7100000381469727,1.7799999713897705
2018-04-02,5368400,1.8700000047683716,1.7699999809265137,1.8700000047683716,1.75,1.7699999809265137
2018-03-29,4789200,1.909999966621399,1.8899999856948853,1.9500000476837158,1.8799999952316284,1.8899999856948853
2018-03-28,3591100,1.909999966621399,1.909999966621399,1.9299999475479126,1.8300000429153442,1.909999966621399
2018-03-27,4551500,1.9500000476837158,1.8899999856948853,1.9700000286102295,1.8700000047683716,1.8899999856948853
2018-03-26,5533200,1.9199999570846558,1.9500000476837158,1.9800000190734863,1.8799999952316284,1.9500000476837158
2018-03-23,5058000,1.899999976158142,1.8899999856948853,1.9800000190734863,1.8700000047683716,1.8899999856948853
2018-03-22,4318400,1.8799999952316284,1.909999966621399,2.0,1.8600000143051147,1.909999966621399
2018-03-21,2288400,1.9600000381469727,1.9600000381469727,2.009999990463257,1.9500000476837158,1.9600000381469727
2018-03-20,2988500,2.0,1.9600000381469727,2.0199999809265137,1.940000057220459,1.9600000381469727
2018-03-19,3417000,2.0199999809265137,1.9800000190734863,2.0399999618530273,1.9299999475479126,1.9800000190734863
2018-03-16,3187600,1.9600000381469727,2.0399999618530273,2.049999952316284,1.9199999570846558,2.0399999618530273
2018-03-15,1853200,1.940000057220459,1.9600000381469727,2.0,1.9199999570846558,1.9600000381469727
2018-03-14,2311600,1.9900000095367432,1.940000057220459,2.009999990463257,1.909999966621399,1.940000057220459
2018-03-13,5778500,2.109999895095825,1.9700000286102295,2.130000114440918,1.9600000381469727,1.9700000286102295
2018-03-12,5261700,1.9700000286102295,2.0799999237060547,2.119999885559082,1.9600000381469727,2.0799999237060547
2018-03-09,2790400,1.909999966621399,1.940000057220459,1.9700000286102295,1.8799999952316284,1.940000057220459
2018-03-08,3644400,1.8700000047683716,1.8899999856948853,1.940000057220459,1.8600000143051147,1.8899999856948853
2018-03-07,4010900,1.8300000429153442,1.8300000429153442,1.899999976158142,1.7999999523162842,1.8300000429153442
2018-03-06,3124600,1.899999976158142,1.8799999952316284,1.9299999475479126,1.8200000524520874,1.8799999952316284
2018-03-05,5819600,1.8899999856948853,1.8899999856948853,2.0,1.850000023841858,1.8899999856948853
2018-03-02,2526800,1.7899999618530273,1.8899999856948853,1.899999976158142,1.7599999904632568,1.8899999856948853
2018-03-01,3069700,1.850000023841858,1.809999942779541,1.8600000143051147,1.7599999904632568,1.809999942779541
2018-02-28,2979400,1.8899999856948853,1.8600000143051147,1.9299999475479126,1.8600000143051147,1.8600000143051147
2018-02-27,3604000,1.9500000476837158,1.899999976158142,1.9700000286102295,1.8799999952316284,1.899999976158142
2018-02-26,2120200,2.0,1.9600000381469727,2.009999990463257,1.9299999475479126,1.9600000381469727
2018-02-23,3752300,1.8799999952316284,1.9600000381469727,1.9800000190734863,1.8799999952316284,1.9600000381469727
2018-02-22,3935800,2.0199999809265137,1.8799999952316284,2.0399999618530273,1.850000023841858,1.8799999952316284
2018-02-21,10155200,1.7699999809265137,1.9900000095367432,2.130000114440918,1.7599999904632568,1.9900000095367432
2018-02-20,1870700,1.850000023841858,1.7699999809265137,1.8700000047683716,1.7699999809265137,1.7699999809265137
2018-02-16,3029800,1.8300000429153442,1.850000023841858,1.899999976158142,1.8200000524520874,1.850000023841858
2018-02-15,3019900,1.7799999713897705,1.8300000429153442,1.840000033378601,1.7200000286102295,1.8300000429153442
2018-02-14,2992800,1.75,1.7799999713897705,1.7999999523162842,1.7200000286102295,1.7799999713897705
2018-02-13,2897300,1.7300000190734863,1.7799999713897705,1.7899999618530273,1.7200000286102295,1.7799999713897705
2018-02-12,3012800,1.7599999904632568,1.75,1.7699999809265137,1.6299999952316284,1.75
2018-02-09,7639600,1.8200000524520874,1.7000000476837158,1.8300000429153442,1.5299999713897705,1.7000000476837158
2018-02-08,6682400,2.0199999809265137,1.7200000286102295,2.0199999809265137,1.7100000381469727,1.7200000286102295
2018-02-07,5931400,1.8799999952316284,1.9800000190734863,2.049999952316284,1.840000033378601,1.9800000190734863
2018-02-06,6820100,1.7799999713897705,1.840000033378601,1.8700000047683716,1.659999966621399,1.840000033378601
2018-02-05,3533700,1.9299999475479126,1.7999999523162842,1.940000057220459,1.7999999523162842,1.7999999523162842
2018-02-02,3183800,1.9199999570846558,1.940000057220459,1.9500000476837158,1.8600000143051147,1.940000057220459
2018-02-01,1578100,1.940000057220459,1.9199999570846558,1.9800000190734863,1.899999976158142,1.9199999570846558
2018-01-31,1913100,1.940000057220459,1.9299999475479126,1.9800000190734863,1.9199999570846558,1.9299999475479126
2018-01-30,4921500,2.0,1.9299999475479126,2.009999990463257,1.8899999856948853,1.9299999475479126
2018-01-29,5891400,2.069999933242798,2.0,2.0899999141693115,1.9600000381469727,2.0
2018-01-26,3455800,2.130000114440918,2.0799999237060547,2.140000104904175,2.0199999809265137,2.0799999237060547
2018-01-25,2851700,2.25,2.119999885559082,2.25,2.0999999046325684,2.119999885559082
2018-01-24,2528900,2.200000047683716,2.2100000381469727,2.2300000190734863,2.1600000858306885,2.2100000381469727
2018-01-23,2759300,2.25,2.2100000381469727,2.25,2.200000047683716,2.2100000381469727
2018-01-22,2631900,2.2699999809265137,2.25,2.2899999618530273,2.2100000381469727,2.25
2018-01-19,1695300,2.259999990463257,2.2699999809265137,2.2899999618530273,2.240000009536743,2.2699999809265137
2018-01-18,1200500,2.309999942779541,2.2699999809265137,2.319999933242798,2.259999990463257,2.2699999809265137
2018-01-17,1647700,2.299999952316284,2.309999942779541,2.3299999237060547,2.259999990463257,2.309999942779541
2018-01-16,4126200,2.369999885559082,2.2799999713897705,2.380000114440918,2.2200000286102295,2.2799999713897705
2018-01-12,4621900,2.4000000953674316,2.3499999046325684,2.4200000762939453,2.3399999141693115,2.3499999046325684
2018-01-11,3556700,2.3499999046325684,2.4000000953674316,2.4000000953674316,2.3399999141693115,2.4000000953674316
2018-01-10,3319100,2.309999942779541,2.3399999141693115,2.3499999046325684,2.2699999809265137,2.3399999141693115
2018-01-09,3202300,2.3299999237060547,2.319999933242798,2.369999885559082,2.309999942779541,2.319999933242798
2018-01-08,3720700,2.3499999046325684,2.3299999237060547,2.380000114440918,2.299999952316284,2.3299999237060547
2018-01-05,3217600,2.430000066757202,2.359999895095825,2.430000066757202,2.3299999237060547,2.359999895095825
2018-01-04,2458000,2.4000000953674316,2.4000000953674316,2.4200000762939453,2.359999895095825,2.4000000953674316
2018-01-03,2331100,2.4000000953674316,2.4200000762939453,2.440000057220459,2.380000114440918,2.4200000762939453
2018-01-02,2845600,2.380000114440918,2.4200000762939453,2.440000057220459,2.319999933242798,2.4200000762939453
2017-12-29,3770800,2.430000066757202,2.359999895095825,2.440000057220459,2.3499999046325684,2.359999895095825
2017-12-28,2778300,2.430000066757202,2.430000066757202,2.450000047683716,2.4000000953674316,2.430000066757202
2017-12-27,1800300,2.4000000953674316,2.4100000858306885,2.4700000286102295,2.4000000953674316,2.4100000858306885
2017-12-26,2714200,2.4100000858306885,2.4000000953674316,2.450000047683716,2.369999885559082,2.4000000953674316
2017-12-22,2384200,2.4700000286102295,2.4200000762939453,2.4700000286102295,2.4100000858306885,2.4200000762939453
2017-12-21,3146500,2.4200000762939453,2.4600000381469727,2.4800000190734863,2.4100000858306885,2.4600000381469727
2017-12-20,3338400,2.4200000762939453,2.4100000858306885,2.4700000286102295,2.380000114440918,2.4100000858306885
2017-12-19,3895700,2.390000104904175,2.4200000762939453,2.430000066757202,2.359999895095825,2.4200000762939453
2017-12-18,2812000,2.369999885559082,2.380000114440918,2.4000000953674316,2.3499999046325684,2.380000114440918
2017-12-15,3728400,2.3499999046325684,2.359999895095825,2.390000104904175,2.319999933242798,2.359999895095825
2017-12-14,3361900,2.359999895095825,2.319999933242798,2.4200000762939453,2.309999942779541,2.319999933242798
2017-12-13,2050400,2.380000114440918,2.390000104904175,2.4100000858306885,2.359999895095825,2.390000104904175
2017-12-12,4197800,2.4100000858306885,2.380000114440918,2.4700000286102295,2.359999895095825,2.380000114440918
2017-12-11,2140500,2.430000066757202,2.430000066757202,2.4600000381469727,2.4000000953674316,2.430000066757202
2017-12-08,3769400,2.390000104904175,2.4100000858306885,2.4700000286102295,2.390000104904175,2.4100000858306885
2017-12-07,3182900,2.3399999141693115,2.380000114440918,2.440000057220459,2.3299999237060547,2.380000114440918
2017-12-06,2717900,2.359999895095825,2.3399999141693115,2.380000114440918,2.299999952316284,2.3399999141693115
2017-12-05,2949600,2.3499999046325684,2.3299999237060547,2.4200000762939453,2.299999952316284,2.3299999237060547
2017-12-04,4707500,2.5799999237060547,2.359999895095825,2.5899999141693115,2.359999895095825,2.359999895095825
2017-12-01,8569100,2.4200000762939453,2.509999990463257,2.549999952316284,2.380000114440918,2.509999990463257
2017-11-30,3301600,2.319999933242798,2.369999885559082,2.380000114440918,2.2899999618530273,2.369999885559082
2017-11-29,2873100,2.359999895095825,2.2899999618530273,2.4200000762939453,2.259999990463257,2.2899999618530273
2017-11-28,2787300,2.319999933242798,2.3499999046325684,2.359999895095825,2.2799999713897705,2.3499999046325684
2017-11-27,3325200,2.380000114440918,2.3299999237060547,2.440000057220459,2.309999942779541,2.3299999237060547
2017-11-24,1358300,2.380000114440918,2.390000104904175,2.440000057220459,2.369999885559082,2.390000104904175
2017-11-22,3952600,2.490000009536743,2.390000104904175,2.509999990463257,2.3499999046325684,2.390000104904175
2017-11-21,5670300,2.4100000858306885,2.4700000286102295,2.5199999809265137,2.4100000858306885,2.4700000286102295
2017-11-20,2480400,2.3499999046325684,2.380000114440918,2.4000000953674316,2.319999933242798,2.380000114440918
2017-11-17,2959300,2.309999942779541,2.319999933242798,2.359999895095825,2.2699999809265137,2.319999933242798
2017-11-16,4516600,2.2699999809265137,2.309999942779541,2.390000104904175,2.2699999809265137,2.309999942779541
2017-11-15,3759800,2.25,2.25,2.2799999713897705,2.1700000762939453,2.25
2017-11-14,9594400,2.4200000762939453,2.2799999713897705,2.440000057220459,2.1700000762939453,2.2799999713897705
2017-11-13,7565900,2.569999933242798,2.4200000762939453,2.5899999141693115,2.4000000953674316,2.4200000762939453
2017-11-10,4035400,2.5299999713897705,2.549999952316284,2.619999885559082,2.5199999809265137,2.549999952316284
2017-11-09,7956300,2.549999952316284,2.509999990463257,2.559999942779541,2.430000066757202,2.509999990463257
2017-11-08,15844300,2.799999952316284,2.5799999237060547,2.869999885559082,2.569999933242798,2.5799999237060547
2017-11-07,8403600,3.190000057220459,3.059999942779541,3.2100000381469727,2.9800000190734863,3.059999942779541
2017-11-06,8571200,2.880000114440918,3.1500000953674316,3.1500000953674316,2.880000114440918,3.1500000953674316
2017-11-03,4193100,2.9100000858306885,2.869999885559082,2.9100000858306885,2.8399999141693115,2.869999885559082
2017-11-02,5696500,2.8399999141693115,2.890000104904175,2.950000047683716,2.799999952316284,2.890000104904175
2017-11-01,3763100,2.9000000953674316,2.819999933242798,2.9000000953674316,2.759999990463257,2.819999933242798
2017-10-31,8156500,2.9000000953674316,2.8499999046325684,2.940000057220459,2.809999942779541,2.8499999046325684
2017-10-30,3033400,2.75,2.7300000190734863,2.7799999713897705,2.7100000381469727,2.7300000190734863
2017-10-27,4500000,2.75,2.75,2.799999952316284,2.7200000286102295,2.75
2017-10-26,3088500,2.6500000953674316,2.690000057220459,2.75,2.630000114440918,2.690000057220459
2017-10-25,3739700,2.7200000286102295,2.6700000762939453,2.7200000286102295,2.569999933242798,2.6700000762939453
2017-10-24,3209900,2.7300000190734863,2.7100000381469727,2.7699999809265137,2.680000066757202,2.7100000381469727
2017-10-23,4284800,2.7699999809265137,2.6600000858306885,2.7899999618530273,2.6500000953674316,2.6600000858306885
2017-10-20,4986900,2.549999952316284,2.700000047683716,2.7300000190734863,2.5299999713897705,2.700000047683716
2017-10-19,5000500,2.5299999713897705,2.5299999713897705,2.559999942779541,2.430000066757202,2.5299999713897705
2017-10-18,5718700,2.6600000858306885,2.549999952316284,2.690000057220459,2.5399999618530273,2.549999952316284
2017-10-17,4039400,2.740000009536743,2.6700000762939453,2.7899999618530273,2.6500000953674316,2.6700000762939453
2017-10-16,3310300,2.799999952316284,2.7699999809265137,2.869999885559082,2.75,2.7699999809265137
2017-10-13,4083200,2.890000104904175,2.799999952316284,2.9000000953674316,2.7799999713897705,2.799999952316284
2017-10-12,5473500,2.7799999713897705,2.869999885559082,2.9000000953674316,2.7100000381469727,2.869999885559082
2017-10-11,7703700,2.940000057220459,2.7899999618530273,2.950000047683716,2.75,2.7899999618530273
2017-10-10,6861700,2.9200000762939453,2.9100000858306885,2.930000066757202,2.75,2.9100000858306885
2017-10-09,8817000,3.0399999618530273,2.869999885559082,3.069999933242798,2.8499999046325684,2.869999885559082
2017-10-06,12695300,2.930000066757202,2.9700000286102295,3.059999942779541,2.890000104904175,2.9700000286102295
2017-10-05,5565400,2.7699999809265137,2.8499999046325684,2.9000000953674316,2.7300000190734863,2.8499999046325684
2017-10-04,8842200,2.809999942779541,2.7699999809265137,2.890000104904175,2.700000047683716,2.7699999809265137
2017-10-03,3855500,2.7899999618530273,2.7899999618530273,2.819999933242798,2.759999990463257,2.7899999618530273
2017-10-02,10568300,2.609999895095825,2.75,2.8499999046325684,2.5899999141693115,2.75
2017-09-29,3153600,2.619999885559082,2.609999895095825,2.6500000953674316,2.5899999141693115,2.609999895095825
2017-09-28,4146100,2.6700000762939453,2.619999885559082,2.680000066757202,2.549999952316284,2.619999885559082
2017-09-27,3908300,2.5999999046325684,2.6500000953674316,2.6600000858306885,2.5799999237060547,2.6500000953674316
2017-09-26,5137200,2.609999895095825,2.5999999046325684,2.640000104904175,2.509999990463257,2.5999999046325684
2017-09-25,8682400,2.5999999046325684,2.5999999046325684,2.7200000286102295,2.5399999618530273,2.5999999046325684
2017-09-22,5291200,2.509999990463257,2.569999933242798,2.630000114440918,2.490000009536743,2.569999933242798
2017-09-21,18384600,2.7799999713897705,2.4700000286102295,2.819999933242798,2.4200000762939453,2.4700000286102295
2017-09-20,20697700,2.4100000858306885,2.740000009536743,2.75,2.4100000858306885,2.740000009536743
2017-09-19,9290800,2.4700000286102295,2.4100000858306885,2.5399999618530273,2.380000114440918,2.4100000858306885
2017-09-18,11444000,2.25,2.4700000286102295,2.4700000286102295,2.25,2.4700000286102295
2017-09-15,6257400,2.2200000286102295,2.25,2.25,2.1700000762939453,2.25
2017-09-14,5310400,2.390000104904175,2.2300000190734863,2.4000000953674316,2.2100000381469727,2.2300000190734863
2017-09-13,11541900,2.180000066757202,2.3499999046325684,2.380000114440918,2.180000066757202,2.3499999046325684
2017-09-12,2020200,2.180000066757202,2.1700000762939453,2.190000057220459,2.1500000953674316,2.1700000762939453
2017-09-11,1919000,2.140000104904175,2.1700000762939453,2.1700000762939453,2.119999885559082,2.1700000762939453
2017-09-08,1602000,2.1500000953674316,2.130000114440918,2.180000066757202,2.130000114440918,2.130000114440918
2017-09-07,2885200,2.140000104904175,2.1700000762939453,2.190000057220459,2.109999895095825,2.1700000762939453
2017-09-06,1935000,2.0999999046325684,2.140000104904175,2.1600000858306885,2.0999999046325684,2.140000104904175
2017-09-05,2850000,2.180000066757202,2.109999895095825,2.180000066757202,2.0899999141693115,2.109999895095825
2017-09-01,2007200,2.140000104904175,2.190000057220459,2.200000047683716,2.140000104904175,2.190000057220459
2017-08-31,1837000,2.130000114440918,2.140000104904175,2.1600000858306885,2.130000114440918,2.140000104904175
2017-08-30,1670800,2.140000104904175,2.130000114440918,2.1600000858306885,2.119999885559082,2.130000114440918
2017-08-29,1891900,2.1500000953674316,2.1600000858306885,2.180000066757202,2.130000114440918,2.1600000858306885
2017-08-28,1822200,2.1600000858306885,2.1700000762939453,2.190000057220459,2.140000104904175,2.1700000762939453
2017-08-25,1667200,2.1700000762939453,2.1600000858306885,2.200000047683716,2.140000104904175,2.1600000858306885
2017-08-24,1533500,2.119999885559082,2.1700000762939453,2.180000066757202,2.0999999046325684,2.1700000762939453
2017-08-23,1390300,2.130000114440918,2.130000114440918,2.1700000762939453,2.119999885559082,2.130000114440918
2017-08-22,3570500,2.0999999046325684,2.1600000858306885,2.190000057220459,2.0899999141693115,2.1600000858306885
2017-08-21,2137100,2.119999885559082,2.109999895095825,2.119999885559082,2.049999952316284,2.109999895095825
2017-08-18,2800100,2.0199999809265137,2.119999885559082,2.119999885559082,2.009999990463257,2.119999885559082
2017-08-17,2263800,2.059999942779541,2.0399999618530273,2.0899999141693115,2.0199999809265137,2.0399999618530273
2017-08-16,2121300,2.140000104904175,2.0799999237060547,2.140000104904175,2.059999942779541,2.0799999237060547
2017-08-15,2039100,2.1500000953674316,2.0899999141693115,2.1600000858306885,2.069999933242798,2.0899999141693115
2017-08-14,3363800,2.069999933242798,2.130000114440918,2.1600000858306885,2.069999933242798,2.130000114440918
2017-08-11,4507300,2.0,2.059999942779541,2.069999933242798,1.9800000190734863,2.059999942779541
2017-08-10,6305100,2.119999885559082,2.0,2.140000104904175,2.0,2.0
2017-08-09,3036600,2.119999885559082,2.140000104904175,2.1700000762939453,2.0799999237060547,2.140000104904175
2017-08-08,10957100,2.200000047683716,2.1700000762939453,2.319999933242798,2.140000104904175,2.1700000762939453
2017-08-07,7078700,2.2699999809265137,2.380000114440918,2.4200000762939453,2.259999990463257,2.380000114440918
2017-08-04,1984500,2.25,2.25,2.2899999618530273,2.240000009536743,2.25
2017-08-03,3020400,2.240000009536743,2.25,2.2899999618530273,2.200000047683716,2.25
2017-08-02,3452300,2.299999952316284,2.240000009536743,2.309999942779541,2.2300000190734863,2.240000009536743
2017-08-01,3417700,2.2699999809265137,2.309999942779541,2.3399999141693115,2.240000009536743,2.309999942779541
2017-07-31,2887900,2.319999933242798,2.259999990463257,2.319999933242798,2.2300000190734863,2.259999990463257
2017-07-28,4483500,2.25,2.299999952316284,2.3499999046325684,2.2200000286102295,2.299999952316284
2017-07-27,5195300,2.3499999046325684,2.25,2.359999895095825,2.200000047683716,2.25
2017-07-26,3980400,2.3299999237060547,2.3299999237060547,2.390000104904175,2.309999942779541,2.3299999237060547
2017-07-25,5830600,2.4200000762939453,2.319999933242798,2.4200000762939453,2.299999952316284,2.319999933242798
2017-07-24,8763000,2.450000047683716,2.369999885559082,2.4700000286102295,2.309999942779541,2.369999885559082
2017-07-21,31866300,2.4700000286102295,2.440000057220459,2.5199999809265137,2.2699999809265137,2.440000057220459
2017-07-20,1703500,2.130000114440918,2.119999885559082,2.1500000953674316,2.0999999046325684,2.119999885559082
2017-07-19,2767200,2.059999942779541,2.130000114440918,2.1500000953674316,2.059999942779541,2.130000114440918
2017-07-18,1537000,2.059999942779541,2.069999933242798,2.0899999141693115,2.049999952316284,2.069999933242798
2017-07-17,1471800,2.059999942779541,2.0799999237060547,2.109999895095825,2.059999942779541,2.0799999237060547
2017-07-14,2096200,2.0799999237060547,2.0799999237060547,2.119999885559082,2.069999933242798,2.0799999237060547
2017-07-13,2713800,2.049999952316284,2.0899999141693115,2.119999885559082,2.0299999713897705,2.0899999141693115
2017-07-12,2166700,2.0299999713897705,2.059999942779541,2.0899999141693115,2.0299999713897705,2.059999942779541
2017-07-11,1726500,2.009999990463257,2.0299999713897705,2.069999933242798,2.009999990463257,2.0299999713897705
2017-07-10,1946800,2.0299999713897705,2.0299999713897705,2.0899999141693115,2.009999990463257,2.0299999713897705
2017-07-07,2605900,2.049999952316284,2.0299999713897705,2.0999999046325684,2.0199999809265137,2.0299999713897705
2017-07-06,4146900,2.009999990463257,2.069999933242798,2.130000114440918,2.0,2.069999933242798
2017-07-05,2713400,2.0299999713897705,2.009999990463257,2.049999952316284,2.0,2.009999990463257
2017-07-03,1282500,2.0299999713897705,2.049999952316284,2.069999933242798,2.0199999809265137,2.049999952316284
2017-06-30,2628800,2.0799999237060547,2.0399999618530273,2.0799999237060547,2.0199999809265137,2.0399999618530273
2017-06-29,7325500,2.1500000953674316,2.059999942779541,2.1700000762939453,2.0199999809265137,2.059999942779541
2017-06-28,4674900,2.1500000953674316,2.130000114440918,2.2100000381469727,2.119999885559082,2.130000114440918
2017-06-27,3922500,2.180000066757202,2.1500000953674316,2.2300000190734863,2.1500000953674316,2.1500000953674316
2017-06-26,4036500,2.25,2.180000066757202,2.2699999809265137,2.180000066757202,2.180000066757202
2017-06-23,7967800,2.200000047683716,2.25,2.25,2.180000066757202,2.25
2017-06-22,3856100,2.180000066757202,2.2100000381469727,2.2200000286102295,2.130000114440918,2.2100000381469727
2017-06-21,3392800,2.180000066757202,2.1500000953674316,2.25,2.119999885559082,2.1500000953674316
2017-06-20,3825600,2.25,2.190000057220459,2.2799999713897705,2.180000066757202,2.190000057220459
2017-06-19,12286100,2.2799999713897705,2.25,2.390000104904175,2.1700000762939453,2.25
2017-06-16,14419600,2.0399999618530273,2.2300000190734863,2.2799999713897705,2.0299999713897705,2.2300000190734863
2017-06-15,6216600,2.0799999237060547,2.049999952316284,2.1600000858306885,2.049999952316284,2.049999952316284
2017-06-14,5012000,2.109999895095825,2.0799999237060547,2.119999885559082,2.0399999618530273,2.0799999237060547
2017-06-13,5736800,2.1500000953674316,2.109999895095825,2.1600000858306885,2.0799999237060547,2.109999895095825
2017-06-12,7114000,2.009999990463257,2.140000104904175,2.1500000953674316,2.0,2.140000104904175
2017-06-09,8024400,2.1500000953674316,2.0399999618530273,2.1700000762939453,1.9700000286102295,2.0399999618530273
2017-06-08,9616400,2.0999999046325684,2.140000104904175,2.190000057220459,2.0299999713897705,2.140000104904175
2017-06-07,13965600,1.850000023841858,2.069999933242798,2.0999999046325684,1.8200000524520874,2.069999933242798
2017-06-06,5056100,1.840000033378601,1.8600000143051147,1.899999976158142,1.809999942779541,1.8600000143051147
2017-06-05,4617700,1.9299999475479126,1.850000023841858,1.940000057220459,1.840000033378601,1.850000023841858
2017-06-02,4754900,1.8600000143051147,1.9299999475479126,1.940000057220459,1.850000023841858,1.9299999475479126
2017-06-01,2808900,1.8600000143051147,1.8600000143051147,1.8799999952316284,1.8300000429153442,1.8600000143051147
2017-05-31,3402400,1.850000023841858,1.8600000143051147,1.8799999952316284,1.809999942779541,1.8600000143051147
2017-05-30,3617500,1.8799999952316284,1.850000023841858,1.899999976158142,1.8300000429153442,1.850000023841858
2017-05-26,5703900,1.8799999952316284,1.899999976158142,1.9299999475479126,1.8600000143051147,1.899999976158142
2017-05-25,5465900,1.8700000047683716,1.8799999952316284,1.940000057220459,1.8600000143051147,1.8799999952316284
2017-05-24,4039900,1.8700000047683716,1.8700000047683716,1.940000057220459,1.850000023841858,1.8700000047683716
2017-05-23,3511500,1.9299999475479126,1.909999966621399,1.9500000476837158,1.8700000047683716,1.909999966621399
2017-05-22,3758700,1.899999976158142,1.940000057220459,1.940000057220459,1.850000023841858,1.940000057220459
2017-05-19,4748100,1.9299999475479126,1.899999976158142,1.9700000286102295,1.8899999856948853,1.899999976158142
2017-05-18,7618800,1.75,1.940000057220459,1.9500000476837158,1.7300000190734863,1.940000057220459
2017-05-17,17266200,1.8799999952316284,1.7599999904632568,1.9600000381469727,1.7200000286102295,1.7599999904632568
2017-05-16,4303500,2.069999933242798,2.0399999618530273,2.069999933242798,2.0199999809265137,2.0399999618530273
2017-05-15,4800600,2.0799999237060547,2.069999933242798,2.0899999141693115,2.0399999618530273,2.069999933242798
2017-05-12,6238200,2.069999933242798,2.069999933242798,2.0999999046325684,2.0199999809265137,2.069999933242798
2017-05-11,8809300,2.1700000762939453,2.059999942779541,2.190000057220459,2.049999952316284,2.059999942779541
2017-05-10,7740700,2.059999942779541,2.1500000953674316,2.1700000762939453,2.049999952316284,2.1500000953674316
2017-05-09,14269400,2.009999990463257,2.0899999141693115,2.140000104904175,1.9800000190734863,2.0899999141693115
2017-05-08,11494000,2.2899999618530273,2.259999990463257,2.3299999237060547,2.2200000286102295,2.259999990463257
2017-05-05,11425400,2.140000104904175,2.2899999618530273,2.299999952316284,2.109999895095825,2.2899999618530273
2017-05-04,10122500,2.200000047683716,2.140000104904175,2.2300000190734863,2.0999999046325684,2.140000104904175
2017-05-03,10769300,2.259999990463257,2.2100000381469727,2.299999952316284,2.2100000381469727,2.2100000381469727
2017-05-02,10354000,2.299999952316284,2.2699999809265137,2.309999942779541,2.200000047683716,2.2699999809265137
2017-05-01,6536500,2.259999990463257,2.299999952316284,2.3499999046325684,2.2300000190734863,2.299999952316284
2017-04-28,11278100,2.3299999237060547,2.240000009536743,2.3399999141693115,2.2100000381469727,2.240000009536743
2017-04-27,7456900,2.3499999046325684,2.3299999237060547,2.380000114440918,2.259999990463257,2.3299999237060547
2017-04-26,12686900,2.3299999237060547,2.3399999141693115,2.430000066757202,2.259999990463257,2.3399999141693115
2017-04-25,15306700,2.190000057220459,2.309999942779541,2.380000114440918,2.190000057220459,2.309999942779541
2017-04-24,8613900,2.1500000953674316,2.1700000762939453,2.2200000286102295,2.069999933242798,2.1700000762939453
2017-04-21,9721900,2.2200000286102295,2.119999885559082,2.240000009536743,2.069999933242798,2.119999885559082
2017-04-20,8757500,2.2100000381469727,2.2200000286102295,2.2799999713897705,2.1600000858306885,2.2200000286102295
2017-04-19,6301900,2.259999990463257,2.2200000286102295,2.2899999618530273,2.200000047683716,2.2200000286102295
2017-04-18,7283800,2.259999990463257,2.25,2.2699999809265137,2.180000066757202,2.25
2017-04-17,12477000,2.2899999618530273,2.2899999618530273,2.309999942779541,2.130000114440918,2.2899999618530273
2017-04-13,13177500,2.2799999713897705,2.240000009536743,2.380000114440918,2.200000047683716,2.240000009536743
2017-04-12,23472700,2.630000114440918,2.319999933242798,2.640000104904175,2.299999952316284,2.319999933242798
2017-04-11,46783800,2.4200000762939453,2.640000104904175,2.700000047683716,2.380000114440918,2.640000104904175
2017-04-10,45650700,2.049999952316284,2.450000047683716,2.4800000190734863,1.9700000286102295,2.450000047683716
2017-04-07,13970200,2.0799999237060547,2.0299999713897705,2.1500000953674316,2.0,2.0299999713897705
2017-04-06,40948100,2.380000114440918,2.140000104904175,2.4000000953674316,2.0199999809265137,2.140000104904175
2017-04-05,137143200,2.380000114440918,2.25,2.4000000953674316,1.909999966621399,2.25
2017-04-04,2369000,1.2999999523162842,1.2999999523162842,1.3200000524520874,1.25,1.2999999523162842
2017-04-03,2948900,1.3700000047683716,1.3200000524520874,1.3700000047683716,1.309999942779541,1.3200000524520874
2017-03-31,4749400,1.4700000286102295,1.3799999952316284,1.4700000286102295,1.3300000429153442,1.3799999952316284
2017-03-30,2930700,1.4800000190734863,1.4600000381469727,1.5199999809265137,1.4500000476837158,1.4600000381469727
2017-03-29,5266200,1.5,1.4800000190734863,1.5199999809265137,1.3799999952316284,1.4800000190734863
2017-03-28,5899800,1.440000057220459,1.5,1.5,1.409999966621399,1.5
2017-03-27,5596700,1.3200000524520874,1.399999976158142,1.4299999475479126,1.309999942779541,1.399999976158142
2017-03-24,6103900,1.2699999809265137,1.3600000143051147,1.3799999952316284,1.2699999809265137,1.3600000143051147
2017-03-23,16509800,1.190000057220459,1.2799999713897705,1.3799999952316284,1.190000057220459,1.2799999713897705
2017-03-22,3284500,1.1799999475479126,1.2000000476837158,1.2100000381469727,1.159999966621399,1.2000000476837158
2017-03-21,4232100,1.2200000286102295,1.190000057220459,1.2200000286102295,1.1699999570846558,1.190000057220459
2017-03-20,4535900,1.2000000476837158,1.2200000286102295,1.2200000286102295,1.1799999475479126,1.2200000286102295
2017-03-17,8019400,1.1299999952316284,1.2000000476837158,1.2000000476837158,1.1100000143051147,1.2000000476837158
2017-03-16,6778400,1.0299999713897705,1.1200000047683716,1.1200000047683716,1.0299999713897705,1.1200000047683716
2017-03-15,4747700,1.0199999809265137,1.0299999713897705,1.0399999618530273,1.0,1.0299999713897705
2017-03-14,2660000,1.0,1.0299999713897705,1.0299999713897705,0.9599999785423279,1.0299999713897705
2017-03-13,1308800,1.0099999904632568,1.0,1.0099999904632568,0.9800000190734863,1.0
2017-03-10,2090400,0.949999988079071,1.0099999904632568,1.0099999904632568,0.949999988079071,1.0099999904632568
2017-03-09,4006200,1.0,0.949999988079071,1.0,0.9200000166893005,0.949999988079071
2017-03-08,4102200,1.059999942779541,1.059999942779541,1.0700000524520874,1.0399999618530273,1.059999942779541
2017-03-07,3455900,1.059999942779541,1.0700000524520874,1.0700000524520874,1.0399999618530273,1.0700000524520874
2017-03-06,2847000,1.059999942779541,1.0499999523162842,1.0700000524520874,1.0299999713897705,1.0499999523162842
2017-03-03,2112000,1.0499999523162842,1.0700000524520874,1.0800000429153442,1.0499999523162842,1.0700000524520874
2017-03-02,4941800,1.059999942779541,1.0700000524520874,1.0800000429153442,1.0499999523162842,1.0700000524520874
2017-03-01,7412600,1.090000033378601,1.0700000524520874,1.100000023841858,1.0499999523162842,1.0700000524520874
2017-02-28,7328400,1.0499999523162842,1.0800000429153442,1.090000033378601,1.0499999523162842,1.0800000429153442
2017-02-27,12965400,1.1200000047683716,1.100000023841858,1.1299999952316284,1.0499999523162842,1.100000023841858
2017-02-24,14348300,1.2000000476837158,1.1299999952316284,1.25,1.100000023841858,1.1299999952316284
2017-02-23,18246800,1.2000000476837158,1.2000000476837158,1.2599999904632568,1.1699999570846558,1.2000000476837158
2017-02-22,12626700,1.149999976158142,1.1699999570846558,1.2200000286102295,1.1399999856948853,1.1699999570846558
2017-02-21,16962100,1.1200000047683716,1.159999966621399,1.2000000476837158,1.100000023841858,1.159999966621399
2017-02-17,20562600,1.149999976158142,1.1100000143051147,1.149999976158142,1.0700000524520874,1.1100000143051147
2017-02-16,14991300,1.0800000429153442,1.1399999856948853,1.1699999570846558,1.059999942779541,1.1399999856948853
2017-02-15,14201800,1.100000023841858,1.0800000429153442,1.1299999952316284,1.0700000524520874,1.0800000429153442
2017-02-14,13269300,1.100000023841858,1.1100000143051147,1.1699999570846558,1.0299999713897705,1.1100000143051147
2017-02-13,24623800,1.2999999523162842,1.100000023841858,1.309999942779541,1.059999942779541,1.100000023841858
2017-02-10,24708600,0.8500000238418579,1.1799999475479126,1.2300000190734863,0.8399999737739563,1.1799999475479126
2017-02-09,3934500,0.8500000238418579,0.8500000238418579,0.8799999952316284,0.8299999833106995,0.8500000238418579
2017-02-08,3716500,0.9100000262260437,0.8799999952316284,0.9200000166893005,0.8600000143051147,0.8799999952316284
2017-02-07,2213000,0.9300000071525574,0.8999999761581421,0.9300000071525574,0.8999999761581421,0.8999999761581421
2017-02-06,2331100,0.9399999976158142,0.9300000071525574,0.949999988079071,0.9300000071525574,0.9300000071525574
2017-02-03,2321900,0.949999988079071,0.9399999976158142,0.949999988079071,0.9300000071525574,0.9399999976158142
2017-02-02,5960000,1.0099999904632568,0.9200000166893005,1.0199999809265137,0.9100000262260437,0.9200000166893005
2017-02-01,11647300,1.059999942779541,1.0199999809265137,1.0700000524520874,1.0,1.0199999809265137
2017-01-31,8780300,1.059999942779541,1.059999942779541,1.090000033378601,1.0199999809265137,1.059999942779541
2017-01-30,5323900,1.1100000143051147,1.059999942779541,1.1299999952316284,1.0299999713897705,1.059999942779541
2017-01-27,2417200,1.1299999952316284,1.1200000047683716,1.1399999856948853,1.1100000143051147,1.1200000047683716
2017-01-26,3225500,1.1299999952316284,1.1299999952316284,1.149999976158142,1.1200000047683716,1.1299999952316284
2017-01-25,4805500,1.159999966621399,1.1299999952316284,1.190000057220459,1.1100000143051147,1.1299999952316284
2017-01-24,7151600,1.159999966621399,1.159999966621399,1.2000000476837158,1.1399999856948853,1.159999966621399
2017-01-23,3360900,1.1799999475479126,1.1399999856948853,1.190000057220459,1.100000023841858,1.1399999856948853
2017-01-20,1242200,1.190000057220459,1.1799999475479126,1.2000000476837158,1.1799999475479126,1.1799999475479126
2017-01-19,3567100,1.2200000286102295,1.1799999475479126,1.2400000095367432,1.1799999475479126,1.1799999475479126
2017-01-18,2268800,1.2300000190734863,1.2300000190734863,1.2599999904632568,1.2200000286102295,1.2300000190734863
2017-01-17,2503500,1.2400000095367432,1.25,1.25,1.2200000286102295,1.25
2017-01-13,997000,1.2200000286102295,1.25,1.25,1.2200000286102295,1.25
2017-01-12,2321900,1.2599999904632568,1.2300000190734863,1.2599999904632568,1.2200000286102295,1.2300000190734863
2017-01-11,2079400,1.2400000095367432,1.2599999904632568,1.2799999713897705,1.2300000190734863,1.2599999904632568
2017-01-10,2251800,1.25,1.2400000095367432,1.2599999904632568,1.2200000286102295,1.2400000095367432
2017-01-09,1378700,1.2599999904632568,1.25,1.2699999809265137,1.2200000286102295,1.25
2017-01-06,1861100,1.2799999713897705,1.25,1.2899999618530273,1.25,1.25
2017-01-05,3506400,1.2999999523162842,1.2599999904632568,1.3200000524520874,1.2599999904632568,1.2599999904632568
2017-01-04,2930500,1.2100000381469727,1.2999999523162842,1.2999999523162842,1.2000000476837158,1.2999999523162842
2017-01-03,2075600,1.2000000476837158,1.2100000381469727,1.2300000190734863,1.190000057220459,1.2100000381469727
2016-12-30,4381700,1.25,1.2000000476837158,1.2599999904632568,1.1799999475479126,1.2000000476837158
2016-12-29,5526400,1.2699999809265137,1.2200000286102295,1.2799999713897705,1.2000000476837158,1.2200000286102295
2016-12-28,2176100,1.2799999713897705,1.2799999713897705,1.2999999523162842,1.2599999904632568,1.2799999713897705
2016-12-27,1756100,1.2699999809265137,1.2999999523162842,1.2999999523162842,1.2599999904632568,1.2999999523162842
2016-12-23,1456100,1.3799999952316284,1.2699999809265137,1.3799999952316284,1.2400000095367432,1.2699999809265137
2016-12-22,2432000,1.2999999523162842,1.2599999904632568,1.3200000524520874,1.2599999904632568,1.2599999904632568
2016-12-21,4691700,1.309999942779541,1.309999942779541,1.3600000143051147,1.2999999523162842,1.309999942779541
2016-12-20,3263000,1.3899999856948853,1.3300000429153442,1.3899999856948853,1.309999942779541,1.3300000429153442
2016-12-19,4691300,1.2799999713897705,1.3600000143051147,1.3899999856948853,1.2599999904632568,1.3600000143051147
2016-12-16,3468500,1.3799999952316284,1.3200000524520874,1.3899999856948853,1.3200000524520874,1.3200000524520874
2016-12-15,3702400,1.350000023841858,1.3799999952316284,1.3899999856948853,1.309999942779541,1.3799999952316284
2016-12-14,4148700,1.4299999475479126,1.3700000047683716,1.4299999475479126,1.2899999618530273,1.3700000047683716
2016-12-13,3913700,1.3700000047683716,1.340000033378601,1.4299999475479126,1.3200000524520874,1.340000033378601
2016-12-12,3890200,1.4299999475479126,1.3700000047683716,1.4500000476837158,1.3600000143051147,1.3700000047683716
2016-12-09,4703000,1.5099999904632568,1.4299999475479126,1.5499999523162842,1.4199999570846558,1.4299999475479126
2016-12-08,3980100,1.5499999523162842,1.5299999713897705,1.590000033378601,1.5299999713897705,1.5299999713897705
2016-12-07,6974500,1.5299999713897705,1.559999942779541,1.600000023841858,1.5,1.559999942779541
2016-12-06,5052200,1.5399999618530273,1.5299999713897705,1.5700000524520874,1.5099999904632568,1.5299999713897705
2016-12-05,4856300,1.4299999475479126,1.4700000286102295,1.5099999904632568,1.409999966621399,1.4700000286102295
2016-12-02,5641500,1.4299999475479126,1.4299999475479126,1.4500000476837158,1.3799999952316284,1.4299999475479126
2016-12-01,6473500,1.3700000047683716,1.4199999570846558,1.4500000476837158,1.3300000429153442,1.4199999570846558
2016-11-30,2173200,1.399999976158142,1.3700000047683716,1.4199999570846558,1.3600000143051147,1.3700000047683716
2016-11-29,3842100,1.3899999856948853,1.3799999952316284,1.399999976158142,1.3600000143051147,1.3799999952316284
2016-11-28,1726900,1.4500000476837158,1.399999976158142,1.4500000476837158,1.399999976158142,1.399999976158142
2016-11-25,1462200,1.3899999856948853,1.440000057220459,1.4700000286102295,1.3799999952316284,1.440000057220459
2016-11-23,3588800,1.399999976158142,1.399999976158142,1.4299999475479126,1.3700000047683716,1.399999976158142
2016-11-22,8058400,1.4500000476837158,1.409999966621399,1.4500000476837158,1.3200000524520874,1.409999966621399
2016-11-21,2423500,1.4700000286102295,1.4600000381469727,1.5299999713897705,1.4199999570846558,1.4600000381469727
2016-11-18,4769800,1.5199999809265137,1.4800000190734863,1.5399999618530273,1.4700000286102295,1.4800000190734863
2016-11-17,8362300,1.559999942779541,1.5099999904632568,1.5800000429153442,1.5099999904632568,1.5099999904632568
2016-11-16,3073300,1.440000057220459,1.4800000190734863,1.5099999904632568,1.4199999570846558,1.4800000190734863
2016-11-15,3544400,1.5299999713897705,1.4500000476837158,1.5499999523162842,1.3700000047683716,1.4500000476837158
2016-11-14,4520700,1.4800000190734863,1.5099999904632568,1.5499999523162842,1.4700000286102295,1.5099999904632568
2016-11-11,4264700,1.3899999856948853,1.4700000286102295,1.4700000286102295,1.350000023841858,1.4700000286102295
2016-11-10,4730900,1.25,1.350000023841858,1.3799999952316284,1.2400000095367432,1.350000023841858
2016-11-09,5189500,1.2000000476837158,1.25,1.2699999809265137,1.1799999475479126,1.25
2016-11-08,3077400,1.25,1.2599999904632568,1.2699999809265137,1.2300000190734863,1.2599999904632568
2016-11-07,6431300,1.3600000143051147,1.2599999904632568,1.3700000047683716,1.2100000381469727,1.2599999904632568
2016-11-04,1870200,1.4500000476837158,1.4199999570846558,1.4900000095367432,1.4199999570846558,1.4199999570846558
2016-11-03,1056100,1.4900000095367432,1.4800000190734863,1.5099999904632568,1.4600000381469727,1.4800000190734863
2016-11-02,918200,1.5099999904632568,1.4800000190734863,1.5199999809265137,1.4800000190734863,1.4800000190734863
2016-11-01,1069700,1.5099999904632568,1.5299999713897705,1.5399999618530273,1.5,1.5299999713897705
2016-10-31,871100,1.590000033378601,1.5299999713897705,1.590000033378601,1.5299999713897705,1.5299999713897705
2016-10-28,657200,1.5499999523162842,1.5800000429153442,1.590000033378601,1.5499999523162842,1.5800000429153442
2016-10-27,813500,1.5800000429153442,1.559999942779541,1.600000023841858,1.5499999523162842,1.559999942779541
2016-10-26,1013600,1.5700000524520874,1.5800000429153442,1.6299999952316284,1.559999942779541,1.5800000429153442
2016-10-25,1268100,1.6100000143051147,1.5700000524520874,1.6399999856948853,1.5700000524520874,1.5700000524520874
2016-10-24,1275400,1.6799999475479126,1.6200000047683716,1.690000057220459,1.6100000143051147,1.6200000047683716
2016-10-21,1211000,1.5399999618530273,1.6200000047683716,1.6299999952316284,1.5399999618530273,1.6200000047683716
2016-10-20,735800,1.559999942779541,1.5499999523162842,1.5700000524520874,1.5299999713897705,1.5499999523162842
2016-10-19,746700,1.5299999713897705,1.559999942779541,1.5800000429153442,1.5199999809265137,1.559999942779541
2016-10-18,926100,1.5199999809265137,1.5399999618530273,1.5800000429153442,1.4900000095367432,1.5399999618530273
2016-10-17,1312400,1.5499999523162842,1.5199999809265137,1.559999942779541,1.4900000095367432,1.5199999809265137
2016-10-14,1534200,1.6200000047683716,1.559999942779541,1.6399999856948853,1.5499999523162842,1.559999942779541
2016-10-13,868100,1.649999976158142,1.6399999856948853,1.659999966621399,1.6100000143051147,1.6399999856948853
2016-10-12,761200,1.659999966621399,1.649999976158142,1.690000057220459,1.649999976158142,1.649999976158142
2016-10-11,1104800,1.7000000476837158,1.649999976158142,1.7100000381469727,1.6399999856948853,1.649999976158142
2016-10-10,690500,1.690000057220459,1.690000057220459,1.690000057220459,1.649999976158142,1.690000057220459
2016-10-07,973000,1.7100000381469727,1.6699999570846558,1.7200000286102295,1.649999976158142,1.6699999570846558
2016-10-06,615200,1.7400000095367432,1.7200000286102295,1.7400000095367432,1.7000000476837158,1.7200000286102295
2016-10-05,1859300,1.7300000190734863,1.7400000095367432,1.75,1.690000057220459,1.7400000095367432
2016-10-04,1328100,1.7300000190734863,1.7400000095367432,1.75,1.690000057220459,1.7400000095367432
2016-10-03,2147000,1.7000000476837158,1.7400000095367432,1.7599999904632568,1.6799999475479126,1.7400000095367432
2016-09-30,1450700,1.7000000476837158,1.7100000381469727,1.7200000286102295,1.6699999570846558,1.7100000381469727
2016-09-29,2943200,1.7100000381469727,1.690000057220459,1.75,1.659999966621399,1.690000057220459
2016-09-28,2098900,1.659999966621399,1.7000000476837158,1.7100000381469727,1.649999976158142,1.7000000476837158
2016-09-27,1555600,1.649999976158142,1.659999966621399,1.6799999475479126,1.6399999856948853,1.659999966621399
2016-09-26,1364500,1.6200000047683716,1.6399999856948853,1.6699999570846558,1.6100000143051147,1.6399999856948853
2016-09-23,1641100,1.649999976158142,1.6299999952316284,1.659999966621399,1.5800000429153442,1.6299999952316284
2016-09-22,2664000,1.7000000476837158,1.649999976158142,1.7000000476837158,1.6399999856948853,1.649999976158142
2016-09-21,3212900,1.7000000476837158,1.6799999475479126,1.7100000381469727,1.600000023841858,1.6799999475479126
2016-09-20,3748200,1.5800000429153442,1.690000057220459,1.690000057220459,1.5,1.690000057220459
2016-09-19,1491700,1.4500000476837158,1.5,1.5,1.4299999475479126,1.5
2016-09-16,3267900,1.4500000476837158,1.440000057220459,1.4700000286102295,1.399999976158142,1.440000057220459
2016-09-15,2068900,1.3899999856948853,1.440000057220459,1.440000057220459,1.3700000047683716,1.440000057220459
2016-09-14,2559100,1.399999976158142,1.3700000047683716,1.4199999570846558,1.3600000143051147,1.3700000047683716
2016-09-13,2722100,1.4199999570846558,1.3600000143051147,1.4299999475479126,1.3600000143051147,1.3600000143051147
2016-09-12,2054100,1.3700000047683716,1.4199999570846558,1.4199999570846558,1.340000033378601,1.4199999570846558
2016-09-09,2792500,1.4600000381469727,1.3700000047683716,1.4700000286102295,1.3600000143051147,1.3700000047683716
2016-09-08,2314600,1.440000057220459,1.4500000476837158,1.4700000286102295,1.3700000047683716,1.4500000476837158
2016-09-07,2855300,1.5099999904632568,1.4199999570846558,1.5299999713897705,1.399999976158142,1.4199999570846558
2016-09-06,1141300,1.5099999904632568,1.5099999904632568,1.5299999713897705,1.5,1.5099999904632568
2016-09-02,1645100,1.5399999618530273,1.5099999904632568,1.559999942779541,1.5,1.5099999904632568
2016-09-01,2476300,1.5499999523162842,1.5399999618530273,1.5800000429153442,1.5,1.5399999618530273
2016-08-31,2572900,1.5700000524520874,1.5499999523162842,1.600000023841858,1.5099999904632568,1.5499999523162842
2016-08-30,2051400,1.6799999475479126,1.559999942779541,1.6799999475479126,1.5499999523162842,1.559999942779541
2016-08-29,2039300,1.75,1.659999966621399,1.75,1.6399999856948853,1.659999966621399
2016-08-26,916100,1.659999966621399,1.6699999570846558,1.6799999475479126,1.6399999856948853,1.6699999570846558
2016-08-25,1440900,1.659999966621399,1.649999976158142,1.690000057220459,1.649999976158142,1.649999976158142
2016-08-24,2590000,1.7000000476837158,1.659999966621399,1.7100000381469727,1.649999976158142,1.659999966621399
2016-08-23,1127900,1.690000057220459,1.690000057220459,1.7100000381469727,1.6799999475479126,1.690000057220459
2016-08-22,1550500,1.6699999570846558,1.6799999475479126,1.7000000476837158,1.649999976158142,1.6799999475479126
2016-08-19,765500,1.7000000476837158,1.6699999570846558,1.7100000381469727,1.6699999570846558,1.6699999570846558
2016-08-18,1168300,1.7000000476837158,1.7000000476837158,1.7400000095367432,1.690000057220459,1.7000000476837158
2016-08-17,1888900,1.649999976158142,1.6699999570846558,1.7000000476837158,1.649999976158142,1.6699999570846558
2016-08-16,1927200,1.7000000476837158,1.649999976158142,1.7000000476837158,1.649999976158142,1.649999976158142
2016-08-15,1201900,1.6799999475479126,1.690000057220459,1.7000000476837158,1.6799999475479126,1.690000057220459
2016-08-12,719800,1.690000057220459,1.690000057220459,1.7100000381469727,1.6799999475479126,1.690000057220459
2016-08-11,1007300,1.7000000476837158,1.690000057220459,1.7200000286102295,1.6799999475479126,1.690000057220459
2016-08-10,681400,1.7200000286102295,1.7000000476837158,1.7300000190734863,1.7000000476837158,1.7000000476837158
2016-08-09,588000,1.7400000095367432,1.7200000286102295,1.7599999904632568,1.7200000286102295,1.7200000286102295
2016-08-08,788300,1.7300000190734863,1.7400000095367432,1.7400000095367432,1.7200000286102295,1.7400000095367432
2016-08-05,1436600,1.7000000476837158,1.7100000381469727,1.75,1.7000000476837158,1.7100000381469727
2016-08-04,2525300,1.7999999523162842,1.7000000476837158,1.7999999523162842,1.7000000476837158,1.7000000476837158
2016-08-03,1507800,1.7200000286102295,1.7200000286102295,1.7599999904632568,1.7100000381469727,1.7200000286102295
2016-08-02,1416100,1.7599999904632568,1.7200000286102295,1.7999999523162842,1.7000000476837158,1.7200000286102295
2016-08-01,2223900,1.7999999523162842,1.7599999904632568,1.850000023841858,1.7599999904632568,1.7599999904632568
2016-07-29,1798700,1.7899999618530273,1.7899999618530273,1.809999942779541,1.75,1.7899999618530273
2016-07-28,1303900,1.7899999618530273,1.7599999904632568,1.809999942779541,1.75,1.7599999904632568
2016-07-27,1248000,1.8200000524520874,1.7899999618530273,1.840000033378601,1.7899999618530273,1.7899999618530273
2016-07-26,1585600,1.840000033378601,1.8200000524520874,1.8700000047683716,1.7799999713897705,1.8200000524520874
2016-07-25,2240600,1.7899999618530273,1.8200000524520874,1.850000023841858,1.7699999809265137,1.8200000524520874
2016-07-22,835700,1.7799999713897705,1.7899999618530273,1.7999999523162842,1.75,1.7899999618530273
2016-07-21,1023500,1.7999999523162842,1.7799999713897705,1.850000023841858,1.7699999809265137,1.7799999713897705
2016-07-20,2407400,1.8200000524520874,1.7899999618530273,1.840000033378601,1.7599999904632568,1.7899999618530273
2016-07-19,5193400,1.9199999570846558,1.7999999523162842,1.9500000476837158,1.7999999523162842,1.7999999523162842
2016-07-18,3243300,1.7400000095367432,1.7699999809265137,1.7799999713897705,1.7000000476837158,1.7699999809265137
2016-07-15,2463100,1.7300000190734863,1.6799999475479126,1.7400000095367432,1.659999966621399,1.6799999475479126
2016-07-14,778400,1.75,1.7300000190734863,1.7699999809265137,1.7300000190734863,1.7300000190734863
2016-07-13,1205100,1.7599999904632568,1.7400000095367432,1.7699999809265137,1.7300000190734863,1.7400000095367432
2016-07-12,1396800,1.7599999904632568,1.7599999904632568,1.7699999809265137,1.7300000190734863,1.7599999904632568
2016-07-11,1272500,1.7100000381469727,1.7300000190734863,1.7599999904632568,1.7100000381469727,1.7300000190734863
2016-07-08,2483400,1.7000000476837158,1.7300000190734863,1.7599999904632568,1.7000000476837158,1.7300000190734863
2016-07-07,1339100,1.7000000476837158,1.690000057220459,1.75,1.6699999570846558,1.690000057220459
2016-07-06,2233700,1.7100000381469727,1.7000000476837158,1.75,1.7000000476837158,1.7000000476837158
2016-07-05,1135000,1.850000023841858,1.7599999904632568,1.850000023841858,1.7400000095367432,1.7599999904632568
2016-07-01,1184500,1.8600000143051147,1.8600000143051147,1.899999976158142,1.8300000429153442,1.8600000143051147
2016-06-30,1583500,1.8200000524520874,1.8600000143051147,1.8700000047683716,1.7899999618530273,1.8600000143051147
2016-06-29,1570900,1.7599999904632568,1.8200000524520874,1.840000033378601,1.75,1.8200000524520874
2016-06-28,2060400,1.690000057220459,1.7599999904632568,1.7799999713897705,1.690000057220459,1.7599999904632568
2016-06-27,2611400,1.6799999475479126,1.6399999856948853,1.7000000476837158,1.600000023841858,1.6399999856948853
2016-06-24,3282500,1.7100000381469727,1.7100000381469727,1.7300000190734863,1.659999966621399,1.7100000381469727
2016-06-23,1684100,1.7599999904632568,1.75,1.7999999523162842,1.7300000190734863,1.75
2016-06-22,2333100,1.7599999904632568,1.7300000190734863,1.7799999713897705,1.7300000190734863,1.7300000190734863
2016-06-21,2083400,1.7799999713897705,1.7699999809265137,1.8200000524520874,1.75,1.7699999809265137
2016-06-20,1334600,1.75,1.7999999523162842,1.809999942779541,1.75,1.7999999523162842
2016-06-17,1047800,1.7400000095367432,1.75,1.7699999809265137,1.7300000190734863,1.75
2016-06-16,784400,1.7300000190734863,1.75,1.7699999809265137,1.7300000190734863,1.75
2016-06-15,775800,1.7200000286102295,1.75,1.809999942779541,1.7200000286102295,1.75
2016-06-14,1550900,1.75,1.7300000190734863,1.7799999713897705,1.7200000286102295,1.7300000190734863
2016-06-13,1068000,1.7999999523162842,1.7599999904632568,1.8200000524520874,1.75,1.7599999904632568
2016-06-10,749000,1.850000023841858,1.7999999523162842,1.850000023841858,1.7999999523162842,1.7999999523162842
2016-06-09,950600,1.899999976158142,1.850000023841858,1.899999976158142,1.850000023841858,1.850000023841858
2016-06-08,980700,1.909999966621399,1.9199999570846558,1.9500000476837158,1.8899999856948853,1.9199999570846558
2016-06-07,3697500,1.9500000476837158,1.9199999570846558,2.0399999618530273,1.899999976158142,1.9199999570846558
2016-06-06,1206700,1.909999966621399,1.9500000476837158,1.9500000476837158,1.909999966621399,1.9500000476837158
2016-06-03,770000,1.840000033378601,1.909999966621399,1.909999966621399,1.840000033378601,1.909999966621399
2016-06-02,862900,1.8300000429153442,1.850000023841858,1.8899999856948853,1.8300000429153442,1.850000023841858
2016-06-01,1669400,1.909999966621399,1.8700000047683716,1.9199999570846558,1.8200000524520874,1.8700000047683716
2016-05-31,1793700,1.809999942779541,1.9199999570846558,1.9500000476837158,1.7899999618530273,1.9199999570846558
2016-05-27,640800,1.7999999523162842,1.8200000524520874,1.840000033378601,1.7699999809265137,1.8200000524520874
2016-05-26,810300,1.7799999713897705,1.7899999618530273,1.8200000524520874,1.7799999713897705,1.7899999618530273
2016-05-25,757500,1.75,1.7799999713897705,1.7799999713897705,1.7300000190734863,1.7799999713897705
2016-05-24,1315200,1.7699999809265137,1.75,1.8200000524520874,1.7200000286102295,1.75
2016-05-23,1240800,1.6799999475479126,1.7599999904632568,1.7799999713897705,1.6799999475479126,1.7599999904632568
2016-05-20,2326600,1.7100000381469727,1.6799999475479126,1.7400000095367432,1.649999976158142,1.6799999475479126
2016-05-19,1017500,1.75,1.7100000381469727,1.7699999809265137,1.7100000381469727,1.7100000381469727
2016-05-18,947800,1.7799999713897705,1.7599999904632568,1.809999942779541,1.75,1.7599999904632568
2016-05-17,1092000,1.7999999523162842,1.7899999618530273,1.840000033378601,1.7599999904632568,1.7899999618530273
2016-05-16,1181500,1.7899999618530273,1.809999942779541,1.840000033378601,1.7799999713897705,1.809999942779541
2016-05-13,985800,1.8200000524520874,1.7899999618530273,1.850000023841858,1.7699999809265137,1.7899999618530273
2016-05-12,1182400,1.840000033378601,1.7999999523162842,1.850000023841858,1.7699999809265137,1.7999999523162842
2016-05-11,874200,1.809999942779541,1.850000023841858,1.8700000047683716,1.809999942779541,1.850000023841858
2016-05-10,3139200,1.8799999952316284,1.8600000143051147,1.899999976158142,1.7400000095367432,1.8600000143051147
2016-05-09,1473400,1.899999976158142,1.9299999475479126,1.9600000381469727,1.899999976158142,1.9299999475479126
2016-05-06,1610700,1.9800000190734863,1.9199999570846558,1.9900000095367432,1.899999976158142,1.9199999570846558
2016-05-05,1346900,2.0199999809265137,1.9299999475479126,2.0199999809265137,1.9199999570846558,1.9299999475479126
2016-05-04,1748000,2.009999990463257,2.009999990463257,2.0299999713897705,1.940000057220459,2.009999990463257
2016-05-03,1554400,2.0399999618530273,2.009999990463257,2.0399999618530273,1.9900000095367432,2.009999990463257
2016-05-02,896900,2.0399999618530273,2.049999952316284,2.0799999237060547,2.009999990463257,2.049999952316284
2016-04-29,1599100,2.049999952316284,2.059999942779541,2.0899999141693115,2.009999990463257,2.059999942779541
2016-04-28,1847800,2.109999895095825,2.049999952316284,2.119999885559082,2.0399999618530273,2.049999952316284
2016-04-27,1226300,2.130000114440918,2.130000114440918,2.1600000858306885,2.0799999237060547,2.130000114440918
2016-04-26,1120500,2.1500000953674316,2.140000104904175,2.2200000286102295,2.109999895095825,2.140000104904175
2016-04-25,2582700,2.240000009536743,2.1500000953674316,2.2799999713897705,2.130000114440918,2.1500000953674316
2016-04-22,2383400,2.1500000953674316,2.2200000286102295,2.25,2.1500000953674316,2.2200000286102295
2016-04-21,1195300,2.130000114440918,2.1500000953674316,2.1700000762939453,2.119999885559082,2.1500000953674316
2016-04-20,1386600,2.109999895095825,2.130000114440918,2.1700000762939453,2.0799999237060547,2.130000114440918
2016-04-19,850100,2.109999895095825,2.0999999046325684,2.140000104904175,2.0799999237060547,2.0999999046325684
2016-04-18,1342700,2.0999999046325684,2.119999885559082,2.1600000858306885,2.069999933242798,2.119999885559082
2016-04-15,2037900,2.130000114440918,2.109999895095825,2.190000057220459,2.0899999141693115,2.109999895095825
2016-04-14,2081100,2.0799999237060547,2.119999885559082,2.140000104904175,2.059999942779541,2.119999885559082
2016-04-13,1841400,2.0399999618530273,2.049999952316284,2.0899999141693115,2.0199999809265137,2.049999952316284
2016-04-12,1657000,2.0,2.049999952316284,2.0799999237060547,1.9900000095367432,2.049999952316284
2016-04-11,629900,2.0,2.009999990463257,2.0399999618530273,1.9900000095367432,2.009999990463257
2016-04-08,1295000,2.0199999809265137,2.0,2.049999952316284,1.9800000190734863,2.0
2016-04-07,946700,2.009999990463257,2.009999990463257,2.059999942779541,1.9900000095367432,2.009999990463257
2016-04-06,1012100,2.0,2.0299999713897705,2.049999952316284,1.9900000095367432,2.0299999713897705
2016-04-05,1140800,2.0,2.0,2.0399999618530273,1.9800000190734863,2.0
2016-04-04,700400,2.0199999809265137,2.0299999713897705,2.069999933242798,2.0,2.0299999713897705
2016-04-01,788900,2.049999952316284,2.0399999618530273,2.059999942779541,2.0,2.0399999618530273
2016-03-31,935800,2.0799999237060547,2.049999952316284,2.0999999046325684,2.0299999713897705,2.049999952316284
2016-03-30,1795400,2.0799999237060547,2.069999933242798,2.109999895095825,2.0299999713897705,2.069999933242798
2016-03-29,5313800,2.0,2.0799999237060547,2.140000104904175,1.9600000381469727,2.0799999237060547
2016-03-28,969300,2.0199999809265137,2.009999990463257,2.0299999713897705,1.9500000476837158,2.009999990463257
2016-03-24,1515500,1.940000057220459,2.0199999809265137,2.0299999713897705,1.9199999570846558,2.0199999809265137
2016-03-23,3198400,2.059999942779541,1.9500000476837158,2.0799999237060547,1.940000057220459,1.9500000476837158
2016-03-22,1087900,2.069999933242798,2.0799999237060547,2.109999895095825,2.0399999618530273,2.0799999237060547
2016-03-21,1081900,2.049999952316284,2.069999933242798,2.109999895095825,2.049999952316284,2.069999933242798
2016-03-18,1752300,2.0899999141693115,2.0799999237060547,2.0899999141693115,2.0399999618530273,2.0799999237060547
2016-03-17,2322200,2.009999990463257,2.0399999618530273,2.0899999141693115,2.009999990463257,2.0399999618530273
2016-03-16,1543600,1.940000057220459,2.009999990463257,2.0199999809265137,1.9299999475479126,2.009999990463257
2016-03-15,1522100,1.9900000095367432,1.9299999475479126,2.0,1.9199999570846558,1.9299999475479126
2016-03-14,1631800,2.0299999713897705,2.0,2.0299999713897705,1.9600000381469727,2.0
2016-03-11,2399200,2.0999999046325684,2.0399999618530273,2.109999895095825,2.0,2.0399999618530273
2016-03-10,7381200,2.0899999141693115,2.0399999618530273,2.200000047683716,2.009999990463257,2.0399999618530273
2016-03-09,2131100,1.9800000190734863,1.899999976158142,1.9900000095367432,1.899999976158142,1.899999976158142
2016-03-08,1720000,1.9500000476837158,1.9500000476837158,2.0199999809265137,1.909999966621399,1.9500000476837158
2016-03-07,4740200,2.0199999809265137,1.9800000190734863,2.059999942779541,1.899999976158142,1.9800000190734863
2016-03-04,2855600,2.25,2.109999895095825,2.25,2.0799999237060547,2.109999895095825
2016-03-03,2494000,2.130000114440918,2.2200000286102295,2.2300000190734863,2.119999885559082,2.2200000286102295
2016-03-02,1298800,2.069999933242798,2.130000114440918,2.130000114440918,2.049999952316284,2.130000114440918
2016-03-01,1167000,2.0999999046325684,2.069999933242798,2.140000104904175,2.049999952316284,2.069999933242798
2016-02-29,1820900,2.049999952316284,2.0799999237060547,2.130000114440918,2.0299999713897705,2.0799999237060547
2016-02-26,3145000,1.9199999570846558,2.0199999809265137,2.069999933242798,1.9199999570846558,2.0199999809265137
2016-02-25,1680000,1.8600000143051147,1.9199999570846558,1.940000057220459,1.8300000429153442,1.9199999570846558
2016-02-24,1404100,1.8300000429153442,1.8600000143051147,1.8600000143051147,1.7599999904632568,1.8600000143051147
2016-02-23,794500,1.7899999618530273,1.8200000524520874,1.8700000047683716,1.7899999618530273,1.8200000524520874
2016-02-22,1977500,1.7999999523162842,1.840000033378601,1.8799999952316284,1.7699999809265137,1.840000033378601
2016-02-19,853500,1.7999999523162842,1.75,1.809999942779541,1.7300000190734863,1.75
2016-02-18,1157600,1.850000023841858,1.7899999618530273,1.8700000047683716,1.7699999809265137,1.7899999618530273
2016-02-17,3766100,1.75,1.8300000429153442,1.8899999856948853,1.75,1.8300000429153442
2016-02-16,1281000,1.7000000476837158,1.7400000095367432,1.75,1.7000000476837158,1.7400000095367432
2016-02-12,1567900,1.6399999856948853,1.6699999570846558,1.690000057220459,1.600000023841858,1.6699999570846558
2016-02-11,1097400,1.5700000524520874,1.6100000143051147,1.6200000047683716,1.5499999523162842,1.6100000143051147
2016-02-10,1093000,1.559999942779541,1.6200000047683716,1.6699999570846558,1.5499999523162842,1.6200000047683716
2016-02-09,1594800,1.5800000429153442,1.559999942779541,1.6299999952316284,1.5499999523162842,1.559999942779541
2016-02-08,1123300,1.649999976158142,1.6100000143051147,1.6799999475479126,1.600000023841858,1.6100000143051147
2016-02-05,781700,1.7000000476837158,1.6799999475479126,1.7400000095367432,1.6699999570846558,1.6799999475479126
2016-02-04,1102100,1.7000000476837158,1.7200000286102295,1.75,1.659999966621399,1.7200000286102295
2016-02-03,1274700,1.7000000476837158,1.6799999475479126,1.7100000381469727,1.600000023841858,1.6799999475479126
2016-02-02,1649300,1.7300000190734863,1.6699999570846558,1.7400000095367432,1.659999966621399,1.6699999570846558
2016-02-01,1474500,1.899999976158142,1.7899999618530273,1.899999976158142,1.7599999904632568,1.7899999618530273
2016-01-29,1968100,1.809999942779541,1.8700000047683716,1.8700000047683716,1.7799999713897705,1.8700000047683716
2016-01-28,3598100,1.9199999570846558,1.7699999809265137,1.940000057220459,1.7100000381469727,1.7699999809265137
2016-01-27,2298200,1.8300000429153442,1.850000023841858,1.8799999952316284,1.7599999904632568,1.850000023841858
2016-01-26,1787000,1.7699999809265137,1.7799999713897705,1.8200000524520874,1.7100000381469727,1.7799999713897705
2016-01-25,2010600,1.7899999618530273,1.75,1.8600000143051147,1.7300000190734863,1.75
2016-01-22,2751100,1.7899999618530273,1.8200000524520874,1.8200000524520874,1.7200000286102295,1.8200000524520874
2016-01-21,3233200,1.600000023841858,1.7200000286102295,1.75,1.5299999713897705,1.7200000286102295
2016-01-20,4412600,1.4700000286102295,1.5700000524520874,1.590000033378601,1.2999999523162842,1.5700000524520874
2016-01-19,2856700,1.6699999570846558,1.5299999713897705,1.7200000286102295,1.5,1.5299999713897705
2016-01-15,2716800,1.649999976158142,1.659999966621399,1.6699999570846558,1.559999942779541,1.659999966621399
2016-01-14,3773500,1.75,1.7000000476837158,1.7699999809265137,1.6100000143051147,1.7000000476837158
2016-01-13,2078300,1.8700000047683716,1.75,1.899999976158142,1.7200000286102295,1.75
2016-01-12,1813700,1.8600000143051147,1.809999942779541,1.9199999570846558,1.75,1.809999942779541
2016-01-11,2136600,1.9199999570846558,1.850000023841858,1.9600000381469727,1.7799999713897705,1.850000023841858
2016-01-08,1611400,1.940000057220459,1.9199999570846558,2.0199999809265137,1.899999976158142,1.9199999570846558
2016-01-07,2754300,1.9600000381469727,1.899999976158142,2.009999990463257,1.899999976158142,1.899999976158142
2016-01-06,1672700,2.0,2.0299999713897705,2.049999952316284,1.9900000095367432,2.0299999713897705
2016-01-05,957100,2.109999895095825,2.059999942779541,2.109999895095825,2.0299999713897705,2.059999942779541
2016-01-04,2373300,2.0,2.0999999046325684,2.0999999046325684,1.9600000381469727,2.0999999046325684
2015-12-31,2156400,2.140000104904175,2.109999895095825,2.1500000953674316,2.049999952316284,2.109999895095825
2015-12-30,2120500,2.2300000190734863,2.1600000858306885,2.2899999618530273,2.140000104904175,2.1600000858306885
2015-12-29,1115900,2.240000009536743,2.240000009536743,2.2899999618530273,2.2200000286102295,2.240000009536743
2015-12-28,1836700,2.2799999713897705,2.240000009536743,2.3399999141693115,2.190000057220459,2.240000009536743
2015-12-24,1424700,2.2699999809265137,2.299999952316284,2.3499999046325684,2.2699999809265137,2.299999952316284
2015-12-23,2686400,2.25,2.2699999809265137,2.3399999141693115,2.240000009536743,2.2699999809265137
2015-12-22,1353900,2.200000047683716,2.25,2.25,2.180000066757202,2.25
2015-12-21,1897600,2.2200000286102295,2.240000009536743,2.2699999809265137,2.200000047683716,2.240000009536743
2015-12-18,3707800,2.2300000190734863,2.2200000286102295,2.299999952316284,2.200000047683716,2.2200000286102295
2015-12-17,2278900,2.2699999809265137,2.180000066757202,2.299999952316284,2.1500000953674316,2.180000066757202
2015-12-16,5639700,2.2899999618530273,2.240000009536743,2.3499999046325684,2.1500000953674316,2.240000009536743
2015-12-15,2152300,1.9700000286102295,2.119999885559082,2.1600000858306885,1.9700000286102295,2.119999885559082
2015-12-14,1258800,2.0,1.9600000381469727,2.0299999713897705,1.9500000476837158,1.9600000381469727
2015-12-11,1423800,2.0299999713897705,2.0,2.049999952316284,1.9800000190734863,2.0
2015-12-10,1189300,1.9800000190734863,2.069999933242798,2.069999933242798,1.9800000190734863,2.069999933242798
2015-12-09,997500,1.9500000476837158,1.9900000095367432,2.0299999713897705,1.9500000476837158,1.9900000095367432
2015-12-08,1364900,1.9500000476837158,1.940000057220459,2.009999990463257,1.9199999570846558,1.940000057220459
2015-12-07,1395000,2.059999942779541,2.009999990463257,2.0799999237060547,1.9800000190734863,2.009999990463257
2015-12-04,1403200,2.109999895095825,2.0799999237060547,2.119999885559082,2.0199999809265137,2.0799999237060547
2015-12-03,1442600,2.109999895095825,2.0899999141693115,2.1500000953674316,2.049999952316284,2.0899999141693115
2015-12-02,2141800,2.1700000762939453,2.109999895095825,2.190000057220459,2.059999942779541,2.109999895095825
2015-12-01,1693100,2.2200000286102295,2.190000057220459,2.2300000190734863,2.140000104904175,2.190000057220459
2015-11-30,2580900,2.1500000953674316,2.200000047683716,2.2300000190734863,2.119999885559082,2.200000047683716
2015-11-27,1422300,2.0999999046325684,2.119999885559082,2.140000104904175,2.059999942779541,2.119999885559082
2015-11-25,4808800,1.9299999475479126,2.069999933242798,2.1500000953674316,1.9299999475479126,2.069999933242798
2015-11-24,1451800,1.899999976158142,1.940000057220459,1.9500000476837158,1.8799999952316284,1.940000057220459
2015-11-23,1115300,1.8600000143051147,1.9199999570846558,1.940000057220459,1.8600000143051147,1.9199999570846558
2015-11-20,1346600,1.9299999475479126,1.899999976158142,1.940000057220459,1.8700000047683716,1.899999976158142
2015-11-19,2143600,1.9600000381469727,1.899999976158142,1.9600000381469727,1.8799999952316284,1.899999976158142
2015-11-18,1799000,1.8700000047683716,1.8799999952316284,1.8799999952316284,1.809999942779541,1.8799999952316284
2015-11-17,2726400,1.940000057220459,1.840000033378601,1.9500000476837158,1.8200000524520874,1.840000033378601
2015-11-16,3195800,1.909999966621399,1.9199999570846558,1.9500000476837158,1.8600000143051147,1.9199999570846558
2015-11-13,4313800,1.8899999856948853,1.840000033378601,1.909999966621399,1.7999999523162842,1.840000033378601
2015-11-12,3108100,1.850000023841858,1.7799999713897705,1.8899999856948853,1.7599999904632568,1.7799999713897705
2015-11-11,4404600,1.9500000476837158,1.840000033378601,1.9900000095367432,1.8300000429153442,1.840000033378601
2015-11-10,11441300,2.25,1.909999966621399,2.25,1.8899999856948853,1.909999966621399
2015-11-09,9524700,2.4700000286102295,2.369999885559082,2.549999952316284,2.299999952316284,2.369999885559082
2015-11-06,3679000,2.859999895095825,2.759999990463257,2.869999885559082,2.690000057220459,2.759999990463257
2015-11-05,4895600,2.9700000286102295,2.859999895095825,2.9700000286102295,2.759999990463257,2.859999895095825
2015-11-04,4678400,2.9700000286102295,2.9200000762939453,2.9800000190734863,2.809999942779541,2.9200000762939453
2015-11-03,9192700,2.7799999713897705,2.869999885559082,2.9600000381469727,2.700000047683716,2.869999885559082
2015-11-02,7079000,2.4200000762939453,2.640000104904175,2.75,2.4000000953674316,2.640000104904175
2015-10-30,1183300,2.390000104904175,2.4100000858306885,2.430000066757202,2.359999895095825,2.4100000858306885
2015-10-29,1907600,2.390000104904175,2.390000104904175,2.4800000190734863,2.359999895095825,2.390000104904175
2015-10-28,1768800,2.309999942779541,2.4000000953674316,2.430000066757202,2.2899999618530273,2.4000000953674316
2015-10-27,1710600,2.390000104904175,2.319999933242798,2.4100000858306885,2.309999942779541,2.319999933242798
2015-10-26,2433700,2.2899999618530273,2.4100000858306885,2.4100000858306885,2.2699999809265137,2.4100000858306885
2015-10-23,1834600,2.2899999618530273,2.309999942779541,2.359999895095825,2.25,2.309999942779541
2015-10-22,1897800,2.4000000953674316,2.2799999713897705,2.4000000953674316,2.200000047683716,2.2799999713897705
2015-10-21,2371600,2.490000009536743,2.3499999046325684,2.5,2.3299999237060547,2.3499999046325684
2015-10-20,3832400,2.5,2.440000057220459,2.559999942779541,2.4000000953674316,2.440000057220459
2015-10-19,6161400,2.4200000762939453,2.5,2.5299999713897705,2.3499999046325684,2.5
2015-10-16,1338300,2.359999895095825,2.309999942779541,2.369999885559082,2.259999990463257,2.309999942779541
2015-10-15,1918300,2.200000047683716,2.319999933242798,2.3399999141693115,2.190000057220459,2.319999933242798
2015-10-14,1795600,2.2899999618530273,2.2100000381469727,2.3399999141693115,2.1500000953674316,2.2100000381469727
2015-10-13,1484500,2.369999885559082,2.299999952316284,2.4000000953674316,2.299999952316284,2.299999952316284
2015-10-12,3869400,2.3299999237060547,2.390000104904175,2.4800000190734863,2.2799999713897705,2.390000104904175
2015-10-09,6082600,2.2200000286102295,2.319999933242798,2.3499999046325684,2.2200000286102295,2.319999933242798
2015-10-08,2343000,2.0999999046325684,2.190000057220459,2.2300000190734863,2.0799999237060547,2.190000057220459
2015-10-07,2939200,2.200000047683716,2.1500000953674316,2.240000009536743,2.069999933242798,2.1500000953674316
2015-10-06,2152600,2.1700000762939453,2.180000066757202,2.200000047683716,2.140000104904175,2.180000066757202
2015-10-05,3339900,2.0199999809265137,2.140000104904175,2.200000047683716,2.0199999809265137,2.140000104904175
2015-10-02,2574200,1.8200000524520874,2.009999990463257,2.0299999713897705,1.7999999523162842,2.009999990463257
2015-10-01,1891100,1.8600000143051147,1.8799999952316284,1.8899999856948853,1.7999999523162842,1.8799999952316284
2015-09-30,2514900,1.7200000286102295,1.8300000429153442,1.8799999952316284,1.7000000476837158,1.8300000429153442
2015-09-29,3161100,1.850000023841858,1.7100000381469727,1.8600000143051147,1.6799999475479126,1.7100000381469727
2015-09-28,2884600,1.9199999570846558,1.8300000429153442,1.940000057220459,1.7899999618530273,1.8300000429153442
2015-09-25,3109000,2.0899999141693115,1.9299999475479126,2.0999999046325684,1.9199999570846558,1.9299999475479126
2015-09-24,2205100,2.0299999713897705,2.069999933242798,2.0899999141693115,1.9700000286102295,2.069999933242798
2015-09-23,3235200,2.1700000762939453,2.049999952316284,2.1700000762939453,2.0,2.049999952316284
2015-09-22,6195700,2.0799999237060547,2.180000066757202,2.240000009536743,2.069999933242798,2.180000066757202
2015-09-21,16176400,2.009999990463257,2.1700000762939453,2.3299999237060547,2.0,2.1700000762939453
2015-09-18,5522500,1.7799999713897705,1.8899999856948853,1.9199999570846558,1.7699999809265137,1.8899999856948853
2015-09-17,3576800,1.7300000190734863,1.7799999713897705,1.7799999713897705,1.7100000381469727,1.7799999713897705
2015-09-16,1926100,1.690000057220459,1.7100000381469727,1.7200000286102295,1.6799999475479126,1.7100000381469727
2015-09-15,1301900,1.6699999570846558,1.690000057220459,1.690000057220459,1.659999966621399,1.690000057220459
2015-09-14,1364200,1.7200000286102295,1.6799999475479126,1.7200000286102295,1.659999966621399,1.6799999475479126
2015-09-11,1671000,1.75,1.7000000476837158,1.75,1.6799999475479126,1.7000000476837158
2015-09-10,1687800,1.7200000286102295,1.690000057220459,1.7400000095367432,1.6799999475479126,1.690000057220459
2015-09-09,2143800,1.7699999809265137,1.7000000476837158,1.7799999713897705,1.6799999475479126,1.7000000476837158
2015-09-08,1760300,1.75,1.7400000095367432,1.7899999618530273,1.7100000381469727,1.7400000095367432
2015-09-04,1502400,1.6699999570846558,1.7200000286102295,1.7300000190734863,1.659999966621399,1.7200000286102295
2015-09-03,1850000,1.7599999904632568,1.690000057220459,1.7599999904632568,1.6799999475479126,1.690000057220459
2015-09-02,2649400,1.7000000476837158,1.7100000381469727,1.7100000381469727,1.6399999856948853,1.7100000381469727
2015-09-01,1946600,1.659999966621399,1.659999966621399,1.7000000476837158,1.649999976158142,1.659999966621399
2015-08-31,2997400,1.7599999904632568,1.7100000381469727,1.7899999618530273,1.690000057220459,1.7100000381469727
2015-08-28,4517600,1.7599999904632568,1.7599999904632568,1.850000023841858,1.7300000190734863,1.7599999904632568
2015-08-27,2813600,1.7999999523162842,1.75,1.840000033378601,1.7300000190734863,1.75
2015-08-26,14325500,1.899999976158142,1.7200000286102295,1.9199999570846558,1.659999966621399,1.7200000286102295
2015-08-25,3267900,1.8600000143051147,1.850000023841858,2.0,1.8200000524520874,1.850000023841858
2015-08-24,4219200,1.600000023841858,1.7599999904632568,1.8899999856948853,1.559999942779541,1.7599999904632568
2015-08-21,5624500,1.9500000476837158,1.9199999570846558,1.9900000095367432,1.7999999523162842,1.9199999570846558
2015-08-20,3383000,2.1500000953674316,2.0199999809265137,2.200000047683716,2.0199999809265137,2.0199999809265137
2015-08-19,3273900,2.259999990463257,2.190000057220459,2.2699999809265137,2.1600000858306885,2.190000057220459
2015-08-18,897600,2.2699999809265137,2.259999990463257,2.2799999713897705,2.2300000190734863,2.259999990463257
2015-08-17,925300,2.2699999809265137,2.2799999713897705,2.309999942779541,2.25,2.2799999713897705
2015-08-14,1341100,2.240000009536743,2.2899999618530273,2.3299999237060547,2.240000009536743,2.2899999618530273
2015-08-13,2191100,2.319999933242798,2.2699999809265137,2.3499999046325684,2.240000009536743,2.2699999809265137
2015-08-12,3282700,2.299999952316284,2.3499999046325684,2.440000057220459,2.2300000190734863,2.3499999046325684
2015-08-11,1967500,2.3499999046325684,2.3299999237060547,2.390000104904175,2.309999942779541,2.3299999237060547
2015-08-10,1709400,2.390000104904175,2.380000114440918,2.4200000762939453,2.319999933242798,2.380000114440918
2015-08-07,2312500,2.3499999046325684,2.4000000953674316,2.4600000381469727,2.2799999713897705,2.4000000953674316
2015-08-06,7005300,2.8299999237060547,2.369999885559082,2.8399999141693115,2.3499999046325684,2.369999885559082
2015-08-05,3227800,2.7799999713897705,2.7799999713897705,2.8399999141693115,2.7200000286102295,2.7799999713897705
2015-08-04,3256800,2.7699999809265137,2.7200000286102295,2.809999942779541,2.680000066757202,2.7200000286102295
2015-08-03,8244100,2.680000066757202,2.8499999046325684,2.8499999046325684,2.630000114440918,2.8499999046325684
2015-07-31,3253000,2.440000057220459,2.5899999141693115,2.5899999141693115,2.4000000953674316,2.5899999141693115
2015-07-30,1077100,2.4000000953674316,2.4000000953674316,2.4200000762939453,2.359999895095825,2.4000000953674316
2015-07-29,1333400,2.4000000953674316,2.390000104904175,2.450000047683716,2.359999895095825,2.390000104904175
2015-07-28,1897100,2.4200000762939453,2.390000104904175,2.450000047683716,2.359999895095825,2.390000104904175
2015-07-27,1658900,2.4000000953674316,2.319999933242798,2.4100000858306885,2.309999942779541,2.319999933242798
2015-07-24,1238600,2.430000066757202,2.380000114440918,2.440000057220459,2.369999885559082,2.380000114440918
2015-07-23,1505200,2.4800000190734863,2.430000066757202,2.4800000190734863,2.4000000953674316,2.430000066757202
2015-07-22,1287600,2.4700000286102295,2.490000009536743,2.5,2.4200000762939453,2.490000009536743
2015-07-21,4028400,2.390000104904175,2.4800000190734863,2.569999933242798,2.3399999141693115,2.4800000190734863
2015-07-20,1946100,2.5,2.369999885559082,2.5,2.3299999237060547,2.369999885559082
2015-07-17,1947000,2.2899999618530273,2.380000114440918,2.390000104904175,2.2799999713897705,2.380000114440918
2015-07-16,1195200,2.2899999618530273,2.309999942779541,2.3399999141693115,2.2799999713897705,2.309999942779541
2015-07-15,1703100,2.319999933242798,2.2899999618530273,2.3399999141693115,2.2799999713897705,2.2899999618530273
2015-07-14,1809000,2.3499999046325684,2.3399999141693115,2.380000114440918,2.2899999618530273,2.3399999141693115
2015-07-13,1836700,2.309999942779541,2.3499999046325684,2.3499999046325684,2.259999990463257,2.3499999046325684
2015-07-10,2483000,2.359999895095825,2.2799999713897705,2.369999885559082,2.259999990463257,2.2799999713897705
2015-07-09,2616100,2.4000000953674316,2.3299999237060547,2.4200000762939453,2.3299999237060547,2.3299999237060547
2015-07-08,4472100,2.5,2.3399999141693115,2.509999990463257,2.299999952316284,2.3399999141693115
2015-07-07,12370500,2.430000066757202,2.5399999618530273,2.619999885559082,2.369999885559082,2.5399999618530273
2015-07-06,2436600,2.2300000190734863,2.2300000190734863,2.2699999809265137,2.1700000762939453,2.2300000190734863
2015-07-02,4143400,2.4200000762939453,2.319999933242798,2.4200000762939453,2.2200000286102295,2.319999933242798
2015-07-01,3506000,2.4600000381469727,2.3499999046325684,2.4700000286102295,2.3399999141693115,2.3499999046325684
2015-06-30,2312900,2.450000047683716,2.450000047683716,2.4800000190734863,2.4100000858306885,2.450000047683716
2015-06-29,3318200,2.5199999809265137,2.450000047683716,2.5399999618530273,2.450000047683716,2.450000047683716
2015-06-26,4386400,2.559999942779541,2.569999933242798,2.5799999237060547,2.5199999809265137,2.569999933242798
2015-06-25,1356500,2.5999999046325684,2.569999933242798,2.609999895095825,2.559999942779541,2.569999933242798
2015-06-24,1380500,2.5999999046325684,2.5799999237060547,2.630000114440918,2.559999942779541,2.5799999237060547
2015-06-23,1303400,2.619999885559082,2.630000114440918,2.640000104904175,2.5799999237060547,2.630000114440918
2015-06-22,1630100,2.5999999046325684,2.640000104904175,2.640000104904175,2.5899999141693115,2.640000104904175
2015-06-19,2291200,2.609999895095825,2.5999999046325684,2.630000114440918,2.549999952316284,2.5999999046325684
2015-06-18,1460800,2.609999895095825,2.5899999141693115,2.640000104904175,2.5899999141693115,2.5899999141693115
2015-06-17,1750400,2.6500000953674316,2.5899999141693115,2.6600000858306885,2.5799999237060547,2.5899999141693115
2015-06-16,938700,2.680000066757202,2.6600000858306885,2.700000047683716,2.6500000953674316,2.6600000858306885
2015-06-15,1186400,2.6700000762939453,2.690000057220459,2.7200000286102295,2.630000114440918,2.690000057220459
2015-06-12,1736700,2.700000047683716,2.690000057220459,2.7200000286102295,2.6700000762939453,2.690000057220459
2015-06-11,1128500,2.7100000381469727,2.690000057220459,2.7200000286102295,2.6700000762939453,2.690000057220459
2015-06-10,1270400,2.7100000381469727,2.700000047683716,2.740000009536743,2.690000057220459,2.700000047683716
2015-06-09,1523200,2.7100000381469727,2.690000057220459,2.7300000190734863,2.690000057220459,2.690000057220459
2015-06-08,1158800,2.7300000190734863,2.740000009536743,2.75,2.700000047683716,2.740000009536743
2015-06-05,1441900,2.7300000190734863,2.740000009536743,2.75,2.6500000953674316,2.740000009536743
2015-06-04,2743100,2.819999933242798,2.740000009536743,2.8399999141693115,2.7200000286102295,2.740000009536743
2015-06-03,2878600,2.799999952316284,2.819999933242798,2.8499999046325684,2.7699999809265137,2.819999933242798
2015-06-02,6212500,2.799999952316284,2.799999952316284,2.8399999141693115,2.75,2.799999952316284
2015-06-01,2582100,2.7200000286102295,2.680000066757202,2.7200000286102295,2.640000104904175,2.680000066757202
2015-05-29,1992900,2.75,2.7200000286102295,2.7699999809265137,2.690000057220459,2.7200000286102295
2015-05-28,2045900,2.7200000286102295,2.7300000190734863,2.740000009536743,2.6700000762939453,2.7300000190734863
2015-05-27,5391800,2.680000066757202,2.7100000381469727,2.7899999618530273,2.6500000953674316,2.7100000381469727
2015-05-26,1712100,2.559999942779541,2.5799999237060547,2.5899999141693115,2.5199999809265137,2.5799999237060547
2015-05-22,3095600,2.5999999046325684,2.5799999237060547,2.619999885559082,2.5399999618530273,2.5799999237060547
2015-05-21,1486000,2.630000114440918,2.619999885559082,2.6700000762939453,2.5999999046325684,2.619999885559082
2015-05-20,2117700,2.680000066757202,2.619999885559082,2.690000057220459,2.5999999046325684,2.619999885559082
2015-05-19,4627200,2.759999990463257,2.680000066757202,2.799999952316284,2.630000114440918,2.680000066757202
2015-05-18,1449500,2.609999895095825,2.5799999237060547,2.619999885559082,2.5299999713897705,2.5799999237060547
2015-05-15,1753200,2.619999885559082,2.609999895095825,2.640000104904175,2.569999933242798,2.609999895095825
2015-05-14,1814200,2.630000114440918,2.630000114440918,2.6500000953674316,2.559999942779541,2.630000114440918
2015-05-13,2852700,2.6700000762939453,2.619999885559082,2.7300000190734863,2.609999895095825,2.619999885559082
2015-05-12,4770100,2.549999952316284,2.630000114440918,2.690000057220459,2.4800000190734863,2.630000114440918
2015-05-11,9951800,2.369999885559082,2.549999952316284,2.6500000953674316,2.319999933242798,2.549999952316284
2015-05-08,4028800,2.4800000190734863,2.430000066757202,2.5,2.4100000858306885,2.430000066757202
2015-05-07,2358500,2.4800000190734863,2.4600000381469727,2.5,2.4200000762939453,2.4600000381469727
2015-05-06,2358100,2.430000066757202,2.4600000381469727,2.4800000190734863,2.4000000953674316,2.4600000381469727
2015-05-05,3854900,2.5,2.4200000762939453,2.5199999809265137,2.4000000953674316,2.4200000762939453
2015-05-04,1922000,2.5,2.5,2.5399999618530273,2.4800000190734863,2.5
2015-05-01,2650600,2.5399999618530273,2.490000009536743,2.559999942779541,2.4800000190734863,2.490000009536743
2015-04-30,2130600,2.559999942779541,2.5399999618530273,2.569999933242798,2.509999990463257,2.5399999618530273
2015-04-29,2510400,2.549999952316284,2.559999942779541,2.5999999046325684,2.5199999809265137,2.559999942779541
2015-04-28,1711500,2.569999933242798,2.569999933242798,2.619999885559082,2.559999942779541,2.569999933242798
2015-04-27,1732300,2.6700000762939453,2.5899999141693115,2.680000066757202,2.569999933242798,2.5899999141693115
2015-04-24,1350300,2.6700000762939453,2.6500000953674316,2.680000066757202,2.619999885559082,2.6500000953674316
2015-04-23,1395800,2.6500000953674316,2.6700000762939453,2.690000057220459,2.630000114440918,2.6700000762939453
2015-04-22,1345100,2.6700000762939453,2.6500000953674316,2.680000066757202,2.619999885559082,2.6500000953674316
2015-04-21,1928900,2.7100000381469727,2.6700000762939453,2.7200000286102295,2.6600000858306885,2.6700000762939453
2015-04-20,4094800,2.700000047683716,2.7200000286102295,2.7799999713897705,2.619999885559082,2.7200000286102295
2015-04-17,2999200,2.75,2.6700000762939453,2.7699999809265137,2.6500000953674316,2.6700000762939453
2015-04-16,2145800,2.7899999618530273,2.7200000286102295,2.7899999618530273,2.690000057220459,2.7200000286102295
2015-04-15,6020400,2.700000047683716,2.7799999713897705,2.819999933242798,2.640000104904175,2.7799999713897705
2015-04-14,5610600,2.5999999046325684,2.6700000762939453,2.7799999713897705,2.5799999237060547,2.6700000762939453
2015-04-13,1509600,2.609999895095825,2.5899999141693115,2.6500000953674316,2.5799999237060547,2.5899999141693115
2015-04-10,3800100,2.6600000858306885,2.609999895095825,2.6700000762939453,2.549999952316284,2.609999895095825
2015-04-09,5982900,2.559999942779541,2.619999885559082,2.680000066757202,2.5299999713897705,2.619999885559082
2015-04-08,2600800,2.5199999809265137,2.490000009536743,2.549999952316284,2.4700000286102295,2.490000009536743
2015-04-07,2770900,2.559999942779541,2.509999990463257,2.609999895095825,2.5,2.509999990463257
2015-04-06,2261400,2.5299999713897705,2.5199999809265137,2.549999952316284,2.490000009536743,2.5199999809265137
2015-04-02,2091100,2.5,2.559999942779541,2.569999933242798,2.490000009536743,2.559999942779541
2015-04-01,4669000,2.569999933242798,2.5199999809265137,2.5999999046325684,2.4800000190734863,2.5199999809265137
2015-03-31,3007600,2.6500000953674316,2.5899999141693115,2.6600000858306885,2.549999952316284,2.5899999141693115
2015-03-30,6099000,2.6500000953674316,2.680000066757202,2.7300000190734863,2.640000104904175,2.680000066757202
2015-03-27,1719200,2.609999895095825,2.640000104904175,2.6500000953674316,2.5799999237060547,2.640000104904175
2015-03-26,2290800,2.5999999046325684,2.619999885559082,2.6500000953674316,2.559999942779541,2.619999885559082
2015-03-25,1719400,2.690000057220459,2.630000114440918,2.700000047683716,2.5999999046325684,2.630000114440918
2015-03-24,1486900,2.640000104904175,2.6700000762939453,2.700000047683716,2.630000114440918,2.6700000762939453
2015-03-23,2536800,2.6600000858306885,2.6500000953674316,2.7200000286102295,2.569999933242798,2.6500000953674316
2015-03-20,2901700,2.7200000286102295,2.6600000858306885,2.740000009536743,2.6600000858306885,2.6600000858306885
2015-03-19,3727500,2.630000114440918,2.7100000381469727,2.7699999809265137,2.609999895095825,2.7100000381469727
2015-03-18,2570000,2.569999933242798,2.5899999141693115,2.5999999046325684,2.5299999713897705,2.5899999141693115
2015-03-17,9013300,2.5399999618530273,2.609999895095825,2.6700000762939453,2.4200000762939453,2.609999895095825
2015-03-16,3153600,2.8499999046325684,2.75,2.9000000953674316,2.7100000381469727,2.75
2015-03-13,2200500,2.75,2.859999895095825,2.859999895095825,2.7200000286102295,2.859999895095825
2015-03-12,2859000,2.809999942779541,2.7799999713897705,2.8399999141693115,2.700000047683716,2.7799999713897705
2015-03-11,3269300,2.8499999046325684,2.799999952316284,2.890000104904175,2.700000047683716,2.799999952316284
2015-03-10,2321800,2.8499999046325684,2.859999895095825,2.9000000953674316,2.799999952316284,2.859999895095825
2015-03-09,4177700,2.9700000286102295,2.9100000858306885,3.009999990463257,2.799999952316284,2.9100000858306885
2015-03-06,2376500,2.950000047683716,2.9700000286102295,3.0299999713897705,2.950000047683716,2.9700000286102295
2015-03-05,2677700,2.9200000762939453,2.9700000286102295,3.0299999713897705,2.9100000858306885,2.9700000286102295
2015-03-04,4014000,3.0,2.930000066757202,3.0299999713897705,2.9100000858306885,2.930000066757202
2015-03-03,6214200,3.0,3.0199999809265137,3.140000104904175,2.990000009536743,3.0199999809265137
2015-03-02,3374100,3.059999942779541,3.130000114440918,3.140000104904175,3.0299999713897705,3.130000114440918
2015-02-27,2217400,3.0899999141693115,3.0799999237060547,3.119999885559082,3.0399999618530273,3.0799999237060547
2015-02-26,2914500,3.069999933242798,3.109999895095825,3.119999885559082,3.0299999713897705,3.109999895095825
2015-02-25,4490500,3.1600000858306885,3.119999885559082,3.2100000381469727,3.0299999713897705,3.119999885559082
2015-02-24,6483700,3.25,3.1600000858306885,3.2699999809265137,3.0999999046325684,3.1600000858306885
2015-02-23,7880000,3.319999933242798,3.2799999713897705,3.380000114440918,3.2100000381469727,3.2799999713897705
2015-02-20,10002200,3.1500000953674316,3.240000009536743,3.2799999713897705,3.130000114440918,3.240000009536743
2015-02-19,5339300,3.059999942779541,3.140000104904175,3.2300000190734863,3.0199999809265137,3.140000104904175
2015-02-18,2701200,3.109999895095825,3.069999933242798,3.119999885559082,3.0299999713897705,3.069999933242798
2015-02-17,2731700,3.130000114440918,3.140000104904175,3.190000057220459,3.0799999237060547,3.140000104904175
2015-02-13,3710300,3.140000104904175,3.1500000953674316,3.200000047683716,3.069999933242798,3.1500000953674316
2015-02-12,5720500,3.2699999809265137,3.1500000953674316,3.299999952316284,3.119999885559082,3.1500000953674316
2015-02-11,11674900,3.200000047683716,3.259999990463257,3.359999895095825,3.190000057220459,3.259999990463257
2015-02-10,5887100,2.930000066757202,3.059999942779541,3.0899999141693115,2.9200000762939453,3.059999942779541
2015-02-09,3099500,2.890000104904175,2.9100000858306885,2.9100000858306885,2.7899999618530273,2.9100000858306885
2015-02-06,2589900,2.880000114440918,2.9100000858306885,2.9700000286102295,2.819999933242798,2.9100000858306885
2015-02-05,2078500,2.9200000762939453,2.890000104904175,2.930000066757202,2.859999895095825,2.890000104904175
2015-02-04,2573100,2.890000104904175,2.869999885559082,2.940000057220459,2.8299999237060547,2.869999885559082
2015-02-03,3511800,2.809999942779541,2.880000114440918,2.930000066757202,2.7899999618530273,2.880000114440918
2015-02-02,4198900,2.6700000762939453,2.7799999713897705,2.7899999618530273,2.619999885559082,2.7799999713897705
2015-01-30,3455900,2.700000047683716,2.6700000762939453,2.7899999618530273,2.630000114440918,2.6700000762939453
2015-01-29,5122300,2.9000000953674316,2.75,2.9200000762939453,2.700000047683716,2.75
2015-01-28,12795800,3.2899999618530273,2.890000104904175,3.299999952316284,2.859999895095825,2.890000104904175
2015-01-27,8519300,3.0399999618530273,3.180000066757202,3.25,2.9700000286102295,3.180000066757202
2015-01-26,8130700,2.859999895095825,3.069999933242798,3.0999999046325684,2.8299999237060547,3.069999933242798
2015-01-23,2425900,2.890000104904175,2.869999885559082,2.9200000762939453,2.819999933242798,2.869999885559082
2015-01-22,7156100,2.7100000381469727,2.9000000953674316,2.950000047683716,2.680000066757202,2.9000000953674316
2015-01-21,2820100,2.5899999141693115,2.680000066757202,2.690000057220459,2.569999933242798,2.680000066757202
2015-01-20,2882700,2.700000047683716,2.5999999046325684,2.7100000381469727,2.549999952316284,2.5999999046325684
2015-01-16,3436400,2.5199999809265137,2.6700000762939453,2.6700000762939453,2.4800000190734863,2.6700000762939453
2015-01-15,6460900,2.7699999809265137,2.549999952316284,2.7799999713897705,2.5199999809265137,2.549999952316284
2015-01-14,5532700,2.809999942779541,2.75,2.869999885559082,2.690000057220459,2.75
2015-01-13,3279500,2.940000057220459,2.9100000858306885,2.9800000190734863,2.819999933242798,2.9100000858306885
2015-01-12,2504100,2.990000009536743,2.940000057220459,3.0399999618530273,2.9000000953674316,2.940000057220459
2015-01-09,2568700,3.049999952316284,3.009999990463257,3.0799999237060547,2.9800000190734863,3.009999990463257
2015-01-08,3203100,3.049999952316284,3.0799999237060547,3.0799999237060547,2.9800000190734863,3.0799999237060547
2015-01-07,3007400,3.059999942779541,3.049999952316284,3.0899999141693115,2.9600000381469727,3.049999952316284
2015-01-06,5997600,3.009999990463257,3.049999952316284,3.130000114440918,2.9200000762939453,3.049999952316284
2015-01-05,6713900,3.069999933242798,3.009999990463257,3.119999885559082,2.940000057220459,3.009999990463257
2015-01-02,3957700,2.9700000286102295,2.9800000190734863,2.9800000190734863,2.8499999046325684,2.9800000190734863
2014-12-31,4158800,3.0999999046325684,3.0,3.1500000953674316,3.0,3.0
2014-12-30,4927700,3.119999885559082,3.119999885559082,3.2200000286102295,3.0999999046325684,3.119999885559082
2014-12-29,5836200,3.0799999237060547,3.130000114440918,3.2200000286102295,3.069999933242798,3.130000114440918
2014-12-26,4357000,3.0,3.0799999237060547,3.1500000953674316,3.0,3.0799999237060547
2014-12-24,2202500,3.0,3.049999952316284,3.049999952316284,2.9600000381469727,3.049999952316284
2014-12-23,3447600,3.0399999618530273,3.059999942779541,3.059999942779541,2.930000066757202,3.059999942779541
2014-12-22,3673100,3.0799999237060547,3.049999952316284,3.119999885559082,2.990000009536743,3.049999952316284
2014-12-19,6478900,2.9100000858306885,3.049999952316284,3.0799999237060547,2.8499999046325684,3.049999952316284
2014-12-18,7102500,3.0899999141693115,2.9200000762939453,3.130000114440918,2.859999895095825,2.9200000762939453
2014-12-17,6951900,2.7300000190734863,2.940000057220459,2.9800000190734863,2.7300000190734863,2.940000057220459
2014-12-16,6783200,2.640000104904175,2.7300000190734863,2.890000104904175,2.5999999046325684,2.7300000190734863
2014-12-15,6796300,3.0,2.7699999809265137,3.0299999713897705,2.7300000190734863,2.7699999809265137
2014-12-12,7475200,3.0299999713897705,2.930000066757202,3.049999952316284,2.859999895095825,2.930000066757202
2014-12-11,4087500,3.180000066757202,3.0999999046325684,3.2699999809265137,3.0899999141693115,3.0999999046325684
2014-12-10,5189100,3.2899999618530273,3.190000057220459,3.3499999046325684,3.130000114440918,3.190000057220459
2014-12-09,8231800,3.25,3.2799999713897705,3.299999952316284,3.059999942779541,3.2799999713897705
2014-12-08,9888300,3.5399999618530273,3.369999885559082,3.609999895095825,3.240000009536743,3.369999885559082
2014-12-05,5914400,3.740000009536743,3.5999999046325684,3.7899999618530273,3.549999952316284,3.5999999046325684
2014-12-04,16527600,3.9200000762939453,3.700000047683716,4.019999980926514,3.640000104904175,3.700000047683716
2014-12-03,4955800,3.5899999141693115,3.5,3.630000114440918,3.4600000381469727,3.5
2014-12-02,4152700,3.5199999809265137,3.5999999046325684,3.690000057220459,3.450000047683716,3.5999999046325684
2014-12-01,8053400,3.75,3.5399999618530273,3.7699999809265137,3.4200000762939453,3.5399999618530273
2014-11-28,4221100,3.9000000953674316,3.819999933242798,3.930000066757202,3.7899999618530273,3.819999933242798
2014-11-26,2178600,3.990000009536743,3.9600000381469727,4.0,3.9200000762939453,3.9600000381469727
2014-11-25,2679300,3.9600000381469727,4.0,4.03000020980835,3.9600000381469727,4.0
2014-11-24,2622000,3.930000066757202,3.950000047683716,3.9800000190734863,3.880000114440918,3.950000047683716
2014-11-21,3062800,4.0,3.930000066757202,4.039999961853027,3.9000000953674316,3.930000066757202
2014-11-20,3128500,3.9000000953674316,3.940000057220459,3.940000057220459,3.8299999237060547,3.940000057220459
2014-11-19,8034800,4.03000020980835,3.9600000381469727,4.159999847412109,3.950000047683716,3.9600000381469727
2014-11-18,12450400,3.819999933242798,4.039999961853027,4.079999923706055,3.7699999809265137,4.039999961853027
2014-11-17,6305700,3.819999933242798,3.7200000286102295,3.8399999141693115,3.700000047683716,3.7200000286102295
2014-11-14,17626600,3.990000009536743,3.7200000286102295,4.010000228881836,3.5999999046325684,3.7200000286102295
2014-11-13,10413700,4.239999771118164,4.059999942779541,4.320000171661377,4.010000228881836,4.059999942779541
2014-11-12,24917000,4.349999904632568,4.239999771118164,4.480000019073486,4.199999809265137,4.239999771118164
2014-11-11,6002100,5.309999942779541,5.079999923706055,5.340000152587891,5.050000190734863,5.079999923706055
2014-11-10,6136900,5.349999904632568,5.28000020980835,5.460000038146973,5.21999979019165,5.28000020980835
2014-11-07,6033800,5.150000095367432,5.300000190734863,5.300000190734863,5.019999980926514,5.300000190734863
2014-11-06,6253400,5.019999980926514,5.119999885559082,5.239999771118164,4.989999771118164,5.119999885559082
2014-11-05,13472800,5.460000038146973,4.960000038146973,5.460000038146973,4.940000057220459,4.960000038146973
2014-11-04,18947300,5.210000038146973,5.349999904632568,5.480000019073486,5.159999847412109,5.349999904632568
2014-11-03,24442100,4.820000171661377,5.139999866485596,5.400000095367432,4.809999942779541,5.139999866485596
2014-10-31,10972200,4.559999942779541,4.710000038146973,4.75,4.519999980926514,4.710000038146973
2014-10-30,6593100,4.400000095367432,4.489999771118164,4.550000190734863,4.349999904632568,4.489999771118164
2014-10-29,4175300,4.409999847412109,4.440000057220459,4.480000019073486,4.309999942779541,4.440000057220459
2014-10-28,5347700,4.269999980926514,4.420000076293945,4.46999979019165,4.269999980926514,4.420000076293945
2014-10-27,2333500,4.300000190734863,4.300000190734863,4.320000171661377,4.25,4.300000190734863
2014-10-24,3438000,4.329999923706055,4.340000152587891,4.349999904632568,4.25,4.340000152587891
2014-10-23,2703800,4.309999942779541,4.300000190734863,4.380000114440918,4.25,4.300000190734863
2014-10-22,3534200,4.380000114440918,4.289999961853027,4.429999828338623,4.28000020980835,4.289999961853027
2014-10-21,3932200,4.460000038146973,4.409999847412109,4.5,4.369999885559082,4.409999847412109
2014-10-20,6860800,4.329999923706055,4.449999809265137,4.519999980926514,4.320000171661377,4.449999809265137
2014-10-17,4190300,4.480000019073486,4.380000114440918,4.5,4.340000152587891,4.380000114440918
2014-10-16,4425500,4.239999771118164,4.400000095367432,4.449999809265137,4.210000038146973,4.400000095367432
2014-10-15,6449200,4.25,4.369999885559082,4.420000076293945,4.159999847412109,4.369999885559082
2014-10-14,7794000,4.260000228881836,4.340000152587891,4.449999809265137,4.150000095367432,4.340000152587891
2014-10-13,8839600,4.400000095367432,4.230000019073486,4.5,4.21999979019165,4.230000019073486
2014-10-10,6053700,4.420000076293945,4.440000057220459,4.650000095367432,4.349999904632568,4.440000057220459
2014-10-09,4279300,4.53000020980835,4.409999847412109,4.590000152587891,4.349999904632568,4.409999847412109
2014-10-08,12650100,4.300000190734863,4.550000190734863,4.590000152587891,4.230000019073486,4.550000190734863
2014-10-07,3510900,4.320000171661377,4.300000190734863,4.420000076293945,4.25,4.300000190734863
2014-10-06,6347300,4.550000190734863,4.409999847412109,4.559999942779541,4.260000228881836,4.409999847412109
2014-10-03,5790800,4.610000133514404,4.559999942779541,4.679999828338623,4.53000020980835,4.559999942779541
2014-10-02,4968900,4.400000095367432,4.570000171661377,4.599999904632568,4.380000114440918,4.570000171661377
2014-10-01,8401400,4.550000190734863,4.409999847412109,4.639999866485596,4.329999923706055,4.409999847412109
2014-09-30,9378800,4.53000020980835,4.590000152587891,4.739999771118164,4.5,4.590000152587891
2014-09-29,10296900,4.25,4.46999979019165,4.599999904632568,4.199999809265137,4.46999979019165
2014-09-26,4161500,4.320000171661377,4.349999904632568,4.389999866485596,4.239999771118164,4.349999904632568
2014-09-25,5077500,4.5,4.300000190734863,4.53000020980835,4.260000228881836,4.300000190734863
2014-09-24,14368500,4.639999866485596,4.460000038146973,4.650000095367432,4.349999904632568,4.460000038146973
2014-09-23,23139100,4.150000095367432,4.579999923706055,4.630000114440918,4.0,4.579999923706055
2014-09-22,12878700,4.420000076293945,4.179999828338623,4.550000190734863,4.159999847412109,4.179999828338623
2014-09-19,8942600,4.309999942779541,4.429999828338623,4.539999961853027,4.260000228881836,4.429999828338623
2014-09-18,12079100,4.599999904632568,4.309999942779541,4.619999885559082,4.260000228881836,4.309999942779541
2014-09-17,5538700,4.699999809265137,4.619999885559082,4.75,4.559999942779541,4.619999885559082
2014-09-16,6503500,4.71999979019165,4.670000076293945,4.75,4.579999923706055,4.670000076293945
2014-09-15,11139500,5.050000190734863,4.78000020980835,5.070000171661377,4.75,4.78000020980835
2014-09-12,5376700,5.119999885559082,5.099999904632568,5.170000076293945,5.059999942779541,5.099999904632568
2014-09-11,5524600,5.03000020980835,5.139999866485596,5.239999771118164,5.03000020980835,5.139999866485596
2014-09-10,9133100,5.25,5.059999942779541,5.269999980926514,5.050000190734863,5.059999942779541
2014-09-09,6810900,5.380000114440918,5.269999980926514,5.400000095367432,5.210000038146973,5.269999980926514
2014-09-08,6937000,5.360000133514404,5.46999979019165,5.579999923706055,5.349999904632568,5.46999979019165
2014-09-05,6103800,5.25,5.429999828338623,5.449999809265137,5.170000076293945,5.429999828338623
2014-09-04,5725200,5.28000020980835,5.25,5.320000171661377,5.199999809265137,5.25
2014-09-03,8202300,5.360000133514404,5.239999771118164,5.460000038146973,5.21999979019165,5.239999771118164
2014-09-02,9122200,5.579999923706055,5.420000076293945,5.639999866485596,5.320000171661377,5.420000076293945
2014-08-29,4933800,5.559999942779541,5.579999923706055,5.619999885559082,5.5,5.579999923706055
2014-08-28,12202900,5.730000019073486,5.550000190734863,5.739999771118164,5.46999979019165,5.550000190734863
2014-08-27,5803600,5.75,5.760000228881836,5.840000152587891,5.730000019073486,5.760000228881836
2014-08-26,15817600,6.0,5.75,6.019999980926514,5.730000019073486,5.75
2014-08-25,11911800,5.940000057220459,6.010000228881836,6.119999885559082,5.909999847412109,6.010000228881836
2014-08-22,7504800,5.769999980926514,5.889999866485596,5.900000095367432,5.710000038146973,5.889999866485596
2014-08-21,5869800,5.849999904632568,5.809999942779541,5.860000133514404,5.75,5.809999942779541
2014-08-20,6674600,5.739999771118164,5.869999885559082,5.869999885559082,5.710000038146973,5.869999885559082
2014-08-19,10541100,5.96999979019165,5.860000133514404,6.0,5.75,5.860000133514404
2014-08-18,8245900,5.989999771118164,5.940000057220459,6.019999980926514,5.889999866485596,5.940000057220459
2014-08-15,14751600,6.119999885559082,5.920000076293945,6.130000114440918,5.880000114440918,5.920000076293945
2014-08-14,56073700,6.369999885559082,6.110000133514404,6.46999979019165,5.690000057220459,6.110000133514404
2014-08-13,14209900,5.75,5.860000133514404,5.949999809265137,5.619999885559082,5.860000133514404
2014-08-12,8444800,5.849999904632568,5.650000095367432,5.860000133514404,5.559999942779541,5.650000095367432
2014-08-11,8952600,5.78000020980835,5.820000171661377,5.849999904632568,5.699999809265137,5.820000171661377
2014-08-08,10171300,5.579999923706055,5.650000095367432,5.760000228881836,5.550000190734863,5.650000095367432
2014-08-07,9659100,5.329999923706055,5.550000190734863,5.579999923706055,5.329999923706055,5.550000190734863
2014-08-06,4708500,5.260000228881836,5.320000171661377,5.360000133514404,5.199999809265137,5.320000171661377
2014-08-05,6448800,5.329999923706055,5.269999980926514,5.380000114440918,5.199999809265137,5.269999980926514
2014-08-04,6696300,5.429999828338623,5.409999847412109,5.46999979019165,5.300000190734863,5.409999847412109
2014-08-01,11093900,5.400000095367432,5.380000114440918,5.489999771118164,5.130000114440918,5.380000114440918
2014-07-31,11284800,5.579999923706055,5.420000076293945,5.670000076293945,5.400000095367432,5.420000076293945
2014-07-30,10643600,5.829999923706055,5.699999809265137,5.860000133514404,5.599999904632568,5.699999809265137
2014-07-29,29370600,6.0,5.769999980926514,6.079999923706055,5.710000038146973,5.769999980926514
2014-07-28,14452400,5.460000038146973,5.519999980926514,5.690000057220459,5.400000095367432,5.519999980926514
2014-07-25,10326500,5.400000095367432,5.420000076293945,5.460000038146973,5.260000228881836,5.420000076293945
2014-07-24,13675700,5.670000076293945,5.389999866485596,5.710000038146973,5.300000190734863,5.389999866485596
2014-07-23,35295100,5.670000076293945,5.630000114440918,5.889999866485596,5.380000114440918,5.630000114440918
2014-07-22,79952600,5.929999828338623,5.46999979019165,6.329999923706055,5.400000095367432,5.46999979019165
2014-07-21,57363100,5.179999828338623,5.690000057220459,5.75,5.059999942779541,5.690000057220459
2014-07-18,17483500,4.559999942779541,5.03000020980835,5.050000190734863,4.559999942779541,5.03000020980835
2014-07-17,9153800,4.650000095367432,4.579999923706055,4.769999980926514,4.519999980926514,4.579999923706055
2014-07-16,22339500,5.039999961853027,4.769999980926514,5.119999885559082,4.730000019073486,4.769999980926514
2014-07-15,43412900,4.650000095367432,4.849999904632568,4.989999771118164,4.579999923706055,4.849999904632568
2014-07-14,4827800,4.260000228881836,4.179999828338623,4.340000152587891,4.170000076293945,4.179999828338623
2014-07-11,3632400,4.239999771118164,4.230000019073486,4.349999904632568,4.199999809265137,4.230000019073486
2014-07-10,4867400,4.199999809265137,4.25,4.329999923706055,4.139999866485596,4.25
2014-07-09,2975600,4.300000190734863,4.329999923706055,4.380000114440918,4.25,4.329999923706055
2014-07-08,7853700,4.46999979019165,4.329999923706055,4.5,4.25,4.329999923706055
2014-07-07,5171600,4.519999980926514,4.480000019073486,4.590000152587891,4.449999809265137,4.480000019073486
2014-07-03,3404200,4.570000171661377,4.519999980926514,4.619999885559082,4.5,4.519999980926514
2014-07-02,7593900,4.710000038146973,4.550000190734863,4.769999980926514,4.53000020980835,4.550000190734863
2014-07-01,14106900,4.699999809265137,4.71999979019165,4.849999904632568,4.619999885559082,4.71999979019165
2014-06-30,7381100,4.730000019073486,4.679999828338623,4.820000171661377,4.619999885559082,4.679999828338623
2014-06-27,34471500,4.679999828338623,4.730000019073486,4.829999923706055,4.630000114440918,4.730000019073486
2014-06-26,21402400,4.510000228881836,4.739999771118164,4.869999885559082,4.440000057220459,4.739999771118164
2014-06-25,9100300,4.420000076293945,4.53000020980835,4.619999885559082,4.369999885559082,4.53000020980835
2014-06-24,15122200,4.820000171661377,4.449999809265137,4.829999923706055,4.369999885559082,4.449999809265137
2014-06-23,9903200,4.880000114440918,4.800000190734863,4.940000057220459,4.71999979019165,4.800000190734863
2014-06-20,14696000,4.71999979019165,4.800000190734863,4.96999979019165,4.659999847412109,4.800000190734863
2014-06-19,37506000,5.179999828338623,4.699999809265137,5.25,4.679999828338623,4.699999809265137
2014-06-18,57393000,4.320000171661377,5.050000190734863,5.119999885559082,4.320000171661377,5.050000190734863
2014-06-17,11512200,4.110000133514404,4.289999961853027,4.320000171661377,4.059999942779541,4.289999961853027
2014-06-16,5531800,4.130000114440918,4.099999904632568,4.150000095367432,4.050000190734863,4.099999904632568
2014-06-13,5107600,4.119999885559082,4.150000095367432,4.150000095367432,4.050000190734863,4.150000095367432
2014-06-12,9080900,4.099999904632568,4.110000133514404,4.25,4.03000020980835,4.110000133514404
2014-06-11,7567900,4.170000076293945,4.079999923706055,4.190000057220459,4.050000190734863,4.079999923706055
2014-06-10,6260200,4.260000228881836,4.190000057220459,4.320000171661377,4.139999866485596,4.190000057220459
2014-06-09,7904600,4.369999885559082,4.309999942779541,4.400000095367432,4.199999809265137,4.309999942779541
2014-06-06,5574800,4.449999809265137,4.389999866485596,4.46999979019165,4.320000171661377,4.389999866485596
2014-06-05,9960900,4.380000114440918,4.440000057220459,4.53000020980835,4.349999904632568,4.440000057220459
2014-06-04,9014100,4.25,4.349999904632568,4.429999828338623,4.170000076293945,4.349999904632568
2014-06-03,11961200,4.369999885559082,4.409999847412109,4.579999923706055,4.289999961853027,4.409999847412109
2014-06-02,7196200,4.489999771118164,4.380000114440918,4.519999980926514,4.360000133514404,4.380000114440918
2014-05-30,8814400,4.429999828338623,4.349999904632568,4.46999979019165,4.269999980926514,4.349999904632568
2014-05-29,21447300,4.300000190734863,4.360000133514404,4.610000133514404,4.269999980926514,4.360000133514404
2014-05-28,20144000,4.0,4.360000133514404,4.489999771118164,4.0,4.360000133514404
2014-05-27,9123400,4.0,4.0,4.090000152587891,3.950000047683716,4.0
2014-05-23,9486200,4.199999809265137,4.090000152587891,4.300000190734863,4.070000171661377,4.090000152587891
2014-05-22,13715800,4.420000076293945,4.300000190734863,4.449999809265137,4.170000076293945,4.300000190734863
2014-05-21,12114400,4.480000019073486,4.429999828338623,4.550000190734863,4.360000133514404,4.429999828338623
2014-05-20,17924900,4.489999771118164,4.400000095367432,4.659999847412109,4.320000171661377,4.400000095367432
2014-05-19,18324100,4.380000114440918,4.489999771118164,4.579999923706055,4.309999942779541,4.489999771118164
2014-05-16,29884900,4.099999904632568,4.289999961853027,4.449999809265137,4.039999961853027,4.289999961853027
2014-05-15,27464500,4.0,4.03000020980835,4.159999847412109,3.890000104904175,4.03000020980835
2014-05-14,32938300,3.8299999237060547,3.819999933242798,4.039999961853027,3.700000047683716,3.819999933242798
2014-05-13,55166400,4.079999923706055,4.090000152587891,4.550000190734863,4.0,4.090000152587891
2014-05-12,20366300,3.809999942779541,3.9000000953674316,3.9200000762939453,3.700000047683716,3.9000000953674316
2014-05-09,20633100,3.930000066757202,3.7200000286102295,3.950000047683716,3.6700000762939453,3.7200000286102295
2014-05-08,22888600,3.880000114440918,3.640000104904175,4.059999942779541,3.619999885559082,3.640000104904175
2014-05-07,24125000,3.9000000953674316,3.950000047683716,4.079999923706055,3.6500000953674316,3.950000047683716
2014-05-06,26640500,4.050000190734863,3.799999952316284,4.139999866485596,3.7100000381469727,3.799999952316284
2014-05-05,27530600,4.409999847412109,4.059999942779541,4.429999828338623,4.010000228881836,4.059999942779541
2014-05-02,15527500,4.730000019073486,4.5,4.760000228881836,4.449999809265137,4.5
2014-05-01,18070500,4.670000076293945,4.690000057220459,4.980000019073486,4.550000190734863,4.690000057220459
2014-04-30,13167300,4.829999923706055,4.650000095367432,4.849999904632568,4.550000190734863,4.650000095367432
2014-04-29,37013500,4.440000057220459,4.809999942779541,5.079999923706055,4.110000133514404,4.809999942779541
2014-04-28,42907700,5.369999885559082,4.659999847412109,5.400000095367432,4.340000152587891,4.659999847412109
2014-04-25,51549600,5.599999904632568,5.369999885559082,5.75,5.320000171661377,5.369999885559082
2014-04-24,20989500,6.5,6.010000228881836,6.570000171661377,6.0,6.010000228881836
2014-04-23,24079600,6.150000095367432,6.409999847412109,6.630000114440918,6.03000020980835,6.409999847412109
2014-04-22,31182800,6.900000095367432,6.699999809265137,6.980000019073486,6.550000190734863,6.699999809265137
2014-04-21,58495700,7.610000133514404,7.010000228881836,8.369999885559082,6.809999942779541,7.010000228881836
2014-04-17,19830500,7.079999923706055,7.320000171661377,7.440000057220459,7.0,7.320000171661377
2014-04-16,11247200,7.130000114440918,7.079999923706055,7.190000057220459,6.829999923706055,7.079999923706055
2014-04-15,23448300,7.400000095367432,6.989999771118164,7.480000019073486,6.53000020980835,6.989999771118164
2014-04-14,19839100,7.369999885559082,7.320000171661377,7.699999809265137,7.059999942779541,7.320000171661377
2014-04-11,19644400,6.949999809265137,7.289999961853027,7.400000095367432,6.809999942779541,7.289999961853027
2014-04-10,15875600,7.150000095367432,7.039999961853027,7.429999828338623,6.909999847412109,7.039999961853027
2014-04-09,10938900,7.119999885559082,7.150000095367432,7.230000019073486,7.010000228881836,7.150000095367432
2014-04-08,17744500,7.079999923706055,7.210000038146973,7.28000020980835,6.800000190734863,7.210000038146973
2014-04-07,19453800,6.949999809265137,6.739999771118164,7.179999828338623,6.579999923706055,6.739999771118164
2014-04-04,27207900,7.639999866485596,7.119999885559082,7.71999979019165,6.949999809265137,7.119999885559082
2014-04-03,27409400,7.699999809265137,7.630000114440918,7.869999885559082,7.46999979019165,7.630000114440918
2014-04-02,59488200,7.610000133514404,7.480000019073486,8.100000381469727,7.170000076293945,7.480000019073486
2014-04-01,41872000,7.010000228881836,7.539999961853027,7.679999828338623,6.849999904632568,7.539999961853027
2014-03-31,36313200,7.090000152587891,7.099999904632568,7.420000076293945,6.920000076293945,7.099999904632568
2014-03-28,26162900,6.849999904632568,6.900000095367432,7.150000095367432,6.679999828338623,6.900000095367432
2014-03-27,45187800,6.550000190734863,6.889999866485596,7.190000057220459,6.210000038146973,6.889999866485596
2014-03-26,119252700,7.630000114440918,6.449999809265137,7.860000133514404,6.260000228881836,6.449999809265137
2014-03-25,137021500,5.929999828338623,8.479999542236328,8.479999542236328,5.800000190734863,8.479999542236328
2014-03-24,26559500,6.099999904632568,5.690000057220459,6.230000019073486,5.559999942779541,5.690000057220459
2014-03-21,52597200,6.090000152587891,5.940000057220459,6.119999885559082,5.329999923706055,5.940000057220459
2014-03-20,27852300,6.099999904632568,5.96999979019165,6.329999923706055,5.909999847412109,5.96999979019165
2014-03-19,52422400,6.190000057220459,6.210000038146973,6.570000171661377,5.989999771118164,6.210000038146973
2014-03-18,56945500,6.489999771118164,5.960000038146973,6.590000152587891,5.820000171661377,5.960000038146973
2014-03-17,58073600,7.179999828338623,6.510000228881836,7.340000152587891,6.269999980926514,6.510000228881836
2014-03-14,75379800,7.480000019073486,6.710000038146973,7.989999771118164,6.579999923706055,6.710000038146973
2014-03-13,131348100,7.579999923706055,8.0,8.479999542236328,6.960000038146973,8.0
2014-03-12,140949000,5.820000171661377,6.800000190734863,7.400000095367432,5.320000171661377,6.800000190734863
2014-03-11,243272100,11.4399995803833,6.03000020980835,11.720000267028809,5.949999809265137,6.03000020980835
2014-03-10,211757700,9.229999542236328,10.3100004196167,11.40999984741211,8.569999694824219,10.3100004196167
2014-03-07,125747000,6.789999961853027,8.270000457763672,8.350000381469727,6.53000020980835,8.270000457763672
2014-03-06,47838600,6.449999809265137,6.360000133514404,6.690000057220459,6.019999980926514,6.360000133514404
2014-03-05,56042600,6.960000038146973,6.75,7.010000228881836,6.449999809265137,6.75
2014-03-04,121434400,6.460000038146973,6.690000057220459,7.090000152587891,6.239999771118164,6.690000057220459
2014-03-03,84414000,4.599999904632568,5.820000171661377,5.829999923706055,4.5,5.820000171661377
2014-02-28,37353600,4.510000228881836,4.670000076293945,4.840000152587891,4.449999809265137,4.670000076293945
2014-02-27,21812200,4.380000114440918,4.369999885559082,4.570000171661377,4.25,4.369999885559082
2014-02-26,52906000,4.489999771118164,4.409999847412109,4.639999866485596,4.25,4.409999847412109
2014-02-25,33159200,3.6700000762939453,3.9000000953674316,4.050000190734863,3.6700000762939453,3.9000000953674316
2014-02-24,7827500,3.6600000858306885,3.690000057220459,3.75,3.5999999046325684,3.690000057220459
2014-02-21,6159000,3.690000057220459,3.630000114440918,3.75,3.5799999237060547,3.630000114440918
2014-02-20,14027000,3.5,3.700000047683716,3.7200000286102295,3.359999895095825,3.700000047683716
2014-02-19,12469500,3.819999933242798,3.5899999141693115,3.8499999046325684,3.559999942779541,3.5899999141693115
2014-02-18,8370500,3.880000114440918,3.869999885559082,3.9200000762939453,3.799999952316284,3.869999885559082
2014-02-14,13630300,3.940000057220459,3.7799999713897705,3.950000047683716,3.7300000190734863,3.7799999713897705
2014-02-13,19320500,3.7899999618530273,3.940000057220459,3.940000057220459,3.7699999809265137,3.940000057220459
2014-02-12,22885500,3.549999952316284,3.740000009536743,3.8399999141693115,3.509999990463257,3.740000009536743
2014-02-11,12990400,3.6700000762939453,3.509999990463257,3.680000066757202,3.5,3.509999990463257
2014-02-10,47977300,3.630000114440918,3.549999952316284,3.7899999618530273,3.430000066757202,3.549999952316284
2014-02-07,9046200,3.1600000858306885,3.0999999046325684,3.240000009536743,3.059999942779541,3.0999999046325684
2014-02-06,15078400,3.1700000762939453,3.180000066757202,3.359999895095825,3.109999895095825,3.180000066757202
2014-02-05,12443600,3.180000066757202,3.069999933242798,3.2300000190734863,3.0199999809265137,3.069999933242798
2014-02-04,24443300,2.880000114440918,3.2699999809265137,3.299999952316284,2.799999952316284,3.2699999809265137
2014-02-03,10240100,3.0999999046325684,2.8399999141693115,3.1600000858306885,2.799999952316284,2.8399999141693115
2014-01-31,10505200,3.1600000858306885,3.0199999809265137,3.2100000381469727,2.950000047683716,3.0199999809265137
2014-01-30,17646900,3.0299999713897705,3.119999885559082,3.25,3.0299999713897705,3.119999885559082
2014-01-29,29613600,2.609999895095825,2.9700000286102295,3.2100000381469727,2.559999942779541,2.9700000286102295
2014-01-28,9958200,2.7100000381469727,2.690000057220459,2.7300000190734863,2.549999952316284,2.690000057220459
2014-01-27,24808500,2.940000057220459,2.609999895095825,2.950000047683716,2.2200000286102295,2.609999895095825
2014-01-24,15619700,2.9600000381469727,2.809999942779541,2.990000009536743,2.75,2.809999942779541
2014-01-23,16827700,3.190000057220459,3.0799999237060547,3.240000009536743,2.9800000190734863,3.0799999237060547
2014-01-22,12205700,3.5,3.3399999141693115,3.5299999713897705,3.3299999237060547,3.3399999141693115
2014-01-21,13771100,3.630000114440918,3.5,3.630000114440918,3.4100000858306885,3.5
2014-01-17,13088500,3.559999942779541,3.4800000190734863,3.630000114440918,3.450000047683716,3.4800000190734863
2014-01-16,54647100,3.9000000953674316,3.549999952316284,4.199999809265137,3.4600000381469727,3.549999952316284
2014-01-15,24393100,3.630000114440918,3.799999952316284,3.890000104904175,3.490000009536743,3.799999952316284
2014-01-14,18651400,3.7300000190734863,3.5899999141693115,3.75,3.3299999237060547,3.5899999141693115
2014-01-13,22265900,3.880000114440918,3.630000114440918,3.9800000190734863,3.569999933242798,3.630000114440918
2014-01-10,51266800,3.4600000381469727,3.6500000953674316,4.0,3.4100000858306885,3.6500000953674316
2014-01-09,64259800,4.0,3.319999933242798,4.0,3.309999942779541,3.319999933242798
2014-01-08,110974800,4.119999885559082,4.550000190734863,4.900000095367432,4.010000228881836,4.550000190734863
2014-01-07,122114900,3.0899999141693115,3.8499999046325684,4.139999866485596,3.049999952316284,3.8499999046325684
2014-01-06,26019900,2.640000104904175,2.7699999809265137,2.819999933242798,2.430000066757202,2.7699999809265137
2014-01-03,64676300,2.549999952316284,2.609999895095825,2.8399999141693115,2.4100000858306885,2.609999895095825
2014-01-02,53029400,2.059999942779541,2.3299999237060547,2.3299999237060547,1.8899999856948853,2.3299999237060547
2013-12-31,3691200,1.6399999856948853,1.5499999523162842,1.649999976158142,1.5499999523162842,1.5499999523162842
2013-12-30,2203100,1.6699999570846558,1.6299999952316284,1.6799999475479126,1.600000023841858,1.6299999952316284
2013-12-27,6295400,1.7000000476837158,1.659999966621399,1.7300000190734863,1.5499999523162842,1.659999966621399
2013-12-26,2373100,1.75,1.7200000286102295,1.7799999713897705,1.7000000476837158,1.7200000286102295
2013-12-24,2413200,1.75,1.75,1.7999999523162842,1.690000057220459,1.75
2013-12-23,2967900,1.8600000143051147,1.7699999809265137,1.8600000143051147,1.7599999904632568,1.7699999809265137
2013-12-20,3882900,1.7999999523162842,1.840000033378601,1.8700000047683716,1.7999999523162842,1.840000033378601
2013-12-19,3627800,1.840000033378601,1.7999999523162842,1.840000033378601,1.7400000095367432,1.7999999523162842
2013-12-18,3045400,1.8799999952316284,1.8200000524520874,1.8899999856948853,1.7799999713897705,1.8200000524520874
2013-12-17,10139300,1.8899999856948853,1.809999942779541,1.9500000476837158,1.7400000095367432,1.809999942779541
2013-12-16,8675400,1.9900000095367432,1.9500000476837158,2.059999942779541,1.899999976158142,1.9500000476837158
2013-12-13,15814800,2.049999952316284,2.0899999141693115,2.1700000762939453,2.0199999809265137,2.0899999141693115
2013-12-12,14546700,1.8200000524520874,1.9800000190734863,1.9900000095367432,1.809999942779541,1.9800000190734863
2013-12-11,7313300,1.809999942779541,1.7699999809265137,1.8899999856948853,1.7200000286102295,1.7699999809265137
2013-12-10,22999600,1.649999976158142,1.8700000047683716,1.8799999952316284,1.4800000190734863,1.8700000047683716
2013-12-09,25205600,1.9299999475479126,1.6799999475479126,1.9299999475479126,1.6100000143051147,1.6799999475479126
2013-12-06,52213600,2.0799999237060547,2.059999942779541,2.240000009536743,1.840000033378601,2.059999942779541
2013-12-05,69953600,1.4500000476837158,1.809999942779541,1.9600000381469727,1.4299999475479126,1.809999942779541
2013-12-04,37281700,1.0499999523162842,1.2699999809265137,1.2799999713897705,1.0099999904632568,1.2699999809265137
2013-12-03,4675600,0.8399999737739563,0.7900000214576721,0.8399999737739563,0.7599999904632568,0.7900000214576721
2013-12-02,8794000,0.75,0.8199999928474426,0.8299999833106995,0.7400000095367432,0.8199999928474426
2013-11-29,3051200,0.7099999785423279,0.7400000095367432,0.7400000095367432,0.7099999785423279,0.7400000095367432
2013-11-27,3116700,0.6700000166893005,0.7099999785423279,0.7099999785423279,0.6600000262260437,0.7099999785423279
2013-11-26,1961600,0.6499999761581421,0.6600000262260437,0.6800000071525574,0.6299999952316284,0.6600000262260437
2013-11-25,1153100,0.6800000071525574,0.6299999952316284,0.6800000071525574,0.6200000047683716,0.6299999952316284
2013-11-22,1135000,0.6600000262260437,0.6600000262260437,0.6899999976158142,0.6399999856948853,0.6600000262260437
2013-11-21,1767000,0.6600000262260437,0.6399999856948853,0.6600000262260437,0.6200000047683716,0.6399999856948853
2013-11-20,701700,0.6700000166893005,0.6399999856948853,0.6700000166893005,0.6399999856948853,0.6399999856948853
2013-11-19,2120600,0.6800000071525574,0.6600000262260437,0.6899999976158142,0.6399999856948853,0.6600000262260437
2013-11-18,2640200,0.699999988079071,0.6800000071525574,0.7099999785423279,0.6600000262260437,0.6800000071525574
2013-11-15,6650400,0.6800000071525574,0.6800000071525574,0.7300000190734863,0.6800000071525574,0.6800000071525574
2013-11-14,7134200,0.6100000143051147,0.6700000166893005,0.6700000166893005,0.5799999833106995,0.6700000166893005
2013-11-13,3073500,0.5299999713897705,0.550000011920929,0.5899999737739563,0.5299999713897705,0.550000011920929
2013-11-12,909800,0.550000011920929,0.5299999713897705,0.550000011920929,0.5199999809265137,0.5299999713897705
2013-11-11,980600,0.5400000214576721,0.5299999713897705,0.5600000023841858,0.5199999809265137,0.5299999713897705
2013-11-08,691300,0.5,0.5299999713897705,0.5400000214576721,0.5,0.5299999713897705
2013-11-07,2556100,0.4699999988079071,0.5199999809265137,0.550000011920929,0.4699999988079071,0.5199999809265137
2013-11-06,3493100,0.550000011920929,0.47999998927116394,0.5799999833106995,0.44999998807907104,0.47999998927116394
2013-11-05,1361400,0.5899999737739563,0.550000011920929,0.5899999737739563,0.550000011920929,0.550000011920929
2013-11-04,809000,0.5699999928474426,0.5699999928474426,0.5899999737739563,0.5699999928474426,0.5699999928474426
2013-11-01,531400,0.6000000238418579,0.5799999833106995,0.6000000238418579,0.5699999928474426,0.5799999833106995
2013-10-31,1192900,0.6200000047683716,0.5799999833106995,0.6200000047683716,0.5799999833106995,0.5799999833106995
2013-10-30,634500,0.6200000047683716,0.6100000143051147,0.6299999952316284,0.6000000238418579,0.6100000143051147
2013-10-29,1038000,0.6100000143051147,0.6000000238418579,0.6200000047683716,0.6000000238418579,0.6000000238418579
2013-10-28,1053300,0.6000000238418579,0.6000000238418579,0.6100000143051147,0.5899999737739563,0.6000000238418579
2013-10-25,1319800,0.5699999928474426,0.5799999833106995,0.6000000238418579,0.5600000023841858,0.5799999833106995
2013-10-24,1656400,0.550000011920929,0.5600000023841858,0.5899999737739563,0.550000011920929,0.5600000023841858
2013-10-23,1516500,0.6000000238418579,0.5699999928474426,0.6000000238418579,0.5600000023841858,0.5699999928474426
2013-10-22,2379600,0.6100000143051147,0.5799999833106995,0.6299999952316284,0.5799999833106995,0.5799999833106995
2013-10-21,1323500,0.6399999856948853,0.6200000047683716,0.6399999856948853,0.6100000143051147,0.6200000047683716
2013-10-18,982300,0.6100000143051147,0.6299999952316284,0.6399999856948853,0.6100000143051147,0.6299999952316284
2013-10-17,1562100,0.6000000238418579,0.6100000143051147,0.6200000047683716,0.5899999737739563,0.6100000143051147
2013-10-16,3030600,0.6200000047683716,0.5799999833106995,0.6200000047683716,0.5699999928474426,0.5799999833106995
2013-10-15,1520300,0.6299999952316284,0.6200000047683716,0.6499999761581421,0.6000000238418579,0.6200000047683716
2013-10-14,2679300,0.6600000262260437,0.6399999856948853,0.6600000262260437,0.6299999952316284,0.6399999856948853
2013-10-11,3634000,0.6899999976158142,0.6800000071525574,0.7200000286102295,0.6700000166893005,0.6800000071525574
2013-10-10,5459900,0.5899999737739563,0.6700000166893005,0.6800000071525574,0.5899999737739563,0.6700000166893005
2013-10-09,2843800,0.6000000238418579,0.5699999928474426,0.6399999856948853,0.5699999928474426,0.5699999928474426
2013-10-08,15423900,0.7400000095367432,0.6200000047683716,0.7699999809265137,0.550000011920929,0.6200000047683716
2013-10-07,2505100,0.7200000286102295,0.7099999785423279,0.7400000095367432,0.6899999976158142,0.7099999785423279
2013-10-04,2969200,0.6800000071525574,0.7099999785423279,0.7200000286102295,0.6700000166893005,0.7099999785423279
2013-10-03,3274000,0.699999988079071,0.6800000071525574,0.699999988079071,0.6600000262260437,0.6800000071525574
2013-10-02,2909200,0.7300000190734863,0.699999988079071,0.7300000190734863,0.6800000071525574,0.699999988079071
2013-10-01,7635600,0.75,0.7099999785423279,0.75,0.6499999761581421,0.7099999785423279
2013-09-30,7944500,0.75,0.7400000095367432,0.75,0.7099999785423279,0.7400000095367432
2013-09-27,10662000,0.6399999856948853,0.699999988079071,0.699999988079071,0.6200000047683716,0.699999988079071
2013-09-26,3205100,0.6399999856948853,0.6399999856948853,0.6700000166893005,0.6299999952316284,0.6399999856948853
2013-09-25,9648500,0.5899999737739563,0.6299999952316284,0.6600000262260437,0.5899999737739563,0.6299999952316284
2013-09-24,1746000,0.6000000238418579,0.5899999737739563,0.6000000238418579,0.5699999928474426,0.5899999737739563
2013-09-23,1523300,0.6000000238418579,0.5799999833106995,0.6000000238418579,0.5699999928474426,0.5799999833106995
2013-09-20,2335300,0.6200000047683716,0.5699999928474426,0.6299999952316284,0.5699999928474426,0.5699999928474426
2013-09-19,3291300,0.6000000238418579,0.6200000047683716,0.6399999856948853,0.5899999737739563,0.6200000047683716
2013-09-18,1737300,0.5899999737739563,0.5899999737739563,0.6000000238418579,0.5699999928474426,0.5899999737739563
2013-09-17,2717900,0.6100000143051147,0.5899999737739563,0.6100000143051147,0.5699999928474426,0.5899999737739563
2013-09-16,5183600,0.5699999928474426,0.6200000047683716,0.6200000047683716,0.5600000023841858,0.6200000047683716
2013-09-13,2132100,0.5799999833106995,0.5600000023841858,0.5799999833106995,0.550000011920929,0.5600000023841858
2013-09-12,4289100,0.5600000023841858,0.5600000023841858,0.5799999833106995,0.550000011920929,0.5600000023841858
2013-09-11,17804300,0.5699999928474426,0.5400000214576721,0.6000000238418579,0.5199999809265137,0.5400000214576721
2013-09-10,7677500,0.7799999713897705,0.6800000071525574,0.800000011920929,0.6299999952316284,0.6800000071525574
2013-09-09,8414400,0.7099999785423279,0.7599999904632568,0.7699999809265137,0.699999988079071,0.7599999904632568
2013-09-06,6270800,0.6399999856948853,0.6800000071525574,0.6899999976158142,0.6299999952316284,0.6800000071525574
2013-09-05,4553900,0.5699999928474426,0.6200000047683716,0.6200000047683716,0.5699999928474426,0.6200000047683716
2013-09-04,5825300,0.5400000214576721,0.5699999928474426,0.6000000238418579,0.5400000214576721,0.5699999928474426
2013-09-03,3376800,0.5299999713897705,0.5400000214576721,0.5699999928474426,0.5199999809265137,0.5400000214576721
2013-08-30,2350300,0.5199999809265137,0.5299999713897705,0.5299999713897705,0.46000000834465027,0.5299999713897705
2013-08-29,4588600,0.5799999833106995,0.5099999904632568,0.5799999833106995,0.5,0.5099999904632568
2013-08-28,8971000,0.5199999809265137,0.5699999928474426,0.5799999833106995,0.5099999904632568,0.5699999928474426
2013-08-27,3086100,0.47999998927116394,0.5099999904632568,0.5099999904632568,0.44999998807907104,0.5099999904632568
2013-08-26,5986200,0.4399999976158142,0.47999998927116394,0.5099999904632568,0.4300000071525574,0.47999998927116394
2013-08-23,1892700,0.4399999976158142,0.4399999976158142,0.4399999976158142,0.41999998688697815,0.4399999976158142
2013-08-22,835700,0.4300000071525574,0.41999998688697815,0.4399999976158142,0.4099999964237213,0.41999998688697815
2013-08-21,2677600,0.4099999964237213,0.4099999964237213,0.4399999976158142,0.4000000059604645,0.4099999964237213
2013-08-20,1550000,0.4000000059604645,0.4000000059604645,0.4099999964237213,0.3700000047683716,0.4000000059604645
2013-08-19,1135800,0.38999998569488525,0.3700000047683716,0.4000000059604645,0.36000001430511475,0.3700000047683716
2013-08-16,431300,0.4000000059604645,0.3799999952316284,0.4099999964237213,0.3799999952316284,0.3799999952316284
2013-08-15,1656100,0.4000000059604645,0.3799999952316284,0.41999998688697815,0.3799999952316284,0.3799999952316284
2013-08-14,903300,0.41999998688697815,0.4000000059604645,0.4300000071525574,0.4000000059604645,0.4000000059604645
2013-08-13,771400,0.4399999976158142,0.41999998688697815,0.44999998807907104,0.4099999964237213,0.41999998688697815
2013-08-12,1194800,0.4099999964237213,0.4300000071525574,0.44999998807907104,0.4099999964237213,0.4300000071525574
2013-08-09,1058300,0.41999998688697815,0.4099999964237213,0.41999998688697815,0.4000000059604645,0.4099999964237213
2013-08-08,5454100,0.49000000953674316,0.4099999964237213,0.49000000953674316,0.4000000059604645,0.4099999964237213
2013-08-07,6537000,0.5400000214576721,0.47999998927116394,0.5600000023841858,0.4699999988079071,0.47999998927116394
2013-08-06,8963500,0.4699999988079071,0.5400000214576721,0.5400000214576721,0.4699999988079071,0.5400000214576721
2013-08-05,2463200,0.4399999976158142,0.46000000834465027,0.4699999988079071,0.4300000071525574,0.46000000834465027
2013-08-02,635400,0.4300000071525574,0.41999998688697815,0.4399999976158142,0.41999998688697815,0.41999998688697815
2013-08-01,974100,0.44999998807907104,0.4099999964237213,0.44999998807907104,0.4099999964237213,0.4099999964237213
2013-07-31,2697600,0.4699999988079071,0.4399999976158142,0.47999998927116394,0.4099999964237213,0.4399999976158142
2013-07-30,4107200,0.38999998569488525,0.46000000834465027,0.46000000834465027,0.3799999952316284,0.46000000834465027
2013-07-29,668700,0.4000000059604645,0.38999998569488525,0.4000000059604645,0.38999998569488525,0.38999998569488525
2013-07-26,622600,0.4000000059604645,0.38999998569488525,0.4000000059604645,0.3799999952316284,0.38999998569488525
2013-07-25,680800,0.3799999952316284,0.4000000059604645,0.4000000059604645,0.3700000047683716,0.4000000059604645
2013-07-24,517400,0.4000000059604645,0.3700000047683716,0.4000000059604645,0.3700000047683716,0.3700000047683716
2013-07-23,1133200,0.4000000059604645,0.38999998569488525,0.4000000059604645,0.3700000047683716,0.38999998569488525
2013-07-22,1049000,0.4000000059604645,0.4000000059604645,0.4000000059604645,0.38999998569488525,0.4000000059604645
2013-07-19,857300,0.4099999964237213,0.4000000059604645,0.4099999964237213,0.3799999952316284,0.4000000059604645
2013-07-18,1819900,0.3799999952316284,0.38999998569488525,0.4099999964237213,0.3799999952316284,0.38999998569488525
2013-07-17,1602500,0.3499999940395355,0.3799999952316284,0.38999998569488525,0.3499999940395355,0.3799999952316284
2013-07-16,1683800,0.3700000047683716,0.3700000047683716,0.3799999952316284,0.3400000035762787,0.3700000047683716
2013-07-15,1192700,0.38999998569488525,0.3700000047683716,0.38999998569488525,0.3700000047683716,0.3700000047683716
2013-07-12,732000,0.38999998569488525,0.38999998569488525,0.4000000059604645,0.3799999952316284,0.38999998569488525
2013-07-11,1253800,0.4000000059604645,0.3799999952316284,0.4000000059604645,0.3799999952316284,0.3799999952316284
2013-07-10,831900,0.38999998569488525,0.3799999952316284,0.38999998569488525,0.3700000047683716,0.3799999952316284
2013-07-09,3559200,0.38999998569488525,0.3799999952316284,0.41999998688697815,0.3700000047683716,0.3799999952316284
2013-07-08,3559000,0.3400000035762787,0.3799999952316284,0.3799999952316284,0.33000001311302185,0.3799999952316284
2013-07-05,3386600,0.2800000011920929,0.33000001311302185,0.3499999940395355,0.2800000011920929,0.33000001311302185
2013-07-03,3179100,0.2800000011920929,0.2800000011920929,0.30000001192092896,0.25999999046325684,0.2800000011920929
2013-07-02,5576500,0.3499999940395355,0.30000001192092896,0.36000001430511475,0.30000001192092896,0.30000001192092896
2013-07-01,3527300,0.4000000059604645,0.36000001430511475,0.4099999964237213,0.36000001430511475,0.36000001430511475
2013-06-28,1329800,0.3499999940395355,0.3799999952316284,0.4099999964237213,0.3499999940395355,0.3799999952316284
2013-06-27,2367700,0.4000000059604645,0.38999998569488525,0.4099999964237213,0.36000001430511475,0.38999998569488525
2013-06-26,1170100,0.4099999964237213,0.38999998569488525,0.41999998688697815,0.38999998569488525,0.38999998569488525
2013-06-25,1798400,0.4000000059604645,0.41999998688697815,0.41999998688697815,0.4000000059604645,0.41999998688697815
2013-06-24,2081300,0.4099999964237213,0.38999998569488525,0.41999998688697815,0.3799999952316284,0.38999998569488525
2013-06-21,3060400,0.4300000071525574,0.41999998688697815,0.4399999976158142,0.4000000059604645,0.41999998688697815
2013-06-20,3624000,0.46000000834465027,0.41999998688697815,0.46000000834465027,0.41999998688697815,0.41999998688697815
2013-06-19,5431100,0.44999998807907104,0.44999998807907104,0.49000000953674316,0.4300000071525574,0.44999998807907104
2013-06-18,2812200,0.4099999964237213,0.4300000071525574,0.4399999976158142,0.4099999964237213,0.4300000071525574
2013-06-17,3470600,0.4399999976158142,0.4099999964237213,0.4399999976158142,0.4099999964237213,0.4099999964237213
2013-06-14,2510900,0.46000000834465027,0.4399999976158142,0.46000000834465027,0.41999998688697815,0.4399999976158142
2013-06-13,6204900,0.47999998927116394,0.46000000834465027,0.49000000953674316,0.41999998688697815,0.46000000834465027
2013-06-12,7884200,0.5299999713897705,0.5,0.5299999713897705,0.4699999988079071,0.5
2013-06-11,9678300,0.47999998927116394,0.5099999904632568,0.5299999713897705,0.4399999976158142,0.5099999904632568
2013-06-10,12087300,0.4000000059604645,0.4699999988079071,0.47999998927116394,0.3799999952316284,0.4699999988079071
2013-06-07,3485900,0.38999998569488525,0.3799999952316284,0.38999998569488525,0.36000001430511475,0.3799999952316284
2013-06-06,2790700,0.36000001430511475,0.3700000047683716,0.3700000047683716,0.3400000035762787,0.3700000047683716
2013-06-05,2317300,0.3700000047683716,0.3499999940395355,0.3700000047683716,0.3499999940395355,0.3499999940395355
2013-06-04,3649100,0.38999998569488525,0.3499999940395355,0.4000000059604645,0.3499999940395355,0.3499999940395355
2013-06-03,3521100,0.4099999964237213,0.38999998569488525,0.41999998688697815,0.38999998569488525,0.38999998569488525
2013-05-31,4232300,0.36000001430511475,0.3799999952316284,0.4000000059604645,0.3499999940395355,0.3799999952316284
2013-05-30,7648400,0.4300000071525574,0.3700000047683716,0.4399999976158142,0.3700000047683716,0.3700000047683716
2013-05-29,14057000,0.46000000834465027,0.4300000071525574,0.4699999988079071,0.4000000059604645,0.4300000071525574
2013-05-28,21240900,0.38999998569488525,0.44999998807907104,0.44999998807907104,0.36000001430511475,0.44999998807907104
2013-05-24,8867400,0.28999999165534973,0.33000001311302185,0.3499999940395355,0.2800000011920929,0.33000001311302185
2013-05-23,3838900,0.25999999046325684,0.2800000011920929,0.28999999165534973,0.25,0.2800000011920929
2013-05-22,14583100,0.3499999940395355,0.27000001072883606,0.3799999952316284,0.25,0.27000001072883606
2013-05-21,8433300,0.25999999046325684,0.3199999928474426,0.33000001311302185,0.25999999046325684,0.3199999928474426
2013-05-20,2300300,0.23999999463558197,0.25,0.25999999046325684,0.23999999463558197,0.25
2013-05-17,989000,0.23999999463558197,0.23999999463558197,0.25,0.23000000417232513,0.23999999463558197
2013-05-16,1542700,0.23999999463558197,0.23999999463558197,0.25,0.2199999988079071,0.23999999463558197
2013-05-15,1271600,0.23999999463558197,0.23000000417232513,0.25,0.2199999988079071,0.23000000417232513
2013-05-14,3179700,0.25999999046325684,0.25,0.27000001072883606,0.23000000417232513,0.25
2013-05-13,1994000,0.23000000417232513,0.25,0.25999999046325684,0.23000000417232513,0.25
2013-05-10,2727100,0.2800000011920929,0.23000000417232513,0.2800000011920929,0.23000000417232513,0.23000000417232513
2013-05-09,7706500,0.25999999046325684,0.25,0.28999999165534973,0.23000000417232513,0.25
2013-05-08,8601100,0.18000000715255737,0.23999999463558197,0.25,0.17000000178813934,0.23999999463558197
2013-05-07,172400,0.1599999964237213,0.1599999964237213,0.1599999964237213,0.15000000596046448,0.1599999964237213
2013-05-06,187000,0.1599999964237213,0.15000000596046448,0.1599999964237213,0.15000000596046448,0.15000000596046448
2013-05-03,336600,0.1599999964237213,0.15000000596046448,0.1599999964237213,0.15000000596046448,0.15000000596046448
2013-05-02,265300,0.15000000596046448,0.1599999964237213,0.1599999964237213,0.15000000596046448,0.1599999964237213
2013-05-01,170600,0.1599999964237213,0.1599999964237213,0.1599999964237213,0.15000000596046448,0.1599999964237213
2013-04-30,316500,0.17000000178813934,0.1599999964237213,0.17000000178813934,0.1599999964237213,0.1599999964237213
2013-04-29,183000,0.1599999964237213,0.1599999964237213,0.1599999964237213,0.1599999964237213,0.1599999964237213
2013-04-26,291800,0.1599999964237213,0.1599999964237213,0.1599999964237213,0.1599999964237213,0.1599999964237213
2013-04-25,328000,0.17000000178813934,0.1599999964237213,0.17000000178813934,0.1599999964237213,0.1599999964237213
2013-04-24,346300,0.1599999964237213,0.1599999964237213,0.1599999964237213,0.1599999964237213,0.1599999964237213
2013-04-23,269400,0.1599999964237213,0.1599999964237213,0.17000000178813934,0.15000000596046448,0.1599999964237213
2013-04-22,593600,0.1599999964237213,0.15000000596046448,0.17000000178813934,0.15000000596046448,0.15000000596046448
2013-04-19,1249500,0.15000000596046448,0.1599999964237213,0.1599999964237213,0.15000000596046448,0.1599999964237213
2013-04-18,728500,0.1599999964237213,0.1599999964237213,0.17000000178813934,0.1599999964237213,0.1599999964237213
2013-04-17,897600,0.1599999964237213,0.1599999964237213,0.17000000178813934,0.1599999964237213,0.1599999964237213
2013-04-16,1223900,0.18000000715255737,0.1599999964237213,0.18000000715255737,0.1599999964237213,0.1599999964237213
2013-04-15,923900,0.17000000178813934,0.18000000715255737,0.1899999976158142,0.17000000178813934,0.18000000715255737
2013-04-12,835900,0.17000000178813934,0.18000000715255737,0.1899999976158142,0.17000000178813934,0.18000000715255737
2013-04-11,974100,0.17000000178813934,0.17000000178813934,0.18000000715255737,0.17000000178813934,0.17000000178813934
2013-04-10,797800,0.18000000715255737,0.17000000178813934,0.18000000715255737,0.17000000178813934,0.17000000178813934
2013-04-09,816300,0.18000000715255737,0.17000000178813934,0.18000000715255737,0.17000000178813934,0.17000000178813934
2013-04-08,1029700,0.1899999976158142,0.18000000715255737,0.1899999976158142,0.17000000178813934,0.18000000715255737
2013-04-05,874200,0.18000000715255737,0.1899999976158142,0.1899999976158142,0.18000000715255737,0.1899999976158142
2013-04-04,1091800,0.1899999976158142,0.18000000715255737,0.1899999976158142,0.17000000178813934,0.18000000715255737
2013-04-03,1884500,0.1899999976158142,0.18000000715255737,0.20999999344348907,0.17000000178813934,0.18000000715255737
2013-04-02,3027200,0.17000000178813934,0.1899999976158142,0.20000000298023224,0.1599999964237213,0.1899999976158142
2013-04-01,4784600,0.1899999976158142,0.17000000178813934,0.20000000298023224,0.15000000596046448,0.17000000178813934
2013-03-28,2114700,0.23999999463558197,0.2199999988079071,0.23999999463558197,0.20999999344348907,0.2199999988079071
2013-03-27,881100,0.23999999463558197,0.23000000417232513,0.25,0.23000000417232513,0.23000000417232513
2013-03-26,1608500,0.25999999046325684,0.23000000417232513,0.25999999046325684,0.2199999988079071,0.23000000417232513
2013-03-25,1791100,0.25999999046325684,0.25,0.25999999046325684,0.23999999463558197,0.25
2013-03-22,2477400,0.2199999988079071,0.23000000417232513,0.23999999463558197,0.20999999344348907,0.23000000417232513
2013-03-21,4632100,0.23000000417232513,0.20999999344348907,0.25,0.20999999344348907,0.20999999344348907
2013-03-20,12536800,0.30000001192092896,0.20000000298023224,0.3199999928474426,0.20000000298023224,0.20000000298023224
2013-03-19,7041900,0.2199999988079071,0.27000001072883606,0.27000001072883606,0.20999999344348907,0.27000001072883606
2013-03-18,6700100,0.18000000715255737,0.2199999988079071,0.23999999463558197,0.18000000715255737,0.2199999988079071
2013-03-15,1206500,0.18000000715255737,0.18000000715255737,0.18000000715255737,0.17000000178813934,0.18000000715255737
2013-03-14,2546600,0.17000000178813934,0.17000000178813934,0.18000000715255737,0.1599999964237213,0.17000000178813934
2013-03-13,878600,0.18000000715255737,0.1599999964237213,0.18000000715255737,0.1599999964237213,0.1599999964237213
2013-03-12,986300,0.18000000715255737,0.18000000715255737,0.18000000715255737,0.17000000178813934,0.18000000715255737
2013-03-11,782300,0.18000000715255737,0.17000000178813934,0.18000000715255737,0.17000000178813934,0.17000000178813934
2013-03-08,1708500,0.17000000178813934,0.17000000178813934,0.18000000715255737,0.1599999964237213,0.17000000178813934
2013-03-07,1927900,0.18000000715255737,0.17000000178813934,0.18000000715255737,0.1599999964237213,0.17000000178813934
2013-03-06,4018600,0.18000000715255737,0.18000000715255737,0.18000000715255737,0.17000000178813934,0.18000000715255737
2013-03-05,2282000,0.1899999976158142,0.17000000178813934,0.1899999976158142,0.17000000178813934,0.17000000178813934
2013-03-04,5240800,0.1599999964237213,0.17000000178813934,0.1899999976158142,0.14000000059604645,0.17000000178813934
2013-03-01,8419300,0.18000000715255737,0.15000000596046448,0.1899999976158142,0.15000000596046448,0.15000000596046448
2013-02-28,9549900,0.14000000059604645,0.17000000178813934,0.18000000715255737,0.14000000059604645,0.17000000178813934
2013-02-27,2457300,0.11999999731779099,0.12999999523162842,0.14000000059604645,0.11999999731779099,0.12999999523162842
2013-02-26,1088500,0.11999999731779099,0.11999999731779099,0.12999999523162842,0.11999999731779099,0.11999999731779099
2013-02-25,3607600,0.15000000596046448,0.11999999731779099,0.15000000596046448,0.11999999731779099,0.11999999731779099
2013-02-22,2671600,0.14000000059604645,0.12999999523162842,0.15000000596046448,0.12999999523162842,0.12999999523162842
2013-02-21,1810800,0.15000000596046448,0.12999999523162842,0.15000000596046448,0.12999999523162842,0.12999999523162842
2013-02-20,3077300,0.15000000596046448,0.14000000059604645,0.1599999964237213,0.14000000059604645,0.14000000059604645
2013-02-19,5618000,0.15000000596046448,0.15000000596046448,0.15000000596046448,0.14000000059604645,0.15000000596046448
2013-02-15,8484000,0.12999999523162842,0.14000000059604645,0.14000000059604645,0.12999999523162842,0.14000000059604645
2013-02-14,27726000,0.15000000596046448,0.11999999731779099,0.15000000596046448,0.11999999731779099,0.11999999731779099
2013-02-13,2782600,0.3499999940395355,0.25,0.3499999940395355,0.25,0.25
2013-02-12,526000,0.3799999952316284,0.3400000035762787,0.4000000059604645,0.33000001311302185,0.3400000035762787
2013-02-11,127800,0.4099999964237213,0.38999998569488525,0.4099999964237213,0.3799999952316284,0.38999998569488525
2013-02-08,138700,0.4000000059604645,0.4000000059604645,0.4099999964237213,0.38999998569488525,0.4000000059604645
2013-02-07,292900,0.4099999964237213,0.4000000059604645,0.4099999964237213,0.3700000047683716,0.4000000059604645
2013-02-06,534900,0.4000000059604645,0.3700000047683716,0.41999998688697815,0.36000001430511475,0.3700000047683716
2013-02-05,180000,0.41999998688697815,0.4099999964237213,0.4300000071525574,0.4000000059604645,0.4099999964237213
2013-02-04,267400,0.4399999976158142,0.41999998688697815,0.46000000834465027,0.3799999952316284,0.41999998688697815
2013-02-01,220500,0.46000000834465027,0.4399999976158142,0.4699999988079071,0.4399999976158142,0.4399999976158142
2013-01-31,78900,0.46000000834465027,0.44999998807907104,0.4699999988079071,0.44999998807907104,0.44999998807907104
2013-01-30,196300,0.4699999988079071,0.46000000834465027,0.47999998927116394,0.46000000834465027,0.46000000834465027
2013-01-29,129900,0.46000000834465027,0.4699999988079071,0.49000000953674316,0.44999998807907104,0.4699999988079071
2013-01-28,128500,0.5099999904632568,0.4699999988079071,0.5099999904632568,0.4699999988079071,0.4699999988079071
2013-01-25,89400,0.4699999988079071,0.49000000953674316,0.49000000953674316,0.4699999988079071,0.49000000953674316
2013-01-24,92100,0.47999998927116394,0.4699999988079071,0.49000000953674316,0.4699999988079071,0.4699999988079071
2013-01-23,151300,0.44999998807907104,0.4699999988079071,0.4699999988079071,0.4399999976158142,0.4699999988079071
2013-01-22,485300,0.47999998927116394,0.44999998807907104,0.49000000953674316,0.4399999976158142,0.44999998807907104
2013-01-18,291900,0.5,0.49000000953674316,0.5,0.47999998927116394,0.49000000953674316
2013-01-17,434500,0.47999998927116394,0.47999998927116394,0.49000000953674316,0.4699999988079071,0.47999998927116394
2013-01-16,903600,0.5,0.47999998927116394,0.5199999809265137,0.4699999988079071,0.47999998927116394
2013-01-15,336700,0.550000011920929,0.550000011920929,0.5899999737739563,0.5199999809265137,0.550000011920929
2013-01-14,342700,0.6299999952316284,0.5899999737739563,0.6700000166893005,0.5799999833106995,0.5899999737739563
2013-01-11,537000,0.75,0.6499999761581421,0.7599999904632568,0.6299999952316284,0.6499999761581421
2013-01-10,329000,0.6299999952316284,0.6800000071525574,0.6899999976158142,0.6000000238418579,0.6800000071525574
2013-01-09,292300,0.5699999928474426,0.5899999737739563,0.6100000143051147,0.5699999928474426,0.5899999737739563
2013-01-08,230200,0.5299999713897705,0.5400000214576721,0.5899999737739563,0.5099999904632568,0.5400000214576721
2013-01-07,131800,0.5299999713897705,0.5299999713897705,0.5400000214576721,0.5099999904632568,0.5299999713897705
2013-01-04,157300,0.5299999713897705,0.5299999713897705,0.5299999713897705,0.5199999809265137,0.5299999713897705
2013-01-03,438000,0.5099999904632568,0.5099999904632568,0.5199999809265137,0.4699999988079071,0.5099999904632568
2013-01-02,143300,0.5,0.5,0.5199999809265137,0.47999998927116394,0.5
2012-12-31,655600,0.5,0.5,0.5299999713897705,0.4699999988079071,0.5
2012-12-28,270700,0.5699999928474426,0.5400000214576721,0.5899999737739563,0.5400000214576721,0.5400000214576721
2012-12-27,226800,0.5699999928474426,0.5799999833106995,0.5799999833106995,0.550000011920929,0.5799999833106995
2012-12-26,169000,0.5699999928474426,0.5799999833106995,0.6000000238418579,0.5699999928474426,0.5799999833106995
2012-12-24,102600,0.5799999833106995,0.5699999928474426,0.6000000238418579,0.5699999928474426,0.5699999928474426
2012-12-21,137300,0.6000000238418579,0.5699999928474426,0.6000000238418579,0.5699999928474426,0.5699999928474426
2012-12-20,259200,0.6000000238418579,0.6000000238418579,0.6499999761581421,0.5899999737739563,0.6000000238418579
2012-12-19,116400,0.6100000143051147,0.6000000238418579,0.6100000143051147,0.5899999737739563,0.6000000238418579
2012-12-18,56800,0.6000000238418579,0.6100000143051147,0.6399999856948853,0.5899999737739563,0.6100000143051147
2012-12-17,57700,0.6499999761581421,0.6100000143051147,0.6499999761581421,0.6000000238418579,0.6100000143051147
2012-12-14,65700,0.5899999737739563,0.6299999952316284,0.6299999952316284,0.5899999737739563,0.6299999952316284
2012-12-13,57900,0.6000000238418579,0.6100000143051147,0.6399999856948853,0.5899999737739563,0.6100000143051147
2012-12-12,103900,0.6399999856948853,0.6000000238418579,0.6499999761581421,0.6000000238418579,0.6000000238418579
2012-12-11,50200,0.6100000143051147,0.6399999856948853,0.6499999761581421,0.6100000143051147,0.6399999856948853
2012-12-10,40600,0.6200000047683716,0.6399999856948853,0.6499999761581421,0.6100000143051147,0.6399999856948853
2012-12-07,37700,0.6100000143051147,0.6499999761581421,0.6600000262260437,0.6100000143051147,0.6499999761581421
2012-12-06,42400,0.6499999761581421,0.6299999952316284,0.6800000071525574,0.6200000047683716,0.6299999952316284
2012-12-05,133600,0.6499999761581421,0.6499999761581421,0.6800000071525574,0.6100000143051147,0.6499999761581421
2012-12-04,50200,0.6700000166893005,0.6600000262260437,0.6700000166893005,0.6299999952316284,0.6600000262260437
2012-12-03,67600,0.6899999976158142,0.6700000166893005,0.6899999976158142,0.6200000047683716,0.6700000166893005
2012-11-30,90400,0.6399999856948853,0.6200000047683716,0.6499999761581421,0.6000000238418579,0.6200000047683716
2012-11-29,348300,0.6399999856948853,0.6000000238418579,0.6499999761581421,0.5899999737739563,0.6000000238418579
2012-11-28,74800,0.6399999856948853,0.6000000238418579,0.6399999856948853,0.6000000238418579,0.6000000238418579
2012-11-27,81100,0.6899999976158142,0.6200000047683716,0.699999988079071,0.6200000047683716,0.6200000047683716
2012-11-26,108000,0.6000000238418579,0.6800000071525574,0.699999988079071,0.6000000238418579,0.6800000071525574
2012-11-23,26600,0.6299999952316284,0.6100000143051147,0.6399999856948853,0.5899999737739563,0.6100000143051147
2012-11-21,113000,0.6200000047683716,0.5899999737739563,0.6200000047683716,0.5899999737739563,0.5899999737739563
2012-11-20,209900,0.6899999976158142,0.5899999737739563,0.6899999976158142,0.5899999737739563,0.5899999737739563
2012-11-19,136800,0.6800000071525574,0.6399999856948853,0.7200000286102295,0.6299999952316284,0.6399999856948853
2012-11-16,50600,0.699999988079071,0.7200000286102295,0.75,0.699999988079071,0.7200000286102295
2012-11-15,29600,0.7400000095367432,0.7300000190734863,0.75,0.7099999785423279,0.7300000190734863
2012-11-14,46300,0.6800000071525574,0.7400000095367432,0.7599999904632568,0.6700000166893005,0.7400000095367432
2012-11-13,94900,0.7400000095367432,0.699999988079071,0.7799999713897705,0.699999988079071,0.699999988079071
2012-11-12,42900,0.75,0.7400000095367432,0.7900000214576721,0.7400000095367432,0.7400000095367432
2012-11-09,23800,0.75,0.75,0.7900000214576721,0.75,0.75
2012-11-08,60600,0.800000011920929,0.7599999904632568,0.800000011920929,0.7599999904632568,0.7599999904632568
2012-11-07,49100,0.7799999713897705,0.800000011920929,0.800000011920929,0.7799999713897705,0.800000011920929
2012-11-06,33200,0.7699999809265137,0.7599999904632568,0.800000011920929,0.7599999904632568,0.7599999904632568
2012-11-05,38600,0.7900000214576721,0.7799999713897705,0.8100000023841858,0.7699999809265137,0.7799999713897705
2012-11-02,52600,0.7799999713897705,0.7900000214576721,0.8100000023841858,0.75,0.7900000214576721
2012-11-01,33800,0.75,0.7699999809265137,0.7799999713897705,0.75,0.7699999809265137
2012-10-31,16400,0.7300000190734863,0.7400000095367432,0.800000011920929,0.7300000190734863,0.7400000095367432
2012-10-26,60900,0.7400000095367432,0.7400000095367432,0.7900000214576721,0.7400000095367432,0.7400000095367432
2012-10-25,222500,0.7400000095367432,0.7400000095367432,0.800000011920929,0.7300000190734863,0.7400000095367432
2012-10-24,118800,0.699999988079071,0.7599999904632568,0.7900000214576721,0.699999988079071,0.7599999904632568
2012-10-23,91400,0.7200000286102295,0.699999988079071,0.7599999904632568,0.6700000166893005,0.699999988079071
2012-10-22,41300,0.7099999785423279,0.7599999904632568,0.800000011920929,0.699999988079071,0.7599999904632568
2012-10-19,90900,0.7900000214576721,0.75,0.800000011920929,0.75,0.75
2012-10-18,96300,0.800000011920929,0.7900000214576721,0.8399999737739563,0.7799999713897705,0.7900000214576721
2012-10-17,82800,0.8199999928474426,0.8100000023841858,0.8500000238418579,0.800000011920929,0.8100000023841858
2012-10-16,50500,0.8500000238418579,0.8399999737739563,0.8899999856948853,0.8299999833106995,0.8399999737739563
2012-10-15,98900,0.9100000262260437,0.8500000238418579,0.9100000262260437,0.8399999737739563,0.8500000238418579
2012-10-12,236600,0.8799999952316284,0.8999999761581421,0.9200000166893005,0.8500000238418579,0.8999999761581421
2012-10-11,41900,0.8600000143051147,0.8700000047683716,0.8899999856948853,0.8600000143051147,0.8700000047683716
2012-10-10,69400,0.8500000238418579,0.8600000143051147,0.8799999952316284,0.8500000238418579,0.8600000143051147
2012-10-09,50100,0.8399999737739563,0.8399999737739563,0.8600000143051147,0.8299999833106995,0.8399999737739563
2012-10-08,52300,0.8500000238418579,0.8299999833106995,0.8600000143051147,0.8299999833106995,0.8299999833106995
2012-10-05,53500,0.8700000047683716,0.8399999737739563,0.8799999952316284,0.8399999737739563,0.8399999737739563
2012-10-04,48600,0.8299999833106995,0.8500000238418579,0.8799999952316284,0.8299999833106995,0.8500000238418579
2012-10-03,35900,0.8600000143051147,0.8399999737739563,0.8700000047683716,0.8299999833106995,0.8399999737739563
2012-10-02,102000,0.8600000143051147,0.8199999928474426,0.9100000262260437,0.8199999928474426,0.8199999928474426
2012-10-01,23800,0.8299999833106995,0.8299999833106995,0.8500000238418579,0.8299999833106995,0.8299999833106995
2012-09-28,63200,0.8399999737739563,0.8299999833106995,0.8600000143051147,0.8299999833106995,0.8299999833106995
2012-09-27,54800,0.8399999737739563,0.8399999737739563,0.8500000238418579,0.8100000023841858,0.8399999737739563
2012-09-26,53600,0.8100000023841858,0.8299999833106995,0.8500000238418579,0.800000011920929,0.8299999833106995
2012-09-25,83300,0.8299999833106995,0.800000011920929,0.8399999737739563,0.800000011920929,0.800000011920929
2012-09-24,42400,0.800000011920929,0.8399999737739563,0.8399999737739563,0.800000011920929,0.8399999737739563
2012-09-21,54300,0.8199999928474426,0.8100000023841858,0.8399999737739563,0.8100000023841858,0.8100000023841858
2012-09-20,74200,0.8199999928474426,0.8199999928474426,0.8500000238418579,0.8100000023841858,0.8199999928474426
2012-09-19,141200,0.8399999737739563,0.8100000023841858,0.8700000047683716,0.8100000023841858,0.8100000023841858
2012-09-18,67000,0.8299999833106995,0.8399999737739563,0.8700000047683716,0.8199999928474426,0.8399999737739563
2012-09-17,104200,0.8899999856948853,0.8500000238418579,0.8899999856948853,0.8399999737739563,0.8500000238418579
2012-09-14,95900,0.8500000238418579,0.8799999952316284,0.8999999761581421,0.8500000238418579,0.8799999952316284
2012-09-13,73200,0.8100000023841858,0.8500000238418579,0.8799999952316284,0.8100000023841858,0.8500000238418579
2012-09-12,88200,0.8600000143051147,0.8199999928474426,0.8799999952316284,0.8199999928474426,0.8199999928474426
2012-09-11,71700,0.8799999952316284,0.8399999737739563,0.8999999761581421,0.8199999928474426,0.8399999737739563
2012-09-10,50100,0.8500000238418579,0.8700000047683716,0.8799999952316284,0.8500000238418579,0.8700000047683716
2012-09-07,211300,0.7599999904632568,0.8199999928474426,0.8799999952316284,0.7599999904632568,0.8199999928474426
2012-09-06,285400,0.9399999976158142,0.8799999952316284,0.9399999976158142,0.8600000143051147,0.8799999952316284
2012-09-05,63400,0.9399999976158142,0.949999988079071,0.9700000286102295,0.9399999976158142,0.949999988079071
2012-09-04,72100,0.9399999976158142,0.949999988079071,0.9599999785423279,0.9300000071525574,0.949999988079071
2012-08-31,44100,1.0099999904632568,0.9599999785423279,1.0499999523162842,0.9599999785423279,0.9599999785423279
2012-08-30,146800,1.0,0.9900000095367432,1.090000033378601,0.9200000166893005,0.9900000095367432
2012-08-29,30400,1.0099999904632568,1.0299999713897705,1.0499999523162842,1.0099999904632568,1.0299999713897705
2012-08-28,13700,1.0199999809265137,1.0299999713897705,1.059999942779541,1.0199999809265137,1.0299999713897705
2012-08-27,71400,1.0499999523162842,1.0499999523162842,1.0499999523162842,1.0199999809265137,1.0499999523162842
2012-08-24,28400,1.059999942779541,1.059999942779541,1.0700000524520874,1.059999942779541,1.059999942779541
2012-08-23,85900,1.0499999523162842,1.0499999523162842,1.0700000524520874,1.0199999809265137,1.0499999523162842
2012-08-22,49000,1.100000023841858,1.0800000429153442,1.1100000143051147,1.0700000524520874,1.0800000429153442
2012-08-21,57300,1.0700000524520874,1.100000023841858,1.100000023841858,1.059999942779541,1.100000023841858
2012-08-20,38700,1.0700000524520874,1.059999942779541,1.0800000429153442,1.0499999523162842,1.059999942779541
2012-08-17,75200,1.0199999809265137,1.0499999523162842,1.0800000429153442,1.0199999809265137,1.0499999523162842
2012-08-16,82800,1.0099999904632568,1.0299999713897705,1.0399999618530273,1.0,1.0299999713897705
2012-08-15,333000,1.1299999952316284,1.0199999809265137,1.1699999570846558,1.0,1.0199999809265137
2012-08-14,287500,1.149999976158142,1.1299999952316284,1.1699999570846558,1.100000023841858,1.1299999952316284
2012-08-13,70700,1.2400000095367432,1.2100000381469727,1.2400000095367432,1.190000057220459,1.2100000381469727
2012-08-10,33800,1.2000000476837158,1.2200000286102295,1.2400000095367432,1.2000000476837158,1.2200000286102295
2012-08-09,72600,1.190000057220459,1.2100000381469727,1.2300000190734863,1.1799999475479126,1.2100000381469727
2012-08-08,82400,1.2300000190734863,1.2000000476837158,1.2400000095367432,1.190000057220459,1.2000000476837158
2012-08-07,205600,1.25,1.2100000381469727,1.2999999523162842,1.1699999570846558,1.2100000381469727
2012-08-06,148200,1.2300000190734863,1.25,1.2799999713897705,1.2300000190734863,1.25
2012-08-03,95200,1.2100000381469727,1.2000000476837158,1.2200000286102295,1.2000000476837158,1.2000000476837158
2012-08-02,50200,1.2200000286102295,1.2200000286102295,1.2300000190734863,1.2000000476837158,1.2200000286102295
2012-08-01,103900,1.2100000381469727,1.2200000286102295,1.25,1.190000057220459,1.2200000286102295
2012-07-31,406700,1.1699999570846558,1.2000000476837158,1.25,1.149999976158142,1.2000000476837158
2012-07-30,54900,1.149999976158142,1.159999966621399,1.1699999570846558,1.149999976158142,1.159999966621399
2012-07-27,54000,1.159999966621399,1.1699999570846558,1.1699999570846558,1.1399999856948853,1.1699999570846558
2012-07-26,43900,1.1399999856948853,1.149999976158142,1.149999976158142,1.1200000047683716,1.149999976158142
2012-07-25,184300,1.1299999952316284,1.1299999952316284,1.159999966621399,1.100000023841858,1.1299999952316284
2012-07-24,69000,1.1799999475479126,1.149999976158142,1.1799999475479126,1.1299999952316284,1.149999976158142
2012-07-23,50600,1.1699999570846558,1.149999976158142,1.1799999475479126,1.1399999856948853,1.149999976158142
2012-07-20,69100,1.159999966621399,1.1699999570846558,1.1799999475479126,1.159999966621399,1.1699999570846558
2012-07-19,202600,1.190000057220459,1.149999976158142,1.190000057220459,1.149999976158142,1.149999976158142
2012-07-18,751000,1.159999966621399,1.1699999570846558,1.2200000286102295,1.1100000143051147,1.1699999570846558
2012-07-17,130900,1.1100000143051147,1.149999976158142,1.149999976158142,1.100000023841858,1.149999976158142
2012-07-16,78800,1.1299999952316284,1.1100000143051147,1.149999976158142,1.100000023841858,1.1100000143051147
2012-07-13,21700,1.1299999952316284,1.1100000143051147,1.1299999952316284,1.100000023841858,1.1100000143051147
2012-07-12,37600,1.100000023841858,1.1100000143051147,1.1299999952316284,1.100000023841858,1.1100000143051147
2012-07-11,52300,1.1100000143051147,1.100000023841858,1.149999976158142,1.100000023841858,1.100000023841858
2012-07-10,18300,1.100000023841858,1.1100000143051147,1.1399999856948853,1.100000023841858,1.1100000143051147
2012-07-09,135500,1.1299999952316284,1.1100000143051147,1.1699999570846558,1.100000023841858,1.1100000143051147
2012-07-06,35000,1.1299999952316284,1.1299999952316284,1.159999966621399,1.1299999952316284,1.1299999952316284
2012-07-05,49700,1.1299999952316284,1.1399999856948853,1.159999966621399,1.1200000047683716,1.1399999856948853
2012-07-03,56800,1.1200000047683716,1.159999966621399,1.159999966621399,1.1200000047683716,1.159999966621399
2012-07-02,63900,1.159999966621399,1.1399999856948853,1.1699999570846558,1.1100000143051147,1.1399999856948853
2012-06-29,95200,1.1200000047683716,1.1399999856948853,1.159999966621399,1.1100000143051147,1.1399999856948853
2012-06-28,86900,1.100000023841858,1.1200000047683716,1.1200000047683716,1.100000023841858,1.1200000047683716
2012-06-27,72800,1.1299999952316284,1.100000023841858,1.1299999952316284,1.100000023841858,1.100000023841858
2012-06-26,74100,1.1399999856948853,1.1200000047683716,1.1399999856948853,1.100000023841858,1.1200000047683716
2012-06-25,142100,1.1299999952316284,1.1100000143051147,1.159999966621399,1.100000023841858,1.1100000143051147
2012-06-22,104400,1.1299999952316284,1.149999976158142,1.149999976158142,1.1100000143051147,1.149999976158142
2012-06-21,92600,1.149999976158142,1.1200000047683716,1.159999966621399,1.1200000047683716,1.1200000047683716
2012-06-20,102100,1.1699999570846558,1.1399999856948853,1.1699999570846558,1.1299999952316284,1.1399999856948853
2012-06-19,57700,1.149999976158142,1.149999976158142,1.159999966621399,1.1399999856948853,1.149999976158142
2012-06-18,41200,1.149999976158142,1.149999976158142,1.1699999570846558,1.1299999952316284,1.149999976158142
2012-06-15,81200,1.159999966621399,1.1399999856948853,1.1799999475479126,1.1399999856948853,1.1399999856948853
2012-06-14,111200,1.1699999570846558,1.1699999570846558,1.190000057220459,1.1399999856948853,1.1699999570846558
2012-06-13,28100,1.1699999570846558,1.1799999475479126,1.190000057220459,1.1699999570846558,1.1799999475479126
2012-06-12,56000,1.1799999475479126,1.1699999570846558,1.2000000476837158,1.1699999570846558,1.1699999570846558
2012-06-11,50900,1.159999966621399,1.159999966621399,1.2000000476837158,1.149999976158142,1.159999966621399
2012-06-08,72600,1.1699999570846558,1.1799999475479126,1.2000000476837158,1.149999976158142,1.1799999475479126
2012-06-07,34400,1.2100000381469727,1.1799999475479126,1.2100000381469727,1.149999976158142,1.1799999475479126
2012-06-06,104400,1.2200000286102295,1.2000000476837158,1.2200000286102295,1.1699999570846558,1.2000000476837158
2012-06-05,40700,1.1699999570846558,1.190000057220459,1.2000000476837158,1.1699999570846558,1.190000057220459
2012-06-04,81500,1.149999976158142,1.2000000476837158,1.2000000476837158,1.149999976158142,1.2000000476837158
2012-06-01,95800,1.149999976158142,1.1699999570846558,1.2000000476837158,1.149999976158142,1.1699999570846558
2012-05-31,83400,1.149999976158142,1.149999976158142,1.190000057220459,1.149999976158142,1.149999976158142
2012-05-30,29800,1.159999966621399,1.149999976158142,1.2000000476837158,1.149999976158142,1.149999976158142
2012-05-29,88100,1.2200000286102295,1.1799999475479126,1.2200000286102295,1.149999976158142,1.1799999475479126
2012-05-25,53600,1.1799999475479126,1.190000057220459,1.2200000286102295,1.159999966621399,1.190000057220459
2012-05-24,106400,1.190000057220459,1.1799999475479126,1.2100000381469727,1.159999966621399,1.1799999475479126
2012-05-23,296000,1.159999966621399,1.190000057220459,1.2000000476837158,1.1200000047683716,1.190000057220459
2012-05-22,18000,1.1699999570846558,1.1799999475479126,1.2100000381469727,1.1699999570846558,1.1799999475479126
2012-05-21,281300,1.149999976158142,1.2100000381469727,1.2100000381469727,1.1200000047683716,1.2100000381469727
2012-05-18,221300,1.2200000286102295,1.1699999570846558,1.25,1.149999976158142,1.1699999570846558
2012-05-17,232600,1.2200000286102295,1.2200000286102295,1.2799999713897705,1.2200000286102295,1.2200000286102295
2012-05-16,118600,1.2200000286102295,1.2200000286102295,1.2799999713897705,1.2200000286102295,1.2200000286102295
2012-05-15,197000,1.309999942779541,1.2300000190734863,1.309999942779541,1.2200000286102295,1.2300000190734863
2012-05-14,114300,1.2699999809265137,1.2799999713897705,1.2999999523162842,1.2300000190734863,1.2799999713897705
2012-05-11,249200,1.25,1.2799999713897705,1.309999942779541,1.2300000190734863,1.2799999713897705
2012-05-10,42000,1.25,1.2300000190734863,1.2599999904632568,1.2100000381469727,1.2300000190734863
2012-05-09,66000,1.2300000190734863,1.2400000095367432,1.2400000095367432,1.2000000476837158,1.2400000095367432
2012-05-08,144700,1.2899999618530273,1.2300000190734863,1.2899999618530273,1.2200000286102295,1.2300000190734863
2012-05-07,209000,1.25,1.2899999618530273,1.309999942779541,1.2300000190734863,1.2899999618530273
2012-05-04,69000,1.2799999713897705,1.2799999713897705,1.2899999618530273,1.2300000190734863,1.2799999713897705
2012-05-03,73000,1.2799999713897705,1.2599999904632568,1.3200000524520874,1.2400000095367432,1.2599999904632568
2012-05-02,138900,1.2999999523162842,1.2999999523162842,1.3300000429153442,1.2699999809265137,1.2999999523162842
2012-05-01,103000,1.2999999523162842,1.309999942779541,1.3300000429153442,1.2899999618530273,1.309999942779541
2012-04-30,163000,1.2300000190734863,1.3200000524520874,1.3200000524520874,1.2300000190734863,1.3200000524520874
2012-04-27,71400,1.2799999713897705,1.2400000095367432,1.2799999713897705,1.2200000286102295,1.2400000095367432
2012-04-26,31900,1.2799999713897705,1.2599999904632568,1.2799999713897705,1.2400000095367432,1.2599999904632568
2012-04-25,74100,1.2899999618530273,1.2599999904632568,1.2899999618530273,1.2300000190734863,1.2599999904632568
2012-04-24,132600,1.2000000476837158,1.2599999904632568,1.2699999809265137,1.190000057220459,1.2599999904632568
2012-04-23,77300,1.2300000190734863,1.2100000381469727,1.2400000095367432,1.2000000476837158,1.2100000381469727
2012-04-20,66600,1.2699999809265137,1.2200000286102295,1.2699999809265137,1.2100000381469727,1.2200000286102295
2012-04-19,84800,1.2400000095367432,1.2400000095367432,1.2699999809265137,1.2100000381469727,1.2400000095367432
2012-04-18,61600,1.2799999713897705,1.2200000286102295,1.2899999618530273,1.2100000381469727,1.2200000286102295
2012-04-17,144900,1.309999942779541,1.2599999904632568,1.309999942779541,1.2200000286102295,1.2599999904632568
2012-04-16,137000,1.2999999523162842,1.2899999618530273,1.2999999523162842,1.25,1.2899999618530273
2012-04-13,172300,1.3200000524520874,1.2699999809265137,1.3200000524520874,1.2100000381469727,1.2699999809265137
2012-04-12,654700,1.350000023841858,1.2899999618530273,1.409999966621399,1.2699999809265137,1.2899999618530273
2012-04-11,658900,1.25,1.3300000429153442,1.3600000143051147,1.1799999475479126,1.3300000429153442
2012-04-10,350300,1.1699999570846558,1.1699999570846558,1.2000000476837158,1.1100000143051147,1.1699999570846558
2012-04-09,292300,1.2599999904632568,1.1799999475479126,1.2599999904632568,1.1799999475479126,1.1799999475479126
2012-04-05,408900,1.2300000190734863,1.2699999809265137,1.2699999809265137,1.2200000286102295,1.2699999809265137
2012-04-04,502200,1.309999942779541,1.2400000095367432,1.340000033378601,1.2100000381469727,1.2400000095367432
2012-04-03,209400,1.2699999809265137,1.2999999523162842,1.2999999523162842,1.2599999904632568,1.2999999523162842
2012-04-02,277800,1.340000033378601,1.2699999809265137,1.340000033378601,1.25,1.2699999809265137
2012-03-30,762400,1.3300000429153442,1.309999942779541,1.350000023841858,1.2599999904632568,1.309999942779541
2012-03-29,440100,1.2799999713897705,1.340000033378601,1.340000033378601,1.2699999809265137,1.340000033378601
2012-03-28,507300,1.350000023841858,1.2799999713897705,1.3600000143051147,1.2799999713897705,1.2799999713897705
2012-03-27,442200,1.4199999570846558,1.3600000143051147,1.4299999475479126,1.350000023841858,1.3600000143051147
2012-03-26,776800,1.399999976158142,1.4500000476837158,1.4700000286102295,1.350000023841858,1.4500000476837158
2012-03-23,2559900,1.350000023841858,1.399999976158142,1.399999976158142,1.2599999904632568,1.399999976158142
2012-03-22,1010800,1.590000033378601,1.409999966621399,1.590000033378601,1.399999976158142,1.409999966621399
2012-03-21,607100,1.7100000381469727,1.6100000143051147,1.7300000190734863,1.559999942779541,1.6100000143051147
2012-03-20,205700,1.7899999618530273,1.7100000381469727,1.7899999618530273,1.7100000381469727,1.7100000381469727
2012-03-19,170300,1.7599999904632568,1.7699999809265137,1.7999999523162842,1.7599999904632568,1.7699999809265137
2012-03-16,351800,1.7999999523162842,1.7999999523162842,1.809999942779541,1.7300000190734863,1.7999999523162842
2012-03-15,181600,1.7699999809265137,1.7999999523162842,1.809999942779541,1.7599999904632568,1.7999999523162842
2012-03-14,131100,1.7999999523162842,1.7799999713897705,1.8200000524520874,1.7699999809265137,1.7799999713897705
2012-03-13,433800,1.7999999523162842,1.7999999523162842,1.8200000524520874,1.7599999904632568,1.7999999523162842
2012-03-12,374200,1.7999999523162842,1.7000000476837158,1.809999942779541,1.7000000476837158,1.7000000476837158
2012-03-09,419500,1.8899999856948853,1.7699999809265137,1.9199999570846558,1.7599999904632568,1.7699999809265137
2012-03-08,567800,2.0399999618530273,1.909999966621399,2.0999999046325684,1.8899999856948853,1.909999966621399
2012-03-07,117500,2.0999999046325684,2.0999999046325684,2.119999885559082,2.0399999618530273,2.0999999046325684
2012-03-06,162700,2.059999942779541,2.049999952316284,2.119999885559082,2.0,2.049999952316284
2012-03-05,127200,2.119999885559082,2.059999942779541,2.140000104904175,2.049999952316284,2.059999942779541
2012-03-02,142900,2.0999999046325684,2.069999933242798,2.180000066757202,2.069999933242798,2.069999933242798
2012-03-01,289200,2.2200000286102295,2.0999999046325684,2.2799999713897705,2.049999952316284,2.0999999046325684
2012-02-29,185600,2.2799999713897705,2.2200000286102295,2.319999933242798,2.2100000381469727,2.2200000286102295
2012-02-28,226500,2.4000000953674316,2.259999990463257,2.4200000762939453,2.25,2.259999990463257
2012-02-27,153000,2.380000114440918,2.4200000762939453,2.450000047683716,2.359999895095825,2.4200000762939453
2012-02-24,195400,2.450000047683716,2.380000114440918,2.5,2.3499999046325684,2.380000114440918
2012-02-23,247200,2.5399999618530273,2.440000057220459,2.5799999237060547,2.4200000762939453,2.440000057220459
2012-02-22,632500,2.3299999237060547,2.549999952316284,2.5999999046325684,2.3299999237060547,2.549999952316284
2012-02-21,295700,2.309999942779541,2.3299999237060547,2.390000104904175,2.25,2.3299999237060547
2012-02-17,86900,2.309999942779541,2.309999942779541,2.3399999141693115,2.2699999809265137,2.309999942779541
2012-02-16,134500,2.3499999046325684,2.2699999809265137,2.359999895095825,2.259999990463257,2.2699999809265137
2012-02-15,236700,2.25,2.319999933242798,2.390000104904175,2.2200000286102295,2.319999933242798
2012-02-14,59800,2.25,2.240000009536743,2.25,2.2200000286102295,2.240000009536743
2012-02-13,56500,2.2799999713897705,2.2699999809265137,2.299999952316284,2.2100000381469727,2.2699999809265137
2012-02-10,231800,2.3399999141693115,2.2699999809265137,2.3399999141693115,2.2200000286102295,2.2699999809265137
2012-02-09,290000,2.2799999713897705,2.359999895095825,2.380000114440918,2.2699999809265137,2.359999895095825
2012-02-08,411600,2.4200000762939453,2.2799999713897705,2.4200000762939453,2.2200000286102295,2.2799999713897705
2012-02-07,700600,2.059999942779541,2.359999895095825,2.4200000762939453,2.059999942779541,2.359999895095825
2012-02-06,173000,2.0299999713897705,2.0399999618530273,2.0899999141693115,2.0199999809265137,2.0399999618530273
2012-02-03,171000,2.0399999618530273,2.0299999713897705,2.0399999618530273,1.9700000286102295,2.0299999713897705
2012-02-02,59500,1.9800000190734863,2.0,2.0199999809265137,1.9800000190734863,2.0
2012-02-01,55200,1.9700000286102295,1.9900000095367432,2.0,1.940000057220459,1.9900000095367432
2012-01-31,169100,2.0199999809265137,1.940000057220459,2.049999952316284,1.9199999570846558,1.940000057220459
2012-01-30,320100,2.0,2.0199999809265137,2.0899999141693115,1.9500000476837158,2.0199999809265137
2012-01-27,81000,2.009999990463257,2.0,2.049999952316284,1.9800000190734863,2.0
2012-01-26,62600,1.9800000190734863,2.0199999809265137,2.049999952316284,1.9800000190734863,2.0199999809265137
2012-01-25,30100,2.0,1.9700000286102295,2.009999990463257,1.9600000381469727,1.9700000286102295
2012-01-24,58000,2.0,1.9900000095367432,2.009999990463257,1.9800000190734863,1.9900000095367432
2012-01-23,39300,2.0,1.9800000190734863,2.0,1.9500000476837158,1.9800000190734863
2012-01-20,40300,2.0,2.0,2.009999990463257,1.9700000286102295,2.0
2012-01-19,68300,1.9299999475479126,1.9900000095367432,1.9900000095367432,1.9199999570846558,1.9900000095367432
2012-01-18,60600,1.9299999475479126,1.9299999475479126,1.9700000286102295,1.9199999570846558,1.9299999475479126
2012-01-17,67900,1.9500000476837158,1.9500000476837158,1.9900000095367432,1.9199999570846558,1.9500000476837158
2012-01-13,42100,1.9500000476837158,1.9500000476837158,2.009999990463257,1.940000057220459,1.9500000476837158
2012-01-12,57200,2.0299999713897705,1.9700000286102295,2.0299999713897705,1.9600000381469727,1.9700000286102295
2012-01-11,129400,1.809999942779541,1.9800000190734863,2.0199999809265137,1.809999942779541,1.9800000190734863
2012-01-10,136000,1.850000023841858,1.8300000429153442,1.8899999856948853,1.7999999523162842,1.8300000429153442
2012-01-09,170200,1.9199999570846558,1.8600000143051147,1.9700000286102295,1.850000023841858,1.8600000143051147
2012-01-06,113900,1.9800000190734863,1.9299999475479126,2.0,1.8799999952316284,1.9299999475479126
2012-01-05,73200,2.009999990463257,1.9800000190734863,2.0299999713897705,1.9800000190734863,1.9800000190734863
2012-01-04,83900,2.009999990463257,2.0199999809265137,2.0199999809265137,1.9900000095367432,2.0199999809265137
2012-01-03,131700,2.059999942779541,2.0,2.0799999237060547,1.9500000476837158,2.0
2011-12-30,160000,2.049999952316284,2.0399999618530273,2.069999933242798,1.9500000476837158,2.0399999618530273
2011-12-29,60300,2.0,2.009999990463257,2.049999952316284,2.0,2.009999990463257
2011-12-28,165100,2.0899999141693115,2.0,2.130000114440918,2.0,2.0
2011-12-27,46600,2.130000114440918,2.0799999237060547,2.140000104904175,2.049999952316284,2.0799999237060547
2011-12-23,79400,2.130000114440918,2.140000104904175,2.1700000762939453,2.119999885559082,2.140000104904175
2011-12-22,105200,2.049999952316284,2.119999885559082,2.119999885559082,2.0,2.119999885559082
2011-12-21,117500,2.0399999618530273,2.0199999809265137,2.0799999237060547,2.009999990463257,2.0199999809265137
2011-12-20,154600,2.0899999141693115,2.069999933242798,2.140000104904175,2.009999990463257,2.069999933242798
2011-12-19,116200,2.109999895095825,2.059999942779541,2.140000104904175,2.049999952316284,2.059999942779541
2011-12-16,58800,2.109999895095825,2.0799999237060547,2.1500000953674316,2.069999933242798,2.0799999237060547
2011-12-15,75700,2.130000114440918,2.0999999046325684,2.1600000858306885,2.049999952316284,2.0999999046325684
2011-12-14,145000,2.1700000762939453,2.059999942779541,2.190000057220459,2.049999952316284,2.059999942779541
2011-12-13,96300,2.2799999713897705,2.1700000762939453,2.2799999713897705,2.1600000858306885,2.1700000762939453
2011-12-12,129000,2.240000009536743,2.1600000858306885,2.240000009536743,2.130000114440918,2.1600000858306885
2011-12-09,102400,2.200000047683716,2.25,2.2799999713897705,2.200000047683716,2.25
2011-12-08,230200,2.2899999618530273,2.200000047683716,2.4000000953674316,2.200000047683716,2.200000047683716
2011-12-07,457600,2.25,2.3399999141693115,2.390000104904175,2.1600000858306885,2.3399999141693115
2011-12-06,155700,2.259999990463257,2.1500000953674316,2.259999990463257,2.109999895095825,2.1500000953674316
2011-12-05,82200,2.3399999141693115,2.2300000190734863,2.3399999141693115,2.2100000381469727,2.2300000190734863
2011-12-02,101900,2.319999933242798,2.2799999713897705,2.3499999046325684,2.2200000286102295,2.2799999713897705
2011-12-01,113200,2.200000047683716,2.259999990463257,2.299999952316284,2.180000066757202,2.259999990463257
2011-11-30,254100,2.25,2.2200000286102295,2.2799999713897705,2.180000066757202,2.2200000286102295
2011-11-29,334600,2.2200000286102295,2.1600000858306885,2.3399999141693115,2.109999895095825,2.1600000858306885
2011-11-28,201500,2.190000057220459,2.190000057220459,2.2300000190734863,2.0799999237060547,2.190000057220459
2011-11-25,65400,2.0,2.069999933242798,2.0899999141693115,2.0,2.069999933242798
2011-11-23,254800,2.119999885559082,1.9800000190734863,2.119999885559082,1.9199999570846558,1.9800000190734863
2011-11-22,126800,2.1600000858306885,2.140000104904175,2.200000047683716,2.069999933242798,2.140000104904175
2011-11-21,261400,2.2799999713897705,2.180000066757202,2.2799999713897705,2.130000114440918,2.180000066757202
2011-11-18,106900,2.440000057220459,2.369999885559082,2.440000057220459,2.319999933242798,2.369999885559082
2011-11-17,89600,2.4600000381469727,2.4100000858306885,2.4600000381469727,2.4000000953674316,2.4100000858306885
2011-11-16,319200,2.430000066757202,2.4600000381469727,2.569999933242798,2.4200000762939453,2.4600000381469727
2011-11-15,315600,2.549999952316284,2.450000047683716,2.569999933242798,2.380000114440918,2.450000047683716
2011-11-14,486800,2.5999999046325684,2.559999942779541,2.690000057220459,2.559999942779541,2.559999942779541
2011-11-11,1118900,2.4800000190734863,2.609999895095825,2.7100000381469727,2.4200000762939453,2.609999895095825
2011-11-10,622600,2.2699999809265137,2.4600000381469727,2.4600000381469727,2.25,2.4600000381469727
2011-11-09,576100,2.1700000762939453,2.2300000190734863,2.2799999713897705,2.140000104904175,2.2300000190734863
2011-11-08,325200,2.200000047683716,2.1700000762939453,2.2300000190734863,2.119999885559082,2.1700000762939453
2011-11-07,206700,2.240000009536743,2.1600000858306885,2.2899999618530273,2.1500000953674316,2.1600000858306885
2011-11-04,176500,2.3299999237060547,2.25,2.3299999237060547,2.240000009536743,2.25
2011-11-03,371100,2.3499999046325684,2.299999952316284,2.359999895095825,2.200000047683716,2.299999952316284
2011-11-02,202300,2.1500000953674316,2.2100000381469727,2.299999952316284,2.1500000953674316,2.2100000381469727
2011-11-01,178000,2.2300000190734863,2.119999885559082,2.2300000190734863,2.119999885559082,2.119999885559082
2011-10-31,156200,2.3499999046325684,2.25,2.3499999046325684,2.25,2.25
2011-10-28,264800,2.140000104904175,2.299999952316284,2.319999933242798,2.119999885559082,2.299999952316284
2011-10-27,432300,2.119999885559082,2.140000104904175,2.2699999809265137,2.009999990463257,2.140000104904175
2011-10-26,253600,2.200000047683716,2.0299999713897705,2.2100000381469727,2.0,2.0299999713897705
2011-10-25,157300,2.190000057220459,2.1700000762939453,2.2699999809265137,2.0999999046325684,2.1700000762939453
2011-10-24,365500,2.2300000190734863,2.2100000381469727,2.3299999237060547,2.200000047683716,2.2100000381469727
2011-10-21,303400,2.0999999046325684,2.190000057220459,2.309999942779541,2.0999999046325684,2.190000057220459
2011-10-20,460100,1.9600000381469727,2.0799999237060547,2.200000047683716,1.9199999570846558,2.0799999237060547
2011-10-19,112900,1.899999976158142,1.9199999570846558,1.9700000286102295,1.8300000429153442,1.9199999570846558
2011-10-18,89000,1.9700000286102295,1.899999976158142,1.9700000286102295,1.8899999856948853,1.899999976158142
2011-10-17,88100,1.940000057220459,1.9500000476837158,2.0199999809265137,1.9199999570846558,1.9500000476837158
2011-10-14,68800,1.909999966621399,1.940000057220459,1.9600000381469727,1.8899999856948853,1.940000057220459
2011-10-13,39100,1.899999976158142,1.8899999856948853,1.899999976158142,1.850000023841858,1.8899999856948853
2011-10-12,119500,1.7799999713897705,1.8899999856948853,1.9299999475479126,1.7799999713897705,1.8899999856948853
2011-10-11,71500,1.7899999618530273,1.7599999904632568,1.8300000429153442,1.7000000476837158,1.7599999904632568
2011-10-10,36600,1.8200000524520874,1.7899999618530273,1.850000023841858,1.75,1.7899999618530273
2011-10-07,80100,1.8899999856948853,1.7899999618530273,1.9199999570846558,1.7400000095367432,1.7899999618530273
2011-10-06,141500,1.7999999523162842,1.8700000047683716,1.8700000047683716,1.7999999523162842,1.8700000047683716
2011-10-05,103100,1.6200000047683716,1.7799999713897705,1.8300000429153442,1.6200000047683716,1.7799999713897705
2011-10-04,135500,1.75,1.600000023841858,1.75,1.5,1.600000023841858
2011-10-03,78100,1.7999999523162842,1.7300000190734863,1.7999999523162842,1.7000000476837158,1.7300000190734863
2011-09-30,99600,1.809999942779541,1.8200000524520874,1.850000023841858,1.7799999713897705,1.8200000524520874
2011-09-29,74700,1.7899999618530273,1.7999999523162842,1.840000033378601,1.7699999809265137,1.7999999523162842
2011-09-28,51100,1.8700000047683716,1.75,1.899999976158142,1.75,1.75
2011-09-27,101200,1.7899999618530273,1.8200000524520874,1.9500000476837158,1.7699999809265137,1.8200000524520874
2011-09-26,61000,1.7999999523162842,1.75,1.7999999523162842,1.7100000381469727,1.75
2011-09-23,134400,1.7699999809265137,1.75,1.7699999809265137,1.7000000476837158,1.75
2011-09-22,253900,1.940000057220459,1.7799999713897705,1.940000057220459,1.7400000095367432,1.7799999713897705
2011-09-21,184300,1.9600000381469727,1.940000057220459,2.049999952316284,1.9299999475479126,1.940000057220459
2011-09-20,68700,1.909999966621399,1.9299999475479126,1.9700000286102295,1.909999966621399,1.9299999475479126
2011-09-19,136700,1.940000057220459,1.8899999856948853,1.9500000476837158,1.809999942779541,1.8899999856948853
2011-09-16,639100,1.9900000095367432,1.9600000381469727,2.180000066757202,1.9199999570846558,1.9600000381469727
2011-09-15,146900,1.7899999618530273,1.850000023841858,1.850000023841858,1.7799999713897705,1.850000023841858
2011-09-14,62800,1.7799999713897705,1.7699999809265137,1.7999999523162842,1.7400000095367432,1.7699999809265137
2011-09-13,136700,1.7400000095367432,1.7799999713897705,1.7999999523162842,1.7400000095367432,1.7799999713897705
2011-09-12,68800,1.6799999475479126,1.7200000286102295,1.7599999904632568,1.659999966621399,1.7200000286102295
2011-09-09,73100,1.75,1.7100000381469727,1.7599999904632568,1.6799999475479126,1.7100000381469727
2011-09-08,199800,1.7300000190734863,1.7699999809265137,1.8899999856948853,1.7200000286102295,1.7699999809265137
2011-09-07,74700,1.7100000381469727,1.7300000190734863,1.7699999809265137,1.7100000381469727,1.7300000190734863
2011-09-06,186500,1.690000057220459,1.690000057220459,1.75,1.6200000047683716,1.690000057220459
2011-09-02,134600,1.7599999904632568,1.7699999809265137,1.7999999523162842,1.7200000286102295,1.7699999809265137
2011-09-01,113000,1.8300000429153442,1.7799999713897705,1.850000023841858,1.7599999904632568,1.7799999713897705
2011-08-31,238200,1.7100000381469727,1.8200000524520874,1.8300000429153442,1.7100000381469727,1.8200000524520874
2011-08-30,127700,1.7300000190734863,1.7100000381469727,1.7400000095367432,1.649999976158142,1.7100000381469727
2011-08-29,224300,1.659999966621399,1.7599999904632568,1.7799999713897705,1.649999976158142,1.7599999904632568
2011-08-26,91400,1.6699999570846558,1.6699999570846558,1.7400000095367432,1.590000033378601,1.6699999570846558
2011-08-25,138100,1.7300000190734863,1.7000000476837158,1.7799999713897705,1.6399999856948853,1.7000000476837158
2011-08-24,274000,1.6100000143051147,1.75,1.75,1.6100000143051147,1.75
2011-08-23,241300,1.5800000429153442,1.6100000143051147,1.6200000047683716,1.5299999713897705,1.6100000143051147
2011-08-22,117300,1.6299999952316284,1.590000033378601,1.6299999952316284,1.5499999523162842,1.590000033378601
2011-08-19,156500,1.600000023841858,1.5800000429153442,1.690000057220459,1.5399999618530273,1.5800000429153442
2011-08-18,221600,1.7000000476837158,1.6200000047683716,1.7400000095367432,1.590000033378601,1.6200000047683716
2011-08-17,291800,1.8300000429153442,1.7999999523162842,1.9600000381469727,1.7599999904632568,1.7999999523162842
2011-08-16,280000,1.75,1.8300000429153442,1.840000033378601,1.7400000095367432,1.8300000429153442
2011-08-15,419400,1.6799999475479126,1.8200000524520874,1.840000033378601,1.6799999475479126,1.8200000524520874
2011-08-12,377300,1.5800000429153442,1.6799999475479126,1.6799999475479126,1.5499999523162842,1.6799999475479126
2011-08-11,427500,1.3799999952316284,1.5700000524520874,1.6299999952316284,1.3700000047683716,1.5700000524520874
2011-08-10,348800,1.5099999904632568,1.399999976158142,1.5099999904632568,1.350000023841858,1.399999976158142
2011-08-09,657400,1.600000023841858,1.4700000286102295,1.6399999856948853,1.3700000047683716,1.4700000286102295
2011-08-08,714700,1.7999999523162842,1.7000000476837158,1.8799999952316284,1.6299999952316284,1.7000000476837158
2011-08-05,517000,1.9299999475479126,1.850000023841858,1.9800000190734863,1.7599999904632568,1.850000023841858
2011-08-04,550900,2.130000114440918,1.9299999475479126,2.140000104904175,1.899999976158142,1.9299999475479126
2011-08-03,244200,2.240000009536743,2.1700000762939453,2.240000009536743,2.069999933242798,2.1700000762939453
2011-08-02,300100,2.2300000190734863,2.119999885559082,2.309999942779541,2.109999895095825,2.119999885559082
2011-08-01,206600,2.4000000953674316,2.240000009536743,2.4200000762939453,2.2100000381469727,2.240000009536743
2011-07-29,488600,2.1500000953674316,2.3499999046325684,2.359999895095825,2.109999895095825,2.3499999046325684
2011-07-28,332000,2.180000066757202,2.190000057220459,2.2100000381469727,2.0999999046325684,2.190000057220459
2011-07-27,241700,2.259999990463257,2.2200000286102295,2.319999933242798,2.2100000381469727,2.2200000286102295
2011-07-26,290100,2.299999952316284,2.2699999809265137,2.380000114440918,2.25,2.2699999809265137
2011-07-25,379600,2.3399999141693115,2.259999990463257,2.3499999046325684,2.2100000381469727,2.259999990463257
2011-07-22,306700,2.3299999237060547,2.369999885559082,2.390000104904175,2.2899999618530273,2.369999885559082
2011-07-21,885800,2.450000047683716,2.3399999141693115,2.450000047683716,2.25,2.3399999141693115
2011-07-20,3462500,2.3499999046325684,2.440000057220459,2.630000114440918,2.3299999237060547,2.440000057220459
2011-07-19,402900,2.299999952316284,2.2799999713897705,2.319999933242798,2.2200000286102295,2.2799999713897705
2011-07-18,325800,2.2899999618530273,2.2699999809265137,2.309999942779541,2.1700000762939453,2.2699999809265137
2011-07-15,447800,2.299999952316284,2.299999952316284,2.3399999141693115,2.25,2.299999952316284
2011-07-14,527000,2.2200000286102295,2.2799999713897705,2.319999933242798,2.180000066757202,2.2799999713897705
2011-07-13,258900,2.119999885559082,2.2200000286102295,2.25,2.069999933242798,2.2200000286102295
2011-07-12,280000,2.0199999809265137,2.0799999237060547,2.140000104904175,2.0199999809265137,2.0799999237060547
2011-07-11,309200,2.140000104904175,2.069999933242798,2.180000066757202,2.059999942779541,2.069999933242798
2011-07-08,147800,2.2200000286102295,2.2100000381469727,2.240000009536743,2.1600000858306885,2.2100000381469727
2011-07-07,107200,2.2899999618530273,2.240000009536743,2.299999952316284,2.240000009536743,2.240000009536743
2011-07-06,222500,2.259999990463257,2.259999990463257,2.3299999237060547,2.2200000286102295,2.259999990463257
2011-07-05,187000,2.309999942779541,2.2799999713897705,2.3399999141693115,2.2699999809265137,2.2799999713897705
2011-07-01,457400,2.299999952316284,2.3299999237060547,2.3499999046325684,2.259999990463257,2.3299999237060547
2011-06-30,186000,2.3399999141693115,2.2200000286102295,2.3399999141693115,2.2100000381469727,2.2200000286102295
2011-06-29,302800,2.3399999141693115,2.2699999809265137,2.3399999141693115,2.2200000286102295,2.2699999809265137
2011-06-28,519800,2.4000000953674316,2.2799999713897705,2.4000000953674316,2.2300000190734863,2.2799999713897705
2011-06-27,222500,2.3399999141693115,2.2699999809265137,2.359999895095825,2.240000009536743,2.2699999809265137
2011-06-24,182400,2.2699999809265137,2.299999952316284,2.3499999046325684,2.200000047683716,2.299999952316284
2011-06-23,147600,2.2899999618530273,2.25,2.2899999618530273,2.130000114440918,2.25
2011-06-22,335200,2.440000057220459,2.2899999618530273,2.4600000381469727,2.2899999618530273,2.2899999618530273
2011-06-21,728800,2.3499999046325684,2.4100000858306885,2.4200000762939453,2.25,2.4100000858306885
2011-06-20,330800,2.359999895095825,2.319999933242798,2.359999895095825,2.109999895095825,2.319999933242798
2011-06-17,251500,2.319999933242798,2.3399999141693115,2.3499999046325684,2.25,2.3399999141693115
2011-06-16,103200,2.2200000286102295,2.2899999618530273,2.309999942779541,2.2200000286102295,2.2899999618530273
2011-06-15,89200,2.2799999713897705,2.2200000286102295,2.2799999713897705,2.2200000286102295,2.2200000286102295
2011-06-14,149000,2.2899999618530273,2.2799999713897705,2.319999933242798,2.2200000286102295,2.2799999713897705
2011-06-13,486500,2.200000047683716,2.25,2.3499999046325684,2.1600000858306885,2.25
2011-06-10,704200,2.259999990463257,2.200000047683716,2.3399999141693115,2.0999999046325684,2.200000047683716
2011-06-09,713500,2.009999990463257,2.200000047683716,2.25,1.909999966621399,2.200000047683716
2011-06-08,613700,2.1500000953674316,2.0,2.200000047683716,1.9900000095367432,2.0
2011-06-07,225500,2.2799999713897705,2.180000066757202,2.319999933242798,2.180000066757202,2.180000066757202
2011-06-06,222000,2.299999952316284,2.2799999713897705,2.3499999046325684,2.2799999713897705,2.2799999713897705
2011-06-03,472900,2.3399999141693115,2.3399999141693115,2.4000000953674316,2.240000009536743,2.3399999141693115
2011-06-02,293100,2.3299999237060547,2.3499999046325684,2.430000066757202,2.309999942779541,2.3499999046325684
2011-06-01,192000,2.490000009536743,2.3399999141693115,2.490000009536743,2.309999942779541,2.3399999141693115
2011-05-31,514700,2.4200000762939453,2.450000047683716,2.450000047683716,2.3399999141693115,2.450000047683716
2011-05-27,441500,2.299999952316284,2.3399999141693115,2.3399999141693115,2.25,2.3399999141693115
2011-05-26,1018200,2.390000104904175,2.299999952316284,2.4000000953674316,2.2300000190734863,2.299999952316284
2011-05-25,2915900,2.390000104904175,2.4000000953674316,2.4700000286102295,2.299999952316284,2.4000000953674316
2011-05-24,716200,3.259999990463257,2.8499999046325684,3.259999990463257,2.75,2.8499999046325684
2011-05-23,320200,3.9000000953674316,3.240000009536743,3.9000000953674316,3.119999885559082,3.240000009536743
2011-05-20,302800,4.389999866485596,3.819999933242798,5.869999885559082,3.700000047683716,3.819999933242798
2011-05-19,8000,4.300000190734863,4.599999904632568,4.900000095367432,4.300000190734863,4.599999904632568
2011-05-18,126300,5.099999904632568,4.5,5.199999809265137,4.199999809265137,4.5
2011-05-17,42000,5.300000190734863,5.0,5.300000190734863,5.0,5.0
2011-05-16,67000,5.5,5.199999809265137,5.599999904632568,5.199999809265137,5.199999809265137
2011-05-13,56400,5.199999809265137,5.5,5.5,5.199999809265137,5.5
2011-05-12,99600,5.099999904632568,5.099999904632568,5.599999904632568,5.0,5.099999904632568
2011-05-11,64900,5.400000095367432,5.300000190734863,5.699999809265137,5.099999904632568,5.300000190734863
2011-05-10,23000,5.199999809265137,5.199999809265137,5.400000095367432,5.199999809265137,5.199999809265137
2011-05-09,56100,5.199999809265137,5.099999904632568,5.199999809265137,5.0,5.099999904632568
2011-05-06,20900,5.099999904632568,5.199999809265137,5.199999809265137,5.099999904632568,5.199999809265137
2011-05-05,24300,5.400000095367432,5.099999904632568,5.400000095367432,5.0,5.099999904632568
2011-05-04,32400,5.599999904632568,5.400000095367432,5.599999904632568,5.199999809265137,5.400000095367432
2011-05-03,22900,5.599999904632568,5.699999809265137,5.699999809265137,5.5,5.699999809265137
2011-05-02,29700,6.0,5.699999809265137,6.0,5.5,5.699999809265137
2011-04-29,34100,5.5,5.699999809265137,5.900000095367432,5.5,5.699999809265137
2011-04-28,71300,6.099999904632568,5.599999904632568,6.199999809265137,5.599999904632568,5.599999904632568
2011-04-27,74400,6.099999904632568,6.099999904632568,6.199999809265137,6.0,6.099999904632568
2011-04-26,130000,5.699999809265137,6.0,6.099999904632568,5.599999904632568,6.0
2011-04-25,100600,5.099999904632568,5.400000095367432,5.599999904632568,5.0,5.400000095367432
2011-04-21,48000,5.199999809265137,5.0,5.199999809265137,4.900000095367432,5.0
2011-04-20,143900,4.900000095367432,4.800000190734863,5.300000190734863,4.699999809265137,4.800000190734863
2011-04-19,368600,5.300000190734863,4.599999904632568,5.400000095367432,4.199999809265137,4.599999904632568
2011-04-18,210500,5.800000190734863,5.199999809265137,5.900000095367432,4.800000190734863,5.199999809265137
2011-04-15,63100,6.300000190734863,6.0,6.300000190734863,5.900000095367432,6.0
2011-04-14,48600,6.0,6.199999809265137,6.300000190734863,5.900000095367432,6.199999809265137
2011-04-13,47400,6.300000190734863,6.099999904632568,6.300000190734863,6.099999904632568,6.099999904632568
2011-04-12,55400,6.599999904632568,6.300000190734863,6.599999904632568,6.099999904632568,6.300000190734863
2011-04-11,28500,6.800000190734863,6.599999904632568,7.0,6.599999904632568,6.599999904632568
2011-04-08,35300,6.699999809265137,6.800000190734863,7.0,6.599999904632568,6.800000190734863
2011-04-07,37600,7.0,6.699999809265137,7.0,6.699999809265137,6.699999809265137
2011-04-06,49500,7.0,6.900000095367432,7.099999904632568,6.800000190734863,6.900000095367432
2011-04-05,46700,7.0,6.699999809265137,7.0,6.699999809265137,6.699999809265137
2011-04-04,179800,7.300000190734863,6.699999809265137,7.5,6.599999904632568,6.699999809265137
2011-04-01,144700,7.300000190734863,7.599999904632568,7.800000190734863,6.5,7.599999904632568
2011-03-31,79100,7.599999904632568,7.599999904632568,8.0,7.0,7.599999904632568
2011-03-30,142900,7.5,7.5,8.0,7.400000095367432,7.5
2011-03-29,165400,6.599999904632568,7.400000095367432,7.599999904632568,6.300000190734863,7.400000095367432
2011-03-28,39100,6.599999904632568,6.400000095367432,6.699999809265137,6.199999809265137,6.400000095367432
2011-03-25,30100,6.5,6.5,6.699999809265137,6.400000095367432,6.5
2011-03-24,18700,6.599999904632568,6.599999904632568,6.699999809265137,6.400000095367432,6.599999904632568
2011-03-23,34400,6.5,6.5,6.599999904632568,6.300000190734863,6.5
2011-03-22,27000,6.5,6.599999904632568,6.599999904632568,6.300000190734863,6.599999904632568
2011-03-21,51100,6.400000095367432,6.400000095367432,6.800000190734863,6.300000190734863,6.400000095367432
2011-03-18,36800,6.300000190734863,6.199999809265137,6.400000095367432,6.0,6.199999809265137
2011-03-17,39500,6.300000190734863,6.0,6.400000095367432,6.0,6.0
2011-03-16,39600,6.0,5.900000095367432,6.300000190734863,5.900000095367432,5.900000095367432
2011-03-15,66800,6.099999904632568,6.0,6.199999809265137,5.699999809265137,6.0
2011-03-14,39200,6.400000095367432,6.199999809265137,6.5,6.099999904632568,6.199999809265137
2011-03-11,106900,6.699999809265137,6.5,6.800000190734863,6.0,6.5
2011-03-10,68000,7.0,6.699999809265137,7.0,6.599999904632568,6.699999809265137
2011-03-09,17500,7.0,6.900000095367432,7.099999904632568,6.900000095367432,6.900000095367432
2011-03-08,34900,7.0,6.900000095367432,7.400000095367432,6.900000095367432,6.900000095367432
2011-03-07,111300,6.800000190734863,7.0,7.800000190734863,6.800000190734863,7.0
2011-03-04,63000,6.800000190734863,6.900000095367432,7.199999809265137,6.699999809265137,6.900000095367432
2011-03-03,71700,7.199999809265137,7.0,7.300000190734863,6.599999904632568,7.0
2011-03-02,53500,7.099999904632568,7.099999904632568,7.300000190734863,7.0,7.099999904632568
2011-03-01,48300,7.300000190734863,7.099999904632568,7.5,7.099999904632568,7.099999904632568
2011-02-28,29000,7.5,7.300000190734863,7.800000190734863,7.300000190734863,7.300000190734863
2011-02-25,42800,7.5,7.400000095367432,7.800000190734863,7.400000095367432,7.400000095367432
2011-02-24,46500,7.300000190734863,7.400000095367432,7.699999809265137,7.199999809265137,7.400000095367432
2011-02-23,122100,7.599999904632568,7.5,7.800000190734863,7.099999904632568,7.5
2011-02-22,91900,7.900000095367432,7.699999809265137,7.900000095367432,7.599999904632568,7.699999809265137
2011-02-18,46800,8.100000381469727,8.0,8.100000381469727,7.699999809265137,8.0
2011-02-17,30800,7.900000095367432,8.100000381469727,8.100000381469727,7.800000190734863,8.100000381469727
2011-02-16,61800,7.800000190734863,7.800000190734863,8.100000381469727,7.800000190734863,7.800000190734863
2011-02-15,62300,8.0,7.800000190734863,8.0,7.800000190734863,7.800000190734863
2011-02-14,96200,7.900000095367432,8.0,8.399999618530273,7.800000190734863,8.0
2011-02-11,46700,8.199999809265137,7.900000095367432,8.199999809265137,7.900000095367432,7.900000095367432
2011-02-10,86800,8.300000190734863,8.100000381469727,8.300000190734863,7.900000095367432,8.100000381469727
2011-02-09,52100,8.199999809265137,8.300000190734863,8.399999618530273,8.199999809265137,8.300000190734863
2011-02-08,137200,8.5,8.100000381469727,8.600000381469727,8.0,8.100000381469727
2011-02-07,142300,8.199999809265137,7.800000190734863,8.199999809265137,7.699999809265137,7.800000190734863
2011-02-04,243500,9.0,8.199999809265137,9.199999809265137,8.100000381469727,8.199999809265137
2011-02-03,398700,8.0,8.699999809265137,9.199999809265137,7.900000095367432,8.699999809265137
2011-02-02,301700,7.900000095367432,8.0,8.399999618530273,7.400000095367432,8.0
2011-02-01,93800,7.699999809265137,7.5,8.0,7.5,7.5
2011-01-31,53800,7.599999904632568,7.5,7.800000190734863,7.5,7.5
2011-01-28,92400,8.0,7.5,8.300000190734863,7.5,7.5
2011-01-27,156800,7.300000190734863,7.800000190734863,8.300000190734863,7.199999809265137,7.800000190734863
2011-01-26,73400,7.0,7.400000095367432,7.400000095367432,6.900000095367432,7.400000095367432
2011-01-25,209700,7.599999904632568,7.099999904632568,7.599999904632568,6.699999809265137,7.099999904632568
2011-01-24,196900,8.399999618530273,7.5,8.5,7.199999809265137,7.5
2011-01-21,266300,7.699999809265137,7.900000095367432,8.300000190734863,7.400000095367432,7.900000095367432
2011-01-20,377300,7.699999809265137,7.300000190734863,7.800000190734863,6.800000190734863,7.300000190734863
2011-01-19,1073400,9.899999618530273,8.100000381469727,10.699999809265137,8.100000381469727,8.100000381469727
2011-01-18,800400,7.5,9.0,9.399999618530273,7.5,9.0
2011-01-14,670700,6.599999904632568,7.199999809265137,7.699999809265137,6.5,7.199999809265137
2011-01-13,469800,5.400000095367432,6.099999904632568,6.800000190734863,5.400000095367432,6.099999904632568
2011-01-12,99700,5.199999809265137,5.199999809265137,5.400000095367432,4.900000095367432,5.199999809265137
2011-01-11,117400,4.699999809265137,4.800000190734863,5.199999809265137,4.599999904632568,4.800000190734863
2011-01-10,74200,4.5,4.599999904632568,4.800000190734863,4.300000190734863,4.599999904632568
2011-01-07,37200,4.599999904632568,4.300000190734863,4.599999904632568,4.300000190734863,4.300000190734863
2011-01-06,32900,4.5,4.5,4.599999904632568,4.300000190734863,4.5
2011-01-05,100100,4.599999904632568,4.599999904632568,4.900000095367432,4.300000190734863,4.599999904632568
2011-01-04,324400,4.0,4.599999904632568,4.800000190734863,3.9000000953674316,4.599999904632568
2011-01-03,29400,3.799999952316284,3.9000000953674316,3.9000000953674316,3.5999999046325684,3.9000000953674316
2010-12-31,55900,3.799999952316284,3.700000047683716,3.9000000953674316,3.700000047683716,3.700000047683716
2010-12-30,54900,4.0,3.9000000953674316,4.0,3.799999952316284,3.9000000953674316
2010-12-29,33800,3.799999952316284,3.9000000953674316,4.0,3.799999952316284,3.9000000953674316
2010-12-28,58300,3.799999952316284,3.9000000953674316,4.0,3.799999952316284,3.9000000953674316
2010-12-27,30000,3.9000000953674316,4.0,4.0,3.799999952316284,4.0
2010-12-23,51100,3.799999952316284,3.9000000953674316,4.0,3.799999952316284,3.9000000953674316
2010-12-22,68900,3.9000000953674316,3.9000000953674316,4.099999904632568,3.799999952316284,3.9000000953674316
2010-12-21,25100,3.799999952316284,3.9000000953674316,4.0,3.799999952316284,3.9000000953674316
2010-12-20,53100,4.0,3.799999952316284,4.099999904632568,3.799999952316284,3.799999952316284
2010-12-17,23900,3.799999952316284,3.9000000953674316,3.9000000953674316,3.700000047683716,3.9000000953674316
2010-12-16,23100,3.799999952316284,3.700000047683716,3.799999952316284,3.700000047683716,3.700000047683716
2010-12-15,14600,3.9000000953674316,3.799999952316284,3.9000000953674316,3.700000047683716,3.799999952316284
2010-12-14,38400,3.700000047683716,3.9000000953674316,3.9000000953674316,3.700000047683716,3.9000000953674316
2010-12-13,46800,3.9000000953674316,3.700000047683716,3.9000000953674316,3.700000047683716,3.700000047683716
2010-12-10,39700,3.799999952316284,3.9000000953674316,4.0,3.700000047683716,3.9000000953674316
2010-12-09,42500,3.700000047683716,3.700000047683716,3.799999952316284,3.700000047683716,3.700000047683716
2010-12-08,119900,3.9000000953674316,3.700000047683716,4.099999904632568,3.5999999046325684,3.700000047683716
2010-12-07,43100,4.0,3.9000000953674316,4.199999809265137,3.9000000953674316,3.9000000953674316
2010-12-06,34900,4.0,4.0,4.199999809265137,3.9000000953674316,4.0
2010-12-03,54400,4.199999809265137,4.0,4.300000190734863,3.9000000953674316,4.0
2010-12-02,28900,4.099999904632568,4.099999904632568,4.199999809265137,4.099999904632568,4.099999904632568
2010-12-01,37500,4.099999904632568,4.099999904632568,4.300000190734863,4.0,4.099999904632568
2010-11-30,63900,4.300000190734863,4.099999904632568,4.400000095367432,4.0,4.099999904632568
2010-11-29,14700,4.599999904632568,4.300000190734863,4.599999904632568,4.199999809265137,4.300000190734863
2010-11-26,3500,4.599999904632568,4.5,4.599999904632568,4.300000190734863,4.5
2010-11-24,57900,4.5,4.5,4.5,4.099999904632568,4.5
2010-11-23,55900,4.900000095367432,4.400000095367432,4.900000095367432,4.300000190734863,4.400000095367432
2010-11-22,21800,5.0,4.900000095367432,5.0,4.699999809265137,4.900000095367432
2010-11-19,18100,4.900000095367432,4.900000095367432,4.900000095367432,4.5,4.900000095367432
2010-11-18,39600,4.800000190734863,4.699999809265137,5.0,4.599999904632568,4.699999809265137
2010-11-17,34100,4.599999904632568,4.5,4.699999809265137,4.400000095367432,4.5
2010-11-16,33000,5.0,4.599999904632568,5.0,4.599999904632568,4.599999904632568
2010-11-15,46600,4.800000190734863,4.900000095367432,5.0,4.699999809265137,4.900000095367432
2010-11-12,14700,4.900000095367432,4.800000190734863,5.0,4.800000190734863,4.800000190734863
2010-11-11,24300,5.0,4.900000095367432,5.300000190734863,4.800000190734863,4.900000095367432
2010-11-10,20200,5.099999904632568,5.099999904632568,5.199999809265137,5.0,5.099999904632568
2010-11-09,76800,5.099999904632568,5.0,5.300000190734863,4.900000095367432,5.0
2010-11-08,80100,5.199999809265137,5.0,5.5,4.699999809265137,5.0
2010-11-05,32800,5.5,5.400000095367432,5.699999809265137,5.199999809265137,5.400000095367432
2010-11-04,87400,5.099999904632568,5.400000095367432,5.699999809265137,5.099999904632568,5.400000095367432
2010-11-03,61500,5.0,5.199999809265137,5.400000095367432,5.0,5.199999809265137
2010-11-02,72900,5.0,5.099999904632568,5.199999809265137,4.699999809265137,5.099999904632568
2010-11-01,44700,5.099999904632568,4.699999809265137,5.199999809265137,4.699999809265137,4.699999809265137
2010-10-29,70600,5.300000190734863,5.0,5.300000190734863,4.800000190734863,5.0
2010-10-28,108400,5.5,5.300000190734863,5.599999904632568,4.699999809265137,5.300000190734863
2010-10-27,86000,4.699999809265137,5.099999904632568,5.099999904632568,4.5,5.099999904632568
2010-10-26,41600,4.300000190734863,4.599999904632568,4.599999904632568,4.199999809265137,4.599999904632568
2010-10-25,24000,4.099999904632568,4.300000190734863,4.5,4.099999904632568,4.300000190734863
2010-10-22,31900,4.300000190734863,4.400000095367432,4.400000095367432,4.199999809265137,4.400000095367432
2010-10-21,33400,4.300000190734863,4.300000190734863,4.5,4.199999809265137,4.300000190734863
2010-10-20,41700,4.099999904632568,4.199999809265137,4.400000095367432,4.0,4.199999809265137
2010-10-19,59700,4.599999904632568,4.199999809265137,4.599999904632568,4.099999904632568,4.199999809265137
2010-10-18,61400,4.5,4.400000095367432,4.900000095367432,4.199999809265137,4.400000095367432
2010-10-15,113000,5.0,4.5,5.199999809265137,4.5,4.5
2010-10-14,132000,4.5,4.800000190734863,5.0,4.400000095367432,4.800000190734863
2010-10-13,130100,4.099999904632568,4.5,4.599999904632568,4.0,4.5
2010-10-12,84000,3.799999952316284,4.199999809265137,4.300000190734863,3.799999952316284,4.199999809265137
2010-10-11,26400,3.799999952316284,3.799999952316284,3.9000000953674316,3.700000047683716,3.799999952316284
2010-10-08,9400,4.0,3.9000000953674316,4.0,3.9000000953674316,3.9000000953674316
2010-10-07,23900,3.9000000953674316,3.9000000953674316,4.099999904632568,3.799999952316284,3.9000000953674316
2010-10-06,23600,3.9000000953674316,3.799999952316284,3.9000000953674316,3.700000047683716,3.799999952316284
2010-10-05,48300,3.799999952316284,3.700000047683716,3.9000000953674316,3.700000047683716,3.700000047683716
2010-10-04,16800,3.9000000953674316,3.799999952316284,4.0,3.799999952316284,3.799999952316284
2010-10-01,17400,3.9000000953674316,3.9000000953674316,4.0,3.799999952316284,3.9000000953674316
2010-09-30,27400,4.099999904632568,3.799999952316284,4.099999904632568,3.799999952316284,3.799999952316284
2010-09-29,41100,3.799999952316284,3.799999952316284,4.099999904632568,3.799999952316284,3.799999952316284
2010-09-28,28900,4.0,4.0,4.099999904632568,3.799999952316284,4.0
2010-09-27,17200,3.9000000953674316,4.099999904632568,4.099999904632568,3.9000000953674316,4.099999904632568
2010-09-24,24200,3.799999952316284,3.9000000953674316,4.199999809265137,3.799999952316284,3.9000000953674316
2010-09-23,14800,3.9000000953674316,3.9000000953674316,3.9000000953674316,3.799999952316284,3.9000000953674316
2010-09-22,53500,3.9000000953674316,3.9000000953674316,4.300000190734863,3.9000000953674316,3.9000000953674316
2010-09-21,6600,4.099999904632568,4.099999904632568,4.099999904632568,4.0,4.099999904632568
2010-09-20,26200,3.9000000953674316,4.099999904632568,4.099999904632568,3.9000000953674316,4.099999904632568
2010-09-17,22600,4.0,3.799999952316284,4.099999904632568,3.799999952316284,3.799999952316284
2010-09-16,13400,4.0,4.0,4.199999809265137,3.9000000953674316,4.0
2010-09-15,12900,3.9000000953674316,3.9000000953674316,4.099999904632568,3.9000000953674316,3.9000000953674316
2010-09-14,14800,4.099999904632568,4.099999904632568,4.199999809265137,3.9000000953674316,4.099999904632568
2010-09-13,15600,4.099999904632568,4.0,4.099999904632568,3.9000000953674316,4.0
2010-09-10,25000,3.9000000953674316,3.9000000953674316,4.099999904632568,3.799999952316284,3.9000000953674316
2010-09-09,44700,3.799999952316284,4.099999904632568,4.199999809265137,3.700000047683716,4.099999904632568
2010-09-08,8200,4.0,3.9000000953674316,4.0,3.799999952316284,3.9000000953674316
2010-09-07,11300,3.9000000953674316,3.799999952316284,4.0,3.799999952316284,3.799999952316284
2010-09-03,45800,4.0,3.9000000953674316,4.400000095367432,3.799999952316284,3.9000000953674316
2010-09-02,17000,4.0,4.0,4.099999904632568,4.0,4.0
2010-09-01,14500,4.099999904632568,4.0,4.099999904632568,4.0,4.0
2010-08-31,13000,4.099999904632568,4.0,4.199999809265137,4.0,4.0
2010-08-30,3200,4.300000190734863,4.099999904632568,4.300000190734863,4.099999904632568,4.099999904632568
2010-08-27,9400,4.0,4.199999809265137,4.199999809265137,4.0,4.199999809265137
2010-08-26,14200,4.0,4.099999904632568,4.099999904632568,4.0,4.099999904632568
2010-08-25,24900,4.0,4.0,4.099999904632568,4.0,4.0
2010-08-24,29500,4.199999809265137,4.0,4.199999809265137,4.0,4.0
2010-08-23,18300,4.099999904632568,4.099999904632568,4.300000190734863,4.099999904632568,4.099999904632568
2010-08-20,15600,4.400000095367432,4.099999904632568,4.400000095367432,4.099999904632568,4.099999904632568
2010-08-19,10700,4.400000095367432,4.300000190734863,4.400000095367432,4.199999809265137,4.300000190734863
2010-08-18,12400,4.400000095367432,4.400000095367432,4.5,4.300000190734863,4.400000095367432
2010-08-17,8900,4.400000095367432,4.300000190734863,4.400000095367432,4.199999809265137,4.300000190734863
2010-08-16,14000,4.199999809265137,4.300000190734863,4.5,4.199999809265137,4.300000190734863
2010-08-13,14200,4.300000190734863,4.199999809265137,4.300000190734863,4.199999809265137,4.199999809265137
2010-08-12,40900,4.5,4.300000190734863,4.5,4.199999809265137,4.300000190734863
2010-08-11,36200,4.900000095367432,4.5,4.900000095367432,4.5,4.5
2010-08-10,38000,4.900000095367432,4.900000095367432,4.900000095367432,4.699999809265137,4.900000095367432
2010-08-09,40700,4.5,4.900000095367432,4.900000095367432,4.5,4.900000095367432
2010-08-06,70400,4.5,4.5,4.699999809265137,4.300000190734863,4.5
2010-08-05,42900,4.699999809265137,5.0,5.0,4.599999904632568,5.0
2010-08-04,17700,4.699999809265137,4.5,4.699999809265137,4.5,4.5
2010-08-03,16600,4.699999809265137,4.5,4.800000190734863,4.400000095367432,4.5
2010-08-02,25600,4.800000190734863,4.400000095367432,4.800000190734863,4.400000095367432,4.400000095367432
2010-07-30,29000,4.699999809265137,4.599999904632568,4.699999809265137,4.400000095367432,4.599999904632568
2010-07-29,30500,4.900000095367432,4.699999809265137,5.199999809265137,4.699999809265137,4.699999809265137
2010-07-28,32500,4.699999809265137,5.0,5.099999904632568,4.599999904632568,5.0
2010-07-27,19900,4.800000190734863,4.699999809265137,4.900000095367432,4.599999904632568,4.699999809265137
2010-07-26,14900,4.5,4.699999809265137,4.800000190734863,4.400000095367432,4.699999809265137
2010-07-23,15900,4.400000095367432,4.400000095367432,4.599999904632568,4.300000190734863,4.400000095367432
2010-07-22,17200,4.5,4.400000095367432,4.5,4.300000190734863,4.400000095367432
2010-07-21,13400,4.699999809265137,4.400000095367432,4.699999809265137,4.400000095367432,4.400000095367432
2010-07-20,14600,4.800000190734863,4.5,4.800000190734863,4.5,4.5
2010-07-19,20400,4.699999809265137,4.599999904632568,4.900000095367432,4.599999904632568,4.599999904632568
2010-07-16,21400,5.0,4.699999809265137,5.0,4.599999904632568,4.699999809265137
2010-07-15,34200,4.800000190734863,4.800000190734863,5.300000190734863,4.599999904632568,4.800000190734863
2010-07-14,33500,4.800000190734863,4.800000190734863,4.900000095367432,4.599999904632568,4.800000190734863
2010-07-13,30600,4.400000095367432,4.5,5.699999809265137,4.400000095367432,4.5
2010-07-12,8800,4.400000095367432,4.5,4.599999904632568,4.400000095367432,4.5
2010-07-09,11800,4.300000190734863,4.5,4.5,4.300000190734863,4.5
2010-07-08,19300,4.699999809265137,4.300000190734863,4.699999809265137,4.300000190734863,4.300000190734863
2010-07-07,14800,4.5,4.5,4.699999809265137,4.300000190734863,4.5
2010-07-06,19200,4.5,4.5,4.599999904632568,4.099999904632568,4.5
2010-07-02,17200,4.199999809265137,4.599999904632568,4.599999904632568,4.199999809265137,4.599999904632568
2010-07-01,49500,4.5,4.199999809265137,4.599999904632568,4.0,4.199999809265137
2010-06-30,53800,4.599999904632568,4.599999904632568,4.800000190734863,4.400000095367432,4.599999904632568
2010-06-29,24200,4.699999809265137,5.0,5.0,4.699999809265137,5.0
2010-06-28,27300,5.199999809265137,5.0,5.199999809265137,4.800000190734863,5.0
2010-06-25,54700,5.0,5.099999904632568,5.099999904632568,4.699999809265137,5.099999904632568
2010-06-24,58900,5.800000190734863,5.099999904632568,5.800000190734863,5.0,5.099999904632568
2010-06-23,119100,6.199999809265137,5.699999809265137,6.199999809265137,5.400000095367432,5.699999809265137
2010-06-22,300000,6.0,6.099999904632568,6.300000190734863,5.699999809265137,6.099999904632568
2010-06-21,126100,5.0,5.400000095367432,5.699999809265137,5.0,5.400000095367432
2010-06-18,127400,4.800000190734863,5.0,5.300000190734863,4.599999904632568,5.0
2010-06-17,61100,4.5,4.5,4.699999809265137,4.300000190734863,4.5
2010-06-16,61400,4.300000190734863,4.300000190734863,4.5,4.099999904632568,4.300000190734863
2010-06-15,23500,4.099999904632568,4.0,4.099999904632568,4.0,4.0
2010-06-14,29200,4.0,4.099999904632568,4.099999904632568,3.9000000953674316,4.099999904632568
2010-06-11,27600,3.799999952316284,3.799999952316284,4.0,3.799999952316284,3.799999952316284
2010-06-10,23100,3.700000047683716,3.700000047683716,3.9000000953674316,3.5999999046325684,3.700000047683716
2010-06-09,53100,4.300000190734863,3.5999999046325684,4.300000190734863,3.5999999046325684,3.5999999046325684
2010-06-08,73900,4.0,3.799999952316284,4.0,3.700000047683716,3.799999952316284
2010-06-07,26800,3.9000000953674316,3.9000000953674316,3.9000000953674316,3.700000047683716,3.9000000953674316
2010-06-04,46200,4.0,3.799999952316284,4.099999904632568,3.799999952316284,3.799999952316284
2010-06-03,75100,4.300000190734863,4.0,4.400000095367432,3.9000000953674316,4.0
2010-06-02,43100,4.0,4.199999809265137,4.199999809265137,3.9000000953674316,4.199999809265137
2010-06-01,66600,4.400000095367432,4.0,4.400000095367432,4.0,4.0
2010-05-28,77800,4.199999809265137,4.199999809265137,4.199999809265137,3.9000000953674316,4.199999809265137
2010-05-27,207300,4.199999809265137,4.0,4.300000190734863,3.799999952316284,4.0
2010-05-26,359700,4.400000095367432,3.5999999046325684,4.400000095367432,3.5999999046325684,3.5999999046325684
2010-05-25,72000,4.5,4.300000190734863,4.599999904632568,4.0,4.300000190734863
2010-05-24,33000,4.699999809265137,4.599999904632568,4.900000095367432,4.599999904632568,4.599999904632568
2010-05-21,56600,5.0,4.699999809265137,5.099999904632568,4.699999809265137,4.699999809265137
2010-05-20,41700,4.900000095367432,5.099999904632568,5.099999904632568,4.699999809265137,5.099999904632568
2010-05-19,34600,5.0,4.800000190734863,5.199999809265137,4.800000190734863,4.800000190734863
2010-05-18,43500,5.0,4.900000095367432,5.300000190734863,4.900000095367432,4.900000095367432
2010-05-17,107700,5.199999809265137,4.800000190734863,5.199999809265137,4.800000190734863,4.800000190734863
2010-05-14,62700,5.0,5.199999809265137,5.199999809265137,4.800000190734863,5.199999809265137
2010-05-13,107300,5.699999809265137,5.0,5.699999809265137,4.900000095367432,5.0
2010-05-12,46400,5.5,5.400000095367432,5.800000190734863,5.300000190734863,5.400000095367432
2010-05-11,77400,5.699999809265137,5.5,5.800000190734863,5.199999809265137,5.5
2010-05-10,27800,6.099999904632568,5.800000190734863,6.099999904632568,5.800000190734863,5.800000190734863
2010-05-07,52800,5.699999809265137,5.800000190734863,5.900000095367432,5.5,5.800000190734863
2010-05-06,65500,6.0,5.699999809265137,6.199999809265137,5.5,5.699999809265137
2010-05-05,39300,6.099999904632568,6.0,6.099999904632568,6.0,6.0
2010-05-04,61000,6.300000190734863,6.099999904632568,6.5,6.0,6.099999904632568
2010-05-03,25000,6.5,6.400000095367432,6.5,6.300000190734863,6.400000095367432
2010-04-30,39400,6.400000095367432,6.599999904632568,6.599999904632568,6.300000190734863,6.599999904632568
2010-04-29,42000,6.599999904632568,6.400000095367432,6.599999904632568,6.300000190734863,6.400000095367432
2010-04-28,34600,6.900000095367432,6.800000190734863,6.900000095367432,6.5,6.800000190734863
2010-04-27,75400,6.699999809265137,6.900000095367432,6.900000095367432,6.400000095367432,6.900000095367432
2010-04-26,48300,6.599999904632568,6.699999809265137,6.699999809265137,6.5,6.699999809265137
2010-04-23,27000,6.599999904632568,6.5,6.599999904632568,6.400000095367432,6.5
2010-04-22,33600,6.199999809265137,6.599999904632568,6.599999904632568,6.199999809265137,6.599999904632568
2010-04-21,74700,6.5,6.199999809265137,6.599999904632568,6.199999809265137,6.199999809265137
2010-04-20,47700,6.599999904632568,6.599999904632568,6.599999904632568,6.300000190734863,6.599999904632568
2010-04-19,78700,6.599999904632568,6.300000190734863,6.699999809265137,6.199999809265137,6.300000190734863
2010-04-16,123000,6.5,6.599999904632568,6.599999904632568,6.199999809265137,6.599999904632568
2010-04-15,62800,6.5,6.400000095367432,6.800000190734863,6.400000095367432,6.400000095367432
2010-04-14,52600,6.300000190734863,6.599999904632568,6.699999809265137,6.300000190734863,6.599999904632568
2010-04-13,47400,6.5,6.400000095367432,6.699999809265137,6.300000190734863,6.400000095367432
2010-04-12,96500,6.800000190734863,6.5,6.900000095367432,6.5,6.5
2010-04-09,44200,6.800000190734863,6.900000095367432,7.0,6.800000190734863,6.900000095367432
2010-04-08,43900,6.800000190734863,6.800000190734863,7.0,6.800000190734863,6.800000190734863
2010-04-07,68100,6.699999809265137,7.199999809265137,7.199999809265137,6.699999809265137,7.199999809265137
2010-04-06,64800,6.900000095367432,7.099999904632568,7.300000190734863,6.800000190734863,7.099999904632568
2010-04-05,67600,6.699999809265137,7.300000190734863,7.300000190734863,6.599999904632568,7.300000190734863
2010-04-01,77900,6.800000190734863,6.599999904632568,7.199999809265137,6.599999904632568,6.599999904632568
2010-03-31,82500,6.300000190734863,6.900000095367432,6.900000095367432,6.300000190734863,6.900000095367432
2010-03-30,1123000,6.5,6.300000190734863,6.900000095367432,5.900000095367432,6.300000190734863
2010-03-29,439300,7.199999809265137,6.5,7.199999809265137,6.199999809265137,6.5
2010-03-26,147500,7.5,7.400000095367432,7.5,6.800000190734863,7.400000095367432
2010-03-25,158400,7.199999809265137,7.400000095367432,7.5,7.099999904632568,7.400000095367432
2010-03-24,271200,6.599999904632568,7.099999904632568,7.199999809265137,6.5,7.099999904632568
2010-03-23,247200,6.400000095367432,6.5,7.0,6.300000190734863,6.5
2010-03-22,39800,5.800000190734863,6.099999904632568,6.199999809265137,5.800000190734863,6.099999904632568
2010-03-19,62600,6.300000190734863,5.800000190734863,6.400000095367432,5.800000190734863,5.800000190734863
2010-03-18,35900,6.0,6.199999809265137,6.300000190734863,5.900000095367432,6.199999809265137
2010-03-17,43200,6.099999904632568,6.099999904632568,6.400000095367432,6.0,6.099999904632568
2010-03-16,54400,5.699999809265137,5.900000095367432,6.0,5.599999904632568,5.900000095367432
2010-03-15,118500,6.300000190734863,5.800000190734863,6.5,5.699999809265137,5.800000190734863
2010-03-12,213700,6.099999904632568,6.199999809265137,6.300000190734863,5.900000095367432,6.199999809265137
2010-03-11,55700,5.699999809265137,5.900000095367432,5.900000095367432,5.599999904632568,5.900000095367432
2010-03-10,47100,5.900000095367432,5.699999809265137,5.900000095367432,5.5,5.699999809265137
2010-03-09,88000,5.800000190734863,5.800000190734863,5.900000095367432,5.5,5.800000190734863
2010-03-08,173500,5.5,5.599999904632568,5.800000190734863,5.400000095367432,5.599999904632568
2010-03-05,23900,5.300000190734863,5.5,5.5,5.300000190734863,5.5
2010-03-04,11300,5.5,5.400000095367432,5.5,5.300000190734863,5.400000095367432
2010-03-03,32200,5.400000095367432,5.300000190734863,5.5,5.300000190734863,5.300000190734863
2010-03-02,19900,5.300000190734863,5.400000095367432,5.400000095367432,5.199999809265137,5.400000095367432
2010-03-01,57100,5.400000095367432,5.300000190734863,5.5,5.300000190734863,5.300000190734863
2010-02-26,23900,5.0,5.300000190734863,5.300000190734863,5.0,5.300000190734863
2010-02-25,68800,5.099999904632568,5.0,5.300000190734863,4.900000095367432,5.0
2010-02-24,35100,5.199999809265137,5.099999904632568,5.300000190734863,5.099999904632568,5.099999904632568
2010-02-23,29900,5.300000190734863,5.300000190734863,5.5,5.199999809265137,5.300000190734863
2010-02-22,49800,5.5,5.400000095367432,5.599999904632568,5.300000190734863,5.400000095367432
2010-02-19,153000,5.699999809265137,5.400000095367432,5.699999809265137,5.0,5.400000095367432
2010-02-18,38500,5.5,5.5,5.599999904632568,5.400000095367432,5.5
2010-02-17,50600,5.099999904632568,5.400000095367432,5.5,5.099999904632568,5.400000095367432
2010-02-16,35500,5.400000095367432,5.199999809265137,5.400000095367432,5.099999904632568,5.199999809265137
2010-02-12,40400,5.0,5.300000190734863,5.300000190734863,4.900000095367432,5.300000190734863
2010-02-11,41900,5.0,5.099999904632568,5.300000190734863,5.0,5.099999904632568
2010-02-10,37700,5.0,5.199999809265137,5.300000190734863,5.0,5.199999809265137
2010-02-09,31700,5.099999904632568,5.199999809265137,5.300000190734863,5.099999904632568,5.199999809265137
2010-02-08,45000,5.300000190734863,5.400000095367432,5.5,5.0,5.400000095367432
2010-02-05,129600,5.599999904632568,5.199999809265137,5.699999809265137,5.0,5.199999809265137
2010-02-04,234800,5.599999904632568,5.599999904632568,6.5,5.5,5.599999904632568
2010-02-03,41600,5.699999809265137,5.599999904632568,5.800000190734863,5.599999904632568,5.599999904632568
2010-02-02,49200,5.699999809265137,5.800000190734863,5.800000190734863,5.599999904632568,5.800000190734863
2010-02-01,22400,5.900000095367432,5.800000190734863,5.900000095367432,5.699999809265137,5.800000190734863
2010-01-29,33200,5.699999809265137,5.800000190734863,5.900000095367432,5.699999809265137,5.800000190734863
2010-01-28,36000,5.800000190734863,5.699999809265137,5.900000095367432,5.599999904632568,5.699999809265137
2010-01-27,45200,5.699999809265137,5.800000190734863,6.0,5.599999904632568,5.800000190734863
2010-01-26,32100,5.699999809265137,5.699999809265137,6.0,5.699999809265137,5.699999809265137
2010-01-25,81500,5.800000190734863,5.699999809265137,6.0,5.699999809265137,5.699999809265137
2010-01-22,112500,6.099999904632568,5.699999809265137,6.099999904632568,5.400000095367432,5.699999809265137
2010-01-21,99400,6.5,6.0,6.599999904632568,5.800000190734863,6.0
2010-01-20,43100,6.599999904632568,6.400000095367432,6.599999904632568,6.400000095367432,6.400000095367432
2010-01-19,93000,6.800000190734863,6.5,6.800000190734863,6.400000095367432,6.5
2010-01-15,159800,6.900000095367432,6.599999904632568,6.900000095367432,6.400000095367432,6.599999904632568
2010-01-14,48300,6.699999809265137,6.699999809265137,6.900000095367432,6.599999904632568,6.699999809265137
2010-01-13,63500,6.699999809265137,6.599999904632568,6.900000095367432,6.599999904632568,6.599999904632568
2010-01-12,51500,6.900000095367432,6.800000190734863,7.0,6.800000190734863,6.800000190734863
2010-01-11,69100,7.0,6.800000190734863,7.099999904632568,6.800000190734863,6.800000190734863
2010-01-08,150300,6.900000095367432,6.800000190734863,7.099999904632568,6.699999809265137,6.800000190734863
2010-01-07,136500,6.800000190734863,6.699999809265137,6.800000190734863,6.5,6.699999809265137
2010-01-06,187900,6.900000095367432,6.699999809265137,6.900000095367432,6.599999904632568,6.699999809265137
2010-01-05,125500,7.300000190734863,7.0,7.300000190734863,6.900000095367432,7.0
2010-01-04,53700,7.400000095367432,7.0,7.599999904632568,7.0,7.0
2009-12-31,145600,7.199999809265137,7.099999904632568,7.400000095367432,7.0,7.099999904632568
2009-12-30,194800,7.699999809265137,7.0,7.800000190734863,7.0,7.0
2009-12-29,268400,7.0,7.900000095367432,8.100000381469727,7.0,7.900000095367432
2009-12-28,75100,7.0,7.099999904632568,7.099999904632568,6.699999809265137,7.099999904632568
2009-12-24,25400,7.0,7.0,7.199999809265137,6.900000095367432,7.0
2009-12-23,41100,7.5,6.900000095367432,7.599999904632568,6.900000095367432,6.900000095367432
2009-12-22,32200,7.0,7.400000095367432,7.400000095367432,6.900000095367432,7.400000095367432
2009-12-21,25500,6.900000095367432,7.0,7.199999809265137,6.800000190734863,7.0
2009-12-18,41400,7.0,6.800000190734863,7.099999904632568,6.5,6.800000190734863
2009-12-17,19900,7.0,7.0,7.0,7.0,7.0
2009-12-16,18000,7.099999904632568,7.0,7.199999809265137,7.0,7.0
2009-12-15,42100,7.0,7.099999904632568,7.199999809265137,7.0,7.099999904632568
2009-12-14,27700,7.0,7.0,7.099999904632568,6.900000095367432,7.0
2009-12-11,74300,7.300000190734863,7.099999904632568,7.400000095367432,7.0,7.099999904632568
2009-12-10,24200,7.300000190734863,7.300000190734863,7.5,7.099999904632568,7.300000190734863
2009-12-09,15100,7.400000095367432,7.300000190734863,7.5,7.199999809265137,7.300000190734863
2009-12-08,29200,7.5,7.300000190734863,7.599999904632568,7.300000190734863,7.300000190734863
2009-12-07,32000,8.0,7.400000095367432,8.0,7.400000095367432,7.400000095367432
2009-12-04,46100,7.699999809265137,7.599999904632568,7.900000095367432,7.5,7.599999904632568
2009-12-03,26800,7.900000095367432,7.699999809265137,7.900000095367432,7.699999809265137,7.699999809265137
2009-12-02,18900,7.900000095367432,7.699999809265137,8.0,7.699999809265137,7.699999809265137
2009-12-01,11400,8.0,7.900000095367432,8.100000381469727,7.800000190734863,7.900000095367432
2009-11-30,23500,7.900000095367432,8.0,8.100000381469727,7.800000190734863,8.0
2009-11-27,23300,8.0,7.800000190734863,8.100000381469727,7.699999809265137,7.800000190734863
2009-11-25,16200,8.100000381469727,8.0,8.199999809265137,8.0,8.0
2009-11-24,17700,8.100000381469727,8.100000381469727,8.300000190734863,8.100000381469727,8.100000381469727
2009-11-23,21000,8.199999809265137,8.100000381469727,8.399999618530273,8.100000381469727,8.100000381469727
2009-11-20,19500,8.199999809265137,8.199999809265137,8.399999618530273,8.199999809265137,8.199999809265137
2009-11-19,18000,8.5,8.5,8.600000381469727,8.300000190734863,8.5
2009-11-18,28600,8.600000381469727,8.899999618530273,8.899999618530273,8.300000190734863,8.899999618530273
2009-11-17,16300,9.0,8.600000381469727,9.0,8.600000381469727,8.600000381469727
2009-11-16,36700,9.0,8.699999809265137,9.0,8.600000381469727,8.699999809265137
2009-11-13,29000,8.600000381469727,8.899999618530273,8.899999618530273,8.5,8.899999618530273
2009-11-12,21300,8.800000190734863,8.5,9.0,8.5,8.5
2009-11-11,18300,9.0,8.899999618530273,9.100000381469727,8.699999809265137,8.899999618530273
2009-11-10,16500,8.699999809265137,9.0,9.199999809265137,8.600000381469727,9.0
2009-11-09,38100,8.5,9.199999809265137,9.300000190734863,8.5,9.199999809265137
2009-11-06,19700,8.600000381469727,8.800000190734863,8.800000190734863,8.5,8.800000190734863
2009-11-05,34300,8.600000381469727,8.600000381469727,9.0,8.600000381469727,8.600000381469727
2009-11-04,30100,9.300000190734863,8.600000381469727,9.399999618530273,8.600000381469727,8.600000381469727
2009-11-03,20600,9.199999809265137,9.0,9.199999809265137,8.600000381469727,9.0
2009-11-02,30700,9.300000190734863,8.800000190734863,9.300000190734863,8.5,8.800000190734863
2009-10-30,37400,9.199999809265137,8.600000381469727,9.199999809265137,8.600000381469727,8.600000381469727
2009-10-29,48300,9.0,9.0,9.600000381469727,8.699999809265137,9.0
2009-10-28,68300,8.800000190734863,8.399999618530273,9.100000381469727,8.399999618530273,8.399999618530273
2009-10-27,82100,9.699999809265137,9.0,10.100000381469727,9.0,9.0
2009-10-26,66100,10.300000190734863,9.800000190734863,10.699999809265137,9.699999809265137,9.800000190734863
2009-10-23,71200,10.800000190734863,10.5,10.800000190734863,10.199999809265137,10.5
2009-10-22,65000,10.300000190734863,10.699999809265137,10.699999809265137,10.300000190734863,10.699999809265137
2009-10-21,75600,10.399999618530273,10.399999618530273,11.0,10.399999618530273,10.399999618530273
2009-10-20,206500,10.600000381469727,10.399999618530273,11.699999809265137,10.100000381469727,10.399999618530273
2009-10-19,86700,11.899999618530273,11.0,11.899999618530273,10.600000381469727,11.0
2009-10-16,81100,11.899999618530273,11.5,11.899999618530273,10.800000190734863,11.5
2009-10-15,69200,11.600000381469727,11.699999809265137,12.100000381469727,11.5,11.699999809265137
2009-10-14,354400,11.899999618530273,11.800000190734863,13.5,11.399999618530273,11.800000190734863
2009-10-13,109300,12.300000190734863,11.699999809265137,12.300000190734863,11.300000190734863,11.699999809265137
2009-10-12,201900,11.5,11.899999618530273,11.899999618530273,11.100000381469727,11.899999618530273
2009-10-09,254500,11.100000381469727,10.899999618530273,11.399999618530273,10.300000190734863,10.899999618530273
2009-10-08,1164900,9.0,11.199999809265137,13.300000190734863,8.899999618530273,11.199999809265137
2009-10-07,62200,9.0,9.199999809265137,9.600000381469727,8.899999618530273,9.199999809265137
2009-10-06,128800,8.600000381469727,9.300000190734863,9.300000190734863,8.5,9.300000190734863
2009-10-05,49600,8.800000190734863,8.5,9.0,8.399999618530273,8.5
2009-10-02,92200,8.699999809265137,8.800000190734863,8.800000190734863,7.900000095367432,8.800000190734863
2009-10-01,164500,8.699999809265137,8.600000381469727,9.600000381469727,8.199999809265137,8.600000381469727
2009-09-30,182700,9.100000381469727,8.800000190734863,9.699999809265137,8.399999618530273,8.800000190734863
2009-09-29,178200,8.5,8.899999618530273,9.0,7.900000095367432,8.899999618530273
2009-09-28,165400,8.300000190734863,8.399999618530273,9.0,8.199999809265137,8.399999618530273
2009-09-25,171300,7.900000095367432,8.100000381469727,8.399999618530273,7.5,8.100000381469727
2009-09-24,30000,8.0,7.900000095367432,8.100000381469727,7.599999904632568,7.900000095367432
2009-09-23,38500,8.300000190734863,8.0,8.5,7.900000095367432,8.0
2009-09-22,57200,8.300000190734863,8.399999618530273,8.399999618530273,8.0,8.399999618530273
2009-09-21,73900,7.599999904632568,8.300000190734863,8.300000190734863,7.5,8.300000190734863
2009-09-18,28600,7.599999904632568,7.599999904632568,7.900000095367432,7.599999904632568,7.599999904632568
2009-09-17,35800,7.900000095367432,7.800000190734863,8.0,7.699999809265137,7.800000190734863
2009-09-16,68100,7.699999809265137,7.900000095367432,7.900000095367432,7.599999904632568,7.900000095367432
2009-09-15,47800,7.5,7.5,7.800000190734863,7.5,7.5
2009-09-14,38000,7.5,7.5,7.599999904632568,7.5,7.5
2009-09-11,56600,7.400000095367432,7.5,7.599999904632568,7.400000095367432,7.5
2009-09-10,38900,7.199999809265137,7.300000190734863,7.400000095367432,7.099999904632568,7.300000190734863
2009-09-09,70200,6.900000095367432,7.099999904632568,7.199999809265137,6.800000190734863,7.099999904632568
2009-09-08,22000,7.0,6.800000190734863,7.099999904632568,6.800000190734863,6.800000190734863
2009-09-04,19900,6.699999809265137,7.0,7.0,6.699999809265137,7.0
2009-09-03,43000,6.699999809265137,6.699999809265137,7.0,6.699999809265137,6.699999809265137
2009-09-02,42600,7.099999904632568,6.699999809265137,7.099999904632568,6.599999904632568,6.699999809265137
2009-09-01,89500,7.0,6.699999809265137,7.099999904632568,6.599999904632568,6.699999809265137
2009-08-31,61000,7.300000190734863,7.0,7.300000190734863,6.900000095367432,7.0
2009-08-28,91200,7.5,7.099999904632568,7.699999809265137,7.099999904632568,7.099999904632568
2009-08-27,214000,7.199999809265137,7.5,7.800000190734863,7.0,7.5
2009-08-26,41300,7.099999904632568,7.199999809265137,7.400000095367432,7.099999904632568,7.199999809265137
2009-08-25,72100,7.300000190734863,7.199999809265137,7.400000095367432,7.0,7.199999809265137
2009-08-24,56400,7.5,7.300000190734863,7.599999904632568,7.300000190734863,7.300000190734863
2009-08-21,117100,7.5,7.5,7.800000190734863,7.300000190734863,7.5
2009-08-20,103200,7.300000190734863,7.5,7.699999809265137,7.199999809265137,7.5
2009-08-19,57200,7.5,7.300000190734863,7.699999809265137,7.300000190734863,7.300000190734863
2009-08-18,23800,7.699999809265137,7.699999809265137,7.699999809265137,7.400000095367432,7.699999809265137
2009-08-17,28200,7.400000095367432,7.5,7.599999904632568,7.400000095367432,7.5
2009-08-14,41000,7.900000095367432,7.599999904632568,7.900000095367432,7.5,7.599999904632568
2009-08-13,53900,7.699999809265137,7.699999809265137,7.900000095367432,7.599999904632568,7.699999809265137
2009-08-12,17400,7.5,7.699999809265137,7.800000190734863,7.5,7.699999809265137
2009-08-11,29500,7.900000095367432,7.5,7.900000095367432,7.5,7.5
2009-08-10,17400,7.699999809265137,7.900000095367432,7.900000095367432,7.699999809265137,7.900000095367432
2009-08-07,24400,7.800000190734863,7.599999904632568,7.900000095367432,7.599999904632568,7.599999904632568
2009-08-06,30300,8.0,7.599999904632568,8.0,7.599999904632568,7.599999904632568
2009-08-05,54100,8.0,7.900000095367432,8.199999809265137,7.699999809265137,7.900000095367432
2009-08-04,16800,7.800000190734863,7.699999809265137,7.800000190734863,7.5,7.699999809265137
2009-08-03,24600,7.699999809265137,7.800000190734863,8.100000381469727,7.5,7.800000190734863
2009-07-31,17000,7.900000095367432,7.900000095367432,8.0,7.699999809265137,7.900000095367432
2009-07-30,23700,8.0,7.900000095367432,8.0,7.599999904632568,7.900000095367432
2009-07-29,25800,8.100000381469727,7.5,8.100000381469727,7.5,7.5
2009-07-28,44900,8.199999809265137,8.100000381469727,8.199999809265137,7.599999904632568,8.100000381469727
2009-07-27,51500,7.699999809265137,8.199999809265137,8.399999618530273,7.699999809265137,8.199999809265137
2009-07-24,35100,8.0,7.699999809265137,8.0,7.699999809265137,7.699999809265137
2009-07-23,52100,7.699999809265137,7.699999809265137,8.100000381469727,7.5,7.699999809265137
2009-07-22,21500,7.400000095367432,7.400000095367432,7.599999904632568,7.400000095367432,7.400000095367432
2009-07-21,32800,7.400000095367432,7.5,7.900000095367432,7.400000095367432,7.5
2009-07-20,26300,7.599999904632568,7.300000190734863,7.900000095367432,7.300000190734863,7.300000190734863
2009-07-17,26900,7.800000190734863,7.699999809265137,8.0,7.599999904632568,7.699999809265137
2009-07-16,51800,7.400000095367432,7.599999904632568,7.900000095367432,7.300000190734863,7.599999904632568
2009-07-15,18100,7.199999809265137,7.300000190734863,7.599999904632568,7.199999809265137,7.300000190734863
2009-07-14,23500,7.300000190734863,7.199999809265137,7.599999904632568,7.199999809265137,7.199999809265137
2009-07-13,14900,7.400000095367432,7.300000190734863,7.599999904632568,7.300000190734863,7.300000190734863
2009-07-10,21500,7.599999904632568,7.400000095367432,7.800000190734863,7.300000190734863,7.400000095367432
2009-07-09,38100,7.599999904632568,7.699999809265137,7.800000190734863,7.5,7.699999809265137
2009-07-08,40900,7.800000190734863,7.599999904632568,8.199999809265137,7.599999904632568,7.599999904632568
2009-07-07,74400,8.0,7.800000190734863,8.800000190734863,7.699999809265137,7.800000190734863
2009-07-06,54400,8.399999618530273,7.900000095367432,8.699999809265137,7.599999904632568,7.900000095367432
2009-07-02,26900,8.100000381469727,8.600000381469727,8.600000381469727,8.100000381469727,8.600000381469727
2009-07-01,38800,8.899999618530273,8.100000381469727,8.899999618530273,8.100000381469727,8.100000381469727
2009-06-30,60000,8.5,8.800000190734863,9.199999809265137,8.100000381469727,8.800000190734863
2009-06-29,287900,8.199999809265137,8.899999618530273,8.899999618530273,7.699999809265137,8.899999618530273
2009-06-26,2007600,8.800000190734863,7.300000190734863,9.5,7.300000190734863,7.300000190734863
2009-06-25,56000,8.300000190734863,8.0,8.600000381469727,8.0,8.0
2009-06-24,13200,8.399999618530273,8.399999618530273,8.699999809265137,8.300000190734863,8.399999618530273
2009-06-23,36900,8.5,8.199999809265137,8.800000190734863,7.800000190734863,8.199999809265137
2009-06-22,88600,9.300000190734863,8.199999809265137,9.5,8.0,8.199999809265137
2009-06-19,50600,9.300000190734863,9.300000190734863,9.5,9.0,9.300000190734863
2009-06-18,43100,9.399999618530273,9.0,9.600000381469727,9.0,9.0
2009-06-17,24700,9.300000190734863,9.399999618530273,9.800000190734863,9.199999809265137,9.399999618530273
2009-06-16,72000,10.100000381469727,9.199999809265137,10.300000190734863,9.199999809265137,9.199999809265137
2009-06-15,33000,10.5,9.800000190734863,10.5,9.600000381469727,9.800000190734863
2009-06-12,61900,11.300000190734863,10.5,11.300000190734863,10.199999809265137,10.5
2009-06-11,206400,9.300000190734863,11.399999618530273,12.199999809265137,9.100000381469727,11.399999618530273
2009-06-10,34500,9.199999809265137,9.300000190734863,9.600000381469727,9.100000381469727,9.300000190734863
2009-06-09,28500,9.300000190734863,9.199999809265137,9.800000190734863,9.100000381469727,9.199999809265137
2009-06-08,13900,9.600000381469727,9.300000190734863,9.600000381469727,9.300000190734863,9.300000190734863
2009-06-05,24200,10.100000381469727,9.5,10.199999809265137,9.399999618530273,9.5
2009-06-04,19600,9.600000381469727,10.0,10.100000381469727,9.600000381469727,10.0
2009-06-03,24000,10.0,10.100000381469727,10.199999809265137,9.699999809265137,10.100000381469727
2009-06-02,27700,9.600000381469727,10.100000381469727,10.100000381469727,9.5,10.100000381469727
2009-06-01,48400,9.300000190734863,9.699999809265137,9.699999809265137,9.100000381469727,9.699999809265137
2009-05-29,28200,9.199999809265137,9.300000190734863,9.399999618530273,9.0,9.300000190734863
2009-05-28,16400,9.199999809265137,9.199999809265137,9.5,9.0,9.199999809265137
2009-05-27,12700,9.399999618530273,9.0,9.800000190734863,9.0,9.0
2009-05-26,26100,9.100000381469727,9.5,9.600000381469727,9.100000381469727,9.5
2009-05-22,9900,9.300000190734863,9.199999809265137,9.5,9.100000381469727,9.199999809265137
2009-05-21,14900,9.199999809265137,9.100000381469727,9.300000190734863,9.0,9.100000381469727
2009-05-20,25000,9.100000381469727,9.5,9.5,8.899999618530273,9.5
2009-05-19,21100,9.100000381469727,9.100000381469727,9.300000190734863,8.899999618530273,9.100000381469727
2009-05-18,22600,9.100000381469727,9.100000381469727,9.5,8.899999618530273,9.100000381469727
2009-05-15,33500,9.300000190734863,9.0,9.5,9.0,9.0
2009-05-14,18000,9.100000381469727,9.300000190734863,9.5,9.0,9.300000190734863
2009-05-13,30500,9.600000381469727,9.0,9.800000190734863,9.0,9.0
2009-05-12,16700,10.199999809265137,9.699999809265137,10.199999809265137,9.600000381469727,9.699999809265137
2009-05-11,17400,10.0,10.0,10.100000381469727,9.5,10.0
2009-05-08,47900,9.800000190734863,10.100000381469727,10.100000381469727,9.0,10.100000381469727
2009-05-07,47400,10.699999809265137,9.5,10.699999809265137,9.399999618530273,9.5
2009-05-06,27200,10.399999618530273,10.199999809265137,10.699999809265137,10.0,10.199999809265137
2009-05-05,31700,10.399999618530273,10.399999618530273,10.5,10.0,10.399999618530273
2009-05-04,32800,10.0,10.399999618530273,10.600000381469727,10.0,10.399999618530273
2009-05-01,14500,10.0,9.800000190734863,10.199999809265137,9.800000190734863,9.800000190734863
2009-04-30,40900,10.5,9.899999618530273,10.5,9.899999618530273,9.899999618530273
2009-04-29,40000,10.100000381469727,10.5,10.600000381469727,9.899999618530273,10.5
2009-04-28,16600,9.699999809265137,10.0,10.100000381469727,9.5,10.0
2009-04-27,23300,9.5,9.800000190734863,10.100000381469727,9.399999618530273,9.800000190734863
2009-04-24,22700,9.399999618530273,9.800000190734863,9.899999618530273,9.300000190734863,9.800000190734863
2009-04-23,26300,10.199999809265137,9.300000190734863,10.199999809265137,9.199999809265137,9.300000190734863
2009-04-22,41900,11.5,10.199999809265137,11.5,10.0,10.199999809265137
2009-04-21,19600,10.300000190734863,10.5,10.5,10.100000381469727,10.5
2009-04-20,44400,10.5,10.399999618530273,10.5,9.899999618530273,10.399999618530273
2009-04-17,37000,10.699999809265137,10.5,10.699999809265137,10.199999809265137,10.5
2009-04-16,71400,10.300000190734863,10.5,10.5,10.0,10.5
2009-04-15,13400,9.5,10.0,10.0,9.399999618530273,10.0
2009-04-14,28300,10.0,9.300000190734863,10.199999809265137,9.300000190734863,9.300000190734863
2009-04-13,24200,9.5,10.199999809265137,10.199999809265137,9.5,10.199999809265137
2009-04-09,45900,9.5,10.100000381469727,10.100000381469727,9.199999809265137,10.100000381469727
2009-04-08,10400,9.0,9.399999618530273,9.399999618530273,8.699999809265137,9.399999618530273
2009-04-07,18600,9.100000381469727,8.899999618530273,9.399999618530273,8.699999809265137,8.899999618530273
2009-04-06,25000,9.399999618530273,9.399999618530273,9.699999809265137,8.899999618530273,9.399999618530273
2009-04-03,22800,9.399999618530273,9.399999618530273,9.399999618530273,8.600000381469727,9.399999618530273
2009-04-02,40900,8.600000381469727,9.5,9.5,8.600000381469727,9.5
2009-04-01,22600,8.399999618530273,8.600000381469727,8.600000381469727,8.0,8.600000381469727
2009-03-31,58100,7.699999809265137,8.699999809265137,8.800000190734863,7.5,8.699999809265137
2009-03-30,123000,8.100000381469727,7.199999809265137,9.399999618530273,7.199999809265137,7.199999809265137
2009-03-27,45900,9.699999809265137,9.399999618530273,10.5,9.100000381469727,9.399999618530273
2009-03-26,72900,9.600000381469727,9.899999618530273,10.199999809265137,8.800000190734863,9.899999618530273
2009-03-25,41300,9.0,9.5,9.5,8.800000190734863,9.5
2009-03-24,27700,8.600000381469727,8.899999618530273,9.199999809265137,8.199999809265137,8.899999618530273
2009-03-23,45000,8.5,8.899999618530273,8.899999618530273,8.0,8.899999618530273
2009-03-20,50700,8.699999809265137,7.5,8.800000190734863,7.5,7.5
2009-03-19,27500,9.199999809265137,8.600000381469727,9.199999809265137,8.0,8.600000381469727
2009-03-18,24800,8.5,9.100000381469727,9.100000381469727,8.300000190734863,9.100000381469727
2009-03-17,23700,8.199999809265137,8.600000381469727,8.600000381469727,8.0,8.600000381469727
2009-03-16,21400,8.5,8.300000190734863,8.800000190734863,7.699999809265137,8.300000190734863
2009-03-13,20700,8.699999809265137,8.5,8.800000190734863,8.199999809265137,8.5
2009-03-12,23100,7.5,8.600000381469727,8.800000190734863,7.5,8.600000381469727
2009-03-11,18500,7.5,7.599999904632568,8.199999809265137,7.199999809265137,7.599999904632568
2009-03-10,25400,7.199999809265137,7.5,7.599999904632568,7.0,7.5
2009-03-09,22100,6.900000095367432,6.800000190734863,7.400000095367432,6.800000190734863,6.800000190734863
2009-03-06,35700,7.199999809265137,7.099999904632568,7.900000095367432,7.0,7.099999904632568
2009-03-05,42100,8.199999809265137,7.099999904632568,8.5,7.099999904632568,7.099999904632568
2009-03-04,24300,8.199999809265137,8.600000381469727,8.600000381469727,8.0,8.600000381469727
2009-03-03,28600,8.300000190734863,8.0,8.899999618530273,8.0,8.0
2009-03-02,36700,9.100000381469727,8.100000381469727,9.199999809265137,8.0,8.100000381469727
2009-02-27,226400,8.800000190734863,9.600000381469727,9.600000381469727,8.5,9.600000381469727
2009-02-26,23400,8.5,9.0,9.300000190734863,8.5,9.0
2009-02-25,12500,9.0,8.399999618530273,9.0,8.399999618530273,8.399999618530273
2009-02-24,26400,8.0,9.100000381469727,9.300000190734863,7.800000190734863,9.100000381469727
2009-02-23,22300,7.800000190734863,7.800000190734863,8.699999809265137,7.800000190734863,7.800000190734863
2009-02-20,28300,8.100000381469727,7.900000095367432,8.5,7.800000190734863,7.900000095367432
2009-02-19,18800,8.800000190734863,8.100000381469727,9.0,8.100000381469727,8.100000381469727
2009-02-18,16400,9.100000381469727,8.5,9.300000190734863,8.399999618530273,8.5
2009-02-17,16700,9.399999618530273,8.899999618530273,9.399999618530273,8.5,8.899999618530273
2009-02-13,18300,9.699999809265137,9.300000190734863,9.699999809265137,8.0,9.300000190734863
2009-02-12,14200,9.199999809265137,9.600000381469727,9.699999809265137,9.0,9.600000381469727
2009-02-11,7500,9.199999809265137,9.300000190734863,9.899999618530273,9.100000381469727,9.300000190734863
2009-02-10,24100,10.100000381469727,9.100000381469727,10.5,9.100000381469727,9.100000381469727
2009-02-09,11000,10.100000381469727,10.199999809265137,10.5,10.100000381469727,10.199999809265137
2009-02-06,22600,10.199999809265137,10.399999618530273,10.5,10.0,10.399999618530273
2009-02-05,12700,10.5,10.5,10.600000381469727,10.300000190734863,10.5
2009-02-04,20500,10.300000190734863,10.399999618530273,10.800000190734863,10.100000381469727,10.399999618530273
2009-02-03,25400,10.100000381469727,10.600000381469727,10.899999618530273,9.899999618530273,10.600000381469727
2009-02-02,21200,9.100000381469727,10.0,10.0,9.100000381469727,10.0
2009-01-30,14600,9.300000190734863,9.0,9.800000190734863,9.0,9.0
2009-01-29,10600,9.5,9.199999809265137,9.899999618530273,9.100000381469727,9.199999809265137
2009-01-28,14400,9.199999809265137,9.600000381469727,9.600000381469727,9.199999809265137,9.600000381469727
2009-01-27,12600,9.300000190734863,9.399999618530273,9.600000381469727,9.199999809265137,9.399999618530273
2009-01-26,21900,8.600000381469727,9.300000190734863,9.300000190734863,8.5,9.300000190734863
2009-01-23,69000,9.0,8.5,9.399999618530273,8.100000381469727,8.5
2009-01-22,15600,9.600000381469727,9.0,9.699999809265137,9.0,9.0
2009-01-21,13800,9.199999809265137,9.899999618530273,10.100000381469727,9.100000381469727,9.899999618530273
2009-01-20,29000,9.699999809265137,8.899999618530273,10.0,8.899999618530273,8.899999618530273
2009-01-16,16700,10.199999809265137,10.100000381469727,10.300000190734863,9.600000381469727,10.100000381469727
2009-01-15,24400,10.100000381469727,10.0,10.399999618530273,9.5,10.0
2009-01-14,17900,10.399999618530273,10.199999809265137,10.5,10.100000381469727,10.199999809265137
2009-01-13,17100,10.100000381469727,10.699999809265137,10.800000190734863,10.100000381469727,10.699999809265137
2009-01-12,19300,10.899999618530273,10.100000381469727,11.399999618530273,10.100000381469727,10.100000381469727
2009-01-09,28600,10.800000190734863,10.899999618530273,11.5,10.399999618530273,10.899999618530273
2009-01-08,29300,10.300000190734863,10.899999618530273,11.100000381469727,10.199999809265137,10.899999618530273
2009-01-07,27300,11.0,10.399999618530273,11.100000381469727,10.199999809265137,10.399999618530273
2009-01-06,31600,10.5,11.0,11.100000381469727,10.300000190734863,11.0
2009-01-05,28300,10.199999809265137,10.5,10.5,10.100000381469727,10.5
2009-01-02,29000,10.199999809265137,10.399999618530273,10.5,9.699999809265137,10.399999618530273
2008-12-31,31600,9.0,10.199999809265137,10.199999809265137,9.0,10.199999809265137
2008-12-30,56500,10.0,9.0,10.0,9.0,9.0
2008-12-29,26200,10.5,9.899999618530273,10.800000190734863,9.800000190734863,9.899999618530273
2008-12-26,13100,10.0,10.600000381469727,10.600000381469727,9.899999618530273,10.600000381469727
2008-12-24,13300,9.899999618530273,10.100000381469727,11.0,9.699999809265137,10.100000381469727
2008-12-23,39900,10.5,10.0,10.5,9.399999618530273,10.0
2008-12-22,36800,9.300000190734863,10.5,10.5,9.100000381469727,10.5
2008-12-19,166800,11.899999618530273,9.0,12.100000381469727,9.0,9.0
2008-12-18,75500,13.699999809265137,11.100000381469727,14.399999618530273,10.800000190734863,11.100000381469727
2008-12-17,85700,15.0,12.600000381469727,15.0,12.600000381469727,12.600000381469727
2008-12-16,50600,11.699999809265137,15.5,15.5,11.5,15.5
2008-12-15,20400,12.600000381469727,11.399999618530273,12.600000381469727,11.399999618530273,11.399999618530273
2008-12-12,20000,11.800000190734863,12.600000381469727,12.800000190734863,11.0,12.600000381469727
2008-12-11,40700,13.5,12.199999809265137,13.5,11.5,12.199999809265137
2008-12-10,20800,12.199999809265137,12.300000190734863,13.100000381469727,11.199999809265137,12.300000190734863
2008-12-09,44900,12.100000381469727,11.5,13.5,10.899999618530273,11.5
2008-12-08,61000,10.5,12.5,12.5,10.5,12.5
2008-12-05,38000,9.399999618530273,10.699999809265137,10.699999809265137,9.300000190734863,10.699999809265137
2008-12-04,34700,9.399999618530273,9.899999618530273,10.100000381469727,9.399999618530273,9.899999618530273
2008-12-03,22900,9.199999809265137,9.199999809265137,9.5,8.899999618530273,9.199999809265137
2008-12-02,19900,9.600000381469727,10.0,10.0,9.0,10.0
2008-12-01,23700,10.5,8.899999618530273,10.5,8.699999809265137,8.899999618530273
2008-11-28,14100,10.0,10.300000190734863,10.300000190734863,8.899999618530273,10.300000190734863
2008-11-26,39600,9.600000381469727,9.899999618530273,10.0,8.5,9.899999618530273
2008-11-25,19600,9.600000381469727,9.199999809265137,9.600000381469727,8.699999809265137,9.199999809265137
2008-11-24,48800,7.800000190734863,9.600000381469727,9.600000381469727,7.599999904632568,9.600000381469727
2008-11-21,37000,7.199999809265137,7.699999809265137,7.800000190734863,6.599999904632568,7.699999809265137
2008-11-20,47600,7.400000095367432,7.099999904632568,7.900000095367432,6.699999809265137,7.099999904632568
2008-11-19,29000,7.599999904632568,6.900000095367432,8.0,6.900000095367432,6.900000095367432
2008-11-18,19700,7.5,7.599999904632568,7.699999809265137,7.5,7.599999904632568
2008-11-17,13100,7.5,7.5,8.100000381469727,7.5,7.5
2008-11-14,39800,8.300000190734863,7.5,8.300000190734863,7.5,7.5
2008-11-13,49600,7.599999904632568,8.300000190734863,8.5,7.5,8.300000190734863
2008-11-12,35600,8.5,7.5,9.300000190734863,7.5,7.5
2008-11-11,29100,8.199999809265137,8.600000381469727,9.100000381469727,8.199999809265137,8.600000381469727
2008-11-10,21600,9.800000190734863,8.5,9.800000190734863,8.5,8.5
2008-11-07,36900,9.399999618530273,8.699999809265137,9.800000190734863,8.5,8.699999809265137
2008-11-06,23100,9.399999618530273,8.800000190734863,9.699999809265137,8.800000190734863,8.800000190734863
2008-11-05,40200,10.5,9.5,10.600000381469727,9.5,9.5
2008-11-04,44600,10.399999618530273,10.699999809265137,10.699999809265137,10.199999809265137,10.699999809265137
2008-11-03,38200,10.199999809265137,9.899999618530273,10.300000190734863,9.699999809265137,9.899999618530273
2008-10-31,67500,8.5,9.800000190734863,9.800000190734863,8.399999618530273,9.800000190734863
2008-10-30,33900,8.600000381469727,8.600000381469727,9.0,8.399999618530273,8.600000381469727
2008-10-29,54500,8.699999809265137,8.600000381469727,9.0,8.199999809265137,8.600000381469727
2008-10-28,58100,8.300000190734863,8.199999809265137,9.0,7.599999904632568,8.199999809265137
2008-10-27,53100,8.699999809265137,7.900000095367432,9.100000381469727,7.900000095367432,7.900000095367432
2008-10-24,43500,9.5,8.800000190734863,9.5,8.399999618530273,8.800000190734863
2008-10-23,33000,10.100000381469727,9.699999809265137,10.600000381469727,9.5,9.699999809265137
2008-10-22,37300,10.0,9.800000190734863,10.800000190734863,9.699999809265137,9.800000190734863
2008-10-21,27000,10.5,10.100000381469727,10.899999618530273,10.0,10.100000381469727
2008-10-20,44000,10.5,10.800000190734863,10.899999618530273,10.100000381469727,10.800000190734863
2008-10-17,57500,9.600000381469727,10.100000381469727,10.899999618530273,9.5,10.100000381469727
2008-10-16,70800,10.0,10.0,10.5,8.600000381469727,10.0
2008-10-15,34300,10.300000190734863,9.300000190734863,10.300000190734863,9.300000190734863,9.300000190734863
2008-10-14,81000,12.5,10.699999809265137,12.899999618530273,10.399999618530273,10.699999809265137
2008-10-13,115000,8.100000381469727,12.199999809265137,12.199999809265137,7.699999809265137,12.199999809265137
2008-10-10,96600,7.0,6.900000095367432,8.300000190734863,6.400000095367432,6.900000095367432
2008-10-09,53900,9.0,7.400000095367432,9.600000381469727,7.400000095367432,7.400000095367432
2008-10-08,92600,9.800000190734863,8.5,9.899999618530273,7.800000190734863,8.5
2008-10-07,68100,10.300000190734863,9.5,10.399999618530273,9.5,9.5
2008-10-06,75600,10.899999618530273,10.100000381469727,10.899999618530273,9.5,10.100000381469727
2008-10-03,67600,11.800000190734863,10.899999618530273,11.800000190734863,10.899999618530273,10.899999618530273
2008-10-02,71900,10.899999618530273,11.199999809265137,11.800000190734863,10.800000190734863,11.199999809265137
2008-10-01,137500,10.399999618530273,10.300000190734863,11.899999618530273,10.199999809265137,10.300000190734863
2008-09-30,279500,10.800000190734863,9.899999618530273,11.899999618530273,9.199999809265137,9.899999618530273
2008-09-29,526300,17.799999237060547,9.0,17.799999237060547,9.0,9.0
2008-09-26,158100,20.5,17.799999237060547,20.5,15.899999618530273,17.799999237060547
2008-09-25,45900,20.399999618530273,20.100000381469727,22.0,20.100000381469727,20.100000381469727
2008-09-24,39400,20.600000381469727,20.799999237060547,21.100000381469727,20.600000381469727,20.799999237060547
2008-09-23,39800,22.100000381469727,21.100000381469727,22.200000762939453,20.5,21.100000381469727
2008-09-22,57700,22.600000381469727,22.0,22.899999618530273,21.600000381469727,22.0
2008-09-19,182400,26.0,24.899999618530273,26.5,21.299999237060547,24.899999618530273
2008-09-18,106200,21.5,24.5,24.899999618530273,20.100000381469727,24.5
2008-09-17,107200,22.5,21.700000762939453,22.799999237060547,21.100000381469727,21.700000762939453
2008-09-16,58800,22.299999237060547,23.399999618530273,23.399999618530273,21.200000762939453,23.399999618530273
2008-09-15,75400,20.5,22.799999237060547,23.5,20.0,22.799999237060547
2008-09-12,35100,19.299999237060547,20.700000762939453,21.299999237060547,19.0,20.700000762939453
2008-09-11,77200,20.5,18.899999618530273,21.399999618530273,18.799999237060547,18.899999618530273
2008-09-10,60100,20.600000381469727,20.700000762939453,21.299999237060547,18.600000381469727,20.700000762939453
2008-09-09,87000,21.5,20.0,22.5,19.5,20.0
2008-09-08,58500,23.5,21.5,23.799999237060547,21.399999618530273,21.5
2008-09-05,45800,23.0,22.700000762939453,24.600000381469727,22.700000762939453,22.700000762939453
2008-09-04,44500,26.600000381469727,22.700000762939453,27.0,22.399999618530273,22.700000762939453
2008-09-03,16000,26.899999618530273,26.600000381469727,27.399999618530273,26.0,26.600000381469727
2008-09-02,31200,28.100000381469727,26.700000762939453,28.299999237060547,26.200000762939453,26.700000762939453
2008-08-29,28500,28.0,27.100000381469727,28.899999618530273,27.0,27.100000381469727
2008-08-28,44000,27.799999237060547,29.100000381469727,29.299999237060547,27.100000381469727,29.100000381469727
2008-08-27,16900,27.899999618530273,27.799999237060547,27.899999618530273,27.200000762939453,27.799999237060547
2008-08-26,11300,27.899999618530273,27.799999237060547,28.0,27.100000381469727,27.799999237060547
2008-08-25,16100,28.799999237060547,27.600000381469727,28.799999237060547,27.299999237060547,27.600000381469727
2008-08-22,28200,29.299999237060547,28.700000762939453,29.299999237060547,27.5,28.700000762939453
2008-08-21,29500,28.5,28.899999618530273,29.299999237060547,27.700000762939453,28.899999618530273
2008-08-20,51900,27.299999237060547,28.399999618530273,29.5,27.100000381469727,28.399999618530273
2008-08-19,35900,26.399999618530273,27.299999237060547,27.5,26.299999237060547,27.299999237060547
2008-08-18,32800,26.0,26.100000381469727,27.100000381469727,25.5,26.100000381469727
2008-08-15,42400,26.0,25.600000381469727,27.399999618530273,24.700000762939453,25.600000381469727
2008-08-14,29700,26.200000762939453,26.600000381469727,26.700000762939453,25.100000381469727,26.600000381469727
2008-08-13,35600,25.5,26.799999237060547,26.799999237060547,25.0,26.799999237060547
2008-08-12,43800,24.399999618530273,25.100000381469727,25.700000762939453,23.899999618530273,25.100000381469727
2008-08-11,54800,23.799999237060547,25.0,25.0,21.899999618530273,25.0
2008-08-08,51900,20.700000762939453,23.700000762939453,23.700000762939453,20.700000762939453,23.700000762939453
2008-08-07,31100,21.5,20.899999618530273,21.5,20.600000381469727,20.899999618530273
2008-08-06,75900,22.600000381469727,22.100000381469727,22.899999618530273,20.200000762939453,22.100000381469727
2008-08-05,35400,22.700000762939453,23.600000381469727,24.100000381469727,21.899999618530273,23.600000381469727
2008-08-04,31600,23.299999237060547,22.100000381469727,23.5,22.0,22.100000381469727
2008-08-01,25300,23.100000381469727,23.399999618530273,24.0,22.600000381469727,23.399999618530273
2008-07-31,18500,23.600000381469727,24.0,24.299999237060547,23.299999237060547,24.0
2008-07-30,39900,24.100000381469727,24.200000762939453,25.200000762939453,23.5,24.200000762939453
2008-07-29,48800,21.399999618530273,24.399999618530273,24.799999237060547,21.299999237060547,24.399999618530273
2008-07-28,43100,23.899999618530273,21.299999237060547,23.899999618530273,21.200000762939453,21.299999237060547
2008-07-25,58400,23.700000762939453,24.100000381469727,24.799999237060547,22.399999618530273,24.100000381469727
2008-07-24,24300,23.399999618530273,22.399999618530273,23.399999618530273,22.200000762939453,22.399999618530273
2008-07-23,19200,23.5,22.600000381469727,23.700000762939453,22.600000381469727,22.600000381469727
2008-07-22,38200,22.700000762939453,23.600000381469727,23.600000381469727,21.799999237060547,23.600000381469727
2008-07-21,28200,22.600000381469727,22.5,23.399999618530273,21.700000762939453,22.5
2008-07-18,66400,21.5,22.5,22.600000381469727,20.899999618530273,22.5
2008-07-17,69700,21.600000381469727,21.700000762939453,21.799999237060547,20.600000381469727,21.700000762939453
2008-07-16,234000,19.0,21.5,22.299999237060547,18.799999237060547,21.5
2008-07-15,40200,19.299999237060547,18.700000762939453,19.399999618530273,18.200000762939453,18.700000762939453
2008-07-14,47000,19.100000381469727,18.899999618530273,19.299999237060547,18.399999618530273,18.899999618530273
2008-07-11,54300,19.5,18.700000762939453,20.0,18.5,18.700000762939453
2008-07-10,22100,20.0,19.700000762939453,20.5,19.5,19.700000762939453
2008-07-09,43300,20.399999618530273,19.899999618530273,20.899999618530273,19.899999618530273,19.899999618530273
2008-07-08,63400,20.200000762939453,20.0,20.299999237060547,19.5,20.0
2008-07-07,56700,20.899999618530273,19.799999237060547,21.5,19.799999237060547,19.799999237060547
2008-07-03,55600,21.600000381469727,20.5,22.200000762939453,19.700000762939453,20.5
2008-07-02,67300,23.5,21.600000381469727,24.700000762939453,21.600000381469727,21.600000381469727
2008-07-01,68600,23.5,24.100000381469727,24.399999618530273,23.100000381469727,24.100000381469727
2008-06-30,103400,25.100000381469727,23.5,26.100000381469727,23.5,23.5
2008-06-27,1058800,26.799999237060547,25.100000381469727,27.5,24.0,25.100000381469727
2008-06-26,198900,23.0,26.700000762939453,28.5,23.0,26.700000762939453
2008-06-25,48600,25.700000762939453,23.200000762939453,25.700000762939453,23.0,23.200000762939453
2008-06-24,43600,27.899999618530273,25.100000381469727,27.899999618530273,24.600000381469727,25.100000381469727
2008-06-23,50900,28.299999237060547,27.600000381469727,28.600000381469727,26.5,27.600000381469727
2008-06-20,72500,25.200000762939453,27.899999618530273,27.899999618530273,25.0,27.899999618530273
2008-06-19,31400,24.299999237060547,24.899999618530273,25.200000762939453,23.700000762939453,24.899999618530273
2008-06-18,57400,25.299999237060547,24.299999237060547,25.299999237060547,23.100000381469727,24.299999237060547
2008-06-17,52000,25.399999618530273,25.0,25.700000762939453,24.5,25.0
2008-06-16,55900,25.200000762939453,25.0,25.399999618530273,24.399999618530273,25.0
2008-06-13,42700,26.200000762939453,25.299999237060547,26.200000762939453,24.799999237060547,25.299999237060547
2008-06-12,71600,25.399999618530273,26.100000381469727,26.899999618530273,25.399999618530273,26.100000381469727
2008-06-11,33800,26.200000762939453,25.0,26.5,25.0,25.0
2008-06-10,55500,25.200000762939453,26.200000762939453,26.600000381469727,24.799999237060547,26.200000762939453
2008-06-09,71900,28.0,25.0,28.299999237060547,25.0,25.0
2008-06-06,32200,27.799999237060547,27.799999237060547,28.399999618530273,27.5,27.799999237060547
2008-06-05,84000,28.799999237060547,27.299999237060547,29.100000381469727,27.100000381469727,27.299999237060547
2008-06-04,58500,28.899999618530273,28.399999618530273,29.899999618530273,28.399999618530273,28.399999618530273
2008-06-03,78700,31.0,28.899999618530273,31.0,28.200000762939453,28.899999618530273
2008-06-02,45100,31.399999618530273,30.799999237060547,31.399999618530273,30.5,30.799999237060547
2008-05-30,39900,30.799999237060547,31.399999618530273,31.399999618530273,30.799999237060547,31.399999618530273
2008-05-29,50000,31.5,31.0,31.5,30.799999237060547,31.0
2008-05-28,55200,31.899999618530273,31.600000381469727,32.20000076293945,30.600000381469727,31.600000381469727
2008-05-27,57200,31.600000381469727,31.600000381469727,32.20000076293945,30.100000381469727,31.600000381469727
2008-05-23,30000,32.400001525878906,31.299999237060547,32.5,31.299999237060547,31.299999237060547
2008-05-22,34600,32.599998474121094,32.70000076293945,32.79999923706055,32.099998474121094,32.70000076293945
2008-05-21,43800,32.900001525878906,32.099998474121094,33.0,31.399999618530273,32.099998474121094
2008-05-20,34300,32.099998474121094,33.0,33.0,31.299999237060547,33.0
2008-05-19,73600,31.299999237060547,31.799999237060547,33.29999923706055,31.299999237060547,31.799999237060547
2008-05-16,39400,30.799999237060547,31.600000381469727,31.600000381469727,30.5,31.600000381469727
2008-05-15,40800,31.0,30.399999618530273,31.299999237060547,30.399999618530273,30.399999618530273
2008-05-14,26400,30.600000381469727,31.299999237060547,31.299999237060547,30.600000381469727,31.299999237060547
2008-05-13,50600,30.899999618530273,30.700000762939453,31.899999618530273,30.600000381469727,30.700000762939453
2008-05-12,39600,31.899999618530273,30.5,31.899999618530273,30.5,30.5
2008-05-09,54200,32.099998474121094,31.600000381469727,32.099998474121094,30.200000762939453,31.600000381469727
2008-05-08,50900,30.5,32.0,32.29999923706055,29.899999618530273,32.0
2008-05-07,48400,30.600000381469727,30.799999237060547,31.299999237060547,30.0,30.799999237060547
2008-05-06,59700,32.400001525878906,30.600000381469727,32.400001525878906,30.600000381469727,30.600000381469727
2008-05-05,48200,31.799999237060547,32.29999923706055,32.5,31.299999237060547,32.29999923706055
2008-05-02,48600,30.200000762939453,31.5,31.700000762939453,30.0,31.5
2008-05-01,46200,32.20000076293945,30.299999237060547,32.400001525878906,30.299999237060547,30.299999237060547
2008-04-30,36200,32.099998474121094,32.29999923706055,32.5,31.399999618530273,32.29999923706055
2008-04-29,43600,32.400001525878906,32.099998474121094,32.5,31.200000762939453,32.099998474121094
2008-04-28,22600,32.400001525878906,32.79999923706055,33.0,32.400001525878906,32.79999923706055
2008-04-25,26400,32.599998474121094,32.099998474121094,33.099998474121094,31.700000762939453,32.099998474121094
2008-04-24,20900,33.20000076293945,33.0,33.20000076293945,31.700000762939453,33.0
2008-04-23,34100,31.100000381469727,32.79999923706055,33.29999923706055,31.100000381469727,32.79999923706055
2008-04-22,61000,33.79999923706055,32.099998474121094,34.70000076293945,31.5,32.099998474121094
2008-04-21,34400,34.599998474121094,33.79999923706055,35.099998474121094,33.70000076293945,33.79999923706055
2008-04-18,18700,34.0,34.400001525878906,35.20000076293945,33.900001525878906,34.400001525878906
2008-04-17,33200,36.0,33.599998474121094,36.0,33.599998474121094,33.599998474121094
2008-04-16,32000,34.5,35.5,35.5,34.20000076293945,35.5
2008-04-15,29400,32.599998474121094,34.70000076293945,34.70000076293945,32.099998474121094,34.70000076293945
2008-04-14,18600,34.20000076293945,32.79999923706055,34.20000076293945,32.599998474121094,32.79999923706055
2008-04-11,14500,34.70000076293945,34.400001525878906,34.70000076293945,34.0,34.400001525878906
2008-04-10,20700,35.599998474121094,34.900001525878906,35.599998474121094,34.099998474121094,34.900001525878906
2008-04-09,43600,35.5,35.29999923706055,36.20000076293945,34.5,35.29999923706055
2008-04-08,29500,34.5,35.79999923706055,36.0,34.5,35.79999923706055
2008-04-07,49300,35.400001525878906,35.79999923706055,36.0,34.70000076293945,35.79999923706055
2008-04-04,86700,32.5,35.5,35.70000076293945,32.5,35.5
2008-04-03,34500,33.0,32.20000076293945,33.20000076293945,32.20000076293945,32.20000076293945
2008-04-02,26100,31.899999618530273,32.70000076293945,33.0,31.899999618530273,32.70000076293945
2008-04-01,51800,31.600000381469727,32.20000076293945,32.599998474121094,30.700000762939453,32.20000076293945
2008-03-31,41800,32.79999923706055,31.100000381469727,32.900001525878906,30.899999618530273,31.100000381469727
2008-03-28,80300,31.0,33.29999923706055,33.29999923706055,30.0,33.29999923706055
2008-03-27,60600,31.899999618530273,30.399999618530273,32.29999923706055,28.600000381469727,30.399999618530273
2008-03-26,52700,31.899999618530273,32.20000076293945,33.70000076293945,31.899999618530273,32.20000076293945
2008-03-25,39300,30.700000762939453,31.399999618530273,32.20000076293945,30.100000381469727,31.399999618530273
2008-03-24,46000,30.600000381469727,30.100000381469727,31.899999618530273,30.100000381469727,30.100000381469727
2008-03-20,50600,27.899999618530273,33.29999923706055,33.29999923706055,27.799999237060547,33.29999923706055
2008-03-19,23500,29.399999618530273,28.100000381469727,30.0,28.100000381469727,28.100000381469727
2008-03-18,24900,30.0,29.399999618530273,30.200000762939453,29.100000381469727,29.399999618530273
2008-03-17,30900,29.299999237060547,29.399999618530273,29.600000381469727,28.799999237060547,29.399999618530273
2008-03-14,27700,29.0,29.299999237060547,29.799999237060547,28.5,29.299999237060547
2008-03-13,17800,28.5,28.600000381469727,29.399999618530273,28.200000762939453,28.600000381469727
2008-03-12,38900,28.600000381469727,28.5,29.600000381469727,28.200000762939453,28.5
2008-03-11,32300,28.799999237060547,28.299999237060547,29.700000762939453,28.299999237060547,28.299999237060547
2008-03-10,39900,30.299999237060547,28.600000381469727,30.299999237060547,28.600000381469727,28.600000381469727
2008-03-07,40500,29.600000381469727,29.0,30.399999618530273,29.0,29.0
2008-03-06,51400,30.200000762939453,30.100000381469727,30.600000381469727,29.5,30.100000381469727
2008-03-05,39200,31.200000762939453,30.200000762939453,31.5,30.200000762939453,30.200000762939453
2008-03-04,57800,30.299999237060547,30.899999618530273,30.899999618530273,29.899999618530273,30.899999618530273
2008-03-03,30400,30.100000381469727,29.700000762939453,30.399999618530273,29.5,29.700000762939453
2008-02-29,22400,29.399999618530273,30.100000381469727,30.5,29.399999618530273,30.100000381469727
2008-02-28,19500,29.200000762939453,29.799999237060547,30.799999237060547,29.200000762939453,29.799999237060547
2008-02-27,24300,29.399999618530273,29.600000381469727,30.5,29.200000762939453,29.600000381469727
2008-02-26,56600,30.299999237060547,29.899999618530273,31.5,29.0,29.899999618530273
2008-02-25,26400,28.5,30.700000762939453,30.700000762939453,28.200000762939453,30.700000762939453
2008-02-22,32500,28.700000762939453,28.799999237060547,29.899999618530273,28.700000762939453,28.799999237060547
2008-02-21,35400,30.5,29.0,30.700000762939453,29.0,29.0
2008-02-20,44900,27.5,30.799999237060547,30.899999618530273,27.5,30.799999237060547
2008-02-19,36900,29.5,28.0,30.200000762939453,28.0,28.0
2008-02-15,59700,29.700000762939453,29.0,30.200000762939453,28.5,29.0
2008-02-14,106100,32.0,29.600000381469727,32.900001525878906,29.5,29.600000381469727
2008-02-13,36100,30.799999237060547,32.20000076293945,32.29999923706055,30.799999237060547,32.20000076293945
2008-02-12,43900,31.200000762939453,30.299999237060547,32.20000076293945,30.200000762939453,30.299999237060547
2008-02-11,59500,31.899999618530273,30.799999237060547,32.79999923706055,30.5,30.799999237060547
2008-02-08,69700,30.0,32.099998474121094,34.20000076293945,30.0,32.099998474121094
2008-02-07,46000,30.200000762939453,29.899999618530273,31.399999618530273,29.799999237060547,29.899999618530273
2008-02-06,51400,30.5,29.899999618530273,31.299999237060547,29.700000762939453,29.899999618530273
2008-02-05,50200,30.200000762939453,29.899999618530273,31.899999618530273,29.700000762939453,29.899999618530273
2008-02-04,53900,30.200000762939453,29.700000762939453,30.899999618530273,28.700000762939453,29.700000762939453
2008-02-01,61700,27.200000762939453,29.700000762939453,29.700000762939453,27.100000381469727,29.700000762939453
2008-01-31,47500,27.200000762939453,27.399999618530273,28.0,26.600000381469727,27.399999618530273
2008-01-30,42100,27.600000381469727,27.200000762939453,28.399999618530273,27.0,27.200000762939453
2008-01-29,101400,26.799999237060547,27.399999618530273,29.799999237060547,26.799999237060547,27.399999618530273
2008-01-28,61900,27.200000762939453,27.0,27.600000381469727,26.5,27.0
2008-01-25,44700,27.100000381469727,27.600000381469727,27.899999618530273,26.5,27.600000381469727
2008-01-24,62200,27.5,26.0,28.5,26.0,26.0
2008-01-23,103400,28.200000762939453,25.200000762939453,28.200000762939453,25.200000762939453,25.200000762939453
2008-01-22,77100,26.0,27.200000762939453,29.799999237060547,25.100000381469727,27.200000762939453
2008-01-18,42000,29.5,27.299999237060547,30.0,27.299999237060547,27.299999237060547
2008-01-17,78500,32.5,28.899999618530273,32.5,28.0,28.899999618530273
2008-01-16,80500,31.5,31.899999618530273,33.70000076293945,30.5,31.899999618530273
2008-01-15,43800,33.400001525878906,31.399999618530273,34.20000076293945,31.100000381469727,31.399999618530273
2008-01-14,36700,32.20000076293945,33.400001525878906,34.0,32.0,33.400001525878906
2008-01-11,69700,34.29999923706055,32.29999923706055,35.79999923706055,31.799999237060547,32.29999923706055
2008-01-10,67800,32.5,34.599998474121094,35.099998474121094,32.5,34.599998474121094
2008-01-09,123500,36.20000076293945,33.20000076293945,36.70000076293945,31.399999618530273,33.20000076293945
2008-01-08,79100,36.599998474121094,36.0,38.20000076293945,36.0,36.0
2008-01-07,80800,39.20000076293945,37.29999923706055,39.599998474121094,37.20000076293945,37.29999923706055
2008-01-04,65600,41.900001525878906,39.400001525878906,41.900001525878906,39.0,39.400001525878906
2008-01-03,114600,39.70000076293945,41.70000076293945,41.900001525878906,39.599998474121094,41.70000076293945
2008-01-02,75100,40.29999923706055,40.400001525878906,40.5,38.70000076293945,40.400001525878906
2007-12-31,62800,38.0,39.5,39.900001525878906,38.0,39.5
2007-12-28,132100,40.70000076293945,37.79999923706055,41.599998474121094,37.79999923706055,37.79999923706055
2007-12-27,95600,41.5,40.70000076293945,42.79999923706055,40.099998474121094,40.70000076293945
2007-12-26,75400,38.5,41.900001525878906,42.599998474121094,38.0,41.900001525878906
2007-12-24,45400,37.900001525878906,39.5,39.599998474121094,37.900001525878906,39.5
2007-12-21,119300,39.400001525878906,37.599998474121094,39.400001525878906,37.599998474121094,37.599998474121094
2007-12-20,79000,38.29999923706055,39.5,39.5,37.900001525878906,39.5
2007-12-19,113900,40.599998474121094,38.20000076293945,40.79999923706055,35.900001525878906,38.20000076293945
2007-12-18,89500,37.70000076293945,40.400001525878906,40.400001525878906,37.099998474121094,40.400001525878906
2007-12-17,105600,44.400001525878906,36.70000076293945,44.400001525878906,36.0,36.70000076293945
2007-12-14,109100,42.900001525878906,43.900001525878906,45.5,41.099998474121094,43.900001525878906
2007-12-13,96900,42.400001525878906,43.79999923706055,43.79999923706055,41.70000076293945,43.79999923706055
2007-12-12,110600,44.0,42.0,44.099998474121094,40.20000076293945,42.0
2007-12-11,220100,40.5,42.900001525878906,42.900001525878906,39.70000076293945,42.900001525878906
2007-12-10,127100,38.5,40.20000076293945,40.20000076293945,37.5,40.20000076293945
2007-12-07,62700,38.20000076293945,38.400001525878906,38.599998474121094,37.79999923706055,38.400001525878906
2007-12-06,52000,34.599998474121094,37.70000076293945,37.70000076293945,34.5,37.70000076293945
2007-12-05,65000,36.900001525878906,35.0,37.0,35.0,35.0
2007-12-04,31200,34.900001525878906,36.599998474121094,36.599998474121094,34.900001525878906,36.599998474121094
2007-12-03,57800,36.20000076293945,35.5,36.400001525878906,34.599998474121094,35.5
2007-11-30,95800,36.5,36.20000076293945,38.20000076293945,35.0,36.20000076293945
2007-11-29,45300,37.29999923706055,37.79999923706055,38.0,36.599998474121094,37.79999923706055
2007-11-28,65400,36.20000076293945,37.20000076293945,37.70000076293945,36.099998474121094,37.20000076293945
2007-11-27,64500,38.20000076293945,35.900001525878906,38.400001525878906,35.5,35.900001525878906
2007-11-26,82300,36.0,37.70000076293945,38.29999923706055,35.900001525878906,37.70000076293945
2007-11-23,21500,36.0,35.400001525878906,36.099998474121094,35.099998474121094,35.400001525878906
2007-11-21,44800,34.5,35.29999923706055,35.70000076293945,34.099998474121094,35.29999923706055
2007-11-20,68200,36.900001525878906,34.29999923706055,37.0,34.29999923706055,34.29999923706055
2007-11-19,31000,36.5,36.099998474121094,37.5,36.099998474121094,36.099998474121094
2007-11-16,105300,37.70000076293945,36.70000076293945,38.900001525878906,36.70000076293945,36.70000076293945
2007-11-15,96600,35.79999923706055,37.099998474121094,37.599998474121094,35.0,37.099998474121094
2007-11-14,70600,36.20000076293945,35.5,36.900001525878906,34.70000076293945,35.5
2007-11-13,59700,34.599998474121094,36.099998474121094,36.099998474121094,33.70000076293945,36.099998474121094
2007-11-12,58000,35.29999923706055,33.70000076293945,35.900001525878906,33.5,33.70000076293945
2007-11-09,61000,35.599998474121094,35.400001525878906,35.599998474121094,33.599998474121094,35.400001525878906
2007-11-08,90100,37.099998474121094,35.5,37.20000076293945,34.0,35.5
2007-11-07,117400,35.5,36.20000076293945,37.599998474121094,35.0,36.20000076293945
2007-11-06,116200,32.29999923706055,35.79999923706055,35.900001525878906,32.0,35.79999923706055
2007-11-05,59600,32.900001525878906,32.400001525878906,33.0,31.5,32.400001525878906
2007-11-02,60200,34.599998474121094,33.599998474121094,34.70000076293945,33.099998474121094,33.599998474121094
2007-11-01,61600,34.5,33.79999923706055,34.79999923706055,33.0,33.79999923706055
2007-10-31,94800,33.900001525878906,34.900001525878906,35.099998474121094,33.5,34.900001525878906
2007-10-30,71100,35.400001525878906,34.0,35.400001525878906,33.5,34.0
2007-10-29,115600,33.599998474121094,35.0,35.099998474121094,33.20000076293945,35.0
2007-10-26,71700,34.0,33.29999923706055,34.20000076293945,33.0,33.29999923706055
2007-10-25,94900,33.5,33.599998474121094,33.70000076293945,32.5,33.599998474121094
2007-10-24,198700,32.5,33.70000076293945,35.70000076293945,31.100000381469727,33.70000076293945
2007-10-23,259200,35.70000076293945,33.20000076293945,36.0,32.79999923706055,33.20000076293945
2007-10-22,1701500,45.599998474121094,35.099998474121094,47.5,35.0,35.099998474121094
2007-10-19,31800,30.899999618530273,29.700000762939453,31.0,29.5,29.700000762939453
2007-10-18,38800,31.600000381469727,30.899999618530273,31.600000381469727,30.299999237060547,30.899999618530273
2007-10-17,54300,30.299999237060547,31.0,31.100000381469727,30.200000762939453,31.0
2007-10-16,20800,30.5,30.399999618530273,30.600000381469727,30.200000762939453,30.399999618530273
2007-10-15,28200,31.0,30.799999237060547,31.200000762939453,30.200000762939453,30.799999237060547
2007-10-12,23200,30.399999618530273,30.700000762939453,31.0,30.100000381469727,30.700000762939453
2007-10-11,41600,31.100000381469727,30.5,31.399999618530273,30.100000381469727,30.5
2007-10-10,44000,30.700000762939453,31.200000762939453,31.299999237060547,30.100000381469727,31.200000762939453
2007-10-09,57500,31.0,30.299999237060547,31.299999237060547,30.0,30.299999237060547
2007-10-08,23000,30.899999618530273,30.899999618530273,31.0,30.5,30.899999618530273
2007-10-05,52900,30.0,30.700000762939453,30.799999237060547,29.700000762939453,30.700000762939453
2007-10-04,31400,30.700000762939453,30.0,30.799999237060547,29.600000381469727,30.0
2007-10-03,27300,30.200000762939453,30.5,31.0,30.100000381469727,30.5
2007-10-02,21500,30.700000762939453,30.5,31.0,30.200000762939453,30.5
2007-10-01,41700,31.0,30.799999237060547,31.0,30.0,30.799999237060547
2007-09-28,55200,30.5,31.0,31.0,29.399999618530273,31.0
2007-09-27,84400,30.200000762939453,30.700000762939453,30.799999237060547,30.0,30.700000762939453
2007-09-26,55300,29.399999618530273,30.0,30.200000762939453,29.399999618530273,30.0
2007-09-25,33500,27.799999237060547,29.399999618530273,29.5,27.799999237060547,29.399999618530273
2007-09-24,53100,29.700000762939453,28.100000381469727,30.0,28.100000381469727,28.100000381469727
2007-09-21,74000,28.100000381469727,29.600000381469727,29.600000381469727,27.799999237060547,29.600000381469727
2007-09-20,44500,27.100000381469727,27.700000762939453,28.200000762939453,27.100000381469727,27.700000762939453
2007-09-19,76200,26.700000762939453,27.5,28.600000381469727,26.700000762939453,27.5
2007-09-18,28000,26.5,27.5,27.5,26.200000762939453,27.5
2007-09-17,23700,27.200000762939453,27.299999237060547,27.5,27.0,27.299999237060547
2007-09-14,21000,27.0,27.5,27.600000381469727,26.5,27.5
2007-09-13,28200,27.5,27.100000381469727,27.600000381469727,27.100000381469727,27.100000381469727
2007-09-12,27900,26.799999237060547,27.5,27.5,26.799999237060547,27.5
2007-09-11,20800,26.799999237060547,26.799999237060547,27.200000762939453,26.700000762939453,26.799999237060547
2007-09-10,32400,27.200000762939453,27.299999237060547,27.399999618530273,26.5,27.299999237060547
2007-09-07,35400,26.899999618530273,27.299999237060547,27.299999237060547,26.299999237060547,27.299999237060547
2007-09-06,26200,26.600000381469727,27.299999237060547,27.399999618530273,26.600000381469727,27.299999237060547
2007-09-05,25500,26.899999618530273,26.799999237060547,27.5,26.5,26.799999237060547
2007-09-04,40400,27.299999237060547,27.200000762939453,27.600000381469727,26.600000381469727,27.200000762939453
2007-08-31,46000,26.100000381469727,27.0,27.100000381469727,25.899999618530273,27.0
2007-08-30,31000,25.700000762939453,25.799999237060547,26.299999237060547,25.100000381469727,25.799999237060547
2007-08-29,41300,25.600000381469727,24.899999618530273,26.100000381469727,24.899999618530273,24.899999618530273
2007-08-28,33200,25.299999237060547,25.200000762939453,25.600000381469727,24.700000762939453,25.200000762939453
2007-08-27,30200,24.899999618530273,25.899999618530273,25.899999618530273,24.799999237060547,25.899999618530273
2007-08-24,40000,24.799999237060547,24.899999618530273,24.899999618530273,24.200000762939453,24.899999618530273
2007-08-23,41900,25.0,25.100000381469727,25.5,24.299999237060547,25.100000381469727
2007-08-22,49700,25.700000762939453,25.0,25.899999618530273,25.0,25.0
2007-08-21,40600,26.0,25.600000381469727,26.0,25.0,25.600000381469727
2007-08-20,38800,25.700000762939453,26.399999618530273,26.5,25.5,26.399999618530273
2007-08-17,32900,26.0,25.700000762939453,26.700000762939453,25.299999237060547,25.700000762939453
2007-08-16,64900,25.0,26.0,26.0,24.299999237060547,26.0
2007-08-15,37400,25.200000762939453,25.5,26.100000381469727,24.5,25.5
2007-08-14,67700,26.899999618530273,25.0,27.600000381469727,25.0,25.0
2007-08-13,71300,29.0,27.100000381469727,29.0,26.799999237060547,27.100000381469727
2007-08-10,118400,29.600000381469727,27.700000762939453,29.600000381469727,27.600000381469727,27.700000762939453
2007-08-09,168200,28.899999618530273,30.0,30.0,28.600000381469727,30.0
2007-08-08,201500,28.0,30.100000381469727,31.0,27.799999237060547,30.100000381469727
2007-08-07,45600,27.399999618530273,27.899999618530273,28.399999618530273,26.700000762939453,27.899999618530273
2007-08-06,106500,28.799999237060547,27.100000381469727,29.399999618530273,25.600000381469727,27.100000381469727
2007-08-03,41200,29.0,27.600000381469727,29.200000762939453,27.5,27.600000381469727
2007-08-02,39400,29.5,29.399999618530273,29.5,28.100000381469727,29.399999618530273
2007-08-01,59800,29.600000381469727,29.5,29.799999237060547,28.0,29.5
2007-07-31,49600,30.5,29.700000762939453,30.5,28.5,29.700000762939453
2007-07-30,35100,29.100000381469727,30.399999618530273,30.5,29.0,30.399999618530273
2007-07-27,52300,31.600000381469727,29.0,31.600000381469727,29.0,29.0
2007-07-26,58700,31.600000381469727,30.5,31.799999237060547,29.5,30.5
2007-07-25,119000,30.100000381469727,31.600000381469727,32.0,30.100000381469727,31.600000381469727
2007-07-24,43300,31.200000762939453,30.0,31.600000381469727,30.0,30.0
2007-07-23,30400,31.5,31.399999618530273,31.799999237060547,30.700000762939453,31.399999618530273
2007-07-20,30500,31.700000762939453,31.5,32.0,31.0,31.5
2007-07-19,29100,32.70000076293945,31.899999618530273,32.70000076293945,31.799999237060547,31.899999618530273
2007-07-18,31800,31.399999618530273,32.099998474121094,32.599998474121094,31.399999618530273,32.099998474121094
2007-07-17,24500,32.400001525878906,32.400001525878906,32.5,31.799999237060547,32.400001525878906
2007-07-16,47300,32.599998474121094,32.29999923706055,33.0,31.5,32.29999923706055
2007-07-13,38000,32.29999923706055,32.5,32.70000076293945,31.600000381469727,32.5
2007-07-12,44800,31.700000762939453,32.29999923706055,32.29999923706055,31.200000762939453,32.29999923706055
2007-07-11,51900,31.100000381469727,31.700000762939453,32.599998474121094,31.100000381469727,31.700000762939453
2007-07-10,71800,33.20000076293945,31.399999618530273,33.20000076293945,30.899999618530273,31.399999618530273
2007-07-09,90600,31.200000762939453,33.29999923706055,33.400001525878906,30.899999618530273,33.29999923706055
2007-07-06,42100,31.100000381469727,31.200000762939453,31.600000381469727,30.899999618530273,31.200000762939453
2007-07-05,45600,32.5,31.5,32.5,31.100000381469727,31.5
2007-07-03,32000,31.700000762939453,31.899999618530273,32.0,31.399999618530273,31.899999618530273
2007-07-02,58300,31.899999618530273,31.799999237060547,32.29999923706055,31.100000381469727,31.799999237060547
2007-06-29,67600,32.5,31.399999618530273,32.70000076293945,31.100000381469727,31.399999618530273
2007-06-28,158700,30.700000762939453,32.0,32.0,30.0,32.0
2007-06-27,55300,29.600000381469727,30.700000762939453,30.700000762939453,29.399999618530273,30.700000762939453
2007-06-26,56100,29.5,29.200000762939453,30.5,29.200000762939453,29.200000762939453
2007-06-25,62700,30.600000381469727,29.5,31.0,29.5,29.5
2007-06-22,668100,30.299999237060547,30.5,30.5,29.700000762939453,30.5
2007-06-21,52400,30.200000762939453,29.799999237060547,30.200000762939453,29.600000381469727,29.799999237060547
2007-06-20,65500,31.0,29.899999618530273,31.200000762939453,29.600000381469727,29.899999618530273
2007-06-19,68600,30.299999237060547,30.899999618530273,30.899999618530273,30.0,30.899999618530273
2007-06-18,54200,30.200000762939453,30.299999237060547,30.600000381469727,30.0,30.299999237060547
2007-06-15,116400,29.899999618530273,29.600000381469727,30.600000381469727,29.5,29.600000381469727
2007-06-14,50100,29.600000381469727,29.299999237060547,29.799999237060547,29.100000381469727,29.299999237060547
2007-06-13,42700,29.299999237060547,29.299999237060547,29.899999618530273,29.0,29.299999237060547
2007-06-12,54900,29.5,29.200000762939453,29.700000762939453,29.0,29.200000762939453
2007-06-11,42500,30.0,30.0,30.200000762939453,29.399999618530273,30.0
2007-06-08,28400,29.0,29.5,29.899999618530273,29.0,29.5
2007-06-07,43300,30.0,29.0,30.5,29.0,29.0
2007-06-06,35800,30.0,29.600000381469727,30.0,29.5,29.600000381469727
2007-06-05,53100,30.799999237060547,30.100000381469727,31.100000381469727,29.799999237060547,30.100000381469727
2007-06-04,50000,30.399999618530273,30.799999237060547,31.5,30.299999237060547,30.799999237060547
2007-06-01,47500,29.5,30.600000381469727,31.0,29.5,30.600000381469727
2007-05-31,85500,30.399999618530273,29.600000381469727,30.399999618530273,29.0,29.600000381469727
2007-05-30,25700,30.299999237060547,30.399999618530273,30.700000762939453,30.0,30.399999618530273
2007-05-29,44100,30.5,30.799999237060547,31.899999618530273,30.100000381469727,30.799999237060547
2007-05-25,20300,29.899999618530273,30.0,30.799999237060547,29.799999237060547,30.0
2007-05-24,56100,30.600000381469727,30.0,31.299999237060547,29.799999237060547,30.0
2007-05-23,33900,31.399999618530273,30.600000381469727,31.600000381469727,30.399999618530273,30.600000381469727
2007-05-22,24700,31.0,31.299999237060547,31.600000381469727,30.899999618530273,31.299999237060547
2007-05-21,48900,30.700000762939453,31.100000381469727,31.5,30.700000762939453,31.100000381469727
2007-05-18,61400,29.899999618530273,30.200000762939453,30.5,29.5,30.200000762939453
2007-05-17,56700,30.799999237060547,29.799999237060547,31.0,29.600000381469727,29.799999237060547
2007-05-16,62900,32.400001525878906,30.700000762939453,32.400001525878906,30.100000381469727,30.700000762939453
2007-05-15,67200,32.20000076293945,32.0,32.5,32.0,32.0
2007-05-14,45200,32.900001525878906,32.70000076293945,33.0,32.099998474121094,32.70000076293945
2007-05-11,45600,32.29999923706055,32.599998474121094,32.70000076293945,31.5,32.599998474121094
2007-05-10,63800,33.79999923706055,31.700000762939453,34.0,31.700000762939453,31.700000762939453
2007-05-09,32100,33.5,33.5,33.79999923706055,33.099998474121094,33.5
2007-05-08,75300,35.0,33.900001525878906,35.0,33.20000076293945,33.900001525878906
2007-05-07,106600,32.70000076293945,34.900001525878906,35.29999923706055,32.5,34.900001525878906
2007-05-04,43800,32.400001525878906,32.599998474121094,32.70000076293945,32.0,32.599998474121094
2007-05-03,70400,32.70000076293945,32.5,32.70000076293945,31.299999237060547,32.5
2007-05-02,38000,32.5,32.599998474121094,32.70000076293945,32.0,32.599998474121094
2007-05-01,47800,31.399999618530273,32.0,32.70000076293945,31.299999237060547,32.0
2007-04-30,53600,32.70000076293945,31.600000381469727,33.29999923706055,31.399999618530273,31.600000381469727
2007-04-27,78900,31.799999237060547,33.0,33.0,31.5,33.0
2007-04-26,45600,31.600000381469727,31.200000762939453,32.20000076293945,31.100000381469727,31.200000762939453
2007-04-25,42000,32.5,32.20000076293945,32.599998474121094,31.899999618530273,32.20000076293945
2007-04-24,45900,32.5,32.29999923706055,32.79999923706055,31.899999618530273,32.29999923706055
2007-04-23,53700,33.0,33.0,33.0,32.0,33.0
2007-04-20,46300,32.599998474121094,32.599998474121094,32.70000076293945,31.899999618530273,32.599998474121094
2007-04-19,35200,32.099998474121094,32.0,32.400001525878906,31.5,32.0
2007-04-18,73100,33.099998474121094,32.099998474121094,33.70000076293945,31.399999618530273,32.099998474121094
2007-04-17,63600,33.5,32.599998474121094,33.70000076293945,32.400001525878906,32.599998474121094
2007-04-16,69800,32.5,33.70000076293945,33.79999923706055,32.0,33.70000076293945
2007-04-13,71800,32.900001525878906,32.400001525878906,33.0,31.899999618530273,32.400001525878906
2007-04-12,59200,31.700000762939453,33.0,33.0,31.0,33.0
2007-04-11,66700,33.5,32.0,33.79999923706055,31.700000762939453,32.0
2007-04-10,64800,32.70000076293945,33.29999923706055,33.5,32.400001525878906,33.29999923706055
2007-04-09,31400,33.0,32.20000076293945,33.400001525878906,32.099998474121094,32.20000076293945
2007-04-05,83300,33.5,33.0,34.0,32.79999923706055,33.0
2007-04-04,71000,32.29999923706055,32.400001525878906,33.0,31.899999618530273,32.400001525878906
2007-04-03,77300,32.0,32.400001525878906,32.5,31.600000381469727,32.400001525878906
2007-04-02,71000,32.099998474121094,31.600000381469727,32.099998474121094,31.0,31.600000381469727
2007-03-30,51700,32.20000076293945,31.600000381469727,32.400001525878906,31.0,31.600000381469727
2007-03-29,145700,31.5,32.0,32.29999923706055,30.700000762939453,32.0
2007-03-28,114000,31.299999237060547,31.100000381469727,32.099998474121094,30.5,31.100000381469727
2007-03-27,125400,31.299999237060547,32.099998474121094,32.400001525878906,31.0,32.099998474121094
2007-03-26,35900,31.200000762939453,30.700000762939453,31.299999237060547,30.200000762939453,30.700000762939453
2007-03-23,79500,31.5,31.299999237060547,31.899999618530273,30.799999237060547,31.299999237060547
2007-03-22,62300,30.399999618530273,31.299999237060547,31.399999618530273,30.200000762939453,31.299999237060547
2007-03-21,84200,30.299999237060547,30.399999618530273,30.799999237060547,29.399999618530273,30.399999618530273
2007-03-20,79400,30.700000762939453,30.100000381469727,30.799999237060547,29.700000762939453,30.100000381469727
2007-03-19,139500,30.100000381469727,29.600000381469727,31.299999237060547,29.299999237060547,29.600000381469727
2007-03-16,178100,28.5,30.0,30.5,27.700000762939453,30.0
2007-03-15,56800,29.100000381469727,28.600000381469727,29.399999618530273,28.0,28.600000381469727
2007-03-14,78300,29.200000762939453,29.0,29.5,28.799999237060547,29.0
2007-03-13,91300,29.299999237060547,29.200000762939453,29.899999618530273,29.0,29.200000762939453
2007-03-12,84700,30.200000762939453,29.399999618530273,30.700000762939453,29.0,29.399999618530273
2007-03-09,110300,29.700000762939453,30.0,30.0,29.0,30.0
2007-03-08,104000,30.5,29.399999618530273,30.600000381469727,28.5,29.399999618530273
2007-03-07,156100,28.899999618530273,29.799999237060547,30.299999237060547,28.0,29.799999237060547
2007-03-06,116100,29.5,28.600000381469727,29.799999237060547,28.5,28.600000381469727
2007-03-05,95000,30.0,28.899999618530273,30.100000381469727,28.700000762939453,28.899999618530273
2007-03-02,161300,31.0,30.0,31.399999618530273,29.899999618530273,30.0
2007-03-01,155900,33.400001525878906,31.0,33.79999923706055,27.899999618530273,31.0
2007-02-28,133800,35.20000076293945,34.79999923706055,35.400001525878906,33.5,34.79999923706055
2007-02-27,128500,38.0,35.0,38.099998474121094,34.5,35.0
2007-02-26,150900,37.599998474121094,37.599998474121094,37.70000076293945,37.099998474121094,37.599998474121094
2007-02-23,187600,38.5,37.70000076293945,39.099998474121094,36.70000076293945,37.70000076293945
2007-02-22,50900,39.599998474121094,39.599998474121094,39.70000076293945,38.70000076293945,39.599998474121094
2007-02-21,51700,38.29999923706055,39.400001525878906,39.599998474121094,37.70000076293945,39.400001525878906
2007-02-20,95000,37.20000076293945,38.29999923706055,38.79999923706055,37.0,38.29999923706055
2007-02-16,61400,36.79999923706055,37.70000076293945,38.0,36.20000076293945,37.70000076293945
2007-02-15,37100,37.29999923706055,36.70000076293945,37.29999923706055,36.5,36.70000076293945
2007-02-14,79100,37.79999923706055,37.5,37.900001525878906,36.5,37.5
2007-02-13,83700,36.70000076293945,38.099998474121094,38.29999923706055,35.79999923706055,38.099998474121094
2007-02-12,84800,37.5,36.900001525878906,37.5,36.099998474121094,36.900001525878906
2007-02-09,35800,37.79999923706055,37.20000076293945,38.099998474121094,37.0,37.20000076293945
2007-02-08,44800,38.0,37.79999923706055,38.79999923706055,37.29999923706055,37.79999923706055
2007-02-07,82900,38.79999923706055,38.29999923706055,39.0,37.70000076293945,38.29999923706055
2007-02-06,49200,39.599998474121094,38.29999923706055,39.79999923706055,38.0,38.29999923706055
2007-02-05,109500,37.29999923706055,39.099998474121094,39.70000076293945,37.099998474121094,39.099998474121094
2007-02-02,39700,36.79999923706055,37.29999923706055,37.29999923706055,36.400001525878906,37.29999923706055
2007-02-01,61000,36.0,36.900001525878906,37.20000076293945,35.900001525878906,36.900001525878906
2007-01-31,32000,36.0,36.0,36.5,35.400001525878906,36.0
2007-01-30,30800,36.599998474121094,36.099998474121094,37.0,36.0,36.099998474121094
2007-01-29,61200,35.099998474121094,36.70000076293945,36.79999923706055,35.0,36.70000076293945
2007-01-26,44600,34.29999923706055,35.20000076293945,35.20000076293945,34.099998474121094,35.20000076293945
2007-01-25,62000,34.79999923706055,34.20000076293945,35.70000076293945,33.900001525878906,34.20000076293945
2007-01-24,57300,36.29999923706055,34.900001525878906,36.5,34.599998474121094,34.900001525878906
2007-01-23,139600,35.599998474121094,35.79999923706055,37.599998474121094,35.400001525878906,35.79999923706055
2007-01-22,73400,36.0,35.400001525878906,36.20000076293945,35.099998474121094,35.400001525878906
2007-01-19,44300,35.0,35.70000076293945,35.79999923706055,34.70000076293945,35.70000076293945
2007-01-18,61300,35.79999923706055,35.099998474121094,36.29999923706055,35.0,35.099998474121094
2007-01-17,41800,36.0,35.70000076293945,36.5,35.599998474121094,35.70000076293945
2007-01-16,93600,36.79999923706055,35.900001525878906,36.79999923706055,35.79999923706055,35.900001525878906
2007-01-12,197500,35.099998474121094,36.79999923706055,36.79999923706055,32.5,36.79999923706055
2007-01-11,97800,36.29999923706055,35.099998474121094,36.5,34.900001525878906,35.099998474121094
2007-01-10,60000,37.0,36.20000076293945,37.099998474121094,36.0,36.20000076293945
2007-01-09,72700,37.400001525878906,36.400001525878906,37.79999923706055,36.0,36.400001525878906
2007-01-08,49400,38.0,37.5,38.29999923706055,37.5,37.5
2007-01-05,49700,38.900001525878906,38.099998474121094,38.900001525878906,37.900001525878906,38.099998474121094
2007-01-04,45000,38.900001525878906,39.20000076293945,39.29999923706055,38.0,39.20000076293945
2007-01-03,98900,39.0,38.79999923706055,39.400001525878906,38.5,38.79999923706055
2006-12-29,110100,37.79999923706055,38.900001525878906,38.900001525878906,37.79999923706055,38.900001525878906
2006-12-28,202000,37.599998474121094,38.099998474121094,38.599998474121094,37.5,38.099998474121094
2006-12-27,132200,39.0,37.70000076293945,39.400001525878906,37.5,37.70000076293945
2006-12-26,36600,39.20000076293945,39.20000076293945,39.5,38.599998474121094,39.20000076293945
2006-12-22,33300,39.20000076293945,39.20000076293945,39.70000076293945,38.5,39.20000076293945
2006-12-21,39100,40.0,39.5,40.29999923706055,39.099998474121094,39.5
2006-12-20,54000,39.099998474121094,40.29999923706055,40.29999923706055,39.099998474121094,40.29999923706055
2006-12-19,65900,38.79999923706055,39.29999923706055,39.900001525878906,38.400001525878906,39.29999923706055
2006-12-18,61800,41.0,39.29999923706055,41.0,38.79999923706055,39.29999923706055
2006-12-15,71300,41.20000076293945,40.599998474121094,41.29999923706055,40.29999923706055,40.599998474121094
2006-12-14,124600,39.29999923706055,41.0,41.5,39.29999923706055,41.0
2006-12-13,104100,38.0,39.29999923706055,39.599998474121094,37.20000076293945,39.29999923706055
2006-12-12,95100,37.79999923706055,37.70000076293945,38.29999923706055,36.79999923706055,37.70000076293945
2006-12-11,85600,38.79999923706055,38.0,39.099998474121094,37.79999923706055,38.0
2006-12-08,56400,39.5,38.900001525878906,39.79999923706055,38.900001525878906,38.900001525878906
2006-12-07,54000,40.29999923706055,39.599998474121094,40.79999923706055,39.29999923706055,39.599998474121094
2006-12-06,40600,40.20000076293945,40.29999923706055,41.20000076293945,40.0,40.29999923706055
2006-12-05,63200,41.5,40.599998474121094,41.900001525878906,40.5,40.599998474121094
2006-12-04,43800,40.29999923706055,41.599998474121094,41.79999923706055,40.29999923706055,41.599998474121094
2006-12-01,47200,40.79999923706055,40.599998474121094,40.79999923706055,39.599998474121094,40.599998474121094
2006-11-30,52400,40.29999923706055,40.599998474121094,40.79999923706055,40.20000076293945,40.599998474121094
2006-11-29,77700,39.900001525878906,40.70000076293945,40.900001525878906,39.0,40.70000076293945
2006-11-28,65100,39.5,39.900001525878906,40.099998474121094,38.79999923706055,39.900001525878906
2006-11-27,57200,40.29999923706055,39.5,40.900001525878906,39.5,39.5
2006-11-24,16700,40.79999923706055,40.900001525878906,41.099998474121094,40.599998474121094,40.900001525878906
2006-11-22,45500,41.0,41.20000076293945,41.5,40.79999923706055,41.20000076293945
2006-11-21,53400,42.20000076293945,41.099998474121094,42.400001525878906,41.0,41.099998474121094
2006-11-20,63900,41.20000076293945,42.599998474121094,42.79999923706055,40.400001525878906,42.599998474121094
2006-11-17,25400,41.5,41.5,41.79999923706055,40.70000076293945,41.5
2006-11-16,36200,42.79999923706055,41.70000076293945,43.0,41.599998474121094,41.70000076293945
2006-11-15,73600,42.0,42.79999923706055,43.0,41.900001525878906,42.79999923706055
2006-11-14,49300,41.900001525878906,42.20000076293945,42.20000076293945,41.5,42.20000076293945
2006-11-13,79600,41.900001525878906,41.900001525878906,42.099998474121094,41.29999923706055,41.900001525878906
2006-11-10,71400,41.400001525878906,41.900001525878906,42.0,40.70000076293945,41.900001525878906
2006-11-09,81400,41.5,41.400001525878906,42.0,40.5,41.400001525878906
2006-11-08,151900,40.0,41.400001525878906,42.0,39.20000076293945,41.400001525878906
2006-11-07,45900,39.79999923706055,39.29999923706055,40.099998474121094,38.900001525878906,39.29999923706055
2006-11-06,70400,40.0,39.900001525878906,40.099998474121094,39.400001525878906,39.900001525878906
2006-11-03,52700,38.0,39.099998474121094,39.20000076293945,38.0,39.099998474121094
2006-11-02,65300,38.70000076293945,37.70000076293945,39.5,37.70000076293945,37.70000076293945
2006-11-01,79100,40.70000076293945,38.70000076293945,40.79999923706055,38.5,38.70000076293945
2006-10-31,92800,40.0,39.900001525878906,40.20000076293945,39.400001525878906,39.900001525878906
2006-10-30,73500,40.400001525878906,39.099998474121094,40.70000076293945,39.0,39.099998474121094
2006-10-27,142200,41.099998474121094,40.900001525878906,41.29999923706055,40.5,40.900001525878906
2006-10-26,55400,42.5,41.400001525878906,42.5,41.099998474121094,41.400001525878906
2006-10-25,99300,40.900001525878906,42.5,42.900001525878906,40.0,42.5
2006-10-24,36400,42.5,41.79999923706055,42.900001525878906,40.900001525878906,41.79999923706055
2006-10-23,58800,43.0,42.0,43.79999923706055,41.900001525878906,42.0
2006-10-20,33300,43.5,42.5,43.5,41.79999923706055,42.5
2006-10-19,38800,44.900001525878906,42.70000076293945,45.0,41.5,42.70000076293945
2006-10-18,34500,44.5,42.70000076293945,44.900001525878906,42.599998474121094,42.70000076293945
2006-10-17,28700,44.900001525878906,44.900001525878906,45.0,43.5,44.900001525878906
2006-10-16,31500,43.70000076293945,44.900001525878906,44.900001525878906,43.20000076293945,44.900001525878906
2006-10-13,48800,43.20000076293945,44.0,44.5,43.099998474121094,44.0
2006-10-12,66600,41.70000076293945,43.400001525878906,43.400001525878906,41.099998474121094,43.400001525878906
2006-10-11,48500,40.400001525878906,40.20000076293945,41.79999923706055,39.900001525878906,40.20000076293945
2006-10-10,24500,40.900001525878906,40.70000076293945,41.0,40.29999923706055,40.70000076293945
2006-10-09,16900,40.20000076293945,40.70000076293945,40.900001525878906,39.599998474121094,40.70000076293945
2006-10-06,21000,39.79999923706055,40.29999923706055,40.900001525878906,39.599998474121094,40.29999923706055
2006-10-05,55700,39.29999923706055,40.29999923706055,40.5,38.5,40.29999923706055
2006-10-04,33500,39.0,39.599998474121094,40.099998474121094,38.79999923706055,39.599998474121094
2006-10-03,119100,39.400001525878906,39.20000076293945,40.5,38.79999923706055,39.20000076293945
2006-10-02,77600,40.79999923706055,39.5,41.20000076293945,39.29999923706055,39.5
2006-09-29,62100,41.70000076293945,40.70000076293945,42.0,40.70000076293945,40.70000076293945
2006-09-28,148100,41.099998474121094,41.70000076293945,44.0,40.79999923706055,41.70000076293945
2006-09-27,182500,39.900001525878906,40.79999923706055,41.70000076293945,39.599998474121094,40.79999923706055
2006-09-26,164900,39.5,39.5,39.79999923706055,38.5,39.5
2006-09-25,93700,38.400001525878906,39.099998474121094,39.900001525878906,38.099998474121094,39.099998474121094
2006-09-22,106500,39.20000076293945,38.0,39.70000076293945,37.70000076293945,38.0
2006-09-21,87700,40.5,39.70000076293945,41.5,39.0,39.70000076293945
2006-09-20,91900,43.099998474121094,40.599998474121094,44.099998474121094,40.20000076293945,40.599998474121094
2006-09-19,56800,44.5,42.400001525878906,45.099998474121094,41.599998474121094,42.400001525878906
2006-09-18,56600,43.5,44.900001525878906,45.79999923706055,43.20000076293945,44.900001525878906
2006-09-15,96000,47.29999923706055,43.70000076293945,47.5,43.5,43.70000076293945
2006-09-14,39800,46.5,46.79999923706055,47.5,46.5,46.79999923706055
2006-09-13,26400,45.29999923706055,46.0,46.599998474121094,44.900001525878906,46.0
2006-09-12,31700,43.400001525878906,45.29999923706055,46.29999923706055,43.20000076293945,45.29999923706055
2006-09-11,25000,44.599998474121094,43.5,45.0,43.400001525878906,43.5
2006-09-08,35600,44.70000076293945,45.0,45.20000076293945,43.79999923706055,45.0
2006-09-07,39700,45.099998474121094,44.79999923706055,46.70000076293945,44.20000076293945,44.79999923706055
2006-09-06,45500,47.20000076293945,45.599998474121094,47.400001525878906,45.20000076293945,45.599998474121094
2006-09-05,42300,46.5,47.79999923706055,47.900001525878906,46.0,47.79999923706055
2006-09-01,39300,47.599998474121094,47.0,47.70000076293945,46.400001525878906,47.0
2006-08-31,36100,48.0,47.400001525878906,48.099998474121094,46.599998474121094,47.400001525878906
2006-08-30,41700,46.29999923706055,47.599998474121094,47.900001525878906,46.0,47.599998474121094
2006-08-29,32000,45.20000076293945,46.400001525878906,46.599998474121094,45.0,46.400001525878906
2006-08-28,40100,46.400001525878906,45.79999923706055,47.0,44.599998474121094,45.79999923706055
2006-08-25,23400,45.400001525878906,46.0,46.400001525878906,45.20000076293945,46.0
2006-08-24,41200,45.099998474121094,45.29999923706055,46.0,44.599998474121094,45.29999923706055
2006-08-23,65100,45.79999923706055,45.20000076293945,47.400001525878906,44.400001525878906,45.20000076293945
2006-08-22,42100,45.20000076293945,46.0,47.29999923706055,44.900001525878906,46.0
2006-08-21,35700,45.0,44.79999923706055,45.0,43.29999923706055,44.79999923706055
2006-08-18,53900,44.0,44.900001525878906,44.900001525878906,42.70000076293945,44.900001525878906
2006-08-17,51300,41.70000076293945,43.79999923706055,44.0,41.20000076293945,43.79999923706055
2006-08-16,45200,41.0,42.099998474121094,42.20000076293945,39.900001525878906,42.099998474121094
2006-08-15,29800,39.29999923706055,40.29999923706055,40.5,39.29999923706055,40.29999923706055
2006-08-14,30200,39.0,39.099998474121094,40.5,39.0,39.099998474121094
2006-08-11,22700,38.900001525878906,39.0,39.5,38.400001525878906,39.0
2006-08-10,29300,38.0,38.79999923706055,39.400001525878906,37.70000076293945,38.79999923706055
2006-08-09,42300,38.5,38.5,39.400001525878906,38.20000076293945,38.5
2006-08-08,94400,39.70000076293945,38.099998474121094,40.099998474121094,37.900001525878906,38.099998474121094
2006-08-07,91900,41.0,40.0,41.0,38.79999923706055,40.0
2006-08-04,45600,41.79999923706055,41.0,42.5,40.099998474121094,41.0
2006-08-03,40100,40.0,41.599998474121094,42.0,39.79999923706055,41.599998474121094
2006-08-02,59800,40.599998474121094,40.5,41.400001525878906,40.0,40.5
2006-08-01,56700,39.900001525878906,40.70000076293945,40.900001525878906,39.20000076293945,40.70000076293945
2006-07-31,97500,38.0,40.400001525878906,40.5,37.79999923706055,40.400001525878906
2006-07-28,111800,37.29999923706055,38.400001525878906,39.599998474121094,37.0,38.400001525878906
2006-07-27,165100,42.099998474121094,36.400001525878906,42.20000076293945,35.29999923706055,36.400001525878906
2006-07-26,97700,42.400001525878906,44.400001525878906,45.599998474121094,41.599998474121094,44.400001525878906
2006-07-25,49400,42.099998474121094,42.70000076293945,42.79999923706055,41.29999923706055,42.70000076293945
2006-07-24,40400,40.0,41.70000076293945,41.900001525878906,39.79999923706055,41.70000076293945
2006-07-21,66000,41.20000076293945,39.79999923706055,41.400001525878906,39.20000076293945,39.79999923706055
2006-07-20,33200,43.400001525878906,41.5,43.900001525878906,41.20000076293945,41.5
2006-07-19,47700,41.900001525878906,43.5,43.70000076293945,41.29999923706055,43.5
2006-07-18,43000,42.20000076293945,41.599998474121094,43.099998474121094,40.099998474121094,41.599998474121094
2006-07-17,225700,43.20000076293945,42.0,44.5,37.70000076293945,42.0
2006-07-14,69300,43.29999923706055,42.20000076293945,44.900001525878906,41.599998474121094,42.20000076293945
2006-07-13,80000,45.900001525878906,43.20000076293945,46.5,43.0,43.20000076293945
2006-07-12,32900,46.599998474121094,45.79999923706055,47.5,45.5,45.79999923706055
2006-07-11,68000,46.79999923706055,46.900001525878906,47.5,46.29999923706055,46.900001525878906
2006-07-10,76700,46.599998474121094,47.20000076293945,47.900001525878906,46.099998474121094,47.20000076293945
2006-07-07,47400,46.70000076293945,46.5,47.400001525878906,46.0,46.5
2006-07-06,42900,47.70000076293945,47.0,48.099998474121094,46.29999923706055,47.0
2006-07-05,62800,48.5,47.599998474121094,48.900001525878906,46.5,47.599998474121094
2006-07-03,34700,47.400001525878906,48.5,48.79999923706055,47.20000076293945,48.5
2006-06-30,217600,48.099998474121094,46.70000076293945,49.0,46.70000076293945,46.70000076293945
2006-06-29,163300,46.79999923706055,47.400001525878906,48.900001525878906,46.70000076293945,47.400001525878906
2006-06-28,185300,48.5,46.400001525878906,48.5,45.0,46.400001525878906
2006-06-27,43400,50.0,48.599998474121094,50.5,48.099998474121094,48.599998474121094
2006-06-26,31900,50.099998474121094,50.20000076293945,50.5,48.70000076293945,50.20000076293945
2006-06-23,52500,49.0,49.5,50.29999923706055,48.0,49.5
2006-06-22,27100,49.29999923706055,49.29999923706055,49.29999923706055,48.5,49.29999923706055
2006-06-21,50600,48.79999923706055,49.29999923706055,49.29999923706055,48.20000076293945,49.29999923706055
2006-06-20,48900,49.599998474121094,48.900001525878906,49.599998474121094,47.70000076293945,48.900001525878906
2006-06-19,51000,50.5,48.70000076293945,50.5,48.5,48.70000076293945
2006-06-16,144300,51.5,49.900001525878906,51.5,49.599998474121094,49.900001525878906
2006-06-15,65200,49.79999923706055,51.599998474121094,52.599998474121094,49.79999923706055,51.599998474121094
2006-06-14,58500,49.599998474121094,49.900001525878906,50.5,49.099998474121094,49.900001525878906
2006-06-13,130600,48.20000076293945,48.400001525878906,50.0,47.400001525878906,48.400001525878906
2006-06-12,69300,50.5,48.099998474121094,50.599998474121094,47.900001525878906,48.099998474121094
2006-06-09,61800,50.79999923706055,50.400001525878906,51.5,50.0,50.400001525878906
2006-06-08,95400,50.0,50.5,51.0,49.20000076293945,50.5
2006-06-07,55800,51.599998474121094,50.20000076293945,51.900001525878906,50.0,50.20000076293945
2006-06-06,57700,51.70000076293945,51.099998474121094,51.70000076293945,50.20000076293945,51.099998474121094
2006-06-05,74100,52.5,51.29999923706055,53.400001525878906,51.29999923706055,51.29999923706055
2006-06-02,53400,53.70000076293945,52.29999923706055,54.0,51.400001525878906,52.29999923706055
2006-06-01,79700,50.900001525878906,53.0,53.599998474121094,50.599998474121094,53.0
2006-05-31,82700,51.099998474121094,51.099998474121094,51.5,50.0,51.099998474121094
2006-05-30,66800,53.400001525878906,50.599998474121094,54.29999923706055,50.599998474121094,50.599998474121094
2006-05-26,50100,53.70000076293945,54.70000076293945,55.0,52.79999923706055,54.70000076293945
2006-05-25,56100,52.599998474121094,53.400001525878906,54.0,52.099998474121094,53.400001525878906
2006-05-24,77800,51.20000076293945,52.20000076293945,52.5,50.0,52.20000076293945
2006-05-23,95000,52.5,50.900001525878906,53.900001525878906,50.599998474121094,50.900001525878906
2006-05-22,77600,52.400001525878906,52.29999923706055,53.29999923706055,52.0,52.29999923706055
2006-05-19,86600,52.0,52.70000076293945,53.70000076293945,51.599998474121094,52.70000076293945
2006-05-18,70300,53.20000076293945,52.0,53.400001525878906,51.29999923706055,52.0
2006-05-17,67200,53.400001525878906,52.599998474121094,54.599998474121094,52.5,52.599998474121094
2006-05-16,64900,54.0,53.0,54.29999923706055,52.5,53.0
2006-05-15,99000,54.70000076293945,53.79999923706055,55.5,52.5,53.79999923706055
2006-05-12,111700,58.099998474121094,54.5,58.20000076293945,54.5,54.5
2006-05-11,125000,61.900001525878906,58.599998474121094,62.0,56.900001525878906,58.599998474121094
2006-05-10,47400,62.400001525878906,60.70000076293945,63.0,60.29999923706055,60.70000076293945
2006-05-09,62100,63.5,62.099998474121094,63.5,61.5,62.099998474121094
2006-05-08,118500,61.29999923706055,63.099998474121094,63.79999923706055,61.20000076293945,63.099998474121094
2006-05-05,72900,60.5,61.20000076293945,62.099998474121094,60.0,61.20000076293945
2006-05-04,63900,60.20000076293945,60.70000076293945,60.79999923706055,59.29999923706055,60.70000076293945
2006-05-03,54100,60.29999923706055,60.0,60.70000076293945,59.400001525878906,60.0
2006-05-02,105500,61.400001525878906,60.70000076293945,61.400001525878906,58.900001525878906,60.70000076293945
2006-05-01,114300,60.099998474121094,60.79999923706055,62.20000076293945,59.70000076293945,60.79999923706055
2006-04-28,69700,58.900001525878906,60.0,60.70000076293945,58.29999923706055,60.0
2006-04-27,110000,60.900001525878906,59.20000076293945,60.900001525878906,57.5,59.20000076293945
2006-04-26,96200,62.70000076293945,61.29999923706055,63.29999923706055,60.099998474121094,61.29999923706055
2006-04-25,205300,63.29999923706055,62.70000076293945,66.0,61.20000076293945,62.70000076293945
2006-04-24,263900,62.900001525878906,64.30000305175781,66.0,61.20000076293945,64.30000305175781
2006-04-21,90300,61.099998474121094,61.70000076293945,63.0,61.0,61.70000076293945
2006-04-20,141900,63.400001525878906,61.20000076293945,63.400001525878906,59.599998474121094,61.20000076293945
2006-04-19,116900,62.0,63.20000076293945,63.20000076293945,61.20000076293945,63.20000076293945
2006-04-18,199400,61.79999923706055,62.0,63.5,60.20000076293945,62.0
2006-04-17,336200,57.79999923706055,61.400001525878906,61.70000076293945,57.0,61.400001525878906
2006-04-13,154600,57.5,57.900001525878906,58.5,55.400001525878906,57.900001525878906
2006-04-12,344800,57.70000076293945,57.900001525878906,59.70000076293945,56.5,57.900001525878906
2006-04-11,2855000,60.099998474121094,59.79999923706055,64.5,56.5,59.79999923706055
2006-04-10,46300,49.5,48.79999923706055,49.79999923706055,48.20000076293945,48.79999923706055
2006-04-07,110000,50.599998474121094,49.099998474121094,51.0,48.599998474121094,49.099998474121094
2006-04-06,141800,50.599998474121094,50.0,51.0,49.79999923706055,50.0
2006-04-05,34000,48.70000076293945,49.900001525878906,49.900001525878906,48.599998474121094,49.900001525878906
2006-04-04,85500,49.099998474121094,48.79999923706055,50.0,48.0,48.79999923706055
2006-04-03,107100,50.20000076293945,49.20000076293945,50.400001525878906,49.0,49.20000076293945
2006-03-31,69400,50.599998474121094,50.0,50.900001525878906,48.599998474121094,50.0
2006-03-30,168900,49.900001525878906,50.900001525878906,51.0,49.70000076293945,50.900001525878906
2006-03-29,200900,50.0,50.400001525878906,50.5,49.29999923706055,50.400001525878906
2006-03-28,153500,49.0,50.099998474121094,50.29999923706055,48.599998474121094,50.099998474121094
2006-03-27,116800,48.70000076293945,49.0,49.29999923706055,48.0,49.0
2006-03-24,134100,47.599998474121094,50.099998474121094,50.099998474121094,47.0,50.099998474121094
2006-03-23,60100,46.5,47.29999923706055,47.599998474121094,46.29999923706055,47.29999923706055
2006-03-22,51200,45.70000076293945,46.5,46.79999923706055,45.599998474121094,46.5
2006-03-21,56300,46.0,46.0,47.0,45.70000076293945,46.0
2006-03-20,59900,46.599998474121094,46.70000076293945,47.400001525878906,46.20000076293945,46.70000076293945
2006-03-17,120200,46.5,46.900001525878906,47.29999923706055,46.0,46.900001525878906
2006-03-16,410400,48.599998474121094,46.0,51.5,45.79999923706055,46.0
2006-03-15,67800,49.099998474121094,48.099998474121094,49.099998474121094,47.900001525878906,48.099998474121094
2006-03-14,135200,49.099998474121094,48.599998474121094,49.79999923706055,47.099998474121094,48.599998474121094
2006-03-13,131900,46.29999923706055,49.400001525878906,49.5,46.20000076293945,49.400001525878906
2006-03-10,113300,46.79999923706055,45.900001525878906,47.79999923706055,45.5,45.900001525878906
2006-03-09,131800,49.5,47.0,49.79999923706055,46.900001525878906,47.0
2006-03-08,91600,47.599998474121094,48.099998474121094,50.0,47.599998474121094,48.099998474121094
2006-03-07,100000,49.5,47.900001525878906,49.5,47.5,47.900001525878906
2006-03-06,128200,51.20000076293945,49.20000076293945,51.20000076293945,49.0,49.20000076293945
2006-03-03,181300,49.79999923706055,50.70000076293945,51.5,49.099998474121094,50.70000076293945
2006-03-02,134200,50.0,49.0,50.20000076293945,48.5,49.0
2006-03-01,274600,51.70000076293945,50.0,51.79999923706055,49.5,50.0
2006-02-28,331400,59.0,50.900001525878906,59.29999923706055,49.79999923706055,50.900001525878906
2006-02-27,123700,59.099998474121094,58.5,59.79999923706055,58.20000076293945,58.5
2006-02-24,151400,56.0,58.70000076293945,59.20000076293945,55.099998474121094,58.70000076293945
2006-02-23,141100,54.70000076293945,55.5,56.0,54.099998474121094,55.5
2006-02-22,79600,55.29999923706055,55.099998474121094,55.900001525878906,54.79999923706055,55.099998474121094
2006-02-21,89300,54.29999923706055,54.900001525878906,56.099998474121094,54.0,54.900001525878906
2006-02-17,46200,54.400001525878906,53.79999923706055,54.400001525878906,53.0,53.79999923706055
2006-02-16,39200,53.0,53.0,53.5,52.5,53.0
2006-02-15,45300,52.29999923706055,53.0,53.5,51.5,53.0
2006-02-14,77900,53.5,52.29999923706055,53.79999923706055,51.70000076293945,52.29999923706055
2006-02-13,83300,52.5,53.400001525878906,53.70000076293945,52.5,53.400001525878906
2006-02-10,87900,52.79999923706055,52.900001525878906,53.5,51.5,52.900001525878906
2006-02-09,81000,52.900001525878906,52.5,54.20000076293945,52.0,52.5
2006-02-08,79500,53.20000076293945,53.400001525878906,53.599998474121094,52.0,53.400001525878906
2006-02-07,106800,54.70000076293945,52.70000076293945,55.20000076293945,52.5,52.70000076293945
2006-02-06,60100,54.900001525878906,54.400001525878906,55.20000076293945,54.0,54.400001525878906
2006-02-03,113300,53.70000076293945,54.599998474121094,54.900001525878906,53.0,54.599998474121094
2006-02-02,230600,56.0,53.5,56.70000076293945,53.29999923706055,53.5
2006-02-01,219100,60.29999923706055,55.79999923706055,61.0,55.599998474121094,55.79999923706055
2006-01-31,185400,60.900001525878906,59.5,61.20000076293945,58.5,59.5
2006-01-30,192300,55.5,60.900001525878906,61.29999923706055,55.5,60.900001525878906
2006-01-27,69100,57.5,55.5,57.5,55.099998474121094,55.5
2006-01-26,61300,54.900001525878906,57.0,57.5,54.900001525878906,57.0
2006-01-25,48900,56.400001525878906,54.900001525878906,56.5,54.5,54.900001525878906
2006-01-24,66800,57.400001525878906,56.099998474121094,57.900001525878906,55.099998474121094,56.099998474121094
2006-01-23,94600,54.599998474121094,56.900001525878906,57.70000076293945,53.5,56.900001525878906
2006-01-20,64100,56.400001525878906,54.0,56.599998474121094,53.599998474121094,54.0
2006-01-19,76100,56.29999923706055,56.0,57.29999923706055,55.29999923706055,56.0
2006-01-18,80500,55.29999923706055,56.099998474121094,56.599998474121094,54.20000076293945,56.099998474121094
2006-01-17,77900,56.0,56.20000076293945,56.5,54.0,56.20000076293945
2006-01-13,53200,57.099998474121094,56.099998474121094,57.099998474121094,55.29999923706055,56.099998474121094
2006-01-12,208600,55.20000076293945,57.099998474121094,57.20000076293945,54.70000076293945,57.099998474121094
2006-01-11,44500,52.900001525878906,53.5,53.79999923706055,52.599998474121094,53.5
2006-01-10,38400,53.20000076293945,52.900001525878906,53.70000076293945,52.599998474121094,52.900001525878906
2006-01-09,53300,53.5,53.400001525878906,54.5,52.79999923706055,53.400001525878906
2006-01-06,43100,55.79999923706055,53.599998474121094,55.79999923706055,53.5,53.599998474121094
2006-01-05,55500,53.20000076293945,54.20000076293945,54.20000076293945,52.5,54.20000076293945
2006-01-04,63100,52.70000076293945,53.0,53.29999923706055,51.5,53.0
2006-01-03,79300,52.29999923706055,52.79999923706055,53.0,50.900001525878906,52.79999923706055
2005-12-30,93900,51.0,51.29999923706055,52.0,51.0,51.29999923706055
2005-12-29,94900,51.900001525878906,51.70000076293945,52.70000076293945,51.20000076293945,51.70000076293945
2005-12-28,53800,51.900001525878906,52.29999923706055,53.29999923706055,51.5,52.29999923706055
2005-12-27,53200,53.5,52.70000076293945,54.0,52.0,52.70000076293945
2005-12-23,40800,54.5,53.79999923706055,55.79999923706055,53.5,53.79999923706055
2005-12-22,46300,53.5,54.70000076293945,55.0,53.0,54.70000076293945
2005-12-21,66400,52.599998474121094,53.20000076293945,54.5,52.5,53.20000076293945
2005-12-20,108000,54.29999923706055,52.5,54.5,52.5,52.5
2005-12-19,113600,56.599998474121094,54.79999923706055,56.79999923706055,53.900001525878906,54.79999923706055
2005-12-16,127700,58.5,56.29999923706055,60.0,55.900001525878906,56.29999923706055
2005-12-15,311600,56.5,58.79999923706055,62.400001525878906,55.70000076293945,58.79999923706055
2005-12-14,122500,56.599998474121094,56.5,56.79999923706055,55.5,56.5
2005-12-13,159400,55.79999923706055,56.099998474121094,57.099998474121094,55.29999923706055,56.099998474121094
2005-12-12,130300,57.5,56.29999923706055,57.5,55.20000076293945,56.29999923706055
2005-12-09,59900,57.29999923706055,57.20000076293945,57.70000076293945,56.900001525878906,57.20000076293945
2005-12-08,105200,58.20000076293945,57.5,58.29999923706055,56.70000076293945,57.5
2005-12-07,75800,56.599998474121094,55.79999923706055,56.70000076293945,55.20000076293945,55.79999923706055
2005-12-06,118400,56.5,55.900001525878906,56.599998474121094,55.29999923706055,55.900001525878906
2005-12-05,186000,54.400001525878906,56.400001525878906,56.900001525878906,53.400001525878906,56.400001525878906
2005-12-02,83400,53.0,52.70000076293945,53.79999923706055,52.400001525878906,52.70000076293945
2005-12-01,99600,51.29999923706055,52.70000076293945,52.900001525878906,51.099998474121094,52.70000076293945
2005-11-30,104600,50.599998474121094,51.29999923706055,51.400001525878906,50.5,51.29999923706055
2005-11-29,166000,51.0,50.70000076293945,52.5,49.79999923706055,50.70000076293945
2005-11-28,216700,52.099998474121094,50.599998474121094,53.0,49.5,50.599998474121094
2005-11-25,38700,53.20000076293945,51.70000076293945,53.20000076293945,51.20000076293945,51.70000076293945
2005-11-23,210200,50.5,52.400001525878906,52.5,50.29999923706055,52.400001525878906
2005-11-22,150500,50.20000076293945,50.29999923706055,50.5,48.400001525878906,50.29999923706055
2005-11-21,183500,52.20000076293945,49.70000076293945,52.900001525878906,49.29999923706055,49.70000076293945
2005-11-18,127400,53.900001525878906,52.20000076293945,54.29999923706055,52.0,52.20000076293945
2005-11-17,61400,53.29999923706055,54.0,54.599998474121094,52.79999923706055,54.0
2005-11-16,81200,54.5,52.900001525878906,54.900001525878906,51.20000076293945,52.900001525878906
2005-11-15,136100,56.29999923706055,53.599998474121094,57.20000076293945,53.0,53.599998474121094
2005-11-14,40200,57.20000076293945,56.79999923706055,58.5,56.79999923706055,56.79999923706055
2005-11-11,41800,58.79999923706055,57.70000076293945,59.70000076293945,57.5,57.70000076293945
2005-11-10,37000,59.5,58.900001525878906,59.900001525878906,58.20000076293945,58.900001525878906
2005-11-09,51800,59.5,59.29999923706055,60.5,59.099998474121094,59.29999923706055
2005-11-08,67700,57.5,59.0,60.20000076293945,57.20000076293945,59.0
2005-11-07,51100,56.79999923706055,57.599998474121094,58.5,56.5,57.599998474121094
2005-11-04,56500,56.5,57.0,57.79999923706055,56.0,57.0
2005-11-03,143700,55.79999923706055,56.29999923706055,58.599998474121094,55.0,56.29999923706055
2005-11-02,67600,55.79999923706055,55.599998474121094,57.29999923706055,55.0,55.599998474121094
2005-11-01,48000,58.0,56.400001525878906,59.0,56.0,56.400001525878906
2005-10-31,47000,59.20000076293945,58.0,59.20000076293945,57.0,58.0
2005-10-28,80700,57.20000076293945,58.900001525878906,60.29999923706055,56.5,58.900001525878906
2005-10-27,87800,58.400001525878906,56.0,58.79999923706055,54.5,56.0
2005-10-26,105900,62.20000076293945,57.79999923706055,62.20000076293945,57.599998474121094,57.79999923706055
2005-10-25,29200,62.29999923706055,62.5,62.5,60.70000076293945,62.5
2005-10-24,36200,61.0,62.5,62.599998474121094,60.70000076293945,62.5
2005-10-21,40800,62.0,60.70000076293945,62.5,60.29999923706055,60.70000076293945
2005-10-20,50800,62.599998474121094,61.5,63.0,59.900001525878906,61.5
2005-10-19,42500,61.0,63.20000076293945,63.20000076293945,60.0,63.20000076293945
2005-10-18,33900,63.0,61.0,63.70000076293945,60.599998474121094,61.0
2005-10-17,44600,60.599998474121094,61.70000076293945,62.29999923706055,60.400001525878906,61.70000076293945
2005-10-14,63200,61.900001525878906,60.5,63.0,59.79999923706055,60.5
2005-10-13,35800,62.5,61.900001525878906,62.599998474121094,60.5,61.900001525878906
2005-10-12,42500,63.5,62.5,63.70000076293945,61.70000076293945,62.5
2005-10-11,85100,64.0,63.20000076293945,65.0,63.099998474121094,63.20000076293945
2005-10-10,41900,64.4000015258789,64.0999984741211,66.0,63.79999923706055,64.0999984741211
2005-10-07,48500,64.30000305175781,64.69999694824219,67.0,64.0,64.69999694824219
2005-10-06,67900,65.0,65.19999694824219,66.30000305175781,65.0,65.19999694824219
2005-10-05,73400,69.80000305175781,65.9000015258789,70.30000305175781,65.5,65.9000015258789
2005-10-04,119400,70.69999694824219,69.4000015258789,71.19999694824219,68.0999984741211,69.4000015258789
2005-10-03,92200,68.0999984741211,71.0999984741211,71.0999984741211,67.5,71.0999984741211
2005-09-30,62500,68.5999984741211,68.0,69.5,67.4000015258789,68.0
2005-09-29,82800,65.5999984741211,68.69999694824219,68.9000015258789,64.80000305175781,68.69999694824219
2005-09-28,45600,66.0,65.4000015258789,66.0,64.9000015258789,65.4000015258789
2005-09-27,61600,67.0,65.5999984741211,67.0,64.69999694824219,65.5999984741211
2005-09-26,44600,66.80000305175781,66.9000015258789,67.9000015258789,65.9000015258789,66.9000015258789
2005-09-23,48600,68.0,66.80000305175781,68.0,66.0,66.80000305175781
2005-09-22,195700,68.9000015258789,67.5,70.80000305175781,67.4000015258789,67.5
2005-09-21,75500,65.0,64.5,66.30000305175781,63.599998474121094,64.5
2005-09-20,108400,66.0,64.4000015258789,67.5,63.79999923706055,64.4000015258789
2005-09-19,72800,65.69999694824219,64.5999984741211,65.80000305175781,62.5,64.5999984741211
2005-09-16,114500,64.5,64.69999694824219,65.9000015258789,62.599998474121094,64.69999694824219
2005-09-15,81200,67.0999984741211,64.69999694824219,68.4000015258789,63.900001525878906,64.69999694824219
2005-09-14,70400,68.0999984741211,67.0,69.5,66.0999984741211,67.0
2005-09-13,59800,70.5999984741211,68.19999694824219,71.80000305175781,68.0,68.19999694824219
2005-09-12,55700,71.5,70.5999984741211,72.9000015258789,70.0999984741211,70.5999984741211
2005-09-09,73800,72.5,71.9000015258789,74.30000305175781,71.0999984741211,71.9000015258789
2005-09-08,91900,70.0,72.30000305175781,72.5,69.30000305175781,72.30000305175781
2005-09-07,49500,70.5,70.0,70.5,68.5,70.0
2005-09-06,54800,70.0,70.5,71.5999984741211,69.0,70.5
2005-09-02,117100,73.69999694824219,69.69999694824219,73.69999694824219,68.0,69.69999694824219
2005-09-01,232800,75.0,73.30000305175781,77.30000305175781,71.30000305175781,73.30000305175781
2005-08-31,474800,68.5999984741211,74.0999984741211,75.4000015258789,68.0999984741211,74.0999984741211
2005-08-30,237300,62.79999923706055,67.69999694824219,68.30000305175781,61.900001525878906,67.69999694824219
2005-08-29,65800,62.20000076293945,62.5,63.099998474121094,61.5,62.5
2005-08-26,57100,64.0999984741211,62.29999923706055,64.5,62.29999923706055,62.29999923706055
2005-08-25,46400,65.0,63.70000076293945,65.0999984741211,63.5,63.70000076293945
2005-08-24,103600,63.099998474121094,64.80000305175781,66.69999694824219,62.5,64.80000305175781
2005-08-23,40000,63.70000076293945,62.79999923706055,64.5,62.5,62.79999923706055
2005-08-22,83900,61.20000076293945,63.900001525878906,63.900001525878906,61.0,63.900001525878906
2005-08-19,31100,61.599998474121094,61.0,62.0,60.900001525878906,61.0
2005-08-18,28800,61.5,61.20000076293945,61.900001525878906,60.70000076293945,61.20000076293945
2005-08-17,41000,61.5,61.70000076293945,61.900001525878906,61.29999923706055,61.70000076293945
2005-08-16,51500,62.400001525878906,61.599998474121094,62.400001525878906,61.29999923706055,61.599998474121094
2005-08-15,76600,63.0,62.20000076293945,63.400001525878906,60.5,62.20000076293945
2005-08-12,40800,62.900001525878906,63.099998474121094,63.29999923706055,62.5,63.099998474121094
2005-08-11,93100,62.79999923706055,62.79999923706055,63.0,62.5,62.79999923706055
2005-08-10,92800,64.5,62.79999923706055,64.9000015258789,62.599998474121094,62.79999923706055
2005-08-09,186000,64.5,64.5,64.69999694824219,63.29999923706055,64.5
2005-08-08,138500,63.5,63.400001525878906,64.19999694824219,62.70000076293945,63.400001525878906
2005-08-05,562700,63.599998474121094,63.0,64.5,62.400001525878906,63.0
2005-08-04,107600,68.5,66.4000015258789,69.69999694824219,65.69999694824219,66.4000015258789
2005-08-03,56500,71.0,69.69999694824219,72.4000015258789,69.4000015258789,69.69999694824219
2005-08-02,65200,73.9000015258789,72.5,74.5,70.0999984741211,72.5
2005-08-01,53000,72.0,73.5999984741211,73.9000015258789,70.4000015258789,73.5999984741211
2005-07-29,97600,71.5,71.5,74.0,70.0,71.5
2005-07-28,166400,72.0,75.0,75.0,70.0,75.0
2005-07-27,137800,69.0,70.9000015258789,72.4000015258789,66.30000305175781,70.9000015258789
2005-07-26,124700,65.0,70.0,70.0999984741211,64.5999984741211,70.0
2005-07-25,43200,65.5999984741211,64.5999984741211,65.9000015258789,64.30000305175781,64.5999984741211
2005-07-22,44400,67.0999984741211,65.69999694824219,67.19999694824219,63.5,65.69999694824219
2005-07-21,64300,66.4000015258789,65.0999984741211,67.4000015258789,64.0,65.0999984741211
2005-07-20,45000,62.5,64.9000015258789,64.9000015258789,62.5,64.9000015258789
2005-07-19,46500,63.79999923706055,63.29999923706055,64.5,62.0,63.29999923706055
2005-07-18,79500,66.0999984741211,63.5,66.9000015258789,62.900001525878906,63.5
2005-07-15,316900,67.80000305175781,65.0,68.5999984741211,64.19999694824219,65.0
2005-07-14,76600,60.29999923706055,58.70000076293945,61.29999923706055,58.70000076293945,58.70000076293945
2005-07-13,41700,61.20000076293945,61.29999923706055,62.79999923706055,60.29999923706055,61.29999923706055
2005-07-12,53300,63.0,61.599998474121094,63.5,61.099998474121094,61.599998474121094
2005-07-11,68600,60.5,63.20000076293945,63.70000076293945,60.5,63.20000076293945
2005-07-08,89100,58.599998474121094,60.79999923706055,61.29999923706055,58.599998474121094,60.79999923706055
2005-07-07,82300,59.5,59.5,60.099998474121094,58.5,59.5
2005-07-06,147000,58.79999923706055,60.0,62.400001525878906,58.5,60.0
2005-07-05,253800,61.099998474121094,59.099998474121094,63.20000076293945,58.599998474121094,59.099998474121094
2005-07-01,53900,68.5,67.5999984741211,69.69999694824219,66.0999984741211,67.5999984741211
2005-06-30,68400,70.0,68.5,72.0,68.4000015258789,68.5
2005-06-29,52800,74.0,70.4000015258789,74.19999694824219,70.4000015258789,70.4000015258789
2005-06-28,48800,70.9000015258789,74.19999694824219,74.30000305175781,70.0999984741211,74.19999694824219
2005-06-27,40700,70.30000305175781,70.4000015258789,71.19999694824219,69.80000305175781,70.4000015258789
2005-06-24,66700,71.5,71.30000305175781,72.80000305175781,70.0999984741211,71.30000305175781
2005-06-23,44600,75.5,71.4000015258789,75.69999694824219,71.4000015258789,71.4000015258789
2005-06-22,58200,74.69999694824219,75.0,75.9000015258789,74.0999984741211,75.0
2005-06-21,116800,75.9000015258789,74.5,75.9000015258789,71.5,74.5
2005-06-20,104300,75.0,75.4000015258789,76.30000305175781,72.69999694824219,75.4000015258789
2005-06-17,126700,72.0,74.5,74.9000015258789,71.9000015258789,74.5
2005-06-16,177400,70.30000305175781,71.80000305175781,74.80000305175781,68.30000305175781,71.80000305175781
2005-06-15,175200,66.30000305175781,70.5,71.19999694824219,64.5999984741211,70.5
2005-06-14,125500,59.70000076293945,66.5999984741211,67.0,59.599998474121094,66.5999984741211
2005-06-13,34500,60.20000076293945,60.29999923706055,61.70000076293945,60.0,60.29999923706055
2005-06-10,33100,61.0,60.5,63.0,60.099998474121094,60.5
2005-06-09,44700,61.5,61.29999923706055,62.900001525878906,60.70000076293945,61.29999923706055
2005-06-08,41300,60.20000076293945,62.0,63.599998474121094,60.099998474121094,62.0
2005-06-07,43600,60.5,60.400001525878906,62.5,60.099998474121094,60.400001525878906
2005-06-06,31100,60.099998474121094,60.5,61.70000076293945,60.099998474121094,60.5
2005-06-03,29800,64.4000015258789,60.599998474121094,64.4000015258789,60.599998474121094,60.599998474121094
2005-06-02,31800,64.0,63.599998474121094,64.80000305175781,63.0,63.599998474121094
2005-06-01,59400,62.0,63.20000076293945,64.69999694824219,60.79999923706055,63.20000076293945
2005-05-31,39800,62.79999923706055,62.20000076293945,64.0,61.900001525878906,62.20000076293945
2005-05-27,39800,64.0,63.099998474121094,64.9000015258789,62.5,63.099998474121094
2005-05-26,63900,65.5999984741211,64.0999984741211,65.80000305175781,63.70000076293945,64.0999984741211
2005-05-25,80100,64.0,64.19999694824219,65.30000305175781,62.5,64.19999694824219
2005-05-24,95500,58.5,65.0,65.5,57.79999923706055,65.0
2005-05-23,38500,56.400001525878906,58.5,59.29999923706055,56.400001525878906,58.5
2005-05-20,29400,57.29999923706055,56.900001525878906,57.400001525878906,56.099998474121094,56.900001525878906
2005-05-19,31600,58.5,57.0,58.79999923706055,56.400001525878906,57.0
2005-05-18,45800,55.099998474121094,58.5,58.900001525878906,55.099998474121094,58.5
2005-05-17,40800,57.0,56.0,57.20000076293945,54.5,56.0
2005-05-16,26900,56.29999923706055,56.599998474121094,57.099998474121094,55.29999923706055,56.599998474121094
2005-05-13,31900,55.5,56.0,56.79999923706055,55.0,56.0
2005-05-12,30500,57.0,55.70000076293945,57.29999923706055,55.20000076293945,55.70000076293945
2005-05-11,35000,56.5,56.29999923706055,57.5,55.20000076293945,56.29999923706055
2005-05-10,21200,57.70000076293945,56.599998474121094,58.0,56.400001525878906,56.599998474121094
2005-05-09,42100,57.400001525878906,57.5,57.5,55.599998474121094,57.5
2005-05-06,36200,59.900001525878906,56.70000076293945,60.20000076293945,56.70000076293945,56.70000076293945
2005-05-05,94300,57.0,59.099998474121094,61.79999923706055,55.0,59.099998474121094
2005-05-04,64100,53.29999923706055,56.79999923706055,57.400001525878906,52.5,56.79999923706055
2005-05-03,95900,56.099998474121094,52.599998474121094,56.400001525878906,52.099998474121094,52.599998474121094
2005-05-02,43300,56.29999923706055,56.0,56.70000076293945,54.900001525878906,56.0
2005-04-29,72700,56.29999923706055,55.5,57.29999923706055,54.70000076293945,55.5
2005-04-28,108700,57.099998474121094,56.20000076293945,58.5,55.0,56.20000076293945
2005-04-27,85600,59.0,56.79999923706055,62.5,56.0,56.79999923706055
2005-04-26,39000,61.70000076293945,60.400001525878906,62.900001525878906,59.900001525878906,60.400001525878906
2005-04-25,38100,61.0,61.70000076293945,62.400001525878906,60.400001525878906,61.70000076293945
2005-04-22,75400,66.0999984741211,60.29999923706055,68.0,60.099998474121094,60.29999923706055
2005-04-21,59500,64.0999984741211,66.4000015258789,66.5,63.0,66.4000015258789
2005-04-20,104300,63.29999923706055,63.29999923706055,67.4000015258789,62.900001525878906,63.29999923706055
2005-04-19,62400,61.599998474121094,63.400001525878906,64.19999694824219,61.599998474121094,63.400001525878906
2005-04-18,92300,56.79999923706055,62.099998474121094,63.0,56.599998474121094,62.099998474121094
2005-04-15,77000,58.5,57.0,59.400001525878906,56.400001525878906,57.0
2005-04-14,57000,60.099998474121094,58.5,61.400001525878906,57.900001525878906,58.5
2005-04-13,52400,60.70000076293945,59.900001525878906,62.0,59.5,59.900001525878906
2005-04-12,55100,58.79999923706055,60.599998474121094,61.70000076293945,57.599998474121094,60.599998474121094
2005-04-11,51200,60.5,58.400001525878906,61.099998474121094,58.29999923706055,58.400001525878906
2005-04-08,43100,62.900001525878906,60.5,63.0,60.099998474121094,60.5
2005-04-07,43400,62.79999923706055,62.70000076293945,63.70000076293945,61.5,62.70000076293945
2005-04-06,30400,63.900001525878906,62.20000076293945,64.4000015258789,61.900001525878906,62.20000076293945
2005-04-05,36800,64.0,62.900001525878906,64.69999694824219,62.29999923706055,62.900001525878906
2005-04-04,36200,65.5,63.599998474121094,67.0,63.5,63.599998474121094
2005-04-01,48900,65.5999984741211,64.0999984741211,67.5,63.5,64.0999984741211
2005-03-31,58400,63.5,66.0,66.19999694824219,62.900001525878906,66.0
2005-03-30,46000,61.599998474121094,63.0,64.0999984741211,61.5,63.0
2005-03-29,91800,66.5,61.0,66.9000015258789,60.70000076293945,61.0
2005-03-28,46000,67.0,66.5999984741211,68.30000305175781,65.5,66.5999984741211
2005-03-24,49400,65.30000305175781,66.0999984741211,66.80000305175781,63.900001525878906,66.0999984741211
2005-03-23,56600,67.19999694824219,65.0,69.0,64.30000305175781,65.0
2005-03-22,44400,66.0999984741211,66.5,69.0,66.0999984741211,66.5
2005-03-21,91700,70.30000305175781,66.69999694824219,71.4000015258789,65.9000015258789,66.69999694824219
2005-03-18,59700,70.9000015258789,70.5999984741211,72.19999694824219,69.5,70.5999984741211
2005-03-17,68000,68.19999694824219,70.5999984741211,71.0999984741211,67.80000305175781,70.5999984741211
2005-03-16,88800,70.4000015258789,68.19999694824219,71.5999984741211,67.0999984741211,68.19999694824219
2005-03-15,57000,73.4000015258789,71.0,74.69999694824219,70.80000305175781,71.0
2005-03-14,57100,71.80000305175781,73.69999694824219,75.4000015258789,71.80000305175781,73.69999694824219
2005-03-11,35900,72.4000015258789,72.5,74.0999984741211,71.0,72.5
2005-03-10,80700,74.30000305175781,72.0,75.5999984741211,71.30000305175781,72.0
2005-03-09,97200,75.30000305175781,74.69999694824219,77.5,74.0,74.69999694824219
2005-03-08,78600,73.9000015258789,74.9000015258789,75.9000015258789,73.4000015258789,74.9000015258789
2005-03-07,81900,75.5,74.19999694824219,76.5,74.0999984741211,74.19999694824219
2005-03-04,71500,75.5999984741211,75.4000015258789,76.9000015258789,73.9000015258789,75.4000015258789
2005-03-03,142800,81.4000015258789,75.5,82.0,74.0999984741211,75.5
2005-03-02,215700,75.0,80.9000015258789,81.0,74.80000305175781,80.9000015258789
2005-03-01,135800,71.4000015258789,75.19999694824219,76.30000305175781,71.4000015258789,75.19999694824219
2005-02-28,127100,72.4000015258789,71.5,73.0999984741211,67.69999694824219,71.5
2005-02-25,149000,73.5,73.69999694824219,75.0,71.0999984741211,73.69999694824219
2005-02-24,234000,69.9000015258789,73.9000015258789,76.69999694824219,69.19999694824219,73.9000015258789
2005-02-23,228700,67.30000305175781,69.5,72.4000015258789,63.79999923706055,69.5
2005-02-22,237200,63.29999923706055,67.9000015258789,69.5,61.099998474121094,67.9000015258789
2005-02-18,72600,64.0,62.20000076293945,64.5999984741211,61.099998474121094,62.20000076293945
2005-02-17,174200,60.20000076293945,63.0,65.0,59.400001525878906,63.0
2005-02-16,115000,57.099998474121094,61.0,61.099998474121094,56.79999923706055,61.0
2005-02-15,43300,56.400001525878906,57.0,57.5,55.099998474121094,57.0
2005-02-14,26000,59.0,56.79999923706055,59.0,56.599998474121094,56.79999923706055
2005-02-11,30200,58.099998474121094,58.400001525878906,59.20000076293945,56.400001525878906,58.400001525878906
2005-02-10,58900,55.5,58.900001525878906,59.20000076293945,55.0,58.900001525878906
2005-02-09,46900,57.099998474121094,55.0,57.70000076293945,54.79999923706055,55.0
2005-02-08,34900,58.099998474121094,57.599998474121094,58.400001525878906,57.29999923706055,57.599998474121094
2005-02-07,38300,58.599998474121094,58.0,58.79999923706055,57.599998474121094,58.0
2005-02-04,49500,57.29999923706055,58.79999923706055,59.79999923706055,57.29999923706055,58.79999923706055
2005-02-03,55400,59.5,58.099998474121094,59.79999923706055,57.0,58.099998474121094
2005-02-02,78600,60.0,59.599998474121094,61.0,58.29999923706055,59.599998474121094
2005-02-01,120000,56.0,59.29999923706055,60.70000076293945,55.5,59.29999923706055
2005-01-31,54700,53.79999923706055,54.400001525878906,55.0,53.20000076293945,54.400001525878906
2005-01-28,30300,53.599998474121094,52.70000076293945,54.400001525878906,52.29999923706055,52.70000076293945
2005-01-27,26300,52.900001525878906,53.900001525878906,54.70000076293945,52.900001525878906,53.900001525878906
2005-01-26,28200,52.5,53.5,53.5,51.79999923706055,53.5
2005-01-25,26400,52.70000076293945,52.599998474121094,54.400001525878906,52.29999923706055,52.599998474121094
2005-01-24,24500,53.20000076293945,52.5,53.79999923706055,52.29999923706055,52.5
2005-01-21,37100,53.599998474121094,53.0,54.20000076293945,52.900001525878906,53.0
2005-01-20,39800,54.5,52.79999923706055,56.29999923706055,52.70000076293945,52.79999923706055
2005-01-19,31400,58.20000076293945,55.5,58.20000076293945,54.599998474121094,55.5
2005-01-18,47600,56.400001525878906,57.20000076293945,58.0,54.5,57.20000076293945
2005-01-14,46100,56.0,56.20000076293945,56.599998474121094,55.900001525878906,56.20000076293945
2005-01-13,79200,56.900001525878906,56.29999923706055,57.400001525878906,55.599998474121094,56.29999923706055
2005-01-12,92400,51.70000076293945,55.5,56.0,51.70000076293945,55.5
2005-01-11,51500,53.099998474121094,51.599998474121094,54.29999923706055,51.099998474121094,51.599998474121094
2005-01-10,62800,52.599998474121094,53.900001525878906,55.0,52.20000076293945,53.900001525878906
2005-01-07,53400,55.29999923706055,52.900001525878906,55.29999923706055,52.400001525878906,52.900001525878906
2005-01-06,47300,54.0,54.0,55.70000076293945,53.70000076293945,54.0
2005-01-05,52500,56.5,54.20000076293945,57.0,54.20000076293945,54.20000076293945
2005-01-04,68800,60.0,56.5,60.599998474121094,56.400001525878906,56.5
2005-01-03,50000,62.599998474121094,59.5,62.599998474121094,59.5,59.5
2004-12-31,53100,61.099998474121094,61.099998474121094,62.5,60.5,61.099998474121094
2004-12-30,55700,60.20000076293945,61.20000076293945,62.0,59.5,61.20000076293945
2004-12-29,59600,60.29999923706055,60.5,61.0,58.5,60.5
2004-12-28,68000,58.70000076293945,60.400001525878906,60.400001525878906,57.5,60.400001525878906
2004-12-27,51200,59.20000076293945,58.79999923706055,60.900001525878906,58.099998474121094,58.79999923706055
2004-12-23,54400,57.29999923706055,59.5,59.599998474121094,57.29999923706055,59.5
2004-12-22,45000,57.70000076293945,58.29999923706055,58.599998474121094,56.79999923706055,58.29999923706055
2004-12-21,58200,58.599998474121094,58.599998474121094,58.70000076293945,56.0,58.599998474121094
2004-12-20,63300,56.70000076293945,57.599998474121094,58.599998474121094,56.599998474121094,57.599998474121094
2004-12-17,53600,56.5,56.70000076293945,57.0,55.29999923706055,56.70000076293945
2004-12-16,68000,57.29999923706055,56.20000076293945,57.400001525878906,55.29999923706055,56.20000076293945
2004-12-15,63000,58.20000076293945,56.900001525878906,58.29999923706055,55.5,56.900001525878906
2004-12-14,120700,55.79999923706055,57.79999923706055,58.5,55.5,57.79999923706055
2004-12-13,48100,55.0,55.79999923706055,56.20000076293945,54.5,55.79999923706055
2004-12-10,47900,56.0,55.099998474121094,57.0,54.5,55.099998474121094
2004-12-09,47500,55.599998474121094,56.400001525878906,57.099998474121094,55.0,56.400001525878906
2004-12-08,42300,55.70000076293945,55.29999923706055,56.400001525878906,55.0,55.29999923706055
2004-12-07,62200,57.70000076293945,54.900001525878906,57.79999923706055,54.599998474121094,54.900001525878906
2004-12-06,37400,58.20000076293945,57.900001525878906,59.20000076293945,57.5,57.900001525878906
2004-12-03,32100,58.70000076293945,57.900001525878906,59.5,57.70000076293945,57.900001525878906
2004-12-02,48700,58.79999923706055,58.400001525878906,59.400001525878906,57.599998474121094,58.400001525878906
2004-12-01,52000,58.599998474121094,58.79999923706055,60.0,58.0,58.79999923706055
2004-11-30,47000,58.400001525878906,59.099998474121094,60.900001525878906,58.400001525878906,59.099998474121094
2004-11-29,57000,58.5,58.599998474121094,59.5,56.900001525878906,58.599998474121094
2004-11-26,11900,57.5,58.099998474121094,58.20000076293945,57.29999923706055,58.099998474121094
2004-11-24,48800,57.0,57.70000076293945,58.099998474121094,55.70000076293945,57.70000076293945
2004-11-23,63600,58.400001525878906,56.599998474121094,58.400001525878906,55.20000076293945,56.599998474121094
2004-11-22,57900,57.5,57.400001525878906,58.79999923706055,56.400001525878906,57.400001525878906
2004-11-19,46800,60.0,58.20000076293945,60.29999923706055,57.5,58.20000076293945
2004-11-18,41400,61.400001525878906,59.79999923706055,61.400001525878906,59.0,59.79999923706055
2004-11-17,54100,61.099998474121094,60.5,61.70000076293945,60.0,60.5
2004-11-16,72500,61.0,59.900001525878906,62.0,59.70000076293945,59.900001525878906
2004-11-15,36100,59.099998474121094,59.70000076293945,59.79999923706055,58.29999923706055,59.70000076293945
2004-11-12,30600,59.29999923706055,59.099998474121094,59.70000076293945,58.20000076293945,59.099998474121094
2004-11-11,49600,59.0,59.79999923706055,59.900001525878906,57.599998474121094,59.79999923706055
2004-11-10,56100,58.400001525878906,59.20000076293945,59.5,57.0,59.20000076293945
2004-11-09,57300,58.0,57.599998474121094,58.29999923706055,56.599998474121094,57.599998474121094
2004-11-08,61100,58.5,57.70000076293945,59.79999923706055,57.5,57.70000076293945
2004-11-05,105100,59.79999923706055,57.900001525878906,60.5,57.5,57.900001525878906
2004-11-04,65700,60.0,59.70000076293945,61.20000076293945,59.0,59.70000076293945
2004-11-03,103700,62.400001525878906,60.29999923706055,63.599998474121094,59.0,60.29999923706055
2004-11-02,131400,61.0,63.70000076293945,65.0,61.0,63.70000076293945
2004-11-01,50700,59.70000076293945,61.0,61.0,58.0,61.0
2004-10-29,76200,61.599998474121094,59.900001525878906,62.70000076293945,59.099998474121094,59.900001525878906
2004-10-28,161700,63.20000076293945,61.5,63.79999923706055,61.20000076293945,61.5
2004-10-27,62500,67.5,67.5,68.80000305175781,66.0999984741211,67.5
2004-10-26,53800,70.4000015258789,67.80000305175781,70.9000015258789,67.5,67.80000305175781
2004-10-25,53400,70.5,70.5999984741211,70.9000015258789,69.0,70.5999984741211
2004-10-22,102000,69.5999984741211,69.5999984741211,72.0,68.4000015258789,69.5999984741211
2004-10-21,69300,68.5999984741211,69.4000015258789,70.0,67.5,69.4000015258789
2004-10-20,45200,67.5999984741211,68.0999984741211,69.0,66.9000015258789,68.0999984741211
2004-10-19,45100,68.9000015258789,67.30000305175781,70.4000015258789,67.0999984741211,67.30000305175781
2004-10-18,34800,68.69999694824219,69.30000305175781,69.80000305175781,67.0999984741211,69.30000305175781
2004-10-15,77700,70.30000305175781,68.0999984741211,70.9000015258789,67.0999984741211,68.0999984741211
2004-10-14,185700,68.0,69.9000015258789,72.69999694824219,66.19999694824219,69.9000015258789
2004-10-13,95400,69.5,68.69999694824219,69.80000305175781,67.19999694824219,68.69999694824219
2004-10-12,82600,69.4000015258789,68.4000015258789,70.80000305175781,67.69999694824219,68.4000015258789
2004-10-11,82500,67.30000305175781,68.5,69.80000305175781,66.4000015258789,68.5
2004-10-08,94700,68.0,65.80000305175781,70.5999984741211,64.80000305175781,65.80000305175781
2004-10-07,190000,65.19999694824219,68.5999984741211,70.9000015258789,64.69999694824219,68.5999984741211
2004-10-06,49000,64.80000305175781,65.30000305175781,66.19999694824219,63.599998474121094,65.30000305175781
2004-10-05,54700,65.0999984741211,64.80000305175781,66.5999984741211,63.79999923706055,64.80000305175781
2004-10-04,100800,64.5,65.5999984741211,67.4000015258789,63.599998474121094,65.5999984741211
2004-10-01,27800,64.0999984741211,63.900001525878906,64.5,62.599998474121094,63.900001525878906
2004-09-30,55200,62.29999923706055,64.0999984741211,64.5,60.5,64.0999984741211
2004-09-29,86000,63.0,62.900001525878906,64.9000015258789,62.099998474121094,62.900001525878906
2004-09-28,135600,57.5,62.5,63.0,57.0,62.5
2004-09-27,48900,59.79999923706055,57.400001525878906,59.79999923706055,56.599998474121094,57.400001525878906
2004-09-24,39500,60.599998474121094,59.29999923706055,61.0,58.29999923706055,59.29999923706055
2004-09-23,100300,60.79999923706055,59.599998474121094,62.400001525878906,57.0,59.599998474121094
2004-09-22,50100,61.70000076293945,61.099998474121094,63.0,60.79999923706055,61.099998474121094
2004-09-21,112300,61.400001525878906,62.5,62.599998474121094,59.599998474121094,62.5
2004-09-20,51000,59.20000076293945,58.599998474121094,60.099998474121094,57.400001525878906,58.599998474121094
2004-09-17,69800,62.400001525878906,59.599998474121094,64.80000305175781,59.400001525878906,59.599998474121094
2004-09-16,31300,63.0,61.900001525878906,63.0,60.900001525878906,61.900001525878906
2004-09-15,21200,62.0,61.79999923706055,63.0,60.79999923706055,61.79999923706055
2004-09-14,37700,64.19999694824219,62.0,64.5,61.5,62.0
2004-09-13,61800,64.5,63.5,64.80000305175781,63.0,63.5
2004-09-10,66500,65.9000015258789,63.900001525878906,66.4000015258789,62.29999923706055,63.900001525878906
2004-09-09,36400,61.400001525878906,65.80000305175781,66.0999984741211,61.29999923706055,65.80000305175781
2004-09-08,45800,65.0999984741211,61.5,65.69999694824219,61.5,61.5
2004-09-07,34600,64.69999694824219,65.4000015258789,67.5,64.5,65.4000015258789
2004-09-03,33400,67.69999694824219,65.69999694824219,68.0,65.0,65.69999694824219
2004-09-02,44400,66.4000015258789,67.0999984741211,67.80000305175781,64.9000015258789,67.0999984741211
2004-09-01,73500,65.0,65.4000015258789,69.5,63.900001525878906,65.4000015258789
2004-08-31,59500,63.5,63.900001525878906,65.9000015258789,62.20000076293945,63.900001525878906
2004-08-30,94700,62.900001525878906,63.29999923706055,65.19999694824219,61.5,63.29999923706055
2004-08-27,34200,61.70000076293945,62.20000076293945,63.0,60.400001525878906,62.20000076293945
2004-08-26,37000,62.0,60.0,62.70000076293945,59.5,60.0
2004-08-25,78000,59.099998474121094,61.29999923706055,63.0,58.5,61.29999923706055
2004-08-24,52200,58.599998474121094,58.099998474121094,60.0,56.70000076293945,58.099998474121094
2004-08-23,66900,58.70000076293945,57.0,60.0,56.70000076293945,57.0
2004-08-20,53700,54.79999923706055,57.099998474121094,57.79999923706055,54.400001525878906,57.099998474121094
2004-08-19,90800,53.29999923706055,54.29999923706055,58.0,51.400001525878906,54.29999923706055
2004-08-18,52700,50.29999923706055,51.099998474121094,52.599998474121094,49.099998474121094,51.099998474121094
2004-08-17,30300,49.5,50.599998474121094,51.5,49.400001525878906,50.599998474121094
2004-08-16,27900,50.099998474121094,49.599998474121094,51.0,48.5,49.599998474121094
2004-08-13,52800,49.20000076293945,49.400001525878906,51.599998474121094,48.5,49.400001525878906
2004-08-12,29000,48.29999923706055,48.29999923706055,49.599998474121094,47.900001525878906,48.29999923706055
2004-08-11,37600,50.0,49.0,50.79999923706055,48.29999923706055,49.0
2004-08-10,79300,48.20000076293945,51.400001525878906,51.400001525878906,47.5,51.400001525878906
2004-08-09,107400,51.900001525878906,47.70000076293945,52.400001525878906,46.20000076293945,47.70000076293945
2004-08-06,74800,54.400001525878906,50.900001525878906,55.5,50.5,50.900001525878906
2004-08-05,33100,55.400001525878906,55.20000076293945,56.29999923706055,54.5,55.20000076293945
2004-08-04,48200,57.5,55.099998474121094,57.79999923706055,54.0,55.099998474121094
2004-08-03,33400,59.099998474121094,57.5,60.099998474121094,57.5,57.5
2004-08-02,66200,61.099998474121094,60.599998474121094,63.099998474121094,59.20000076293945,60.599998474121094
2004-07-30,101600,56.400001525878906,62.400001525878906,64.0,55.5,62.400001525878906
2004-07-29,64800,57.599998474121094,55.900001525878906,59.599998474121094,54.5,55.900001525878906
2004-07-28,66900,57.5,54.900001525878906,58.0,53.599998474121094,54.900001525878906
2004-07-27,33900,54.70000076293945,56.79999923706055,58.0,53.29999923706055,56.79999923706055
2004-07-26,47400,55.400001525878906,54.5,58.79999923706055,53.5,54.5
2004-07-23,48000,59.099998474121094,56.0,59.5,55.5,56.0
2004-07-22,65700,57.599998474121094,57.70000076293945,60.0,54.20000076293945,57.70000076293945
2004-07-21,40400,61.0,57.70000076293945,63.5,57.599998474121094,57.70000076293945
2004-07-20,51200,59.900001525878906,61.400001525878906,62.099998474121094,59.5,61.400001525878906
2004-07-19,84300,60.20000076293945,60.20000076293945,62.5,59.29999923706055,60.20000076293945
2004-07-16,58600,61.0,60.5,61.70000076293945,59.5,60.5
2004-07-15,123200,60.20000076293945,60.79999923706055,62.099998474121094,59.29999923706055,60.79999923706055
2004-07-14,93200,63.20000076293945,62.900001525878906,64.5,60.5,62.900001525878906
2004-07-13,69600,65.0,64.5,67.19999694824219,62.900001525878906,64.5
2004-07-12,100700,65.19999694824219,64.5,65.9000015258789,61.29999923706055,64.5
2004-07-09,57100,66.9000015258789,65.69999694824219,67.19999694824219,65.30000305175781,65.69999694824219
2004-07-08,92600,72.4000015258789,65.9000015258789,72.5999984741211,64.4000015258789,65.9000015258789
2004-07-07,64800,71.0,70.9000015258789,73.80000305175781,70.5999984741211,70.9000015258789
2004-07-06,76800,72.9000015258789,69.5,72.9000015258789,65.80000305175781,69.5
2004-07-02,20000,73.0,72.69999694824219,74.5999984741211,72.5,72.69999694824219
2004-07-01,30200,74.30000305175781,73.0999984741211,75.5,73.0,73.0999984741211
2004-06-30,35700,75.0,74.80000305175781,76.19999694824219,73.30000305175781,74.80000305175781
2004-06-29,39400,74.0,75.0,76.0999984741211,73.4000015258789,75.0
2004-06-28,46100,76.0,74.19999694824219,76.19999694824219,73.5,74.19999694824219
2004-06-25,116600,74.5,75.5,76.0,70.9000015258789,75.5
2004-06-24,46700,74.4000015258789,74.19999694824219,75.5,73.0,74.19999694824219
2004-06-23,53100,71.5,73.0999984741211,73.9000015258789,71.0999984741211,73.0999984741211
2004-06-22,55600,71.5999984741211,72.0,73.0,70.9000015258789,72.0
2004-06-21,51700,71.0,70.4000015258789,71.80000305175781,69.9000015258789,70.4000015258789
2004-06-18,102800,72.9000015258789,70.4000015258789,75.0,68.5,70.4000015258789
2004-06-17,36500,74.5999984741211,72.19999694824219,76.0999984741211,71.5,72.19999694824219
2004-06-16,43100,74.19999694824219,74.5999984741211,74.9000015258789,71.9000015258789,74.5999984741211
2004-06-15,49400,72.30000305175781,73.5999984741211,74.9000015258789,71.80000305175781,73.5999984741211
2004-06-14,45700,72.5,72.4000015258789,73.19999694824219,71.5,72.4000015258789
2004-06-10,54600,74.0999984741211,72.80000305175781,75.5,72.5,72.80000305175781
2004-06-09,85200,75.4000015258789,73.69999694824219,77.0,73.69999694824219,73.69999694824219
2004-06-08,114200,75.9000015258789,74.9000015258789,77.69999694824219,72.5999984741211,74.9000015258789
2004-06-07,41200,72.0999984741211,74.5999984741211,74.9000015258789,72.0999984741211,74.5999984741211
2004-06-04,75100,74.19999694824219,71.9000015258789,74.80000305175781,71.4000015258789,71.9000015258789
2004-06-03,115900,75.0,73.19999694824219,75.0999984741211,72.30000305175781,73.19999694824219
2004-06-02,62500,80.30000305175781,75.80000305175781,80.30000305175781,75.0999984741211,75.80000305175781
2004-06-01,117200,76.80000305175781,78.19999694824219,79.80000305175781,76.0,78.19999694824219
2004-05-28,48200,76.5999984741211,76.0999984741211,76.9000015258789,75.0,76.0999984741211
2004-05-27,73900,77.69999694824219,76.80000305175781,79.30000305175781,75.9000015258789,76.80000305175781
2004-05-26,74700,79.30000305175781,76.80000305175781,79.69999694824219,73.0,76.80000305175781
2004-05-25,168100,82.0,78.9000015258789,82.0,78.0,78.9000015258789
2004-05-24,149300,76.4000015258789,83.9000015258789,85.5,76.4000015258789,83.9000015258789
2004-05-21,40800,75.9000015258789,76.0999984741211,77.19999694824219,75.4000015258789,76.0999984741211
2004-05-20,58600,74.9000015258789,75.0,75.80000305175781,72.9000015258789,75.0
2004-05-19,67600,75.69999694824219,74.5999984741211,79.0,74.5,74.5999984741211
2004-05-18,45400,75.5999984741211,75.0,75.9000015258789,73.80000305175781,75.0
2004-05-17,41500,76.4000015258789,74.0999984741211,77.30000305175781,74.0999984741211,74.0999984741211
2004-05-14,40400,78.0,77.0999984741211,78.19999694824219,76.0,77.0999984741211
2004-05-13,40500,79.30000305175781,77.5999984741211,79.80000305175781,76.0,77.5999984741211
2004-05-12,90600,82.0,79.0,83.80000305175781,77.0,79.0
2004-05-11,78600,77.0,79.9000015258789,82.0999984741211,75.5999984741211,79.9000015258789
2004-05-10,59800,76.0999984741211,75.5999984741211,77.0999984741211,72.5,75.5999984741211
2004-05-07,60100,77.5999984741211,76.0,82.0,75.9000015258789,76.0
2004-05-06,102900,80.0,78.19999694824219,80.0,73.5,78.19999694824219
2004-05-05,41500,82.19999694824219,80.5999984741211,82.5999984741211,80.5999984741211,80.5999984741211
2004-05-04,66000,83.0,80.19999694824219,83.4000015258789,79.69999694824219,80.19999694824219
2004-05-03,91700,79.0999984741211,81.69999694824219,84.0,78.0999984741211,81.69999694824219
2004-04-30,90600,82.80000305175781,77.69999694824219,83.80000305175781,77.5,77.69999694824219
2004-04-29,99200,85.19999694824219,82.19999694824219,87.0999984741211,79.80000305175781,82.19999694824219
2004-04-28,107700,90.0,85.0,92.30000305175781,83.80000305175781,85.0
2004-04-27,83000,92.0,89.0,94.0,88.0,89.0
2004-04-26,97300,90.4000015258789,90.9000015258789,97.30000305175781,90.4000015258789,90.9000015258789
2004-04-23,73200,90.5,91.4000015258789,92.9000015258789,88.0,91.4000015258789
2004-04-22,178500,91.80000305175781,91.80000305175781,93.19999694824219,90.5,91.80000305175781
2004-04-21,70100,92.0,92.19999694824219,95.5,90.5,92.19999694824219
2004-04-20,216100,95.30000305175781,91.5,102.4000015258789,89.9000015258789,91.5
2004-04-19,159300,96.5,96.4000015258789,97.5,90.4000015258789,96.4000015258789
2004-04-16,358900,84.30000305175781,96.5,98.4000015258789,83.0999984741211,96.5
2004-04-15,62200,87.5,84.0,88.80000305175781,82.69999694824219,84.0
2004-04-14,69100,87.0999984741211,87.4000015258789,90.69999694824219,85.5,87.4000015258789
2004-04-13,132200,91.4000015258789,87.0999984741211,93.0999984741211,85.30000305175781,87.0999984741211
2004-04-12,225500,84.0,88.69999694824219,91.5,82.80000305175781,88.69999694824219
2004-04-08,83600,79.5,81.9000015258789,83.9000015258789,78.4000015258789,81.9000015258789
2004-04-07,21000,78.30000305175781,78.9000015258789,79.9000015258789,78.0999984741211,78.9000015258789
2004-04-06,30800,79.0,79.4000015258789,80.4000015258789,78.30000305175781,79.4000015258789
2004-04-05,47200,79.0999984741211,79.80000305175781,80.0,76.5999984741211,79.80000305175781
2004-04-02,75700,79.30000305175781,79.4000015258789,80.0,77.4000015258789,79.4000015258789
2004-04-01,66400,77.5,77.0,79.0,75.9000015258789,77.0
2004-03-31,41200,78.0,77.19999694824219,78.4000015258789,75.5,77.19999694824219
2004-03-30,42500,78.5,77.69999694824219,79.0,75.19999694824219,77.69999694824219
2004-03-29,37000,76.5,77.4000015258789,78.5,74.0999984741211,77.4000015258789
2004-03-26,25100,76.19999694824219,75.4000015258789,76.4000015258789,74.80000305175781,75.4000015258789
2004-03-25,57500,74.9000015258789,75.80000305175781,76.5,73.69999694824219,75.80000305175781
2004-03-24,38000,73.9000015258789,72.5999984741211,74.9000015258789,71.5,72.5999984741211
2004-03-23,60100,74.0,73.69999694824219,76.0,70.5999984741211,73.69999694824219
2004-03-22,48900,75.0,72.4000015258789,75.0,71.30000305175781,72.4000015258789
2004-03-19,64600,75.5,75.19999694824219,79.0,74.4000015258789,75.19999694824219
2004-03-18,88900,75.80000305175781,75.5,79.0999984741211,74.0,75.5
2004-03-17,37000,74.0,74.5999984741211,75.0,72.5,74.5999984741211
2004-03-16,41500,73.80000305175781,72.80000305175781,75.19999694824219,70.5999984741211,72.80000305175781
2004-03-15,60300,76.30000305175781,72.30000305175781,77.5,71.5999984741211,72.30000305175781
2004-03-12,52400,73.0,77.19999694824219,77.5,72.19999694824219,77.19999694824219
2004-03-11,80200,71.80000305175781,71.5999984741211,75.9000015258789,67.5,71.5999984741211
2004-03-10,54200,75.5999984741211,72.4000015258789,77.0,72.0,72.4000015258789
2004-03-09,62200,79.0,75.80000305175781,81.19999694824219,75.80000305175781,75.80000305175781
2004-03-08,128300,83.5,77.69999694824219,84.4000015258789,76.4000015258789,77.69999694824219
2004-03-05,86100,85.0,84.19999694824219,85.80000305175781,81.9000015258789,84.19999694824219
2004-03-04,165200,82.0999984741211,85.30000305175781,85.69999694824219,81.0,85.30000305175781
2004-03-03,158200,78.30000305175781,79.5999984741211,81.80000305175781,76.30000305175781,79.5999984741211
2004-03-02,190100,72.5999984741211,79.0,79.4000015258789,72.0,79.0
2004-03-01,166200,69.5,72.9000015258789,73.4000015258789,68.0999984741211,72.9000015258789
2004-02-27,184900,69.80000305175781,70.5999984741211,72.5,69.5,70.5999984741211
2004-02-26,243600,73.0,72.9000015258789,75.30000305175781,70.30000305175781,72.9000015258789
2004-02-25,189300,80.9000015258789,78.80000305175781,81.0,74.5,78.80000305175781
2004-02-24,96300,84.0999984741211,82.5,85.0,80.4000015258789,82.5
2004-02-23,64300,90.9000015258789,84.9000015258789,90.9000015258789,84.5,84.9000015258789
2004-02-20,68300,91.9000015258789,89.0,93.0,88.80000305175781,89.0
2004-02-19,31300,95.0,91.19999694824219,95.9000015258789,91.0,91.19999694824219
2004-02-18,35300,95.69999694824219,94.19999694824219,97.9000015258789,94.0999984741211,94.19999694824219
2004-02-17,75400,93.0,95.9000015258789,97.5,92.4000015258789,95.9000015258789
2004-02-13,35300,94.9000015258789,92.80000305175781,96.19999694824219,92.30000305175781,92.80000305175781
2004-02-12,62400,92.9000015258789,93.9000015258789,98.0,92.5999984741211,93.9000015258789
2004-02-11,45700,94.0,93.0999984741211,94.19999694824219,92.0999984741211,93.0999984741211
2004-02-10,36500,92.5999984741211,92.0,92.5999984741211,90.5,92.0
2004-02-09,51700,87.0999984741211,90.9000015258789,92.0999984741211,85.5999984741211,90.9000015258789
2004-02-06,79400,85.0999984741211,88.5,89.0,81.5,88.5
2004-02-05,77300,87.69999694824219,85.5,90.0,82.9000015258789,85.5
2004-02-04,107500,92.0999984741211,87.9000015258789,92.0999984741211,85.5,87.9000015258789
2004-02-03,62400,93.30000305175781,91.9000015258789,94.80000305175781,91.0999984741211,91.9000015258789
2004-02-02,132300,94.5,92.69999694824219,95.0999984741211,92.19999694824219,92.69999694824219
2004-01-30,64400,93.5,94.4000015258789,94.9000015258789,91.5,94.4000015258789
2004-01-29,144600,98.80000305175781,91.30000305175781,99.0999984741211,90.5,91.30000305175781
2004-01-28,216000,100.69999694824219,95.0,101.0,94.5,95.0
2004-01-27,96400,99.9000015258789,95.0,100.0,94.0,95.0
2004-01-26,57800,96.0,99.0,99.0999984741211,94.4000015258789,99.0
2004-01-23,54800,96.5,94.80000305175781,96.5,92.5,94.80000305175781
2004-01-22,80900,95.0999984741211,94.19999694824219,97.19999694824219,91.69999694824219,94.19999694824219
2004-01-21,171500,101.19999694824219,94.30000305175781,102.0999984741211,90.9000015258789,94.30000305175781
2004-01-20,202700,98.0,104.5999984741211,104.80000305175781,95.5,104.5999984741211
2004-01-16,69700,92.5,95.5,97.19999694824219,92.5,95.5
2004-01-15,177400,98.80000305175781,92.5,99.9000015258789,88.80000305175781,92.5
2004-01-14,234300,96.0,99.9000015258789,106.5,95.19999694824219,99.9000015258789
2004-01-13,175200,90.30000305175781,95.80000305175781,96.5,88.5,95.80000305175781
2004-01-12,126100,82.5,90.0999984741211,90.30000305175781,81.5999984741211,90.0999984741211
2004-01-09,89200,78.0,80.5,83.0999984741211,75.9000015258789,80.5
2004-01-08,53300,78.5999984741211,78.5,78.5999984741211,76.0,78.5
2004-01-07,57000,77.19999694824219,78.5,78.5999984741211,75.5999984741211,78.5
2004-01-06,68700,78.0,75.9000015258789,78.19999694824219,74.69999694824219,75.9000015258789
2004-01-05,66800,77.30000305175781,78.0,78.0,75.9000015258789,78.0
2004-01-02,66700,72.5,74.80000305175781,77.4000015258789,71.9000015258789,74.80000305175781
2003-12-31,49900,73.5,72.5,75.0,70.5999984741211,72.5
2003-12-30,83900,70.5,73.4000015258789,73.9000015258789,69.80000305175781,73.4000015258789
2003-12-29,45900,66.9000015258789,69.9000015258789,70.5,66.5999984741211,69.9000015258789
2003-12-26,30500,70.0,68.19999694824219,70.5,67.30000305175781,68.19999694824219
2003-12-24,38700,69.0,70.69999694824219,71.0,68.5,70.69999694824219
2003-12-23,101700,67.69999694824219,69.5,69.5999984741211,67.0,69.5
2003-12-22,93500,65.0999984741211,67.30000305175781,68.0,63.79999923706055,67.30000305175781
2003-12-19,52700,64.0,64.4000015258789,65.0,63.0,64.4000015258789
2003-12-18,94900,59.599998474121094,64.0,64.0,59.5,64.0
2003-12-17,40000,58.5,58.900001525878906,59.599998474121094,57.29999923706055,58.900001525878906
2003-12-16,29100,58.099998474121094,58.70000076293945,58.70000076293945,57.400001525878906,58.70000076293945
2003-12-15,42400,60.0,58.29999923706055,60.20000076293945,58.20000076293945,58.29999923706055
2003-12-12,41000,58.5,59.20000076293945,59.70000076293945,57.599998474121094,59.20000076293945
2003-12-11,33800,57.70000076293945,58.599998474121094,59.0,56.79999923706055,58.599998474121094
2003-12-10,86500,60.70000076293945,57.400001525878906,61.0,56.599998474121094,57.400001525878906
2003-12-09,63700,61.5,60.5,61.70000076293945,58.5,60.5
2003-12-08,70400,61.20000076293945,60.900001525878906,61.79999923706055,59.79999923706055,60.900001525878906
2003-12-05,85500,60.0,61.29999923706055,61.70000076293945,60.0,61.29999923706055
2003-12-04,82400,62.5,60.5,62.5,58.70000076293945,60.5
2003-12-03,180400,60.0,61.5,62.79999923706055,59.79999923706055,61.5
2003-12-02,102700,56.0,59.400001525878906,60.0,55.599998474121094,59.400001525878906
2003-12-01,81200,57.900001525878906,57.5,58.0,55.599998474121094,57.5
2003-11-28,36500,56.70000076293945,57.79999923706055,57.900001525878906,55.20000076293945,57.79999923706055
2003-11-26,118000,55.599998474121094,57.20000076293945,57.400001525878906,55.099998474121094,57.20000076293945
2003-11-25,224200,54.0,55.20000076293945,56.0,52.29999923706055,55.20000076293945
2003-11-24,73900,51.5,51.5,51.599998474121094,49.79999923706055,51.5
2003-11-21,39100,50.400001525878906,50.29999923706055,51.5,50.099998474121094,50.29999923706055
2003-11-20,74000,50.400001525878906,50.79999923706055,52.0,49.20000076293945,50.79999923706055
2003-11-19,120600,51.79999923706055,50.20000076293945,52.20000076293945,49.0,50.20000076293945
2003-11-18,57100,53.70000076293945,52.400001525878906,54.70000076293945,52.0,52.400001525878906
2003-11-17,98600,56.70000076293945,53.20000076293945,56.70000076293945,51.20000076293945,53.20000076293945
2003-11-14,243800,53.0,55.79999923706055,56.400001525878906,52.5,55.79999923706055
2003-11-13,105000,51.5,52.5,52.5,51.20000076293945,52.5
2003-11-12,167300,51.0,51.0,52.099998474121094,50.400001525878906,51.0
2003-11-11,618900,51.900001525878906,50.400001525878906,52.0,48.79999923706055,50.400001525878906
2003-11-10,67700,61.20000076293945,57.900001525878906,61.70000076293945,57.29999923706055,57.900001525878906
2003-11-07,99300,66.30000305175781,60.099998474121094,66.5,60.0,60.099998474121094
2003-11-06,43800,68.5,64.5,68.5,64.0,64.5
2003-11-05,53800,66.0,68.0,68.4000015258789,64.0,68.0
2003-11-04,95700,65.69999694824219,66.0999984741211,69.4000015258789,64.0,66.0999984741211
2003-11-03,45700,63.900001525878906,65.80000305175781,67.30000305175781,63.400001525878906,65.80000305175781
2003-10-31,19500,64.0,63.20000076293945,64.0,61.099998474121094,63.20000076293945
2003-10-30,36000,65.4000015258789,62.599998474121094,65.9000015258789,60.900001525878906,62.599998474121094
2003-10-29,29200,64.0,65.80000305175781,66.0,62.29999923706055,65.80000305175781
2003-10-28,28300,60.5,62.70000076293945,63.79999923706055,60.5,62.70000076293945
2003-10-27,42300,60.599998474121094,60.900001525878906,61.099998474121094,59.5,60.900001525878906
2003-10-24,23300,58.599998474121094,59.099998474121094,60.70000076293945,58.5,59.099998474121094
2003-10-23,72000,61.0,59.5,61.5,58.5,59.5
2003-10-22,60300,67.0,63.599998474121094,68.80000305175781,62.5,63.599998474121094
2003-10-21,30100,66.30000305175781,66.80000305175781,67.0,64.69999694824219,66.80000305175781
2003-10-20,42400,63.20000076293945,66.30000305175781,66.5999984741211,63.20000076293945,66.30000305175781
2003-10-17,50300,67.19999694824219,64.5,67.19999694824219,64.0999984741211,64.5
2003-10-16,79200,70.9000015258789,66.9000015258789,72.0999984741211,66.30000305175781,66.9000015258789
2003-10-15,97300,72.4000015258789,70.5999984741211,75.0,68.0999984741211,70.5999984741211
2003-10-14,70000,69.5,69.9000015258789,71.5999984741211,66.5,69.9000015258789
2003-10-13,75900,64.80000305175781,67.69999694824219,68.4000015258789,63.79999923706055,67.69999694824219
2003-10-10,25100,66.5999984741211,63.900001525878906,66.5999984741211,63.20000076293945,63.900001525878906
2003-10-09,76000,65.0999984741211,65.5,67.19999694824219,63.20000076293945,65.5
2003-10-08,43800,63.599998474121094,63.5,65.0999984741211,62.099998474121094,63.5
2003-10-07,156400,61.79999923706055,63.900001525878906,67.5,60.5,63.900001525878906
2003-10-06,69800,60.099998474121094,61.400001525878906,63.599998474121094,60.0,61.400001525878906
2003-10-03,77500,63.900001525878906,59.79999923706055,63.900001525878906,57.70000076293945,59.79999923706055
2003-10-02,117400,55.599998474121094,60.20000076293945,61.0,55.0,60.20000076293945
2003-10-01,22500,52.0,53.099998474121094,53.79999923706055,51.20000076293945,53.099998474121094
2003-09-30,30400,54.0,51.29999923706055,54.5,51.099998474121094,51.29999923706055
2003-09-29,37800,53.900001525878906,53.79999923706055,55.599998474121094,52.0,53.79999923706055
2003-09-26,54600,55.900001525878906,51.79999923706055,55.900001525878906,51.79999923706055,51.79999923706055
2003-09-25,123900,63.900001525878906,54.70000076293945,63.900001525878906,54.400001525878906,54.70000076293945
2003-09-24,208100,62.0,64.0,65.80000305175781,61.099998474121094,64.0
2003-09-23,167700,55.0,59.400001525878906,61.20000076293945,55.0,59.400001525878906
2003-09-22,116500,51.400001525878906,54.099998474121094,55.599998474121094,50.20000076293945,54.099998474121094
2003-09-19,39200,52.599998474121094,52.70000076293945,52.900001525878906,50.70000076293945,52.70000076293945
2003-09-18,76700,49.400001525878906,53.0,53.0,49.400001525878906,53.0
2003-09-17,33800,49.5,49.5,50.79999923706055,49.0,49.5
2003-09-16,20500,49.5,49.70000076293945,50.599998474121094,49.099998474121094,49.70000076293945
2003-09-15,30600,51.099998474121094,49.099998474121094,51.20000076293945,49.0,49.099998474121094
2003-09-12,13800,50.70000076293945,49.900001525878906,50.70000076293945,48.599998474121094,49.900001525878906
2003-09-11,24200,48.5,50.5,50.79999923706055,48.5,50.5
2003-09-10,42900,51.400001525878906,48.599998474121094,51.70000076293945,48.5,48.599998474121094
2003-09-09,49700,50.599998474121094,51.79999923706055,51.900001525878906,50.599998474121094,51.79999923706055
2003-09-08,41200,51.599998474121094,50.900001525878906,52.0,50.20000076293945,50.900001525878906
2003-09-05,23500,50.900001525878906,51.5,51.900001525878906,50.20000076293945,51.5
2003-09-04,31400,51.099998474121094,51.29999923706055,51.29999923706055,49.29999923706055,51.29999923706055
2003-09-03,28600,51.20000076293945,51.29999923706055,51.5,50.599998474121094,51.29999923706055
2003-09-02,29800,51.400001525878906,50.599998474121094,52.5,50.5,50.599998474121094
2003-08-29,39700,51.0,51.099998474121094,52.400001525878906,50.79999923706055,51.099998474121094
2003-08-28,53800,51.599998474121094,51.5,52.900001525878906,50.5,51.5
2003-08-27,28000,52.099998474121094,51.79999923706055,52.099998474121094,50.0,51.79999923706055
2003-08-26,66600,53.29999923706055,51.29999923706055,53.599998474121094,49.79999923706055,51.29999923706055
2003-08-25,45500,51.29999923706055,52.79999923706055,54.900001525878906,50.5,52.79999923706055
2003-08-22,72800,54.5,51.29999923706055,54.599998474121094,50.099998474121094,51.29999923706055
2003-08-21,237800,48.599998474121094,54.400001525878906,54.5,48.099998474121094,54.400001525878906
2003-08-20,75600,46.400001525878906,46.70000076293945,48.20000076293945,45.79999923706055,46.70000076293945
2003-08-19,133500,48.0,48.20000076293945,50.0,45.5,48.20000076293945
2003-08-18,544600,53.099998474121094,50.0,56.79999923706055,49.599998474121094,50.0
2003-08-15,486200,46.0,51.599998474121094,52.099998474121094,45.400001525878906,51.599998474121094
2003-08-14,6800,41.70000076293945,41.79999923706055,42.400001525878906,40.599998474121094,41.79999923706055
2003-08-13,9800,41.20000076293945,41.20000076293945,42.400001525878906,40.900001525878906,41.20000076293945
2003-08-12,9300,40.70000076293945,41.0,41.400001525878906,40.5,41.0
2003-08-11,11700,42.79999923706055,40.599998474121094,43.0,40.0,40.599998474121094
2003-08-08,34400,40.5,42.0,42.20000076293945,39.70000076293945,42.0
2003-08-07,26000,41.79999923706055,39.5,41.79999923706055,38.5,39.5
2003-08-06,16500,42.29999923706055,40.900001525878906,42.79999923706055,40.900001525878906,40.900001525878906
2003-08-05,10600,43.0,42.099998474121094,44.0,42.099998474121094,42.099998474121094
2003-08-04,12500,44.099998474121094,43.5,45.0,41.900001525878906,43.5
2003-08-01,10000,44.0,44.099998474121094,45.29999923706055,43.099998474121094,44.099998474121094
2003-07-31,19500,44.5,44.099998474121094,45.900001525878906,43.70000076293945,44.099998474121094
2003-07-30,24600,47.70000076293945,45.70000076293945,48.599998474121094,45.5,45.70000076293945
2003-07-29,6000,45.5,45.5,46.79999923706055,45.400001525878906,45.5
2003-07-28,14200,45.099998474121094,46.5,46.5,44.20000076293945,46.5
2003-07-25,10300,44.900001525878906,44.900001525878906,45.79999923706055,43.099998474121094,44.900001525878906
2003-07-24,16100,46.0,45.599998474121094,46.29999923706055,43.599998474121094,45.599998474121094
2003-07-23,11300,46.0,45.70000076293945,46.0,44.599998474121094,45.70000076293945
2003-07-22,11600,44.29999923706055,45.29999923706055,45.400001525878906,43.5,45.29999923706055
2003-07-21,20400,45.099998474121094,44.599998474121094,46.099998474121094,43.400001525878906,44.599998474121094
2003-07-18,55100,47.599998474121094,46.5,49.0,41.900001525878906,46.5
2003-07-17,12900,47.5,47.599998474121094,47.599998474121094,46.20000076293945,47.599998474121094
2003-07-16,8200,47.5,47.900001525878906,48.70000076293945,47.0,47.900001525878906
2003-07-15,24100,48.599998474121094,48.900001525878906,49.400001525878906,47.099998474121094,48.900001525878906
2003-07-14,11500,50.20000076293945,49.599998474121094,51.20000076293945,49.099998474121094,49.599998474121094
2003-07-11,11100,49.5,50.20000076293945,50.900001525878906,49.0,50.20000076293945
2003-07-10,14700,49.900001525878906,49.5,50.5,48.79999923706055,49.5
2003-07-09,19100,50.70000076293945,50.0,51.0,49.20000076293945,50.0
2003-07-08,29300,48.900001525878906,50.599998474121094,50.70000076293945,47.599998474121094,50.599998474121094
2003-07-07,20200,46.70000076293945,48.5,49.0,44.400001525878906,48.5
2003-07-03,18400,45.900001525878906,45.599998474121094,46.79999923706055,45.0,45.599998474121094
2003-07-02,17500,47.20000076293945,45.79999923706055,47.20000076293945,45.5,45.79999923706055
2003-07-01,32500,47.0,45.79999923706055,47.0,43.599998474121094,45.79999923706055
2003-06-30,40800,48.400001525878906,46.70000076293945,48.900001525878906,45.0,46.70000076293945
2003-06-27,20000,48.5,48.0,50.0,47.70000076293945,48.0
2003-06-26,14300,48.099998474121094,48.5,49.20000076293945,47.400001525878906,48.5
2003-06-25,17300,48.70000076293945,48.099998474121094,50.0,48.0,48.099998474121094
2003-06-24,32700,49.5,48.29999923706055,50.0,47.5,48.29999923706055
2003-06-23,33800,51.0,49.70000076293945,51.400001525878906,49.29999923706055,49.70000076293945
2003-06-20,34300,51.5,50.79999923706055,52.099998474121094,50.70000076293945,50.79999923706055
2003-06-19,15600,50.900001525878906,50.79999923706055,52.5,50.79999923706055,50.79999923706055
2003-06-18,19200,52.0,51.400001525878906,53.0,50.70000076293945,51.400001525878906
2003-06-17,36200,53.0,52.599998474121094,53.70000076293945,51.5,52.599998474121094
2003-06-16,21400,52.400001525878906,52.20000076293945,52.79999923706055,51.20000076293945,52.20000076293945
2003-06-13,33000,52.900001525878906,51.099998474121094,53.20000076293945,50.099998474121094,51.099998474121094
2003-06-12,21400,53.70000076293945,53.0,53.900001525878906,52.20000076293945,53.0
2003-06-11,18500,54.599998474121094,53.599998474121094,54.70000076293945,52.599998474121094,53.599998474121094
2003-06-10,13400,53.29999923706055,54.5,54.900001525878906,53.0,54.5
2003-06-09,24800,54.0,53.20000076293945,56.5,53.099998474121094,53.20000076293945
2003-06-06,23800,56.29999923706055,55.400001525878906,57.099998474121094,55.0,55.400001525878906
2003-06-05,15600,56.0,55.900001525878906,56.79999923706055,55.0,55.900001525878906
2003-06-04,42600,54.79999923706055,56.0,57.0,54.599998474121094,56.0
2003-06-03,22100,52.599998474121094,54.5,54.599998474121094,52.20000076293945,54.5
2003-06-02,26600,54.0,53.400001525878906,54.5,52.79999923706055,53.400001525878906
2003-05-30,28000,53.79999923706055,54.29999923706055,55.0,52.70000076293945,54.29999923706055
2003-05-29,48800,54.599998474121094,53.900001525878906,55.20000076293945,52.5,53.900001525878906
2003-05-28,40200,54.29999923706055,54.400001525878906,55.0,52.099998474121094,54.400001525878906
2003-05-27,93700,50.5,52.900001525878906,54.0,50.29999923706055,52.900001525878906
2003-05-23,24600,50.400001525878906,50.79999923706055,51.29999923706055,50.0,50.79999923706055
2003-05-22,35700,50.70000076293945,50.20000076293945,51.70000076293945,49.5,50.20000076293945
2003-05-21,18200,51.20000076293945,50.20000076293945,52.0,50.20000076293945,50.20000076293945
2003-05-20,28200,52.79999923706055,51.20000076293945,54.29999923706055,50.79999923706055,51.20000076293945
2003-05-19,31000,52.5,52.599998474121094,56.400001525878906,52.5,52.599998474121094
2003-05-16,44100,52.29999923706055,53.900001525878906,56.599998474121094,52.099998474121094,53.900001525878906
2003-05-15,89100,57.5,54.29999923706055,59.400001525878906,53.5,54.29999923706055
2003-05-14,170100,51.0,59.20000076293945,61.79999923706055,50.0,59.20000076293945
2003-05-13,22200,50.599998474121094,50.5,51.400001525878906,50.0,50.5
2003-05-12,19800,51.20000076293945,50.900001525878906,51.400001525878906,50.5,50.900001525878906
2003-05-09,42300,52.900001525878906,50.900001525878906,53.70000076293945,50.29999923706055,50.900001525878906
2003-05-08,23800,51.5,52.900001525878906,52.900001525878906,50.099998474121094,52.900001525878906
2003-05-07,28200,51.0,51.29999923706055,51.5,50.29999923706055,51.29999923706055
2003-05-06,26400,50.099998474121094,50.900001525878906,51.400001525878906,50.0,50.900001525878906
2003-05-05,32200,50.79999923706055,50.099998474121094,51.400001525878906,50.099998474121094,50.099998474121094
2003-05-02,51400,50.0,50.900001525878906,51.29999923706055,48.900001525878906,50.900001525878906
2003-05-01,27400,50.599998474121094,50.099998474121094,51.29999923706055,49.5,50.099998474121094
2003-04-30,29500,51.70000076293945,50.70000076293945,51.79999923706055,50.20000076293945,50.70000076293945
2003-04-29,16500,52.900001525878906,51.29999923706055,53.099998474121094,50.29999923706055,51.29999923706055
2003-04-28,13500,51.79999923706055,51.900001525878906,52.5,51.099998474121094,51.900001525878906
2003-04-25,23500,54.70000076293945,50.79999923706055,54.79999923706055,50.20000076293945,50.79999923706055
2003-04-24,24700,50.20000076293945,50.5,51.900001525878906,50.0,50.5
2003-04-23,14700,49.79999923706055,49.79999923706055,50.0,49.20000076293945,49.79999923706055
2003-04-22,11600,48.70000076293945,49.599998474121094,49.70000076293945,48.400001525878906,49.599998474121094
2003-04-21,11800,49.0,48.5,49.5,48.5,48.5
2003-04-17,8500,49.900001525878906,49.0,49.900001525878906,48.900001525878906,49.0
2003-04-16,14600,49.29999923706055,48.900001525878906,49.900001525878906,48.599998474121094,48.900001525878906
2003-04-15,12100,49.79999923706055,49.400001525878906,50.400001525878906,48.5,49.400001525878906
2003-04-14,7600,49.099998474121094,49.599998474121094,50.0,48.70000076293945,49.599998474121094
2003-04-11,6100,50.400001525878906,49.099998474121094,50.400001525878906,48.5,49.099998474121094
2003-04-10,6600,51.0,49.900001525878906,51.0,49.0,49.900001525878906
2003-04-09,6400,51.0,50.400001525878906,51.099998474121094,49.400001525878906,50.400001525878906
2003-04-08,8000,49.20000076293945,50.900001525878906,51.70000076293945,49.20000076293945,50.900001525878906
2003-04-07,13300,50.0,50.099998474121094,51.0,49.5,50.099998474121094
2003-04-04,12200,50.20000076293945,48.79999923706055,50.79999923706055,48.5,48.79999923706055
2003-04-03,16200,51.20000076293945,49.29999923706055,51.5,49.20000076293945,49.29999923706055
2003-04-02,14100,50.20000076293945,51.0,51.5,49.79999923706055,51.0
2003-04-01,14200,50.599998474121094,48.70000076293945,51.5,48.29999923706055,48.70000076293945
2003-03-31,22900,48.5,50.599998474121094,51.0,48.099998474121094,50.599998474121094
2003-03-28,10600,51.900001525878906,49.5,51.900001525878906,49.5,49.5
2003-03-27,6900,50.5,51.5,52.099998474121094,50.20000076293945,51.5
2003-03-26,13800,52.0,51.70000076293945,52.900001525878906,50.599998474121094,51.70000076293945
2003-03-25,14000,50.20000076293945,52.900001525878906,52.900001525878906,49.79999923706055,52.900001525878906
2003-03-24,21200,50.5,50.0,50.5,49.0,50.0
2003-03-21,26000,51.29999923706055,50.29999923706055,51.79999923706055,49.900001525878906,50.29999923706055
2003-03-20,10900,51.0,50.599998474121094,52.0,50.0,50.599998474121094
2003-03-19,23600,51.79999923706055,51.0,52.79999923706055,50.099998474121094,51.0
2003-03-18,19900,49.70000076293945,51.20000076293945,51.70000076293945,49.0,51.20000076293945
2003-03-17,28000,47.79999923706055,48.900001525878906,51.5,47.5,48.900001525878906
2003-03-14,13900,50.5,49.5,50.599998474121094,49.5,49.5
2003-03-13,20800,50.20000076293945,50.29999923706055,51.0,50.0,50.29999923706055
2003-03-12,11500,50.400001525878906,50.0,50.400001525878906,49.70000076293945,50.0
2003-03-11,12200,50.20000076293945,50.400001525878906,51.400001525878906,50.0,50.400001525878906
2003-03-10,13900,50.099998474121094,50.900001525878906,51.400001525878906,50.099998474121094,50.900001525878906
2003-03-07,21800,50.0,51.099998474121094,51.79999923706055,50.0,51.099998474121094
2003-03-06,16100,51.599998474121094,50.0,51.70000076293945,49.400001525878906,50.0
2003-03-05,15700,52.0,50.599998474121094,52.099998474121094,50.5,50.599998474121094
2003-03-04,9000,54.099998474121094,51.599998474121094,54.099998474121094,51.599998474121094,51.599998474121094
2003-03-03,15400,54.70000076293945,53.79999923706055,55.0,52.29999923706055,53.79999923706055
2003-02-28,11800,54.5,53.5,56.0,53.29999923706055,53.5
2003-02-27,30100,53.099998474121094,54.5,55.0,52.5,54.5
2003-02-26,46900,55.5,53.0,55.599998474121094,52.70000076293945,53.0
2003-02-25,33300,54.5,57.099998474121094,57.5,54.5,57.099998474121094
2003-02-24,24300,55.5,54.70000076293945,56.0,54.20000076293945,54.70000076293945
2003-02-21,10800,53.20000076293945,54.0,54.0,52.900001525878906,54.0
2003-02-20,11200,54.20000076293945,53.599998474121094,54.900001525878906,53.0,53.599998474121094
2003-02-19,24100,53.0,53.900001525878906,54.5,52.400001525878906,53.900001525878906
2003-02-18,20300,51.70000076293945,51.5,52.599998474121094,51.099998474121094,51.5
2003-02-14,15700,50.099998474121094,51.0,51.599998474121094,49.70000076293945,51.0
2003-02-13,21900,52.20000076293945,49.900001525878906,52.599998474121094,49.400001525878906,49.900001525878906
2003-02-12,14300,50.70000076293945,51.900001525878906,52.400001525878906,49.20000076293945,51.900001525878906
2003-02-11,45300,52.0,51.29999923706055,54.5,50.20000076293945,51.29999923706055
2003-02-10,28500,50.70000076293945,50.29999923706055,51.5,49.099998474121094,50.29999923706055
2003-02-07,51600,54.5,50.5,54.5,50.5,50.5
2003-02-06,201200,48.099998474121094,52.29999923706055,58.5,48.099998474121094,52.29999923706055
2003-02-05,17600,48.5,48.0,48.5,46.79999923706055,48.0
2003-02-04,32100,48.599998474121094,47.20000076293945,49.0,46.0,47.20000076293945
2003-02-03,36700,51.400001525878906,50.29999923706055,51.900001525878906,48.20000076293945,50.29999923706055
2003-01-31,45700,51.5,51.29999923706055,52.29999923706055,49.79999923706055,51.29999923706055
2003-01-30,98600,52.599998474121094,52.099998474121094,54.5,50.0,52.099998474121094
2003-01-29,581600,63.099998474121094,52.900001525878906,63.400001525878906,52.70000076293945,52.900001525878906
2003-01-28,166500,42.20000076293945,53.900001525878906,55.900001525878906,42.0,53.900001525878906
2003-01-27,11900,41.79999923706055,40.5,41.900001525878906,40.400001525878906,40.5
2003-01-24,10100,45.400001525878906,42.70000076293945,45.400001525878906,42.70000076293945,42.70000076293945
2003-01-23,19500,41.099998474121094,44.099998474121094,46.5,41.099998474121094,44.099998474121094
2003-01-22,15800,42.29999923706055,41.599998474121094,42.5,40.599998474121094,41.599998474121094
2003-01-21,12900,45.0,42.0,45.900001525878906,42.0,42.0
2003-01-17,16600,45.0,44.400001525878906,45.5,43.20000076293945,44.400001525878906
2003-01-16,9200,47.29999923706055,45.79999923706055,48.5,45.79999923706055,45.79999923706055
2003-01-15,10100,48.5,47.79999923706055,49.5,46.79999923706055,47.79999923706055
2003-01-14,9800,47.599998474121094,48.900001525878906,49.099998474121094,47.099998474121094,48.900001525878906
2003-01-13,14500,50.0,48.0,51.099998474121094,47.5,48.0
2003-01-10,13000,52.0,50.099998474121094,52.0,49.5,50.099998474121094
2003-01-09,12000,50.099998474121094,51.900001525878906,52.400001525878906,50.0,51.900001525878906
2003-01-08,8000,51.79999923706055,50.5,52.099998474121094,50.0,50.5
2003-01-07,11300,51.20000076293945,51.5,52.099998474121094,51.0,51.5
2003-01-06,18200,48.599998474121094,51.0,52.0,47.599998474121094,51.0
2003-01-03,9400,46.70000076293945,48.0,48.900001525878906,46.70000076293945,48.0
2003-01-02,15800,46.099998474121094,47.29999923706055,47.400001525878906,45.099998474121094,47.29999923706055
2002-12-31,20400,44.29999923706055,44.900001525878906,45.79999923706055,42.599998474121094,44.900001525878906
2002-12-30,27300,45.599998474121094,45.29999923706055,46.0,42.70000076293945,45.29999923706055
2002-12-27,15300,46.79999923706055,46.099998474121094,49.099998474121094,45.099998474121094,46.099998474121094
2002-12-26,13300,49.70000076293945,47.29999923706055,51.5,46.70000076293945,47.29999923706055
2002-12-24,6200,50.0,50.0,51.5,49.0,50.0
2002-12-23,16600,49.5,50.400001525878906,52.400001525878906,49.5,50.400001525878906
2002-12-20,13400,50.5,50.0,51.099998474121094,49.400001525878906,50.0
2002-12-19,12800,51.79999923706055,50.70000076293945,52.0,50.0,50.70000076293945
2002-12-18,10700,54.599998474121094,51.79999923706055,55.5,51.79999923706055,51.79999923706055
2002-12-17,9400,56.900001525878906,55.29999923706055,57.0,54.599998474121094,55.29999923706055
2002-12-16,13400,55.5,56.70000076293945,57.0,55.099998474121094,56.70000076293945
2002-12-13,6700,54.900001525878906,55.099998474121094,56.70000076293945,54.900001525878906,55.099998474121094
2002-12-12,7200,56.5,55.79999923706055,57.29999923706055,55.099998474121094,55.79999923706055
2002-12-11,7300,56.900001525878906,56.900001525878906,57.099998474121094,55.5,56.900001525878906
2002-12-10,16900,53.0,57.0,57.5,53.0,57.0
2002-12-09,15000,56.5,52.79999923706055,57.0,52.70000076293945,52.79999923706055
2002-12-06,18100,55.0,56.900001525878906,57.0,53.5,56.900001525878906
2002-12-05,19800,56.0,56.20000076293945,57.099998474121094,55.400001525878906,56.20000076293945
2002-12-04,32400,59.5,55.5,59.599998474121094,55.0,55.5
2002-12-03,27800,66.5,59.5,66.80000305175781,59.0,59.5
2002-12-02,25400,70.5,65.0,71.80000305175781,64.4000015258789,65.0
2002-11-29,12600,69.9000015258789,70.0999984741211,73.0,68.69999694824219,70.0999984741211
2002-11-27,23700,66.0999984741211,69.80000305175781,70.19999694824219,65.80000305175781,69.80000305175781
2002-11-26,39100,63.29999923706055,65.9000015258789,67.80000305175781,62.5,65.9000015258789
2002-11-25,28000,60.79999923706055,64.0,64.69999694824219,59.0,64.0
2002-11-22,15700,59.400001525878906,59.70000076293945,61.79999923706055,57.099998474121094,59.70000076293945
2002-11-21,24200,56.20000076293945,58.29999923706055,59.400001525878906,56.20000076293945,58.29999923706055
2002-11-20,16800,53.0,56.099998474121094,57.5,52.5,56.099998474121094
2002-11-19,8600,54.0,53.20000076293945,54.900001525878906,53.0,53.20000076293945
2002-11-18,10200,53.400001525878906,53.599998474121094,54.900001525878906,52.5,53.599998474121094
2002-11-15,8300,53.400001525878906,52.900001525878906,53.5,51.400001525878906,52.900001525878906
2002-11-14,13400,53.79999923706055,54.0,55.400001525878906,52.70000076293945,54.0
2002-11-13,16700,52.0,53.5,53.5,51.099998474121094,53.5
2002-11-12,21700,54.400001525878906,51.099998474121094,54.5,50.5,51.099998474121094
2002-11-11,7000,56.70000076293945,55.0,56.79999923706055,55.0,55.0
2002-11-08,7200,55.29999923706055,56.79999923706055,57.400001525878906,55.0,56.79999923706055
2002-11-07,13100,59.900001525878906,55.29999923706055,60.29999923706055,55.29999923706055,55.29999923706055
2002-11-06,12100,59.900001525878906,60.5,60.5,58.599998474121094,60.5
2002-11-05,12200,60.70000076293945,59.900001525878906,60.70000076293945,57.400001525878906,59.900001525878906
2002-11-04,21100,60.5,60.70000076293945,61.5,59.400001525878906,60.70000076293945
2002-11-01,19600,62.79999923706055,60.0,62.79999923706055,58.900001525878906,60.0
2002-10-31,20800,68.0,62.79999923706055,68.19999694824219,61.29999923706055,62.79999923706055
2002-10-30,26000,66.69999694824219,67.5,67.80000305175781,64.19999694824219,67.5
2002-10-29,25900,56.0,64.80000305175781,66.0999984741211,55.70000076293945,64.80000305175781
2002-10-28,15500,52.20000076293945,55.099998474121094,56.70000076293945,52.099998474121094,55.099998474121094
2002-10-25,10700,54.099998474121094,52.70000076293945,54.599998474121094,51.79999923706055,52.70000076293945
2002-10-24,17200,53.400001525878906,54.099998474121094,56.20000076293945,53.099998474121094,54.099998474121094
2002-10-23,11800,51.900001525878906,53.400001525878906,53.400001525878906,49.20000076293945,53.400001525878906
2002-10-22,13700,53.900001525878906,51.599998474121094,54.29999923706055,51.29999923706055,51.599998474121094
2002-10-21,11200,52.5,53.79999923706055,54.5,51.5,53.79999923706055
2002-10-18,20200,53.900001525878906,52.5,53.900001525878906,51.5,52.5
2002-10-17,30700,49.79999923706055,52.900001525878906,54.0,49.79999923706055,52.900001525878906
2002-10-16,16400,46.900001525878906,46.70000076293945,48.099998474121094,43.79999923706055,46.70000076293945
2002-10-15,18800,45.5,49.70000076293945,50.5,45.5,49.70000076293945
2002-10-14,11900,41.599998474121094,44.5,44.599998474121094,41.099998474121094,44.5
2002-10-11,15300,41.099998474121094,42.20000076293945,43.400001525878906,41.099998474121094,42.20000076293945
2002-10-10,22500,34.79999923706055,40.0,41.099998474121094,34.79999923706055,40.0
2002-10-09,17400,34.5,34.70000076293945,37.0,34.0,34.70000076293945
2002-10-08,24500,36.0,34.5,38.70000076293945,33.900001525878906,34.5
2002-10-07,18700,43.0,34.400001525878906,43.0,34.400001525878906,34.400001525878906
2002-10-04,24100,47.099998474121094,41.70000076293945,47.79999923706055,41.099998474121094,41.70000076293945
2002-10-03,5700,47.099998474121094,47.5,48.099998474121094,46.79999923706055,47.5
2002-10-02,10200,47.79999923706055,47.79999923706055,48.900001525878906,47.0,47.79999923706055
2002-10-01,18200,49.0,47.900001525878906,49.29999923706055,46.20000076293945,47.900001525878906
2002-09-30,15400,52.0,47.79999923706055,52.099998474121094,47.5,47.79999923706055
2002-09-27,9100,52.900001525878906,52.099998474121094,53.20000076293945,50.20000076293945,52.099998474121094
2002-09-26,11200,52.900001525878906,52.70000076293945,53.70000076293945,51.29999923706055,52.70000076293945
2002-09-25,14100,50.79999923706055,52.400001525878906,53.900001525878906,50.0,52.400001525878906
2002-09-24,11500,50.900001525878906,50.0,52.5,50.0,50.0
2002-09-23,7400,53.29999923706055,51.70000076293945,54.599998474121094,51.0,51.70000076293945
2002-09-20,21400,55.20000076293945,54.0,56.400001525878906,51.5,54.0
2002-09-19,7000,56.5,55.599998474121094,57.599998474121094,55.400001525878906,55.599998474121094
2002-09-18,6900,58.20000076293945,56.900001525878906,60.0,56.099998474121094,56.900001525878906
2002-09-17,9000,60.79999923706055,58.29999923706055,62.29999923706055,58.29999923706055,58.29999923706055
2002-09-16,9200,62.099998474121094,61.29999923706055,62.29999923706055,61.099998474121094,61.29999923706055
2002-09-13,12400,61.29999923706055,62.20000076293945,62.400001525878906,60.400001525878906,62.20000076293945
2002-09-12,8800,60.79999923706055,61.099998474121094,61.900001525878906,60.0,61.099998474121094
2002-09-11,15600,59.099998474121094,61.0,63.0,59.099998474121094,61.0
2002-09-10,11800,57.599998474121094,59.099998474121094,60.900001525878906,56.29999923706055,59.099998474121094
2002-09-09,11000,58.5,56.20000076293945,59.099998474121094,55.0,56.20000076293945
2002-09-06,11600,58.70000076293945,58.0,59.70000076293945,57.0,58.0
2002-09-05,8400,59.29999923706055,58.0,59.29999923706055,57.29999923706055,58.0
2002-09-04,8100,58.29999923706055,59.0,59.70000076293945,57.29999923706055,59.0
2002-09-03,11400,58.900001525878906,58.400001525878906,59.400001525878906,57.0,58.400001525878906
2002-08-30,28300,59.5,58.79999923706055,68.19999694824219,58.5,58.79999923706055
2002-08-29,7500,58.79999923706055,58.29999923706055,58.79999923706055,57.5,58.29999923706055
2002-08-28,9300,58.70000076293945,57.5,59.20000076293945,56.599998474121094,57.5
2002-08-27,7400,61.20000076293945,59.0,61.20000076293945,58.400001525878906,59.0
2002-08-26,10900,61.900001525878906,61.0,61.900001525878906,58.099998474121094,61.0
2002-08-23,9000,61.900001525878906,60.099998474121094,61.900001525878906,59.599998474121094,60.099998474121094
2002-08-22,13900,60.70000076293945,61.79999923706055,62.70000076293945,59.900001525878906,61.79999923706055
2002-08-21,18600,60.0,60.0,61.900001525878906,56.900001525878906,60.0
2002-08-20,8000,61.20000076293945,61.29999923706055,61.5,59.0,61.29999923706055
2002-08-19,12800,60.5,61.5,62.0,60.0,61.5
2002-08-16,4800,62.400001525878906,61.0,62.400001525878906,60.5,61.0
2002-08-15,10100,62.5,61.29999923706055,63.5,60.5,61.29999923706055
2002-08-14,11200,59.29999923706055,62.5,63.0,58.5,62.5
2002-08-13,27400,58.79999923706055,59.20000076293945,64.30000305175781,56.79999923706055,59.20000076293945
2002-08-12,16500,54.0,58.400001525878906,60.0,53.5,58.400001525878906
2002-08-09,12400,51.599998474121094,53.70000076293945,54.5,50.20000076293945,53.70000076293945
2002-08-08,10600,52.400001525878906,51.599998474121094,53.5,50.5,51.599998474121094
2002-08-07,16200,58.5,52.099998474121094,58.5,48.5,52.099998474121094
2002-08-06,21000,48.5,49.5,51.20000076293945,46.20000076293945,49.5
2002-08-05,9700,48.79999923706055,46.20000076293945,50.900001525878906,46.20000076293945,46.20000076293945
2002-08-02,19700,53.900001525878906,47.599998474121094,53.900001525878906,47.5,47.599998474121094
2002-08-01,7900,53.900001525878906,53.599998474121094,55.0,52.0,53.599998474121094
2002-07-31,11600,55.099998474121094,55.099998474121094,57.5,54.0,55.099998474121094
2002-07-30,22400,58.5,55.099998474121094,58.599998474121094,54.599998474121094,55.099998474121094
2002-07-29,31000,53.29999923706055,55.79999923706055,58.79999923706055,52.70000076293945,55.79999923706055
2002-07-26,11800,52.5,51.400001525878906,52.5,50.20000076293945,51.400001525878906
2002-07-25,26900,50.0,50.20000076293945,55.0,50.0,50.20000076293945
2002-07-24,45100,48.0,50.0,52.099998474121094,40.400001525878906,50.0
2002-07-23,41200,55.099998474121094,48.400001525878906,57.900001525878906,47.900001525878906,48.400001525878906
2002-07-22,38800,60.79999923706055,54.79999923706055,63.0,52.400001525878906,54.79999923706055
2002-07-19,21100,65.0,61.5,65.5999984741211,60.099998474121094,61.5
2002-07-18,7300,65.5,65.0999984741211,66.0,65.0,65.0999984741211
2002-07-17,10400,68.0,66.9000015258789,68.5,65.0999984741211,66.9000015258789
2002-07-16,13500,65.5,65.80000305175781,68.19999694824219,65.0999984741211,65.80000305175781
2002-07-15,17800,66.80000305175781,66.4000015258789,68.0999984741211,65.0999984741211,66.4000015258789
2002-07-12,13900,70.4000015258789,69.0999984741211,72.5,68.5,69.0999984741211
2002-07-11,19200,71.5999984741211,70.0,72.30000305175781,67.5,70.0
2002-07-10,12000,72.5999984741211,71.30000305175781,75.5,69.5,71.30000305175781
2002-07-09,7800,74.30000305175781,73.4000015258789,78.0,72.4000015258789,73.4000015258789
2002-07-08,16800,75.5,74.5999984741211,80.0,74.5999984741211,74.5999984741211
2002-07-05,15100,70.5,75.0,76.5999984741211,70.5,75.0
2002-07-03,19700,71.0,70.0999984741211,72.0,65.80000305175781,70.0999984741211
2002-07-02,14700,75.0,75.30000305175781,75.9000015258789,70.69999694824219,75.30000305175781
2002-07-01,10900,80.0,75.19999694824219,80.0,74.5,75.19999694824219
2002-06-28,66900,76.0999984741211,79.0999984741211,82.5,74.0999984741211,79.0999984741211
2002-06-27,16400,71.9000015258789,76.0,76.0,71.4000015258789,76.0
2002-06-26,20100,70.4000015258789,71.4000015258789,71.4000015258789,66.0999984741211,71.4000015258789
2002-06-25,17400,72.5,70.80000305175781,73.9000015258789,70.5999984741211,70.80000305175781
2002-06-24,24500,77.4000015258789,70.69999694824219,77.5,70.0999984741211,70.69999694824219
2002-06-21,14400,77.69999694824219,75.0999984741211,79.0,75.0999984741211,75.0999984741211
2002-06-20,19800,77.5,77.4000015258789,79.5,75.0,77.4000015258789
2002-06-19,17700,75.5,75.5999984741211,76.9000015258789,72.69999694824219,75.5999984741211
2002-06-18,20900,70.4000015258789,75.19999694824219,77.4000015258789,70.0,75.19999694824219
2002-06-17,16300,72.30000305175781,69.19999694824219,74.0,69.19999694824219,69.19999694824219
2002-06-14,17200,70.0999984741211,70.0,71.5999984741211,67.0,70.0
2002-06-13,10100,70.0,70.0,72.0,69.5,70.0
2002-06-12,17400,69.69999694824219,69.9000015258789,72.4000015258789,68.0,69.9000015258789
2002-06-11,17600,76.0999984741211,69.9000015258789,78.80000305175781,69.30000305175781,69.9000015258789
2002-06-10,10700,76.80000305175781,75.0,78.5,75.0,75.0
2002-06-07,22800,71.5,76.19999694824219,77.69999694824219,68.4000015258789,76.19999694824219
2002-06-06,35200,76.5,71.30000305175781,78.5,71.30000305175781,71.30000305175781
2002-06-05,49700,84.0,75.0,87.0,73.4000015258789,75.0
2002-06-04,14700,86.0,84.0,86.69999694824219,81.0,84.0
2002-06-03,11800,86.69999694824219,86.0999984741211,88.69999694824219,85.0,86.0999984741211
2002-05-31,12500,87.0,86.5,90.0,85.69999694824219,86.5
2002-05-30,24200,91.69999694824219,86.5999984741211,91.69999694824219,85.4000015258789,86.5999984741211
2002-05-29,8700,92.5999984741211,90.5999984741211,92.69999694824219,90.5999984741211,90.5999984741211
2002-05-28,14800,92.0,92.69999694824219,97.80000305175781,91.0,92.69999694824219
2002-05-24,13300,92.5999984741211,91.5999984741211,94.19999694824219,91.19999694824219,91.5999984741211
2002-05-23,12600,92.69999694824219,93.69999694824219,94.80000305175781,92.5999984741211,93.69999694824219
2002-05-22,25200,97.0,92.5999984741211,97.0,91.5,92.5999984741211
2002-05-21,13300,102.0,97.0,103.9000015258789,96.69999694824219,97.0
2002-05-20,7700,104.80000305175781,101.5999984741211,105.5,101.19999694824219,101.5999984741211
2002-05-17,11500,102.0,105.5,105.5,102.0,105.5
2002-05-16,13200,103.19999694824219,102.30000305175781,105.5,100.0,102.30000305175781
2002-05-15,13300,106.4000015258789,104.4000015258789,107.0,104.30000305175781,104.4000015258789
2002-05-14,30900,110.5999984741211,106.30000305175781,111.5999984741211,104.5,106.30000305175781
2002-05-13,17100,96.19999694824219,100.5,101.0,95.0,100.5
2002-05-10,15400,99.30000305175781,96.0,99.9000015258789,95.0999984741211,96.0
2002-05-09,18300,98.5,97.69999694824219,100.0,94.5,97.69999694824219
2002-05-08,25600,96.5999984741211,101.0,101.19999694824219,96.0,101.0
2002-05-07,31600,102.5999984741211,94.9000015258789,103.5,94.0,94.9000015258789
2002-05-06,17500,103.0999984741211,102.30000305175781,105.0,102.30000305175781,102.30000305175781
2002-05-03,12500,108.0,105.4000015258789,109.0,102.0,105.4000015258789
2002-05-02,19200,107.5999984741211,108.0,112.80000305175781,107.5,108.0
2002-05-01,35800,105.5,106.30000305175781,112.0,105.4000015258789,106.30000305175781
2002-04-30,35100,102.30000305175781,104.5999984741211,107.5,102.30000305175781,104.5999984741211
2002-04-29,39200,111.5999984741211,101.80000305175781,112.5,101.5,101.80000305175781
2002-04-26,26900,121.9000015258789,111.0,122.0,110.19999694824219,111.0
2002-04-25,44700,119.5,120.0,123.0999984741211,112.5999984741211,120.0
2002-04-24,109300,118.0,119.4000015258789,125.80000305175781,115.0999984741211,119.4000015258789
2002-04-23,76800,115.0999984741211,118.4000015258789,119.5,113.5999984741211,118.4000015258789
2002-04-22,50000,108.0999984741211,116.9000015258789,118.5999984741211,106.0,116.9000015258789
2002-04-19,15000,108.0,108.30000305175781,109.5,106.0,108.30000305175781
2002-04-18,19700,111.69999694824219,106.0,112.69999694824219,106.0,106.0
2002-04-17,41900,109.9000015258789,111.69999694824219,114.5,106.5999984741211,111.69999694824219
2002-04-16,46200,101.19999694824219,108.69999694824219,112.0,100.80000305175781,108.69999694824219
2002-04-15,11900,103.0999984741211,101.0,104.5,101.0,101.0
2002-04-12,12500,102.0,102.5999984741211,104.0999984741211,102.0,102.5999984741211
2002-04-11,16000,107.5,103.0,107.5,101.4000015258789,103.0
2002-04-10,38400,107.5,105.5999984741211,107.9000015258789,104.5,105.5999984741211
2002-04-09,19500,107.4000015258789,107.80000305175781,107.80000305175781,103.4000015258789,107.80000305175781
2002-04-08,28200,105.0,106.30000305175781,109.5,102.5,106.30000305175781
2002-04-05,21800,106.0,102.30000305175781,108.5,101.0,102.30000305175781
2002-04-04,16200,107.0,106.0,109.4000015258789,105.19999694824219,106.0
2002-04-03,44600,114.5999984741211,108.30000305175781,114.69999694824219,105.0,108.30000305175781
2002-04-02,114700,101.0999984741211,111.0,115.80000305175781,100.69999694824219,111.0
2002-04-01,10700,102.5,101.80000305175781,103.69999694824219,101.0,101.80000305175781
2002-03-28,21100,106.0999984741211,103.69999694824219,108.9000015258789,102.0,103.69999694824219
2002-03-27,37100,99.5,107.80000305175781,109.5,99.0,107.80000305175781
2002-03-26,12600,99.5,100.0999984741211,102.0,99.5,100.0999984741211
2002-03-25,8300,101.30000305175781,99.9000015258789,101.5999984741211,99.0,99.9000015258789
2002-03-22,14100,101.9000015258789,101.30000305175781,104.9000015258789,100.5,101.30000305175781
2002-03-21,20300,103.4000015258789,100.80000305175781,104.9000015258789,99.0,100.80000305175781
2002-03-20,14800,102.4000015258789,102.4000015258789,107.19999694824219,101.5,102.4000015258789
2002-03-19,36600,101.5999984741211,103.9000015258789,108.9000015258789,101.0999984741211,103.9000015258789
2002-03-18,10700,100.5,101.0999984741211,102.4000015258789,99.5,101.0999984741211
2002-03-15,11100,102.0999984741211,99.5,104.5,99.5,99.5
2002-03-14,13200,103.5999984741211,101.69999694824219,105.0,101.5999984741211,101.69999694824219
2002-03-13,49000,100.0,103.9000015258789,109.5,98.9000015258789,103.9000015258789
2002-03-12,15500,97.80000305175781,100.30000305175781,101.0,97.5,100.30000305175781
2002-03-11,10900,99.0,97.9000015258789,101.0,97.5999984741211,97.9000015258789
2002-03-08,21400,101.0,100.4000015258789,103.0,98.0,100.4000015258789
2002-03-07,36100,94.5999984741211,98.4000015258789,101.0,93.5999984741211,98.4000015258789
2002-03-06,12500,92.0,94.30000305175781,95.9000015258789,91.9000015258789,94.30000305175781
2002-03-05,23000,93.0999984741211,93.69999694824219,97.5,91.0999984741211,93.69999694824219
2002-03-04,90100,89.5,94.69999694824219,96.9000015258789,88.0,94.69999694824219
2002-03-01,11200,86.9000015258789,88.0999984741211,90.0,85.5,88.0999984741211
2002-02-28,11100,88.5,86.5999984741211,88.5,85.30000305175781,86.5999984741211
2002-02-27,19700,88.9000015258789,88.5,89.19999694824219,87.0,88.5
2002-02-26,39200,90.0,87.5999984741211,93.80000305175781,87.4000015258789,87.5999984741211
2002-02-25,30400,85.4000015258789,86.0,92.5999984741211,85.0,86.0
2002-02-22,28000,91.30000305175781,86.19999694824219,91.80000305175781,83.5,86.19999694824219
2002-02-21,44900,84.5999984741211,91.0999984741211,97.0,84.0999984741211,91.0999984741211
2002-02-20,18700,87.0,84.5999984741211,90.0,82.5999984741211,84.5999984741211
2002-02-19,21900,89.0,87.0999984741211,91.5,85.0,87.0999984741211
2002-02-15,14100,89.5,88.69999694824219,91.0,87.5,88.69999694824219
2002-02-14,37200,96.9000015258789,89.0999984741211,101.0,88.69999694824219,89.0999984741211
2002-02-13,38900,92.5999984741211,98.0,102.30000305175781,88.0,98.0
2002-02-12,23400,89.0,91.30000305175781,94.0,88.0,91.30000305175781
2002-02-11,21700,89.9000015258789,89.5,92.19999694824219,87.5999984741211,89.5
2002-02-08,31000,89.9000015258789,86.5,91.0,85.0,86.5
2002-02-07,32900,90.0,88.5,93.0,87.5,88.5
2002-02-06,41200,95.5,90.0,98.4000015258789,88.9000015258789,90.0
2002-02-05,51400,99.30000305175781,94.30000305175781,101.30000305175781,92.0,94.30000305175781
2002-02-04,101600,109.80000305175781,99.80000305175781,114.0,98.4000015258789,99.80000305175781
2002-02-01,125100,99.0,112.0,115.30000305175781,94.5,112.0
2002-01-31,24700,96.5999984741211,98.0999984741211,99.69999694824219,94.0,98.0999984741211
2002-01-30,42900,96.9000015258789,96.19999694824219,99.0,92.0,96.19999694824219
2002-01-29,47700,96.5999984741211,97.69999694824219,102.0999984741211,95.0,97.69999694824219
2002-01-28,29500,101.4000015258789,96.5999984741211,101.5,96.0999984741211,96.5999984741211
2002-01-25,35100,104.9000015258789,99.5,104.9000015258789,99.19999694824219,99.5
2002-01-24,62200,101.19999694824219,102.69999694824219,107.80000305175781,100.0,102.69999694824219
2002-01-23,39000,101.69999694824219,100.5999984741211,105.30000305175781,99.30000305175781,100.5999984741211
2002-01-22,52300,98.9000015258789,99.5999984741211,101.5,97.0,99.5999984741211
2002-01-18,48800,99.0,97.30000305175781,101.0,95.4000015258789,97.30000305175781
2002-01-17,76600,96.5,101.0,101.80000305175781,96.0999984741211,101.0
2002-01-16,59800,92.19999694824219,96.0,98.5999984741211,90.0,96.0
2002-01-15,51400,97.30000305175781,92.5999984741211,98.30000305175781,90.5,92.5999984741211
2002-01-14,68800,102.0,96.5,107.0,95.0999984741211,96.5
2002-01-11,71700,99.5,105.80000305175781,108.0,99.0,105.80000305175781
2002-01-10,104800,106.30000305175781,100.5999984741211,107.0,99.69999694824219,100.5999984741211
2002-01-09,737200,126.5999984741211,105.0,131.0,104.0,105.0
2002-01-08,386000,87.9000015258789,120.4000015258789,120.4000015258789,86.19999694824219,120.4000015258789
2002-01-07,29800,89.0,86.5999984741211,90.0,86.19999694824219,86.5999984741211
2002-01-04,28600,92.4000015258789,89.9000015258789,92.9000015258789,86.5,89.9000015258789
2002-01-03,46800,87.0,90.69999694824219,93.0999984741211,87.0,90.69999694824219
2002-01-02,10800,88.30000305175781,86.0,88.5,85.0,86.0
2001-12-31,32000,87.0,87.4000015258789,90.5,85.0,87.4000015258789
2001-12-28,37700,90.69999694824219,88.5,92.5,85.5999984741211,88.5
2001-12-27,50200,78.69999694824219,90.80000305175781,91.5,78.5,90.80000305175781
2001-12-26,20800,77.80000305175781,77.5,81.30000305175781,77.5,77.5
2001-12-24,9600,78.0999984741211,78.5999984741211,80.5999984741211,77.5,78.5999984741211
2001-12-21,17700,80.30000305175781,78.5,81.30000305175781,78.0,78.5
2001-12-20,21800,80.5,78.5,81.5,78.19999694824219,78.5
2001-12-19,25500,79.5999984741211,81.0,82.0,78.0,81.0
2001-12-18,26200,75.5,82.30000305175781,82.69999694824219,75.30000305175781,82.30000305175781
2001-12-17,15200,76.5999984741211,75.5,78.19999694824219,75.0,75.5
2001-12-14,22300,78.69999694824219,76.0999984741211,79.0,75.0,76.0999984741211
2001-12-13,10400,77.5999984741211,78.69999694824219,80.0,77.5,78.69999694824219
2001-12-12,12800,80.0,79.80000305175781,82.19999694824219,79.5,79.80000305175781
2001-12-11,17300,81.5,80.0,82.9000015258789,79.0,80.0
2001-12-10,18600,81.5,82.0,84.9000015258789,81.0,82.0
2001-12-07,17500,83.69999694824219,82.4000015258789,84.5,81.19999694824219,82.4000015258789
2001-12-06,15800,87.0,84.69999694824219,87.0,83.5,84.69999694824219
2001-12-05,28300,82.5,84.9000015258789,88.0,82.0999984741211,84.9000015258789
2001-12-04,42600,84.0,82.69999694824219,84.80000305175781,81.69999694824219,82.69999694824219
2001-12-03,20400,86.5999984741211,84.0999984741211,88.5,84.0999984741211,84.0999984741211
2001-11-30,19300,85.69999694824219,86.5,88.30000305175781,85.0999984741211,86.5
2001-11-29,18200,84.0,87.5,88.9000015258789,83.0,87.5
2001-11-28,30900,91.30000305175781,85.0,91.9000015258789,82.19999694824219,85.0
2001-11-27,20100,90.80000305175781,91.0,94.0999984741211,90.69999694824219,91.0
2001-11-26,22700,92.0,90.5,92.5,89.19999694824219,90.5
2001-11-23,5000,92.5,92.4000015258789,92.5,90.5,92.4000015258789
2001-11-21,15700,94.5,90.80000305175781,96.5,90.5,90.80000305175781
2001-11-20,22200,94.5,93.30000305175781,97.19999694824219,93.0,93.30000305175781
2001-11-19,25200,98.0,93.69999694824219,98.4000015258789,93.5,93.69999694824219
2001-11-16,55300,101.5,96.5,101.5,95.0,96.5
2001-11-15,141000,82.5999984741211,100.19999694824219,101.9000015258789,82.0,100.19999694824219
2001-11-14,12900,86.0999984741211,85.30000305175781,88.5,83.19999694824219,85.30000305175781
2001-11-13,21500,85.5999984741211,85.30000305175781,89.0,85.0,85.30000305175781
2001-11-12,15000,85.19999694824219,84.9000015258789,86.0,83.30000305175781,84.9000015258789
2001-11-09,15300,86.30000305175781,83.19999694824219,86.4000015258789,83.0,83.19999694824219
2001-11-08,21500,85.9000015258789,83.5999984741211,88.69999694824219,83.30000305175781,83.5999984741211
2001-11-07,24400,82.80000305175781,84.0,87.4000015258789,82.5,84.0
2001-11-06,20500,87.5,82.5,87.5,82.30000305175781,82.5
2001-11-05,29200,86.0999984741211,85.5,91.0,83.69999694824219,85.5
2001-11-02,16500,84.69999694824219,82.0,86.9000015258789,82.0,82.0
2001-11-01,27100,86.0,83.0,87.5,82.5999984741211,83.0
2001-10-31,31400,79.0999984741211,83.0,85.0,78.19999694824219,83.0
2001-10-30,31400,81.0,75.69999694824219,82.0,75.30000305175781,75.69999694824219
2001-10-29,48800,92.0,82.0,94.0,79.5,82.0
2001-10-26,80000,74.5999984741211,93.0,93.30000305175781,74.5999984741211,93.0
2001-10-25,33400,74.0,75.30000305175781,76.19999694824219,71.9000015258789,75.30000305175781
2001-10-24,45800,80.19999694824219,76.5999984741211,80.19999694824219,73.5,76.5999984741211
2001-10-23,28400,81.0,80.30000305175781,84.0,78.0,80.30000305175781
2001-10-22,22500,80.30000305175781,80.4000015258789,84.5,80.0,80.4000015258789
2001-10-19,23700,81.30000305175781,80.0999984741211,83.0,78.19999694824219,80.0999984741211
2001-10-18,39800,89.0,83.80000305175781,89.0,79.0,83.80000305175781
2001-10-17,43500,93.0,87.9000015258789,94.19999694824219,86.0999984741211,87.9000015258789
2001-10-16,34900,90.5,90.19999694824219,91.0,89.0,90.19999694824219
2001-10-15,35800,95.0,90.4000015258789,95.69999694824219,89.5,90.4000015258789
2001-10-12,29100,98.0,93.5,98.9000015258789,90.80000305175781,93.5
2001-10-11,40400,100.4000015258789,95.0,100.4000015258789,95.0,95.0
2001-10-10,40900,95.4000015258789,92.5,99.69999694824219,88.5,92.5
2001-10-09,17900,91.80000305175781,90.9000015258789,94.80000305175781,88.69999694824219,90.9000015258789
2001-10-08,16600,96.0,93.4000015258789,98.5,90.5,93.4000015258789
2001-10-05,21800,95.0999984741211,97.9000015258789,99.4000015258789,89.0,97.9000015258789
2001-10-04,41400,102.80000305175781,95.5999984741211,103.0999984741211,93.0,95.5999984741211
2001-10-03,33000,99.0,100.0,105.0,98.30000305175781,100.0
2001-10-02,38600,96.30000305175781,97.5999984741211,107.0,96.19999694824219,97.5999984741211
2001-10-01,14300,96.80000305175781,95.0,97.80000305175781,93.5,95.0
2001-09-28,29700,98.0,96.19999694824219,99.9000015258789,90.5,96.19999694824219
2001-09-27,47000,99.0,97.80000305175781,99.0,87.5,97.80000305175781
2001-09-26,41900,102.4000015258789,99.9000015258789,103.19999694824219,95.0,99.9000015258789
2001-09-25,118300,105.0,101.80000305175781,114.0,99.19999694824219,101.80000305175781
2001-09-24,103300,92.0,99.19999694824219,100.9000015258789,89.4000015258789,99.19999694824219
2001-09-21,81300,68.0,77.30000305175781,82.19999694824219,60.099998474121094,77.30000305175781
2001-09-20,49100,71.9000015258789,67.0,75.0,65.5,67.0
2001-09-19,61400,91.5999984741211,76.4000015258789,91.5999984741211,71.0,76.4000015258789
2001-09-18,20300,95.0,89.0,95.0,87.5,89.0
2001-09-17,37800,96.5,90.80000305175781,97.9000015258789,89.0999984741211,90.80000305175781
2001-09-10,90500,90.19999694824219,97.80000305175781,99.0,83.0,97.80000305175781
2001-09-07,26400,91.0999984741211,91.0999984741211,93.19999694824219,87.5,91.0999984741211
2001-09-06,20700,95.0,91.19999694824219,95.0999984741211,90.30000305175781,91.19999694824219
2001-09-05,21800,99.30000305175781,93.5999984741211,101.5999984741211,91.0,93.5999984741211
2001-09-04,33800,100.19999694824219,97.0,109.0,96.30000305175781,97.0
2001-08-31,28400,96.30000305175781,99.69999694824219,101.0,94.5999984741211,99.69999694824219
2001-08-30,42500,102.0,94.5999984741211,104.19999694824219,92.5,94.5999984741211
2001-08-29,24600,104.0,100.0,107.5,100.0,100.0
2001-08-28,14800,108.0,101.19999694824219,108.0,101.0,101.19999694824219
2001-08-27,22200,105.80000305175781,109.4000015258789,110.80000305175781,105.0,109.4000015258789
2001-08-24,21600,103.5999984741211,105.5,108.0,103.5,105.5
2001-08-23,19200,105.9000015258789,102.19999694824219,108.0,102.19999694824219,102.19999694824219
2001-08-22,24700,108.0,103.80000305175781,109.0,103.80000305175781,103.80000305175781
2001-08-21,31200,103.4000015258789,103.19999694824219,109.30000305175781,100.5,103.19999694824219
2001-08-20,41700,107.5999984741211,103.5,108.5,98.80000305175781,103.5
2001-08-17,21700,110.0,108.80000305175781,111.5,107.5,108.80000305175781
2001-08-16,44300,115.0,112.0,115.5,106.5,112.0
2001-08-15,29900,120.0999984741211,116.80000305175781,121.0,115.0,116.80000305175781
2001-08-14,26500,120.4000015258789,120.0999984741211,122.4000015258789,120.0,120.0999984741211
2001-08-13,44500,124.0,119.0,124.19999694824219,117.5,119.0
2001-08-10,38000,126.0999984741211,123.4000015258789,127.0,120.0,123.4000015258789
2001-08-09,42800,130.3000030517578,127.0,130.39999389648438,120.5,127.0
2001-08-08,46600,135.3000030517578,128.3000030517578,137.39999389648438,127.0,128.3000030517578
2001-08-07,31000,135.89999389648438,134.0,139.5,130.5,134.0
2001-08-06,38000,134.0,130.39999389648438,140.0,130.10000610351562,130.39999389648438
2001-08-03,39800,130.0,133.1999969482422,134.6999969482422,126.0,133.1999969482422
2001-08-02,56100,135.10000610351562,126.5999984741211,136.0,126.5999984741211,126.5999984741211
2001-08-01,88700,125.5999984741211,131.39999389648438,133.5,125.5,131.39999389648438
2001-07-31,52200,125.0,124.80000305175781,128.8000030517578,122.5,124.80000305175781
2001-07-30,58700,125.0,123.0999984741211,125.5,120.0,123.0999984741211
2001-07-27,104200,125.0,117.5,125.5,115.5,117.5
2001-07-26,91900,124.0999984741211,118.0,126.0,111.0,118.0
2001-07-25,163200,126.0,120.19999694824219,127.0,118.5999984741211,120.19999694824219
2001-07-24,68000,129.1999969482422,125.0,131.6999969482422,122.5999984741211,125.0
2001-07-23,75800,129.10000610351562,129.0,131.39999389648438,125.5,129.0
2001-07-20,527700,130.10000610351562,124.5999984741211,140.60000610351562,121.5,124.5999984741211
2001-07-19,122200,160.0,145.0,171.5,143.5,145.0
2001-07-18,88400,169.10000610351562,157.10000610351562,169.1999969482422,150.5,157.10000610351562
2001-07-17,31400,174.89999389648438,170.6999969482422,175.89999389648438,167.0,170.6999969482422
2001-07-16,18800,189.39999389648438,174.5,189.89999389648438,174.5,174.5
2001-07-13,24800,183.0,185.5,194.5,182.5,185.5
2001-07-12,22900,180.10000610351562,183.5,188.89999389648438,174.0,183.5
2001-07-11,30700,180.10000610351562,175.39999389648438,182.5,169.1999969482422,175.39999389648438
2001-07-10,25400,194.39999389648438,181.0,202.39999389648438,180.0,181.0
2001-07-09,15300,199.10000610351562,193.5,199.10000610351562,190.89999389648438,193.5
2001-07-06,28400,201.89999389648438,202.5,203.5,191.0,202.5
2001-07-05,25100,203.10000610351562,204.0,209.1999969482422,195.0,204.0
2001-07-03,23800,211.3000030517578,205.5,212.0,202.3000030517578,205.5
2001-07-02,46800,213.0,214.3000030517578,222.6999969482422,201.5,214.3000030517578
2001-06-29,30100,212.60000610351562,215.3000030517578,215.3000030517578,202.10000610351562,215.3000030517578
2001-06-28,66100,229.89999389648438,210.1999969482422,231.0,206.6999969482422,210.1999969482422
2001-06-27,207800,214.5,217.39999389648438,238.89999389648438,214.3000030517578,217.39999389648438
2001-06-26,156900,177.10000610351562,201.0,207.0,167.5,201.0
2001-06-25,44700,180.8000030517578,177.0,184.39999389648438,171.5,177.0
2001-06-22,29100,202.6999969482422,187.3000030517578,203.60000610351562,183.8000030517578,187.3000030517578
2001-06-21,60700,186.0,197.3000030517578,201.6999969482422,180.6999969482422,197.3000030517578
2001-06-20,59400,175.3000030517578,182.60000610351562,191.39999389648438,171.60000610351562,182.60000610351562
2001-06-19,65400,204.5,184.89999389648438,212.6999969482422,180.0,184.89999389648438
2001-06-18,53700,226.3000030517578,197.5,237.39999389648438,193.8000030517578,197.5
2001-06-15,78500,222.8000030517578,226.3000030517578,232.6999969482422,207.0,226.3000030517578
2001-06-14,63100,257.79998779296875,227.6999969482422,257.79998779296875,227.10000610351562,227.6999969482422
2001-06-13,55400,255.0,255.0,269.0,252.5,255.0
2001-06-12,113600,273.0,256.0,279.0,255.10000610351562,256.0
2001-06-11,154900,260.1000061035156,289.8999938964844,295.0,252.0,289.8999938964844
2001-06-08,42700,300.0,281.3999938964844,300.0,280.0,281.3999938964844
2001-06-07,52600,294.20001220703125,297.0,303.6000061035156,291.0,297.0
2001-06-06,105200,298.3999938964844,293.0,315.70001220703125,290.20001220703125,293.0
2001-06-05,106700,302.1000061035156,297.0,302.1000061035156,290.0,297.0
2001-06-04,96800,330.1000061035156,303.0,330.1000061035156,297.1000061035156,303.0
2001-06-01,127500,358.3999938964844,327.79998779296875,359.8999938964844,320.0,327.79998779296875
2001-05-31,155600,303.20001220703125,332.3999938964844,345.0,301.0,332.3999938964844
2001-05-30,133400,318.8999938964844,287.5,318.8999938964844,281.70001220703125,287.5
2001-05-29,154100,365.29998779296875,330.0,380.0,328.0,330.0
2001-05-25,255000,347.5,354.0,373.5,342.8999938964844,354.0
2001-05-24,241600,297.70001220703125,332.5,338.0,297.6000061035156,332.5
2001-05-23,108700,300.0,281.70001220703125,300.0,280.0,281.70001220703125
2001-05-22,131000,318.1000061035156,307.8999938964844,332.1000061035156,301.0,307.8999938964844
2001-05-21,214400,334.3999938964844,319.29998779296875,349.20001220703125,316.0,319.29998779296875
2001-05-18,322900,295.1000061035156,321.20001220703125,340.0,281.5,321.20001220703125
2001-05-17,312600,248.8000030517578,291.3999938964844,297.79998779296875,241.0,291.3999938964844
2001-05-16,73700,224.0,245.3000030517578,248.0,224.0,245.3000030517578
2001-05-15,27100,229.0,228.0,232.6999969482422,224.5,228.0
2001-05-14,24000,225.0,225.39999389648438,228.5,213.89999389648438,225.39999389648438
2001-05-11,18100,225.1999969482422,212.5,230.5,211.0,212.5
2001-05-10,22100,239.39999389648438,224.6999969482422,239.39999389648438,224.6999969482422,224.6999969482422
2001-05-09,77800,215.8000030517578,226.0,240.0,210.5,226.0
2001-05-08,21800,221.0,216.39999389648438,223.5,207.5,216.39999389648438
2001-05-07,20600,215.5,219.89999389648438,225.0,215.0,219.89999389648438
2001-05-04,39300,209.6999969482422,214.8000030517578,217.89999389648438,205.0,214.8000030517578
2001-05-03,63600,234.60000610351562,219.60000610351562,241.39999389648438,211.0,219.60000610351562
2001-05-02,118800,240.0,245.0,245.0,230.0,245.0
2001-05-01,126800,201.10000610351562,229.89999389648438,230.0,198.0,229.89999389648438
2001-04-30,81100,190.89999389648438,202.0,202.0,188.89999389648438,202.0
2001-04-27,44700,198.0,188.60000610351562,199.60000610351562,185.10000610351562,188.60000610351562
2001-04-26,63300,181.10000610351562,192.5,195.0,181.0,192.5
2001-04-25,20500,189.5,180.0,189.89999389648438,176.5,180.0
2001-04-24,17600,181.3000030517578,186.5,189.89999389648438,178.1999969482422,186.5
2001-04-23,25200,187.3000030517578,179.39999389648438,188.8000030517578,170.0,179.39999389648438
2001-04-20,44200,189.0,189.5,196.1999969482422,185.5,189.5
2001-04-19,38100,190.39999389648438,189.60000610351562,192.0,187.5,189.60000610351562
2001-04-18,82500,198.60000610351562,189.10000610351562,199.5,180.5,189.10000610351562
2001-04-17,153000,204.5,189.3000030517578,215.0,188.6999969482422,189.3000030517578
2001-04-16,133300,154.89999389648438,187.5,188.89999389648438,150.89999389648438,187.5
2001-04-12,17000,148.10000610351562,149.3000030517578,150.0,144.10000610351562,149.3000030517578
2001-04-11,22400,151.89999389648438,147.0,155.0,145.8000030517578,147.0
2001-04-10,33700,141.89999389648438,147.8000030517578,152.5,141.89999389648438,147.8000030517578
2001-04-09,9300,136.10000610351562,136.8000030517578,137.5,134.10000610351562,136.8000030517578
2001-04-06,20400,136.25,133.75,144.375,132.5,133.75
2001-04-05,19700,133.75,136.875,138.75,131.25,136.875
2001-04-04,15700,135.0,128.75,137.96875,128.75,128.75
2001-04-03,23800,138.125,135.625,140.0,128.75,135.625
2001-04-02,18900,142.8125,141.875,143.75,131.875,141.875
2001-03-30,21400,140.625,143.125,147.5,136.25,143.125
2001-03-29,14400,141.25,141.875,143.75,135.625,141.875
2001-03-28,32500,145.3125,143.125,150.0,136.25,143.125
2001-03-27,23800,149.6875,150.0,150.625,143.125,150.0
2001-03-26,23400,145.0,148.75,150.0,135.0,148.75
2001-03-23,32900,145.0,140.0,147.5,135.0,140.0
2001-03-22,27300,140.625,141.25,141.25,125.0,141.25
2001-03-21,23000,154.375,140.0,155.0,134.375,140.0
2001-03-20,53500,158.75,148.75,163.125,148.125,148.75
2001-03-19,42500,134.375,148.125,150.0,126.25,148.125
2001-03-16,24700,134.375,133.125,134.375,125.0,133.125
2001-03-15,22000,133.75,133.125,136.875,131.5625,133.125
2001-03-14,16400,130.625,126.875,135.625,126.25,126.875
2001-03-13,19800,137.5,137.5,137.5,130.625,137.5
2001-03-12,14600,137.5,136.25,141.25,131.875,136.25
2001-03-09,18900,145.625,141.25,145.625,138.75,141.25
2001-03-08,29800,146.25,148.125,149.375,141.25,148.125
2001-03-07,56200,147.1875,144.375,150.0,140.625,144.375
2001-03-06,29700,154.375,145.625,155.0,143.125,145.625
2001-03-05,8500,147.5,151.25,153.75,146.875,151.25
2001-03-02,14700,145.0,150.0,153.125,138.125,150.0
2001-03-01,45200,153.125,150.625,158.75,125.0,150.625
2001-02-28,26500,162.1875,157.5,162.5,150.0,157.5
2001-02-27,36400,170.625,161.25,174.375,157.5,161.25
2001-02-26,17900,174.375,170.625,178.125,167.5,170.625
2001-02-23,20800,174.0625,173.75,175.0,170.0,173.75
2001-02-22,38400,170.625,176.25,176.25,165.625,176.25
2001-02-21,24600,176.25,175.625,184.375,166.875,175.625
2001-02-20,26700,198.125,178.75,202.5,174.375,178.75
2001-02-16,20200,194.375,196.875,197.5,185.0,196.875
2001-02-15,32400,194.0625,200.0,205.0,194.0625,200.0
2001-02-14,38400,196.25,191.875,198.75,187.5,191.875
2001-02-13,51500,203.75,190.0,203.75,188.125,190.0
2001-02-12,36800,193.75,188.75,196.25,175.625,188.75
2001-02-09,65400,223.125,201.875,230.0,191.25,201.875
2001-02-08,20500,231.25,226.25,235.625,226.25,226.25
2001-02-07,21400,240.625,228.75,243.125,221.875,228.75
2001-02-06,13700,244.375,242.5,255.0,240.0,242.5
2001-02-05,16900,251.25,244.375,251.875,230.625,244.375
2001-02-02,24400,268.125,255.625,268.125,243.75,255.625
2001-02-01,35700,268.75,264.375,273.4375,251.25,264.375
2001-01-31,65600,274.6875,266.25,290.0,250.0,266.25
2001-01-30,57500,246.25,270.0,275.0,245.15625,270.0
2001-01-29,23900,251.25,245.0,252.5,243.125,245.0
2001-01-26,39500,232.5,250.625,255.0,231.25,250.625
2001-01-25,39600,254.375,235.0,265.0,234.375,235.0
2001-01-24,95700,254.375,250.625,273.75,247.5,250.625
2001-01-23,66800,250.0,246.25,250.625,230.0,246.25
2001-01-22,115600,259.375,249.375,267.5,225.0,249.375
2001-01-19,265200,318.125,248.125,322.5,241.25,248.125
2001-01-18,283600,280.0,313.75,330.0,268.75,313.75
2001-01-17,196900,250.0,270.0,273.125,235.625,270.0
2001-01-16,196500,206.875,228.125,252.5,201.875,228.125
2001-01-12,80500,184.375,199.375,201.25,171.875,199.375
2001-01-11,64900,149.375,179.375,184.375,146.875,179.375
2001-01-10,25800,148.125,150.0,152.5,145.625,150.0
2001-01-09,18600,155.625,150.0,162.5,146.25,150.0
2001-01-08,18800,154.6875,155.0,158.75,152.5,155.0
2001-01-05,24700,172.5,152.5,173.125,150.0,152.5
2001-01-04,42600,159.375,172.5,172.5,158.75,172.5
2001-01-03,56400,158.75,160.0,162.5,149.375,160.0
2001-01-02,54700,151.875,158.75,166.25,150.0,158.75
2000-12-29,76000,164.375,146.875,176.25,146.25,146.875
2000-12-28,96100,129.375,158.125,165.625,128.125,158.125
2000-12-27,36600,119.375,128.125,128.75,118.75,128.125
2000-12-26,32400,113.125,119.375,127.5,112.5,119.375
2000-12-22,29600,103.75,111.875,116.25,102.5,111.875
2000-12-21,41300,94.375,104.84375,105.0,91.25,104.84375
2000-12-20,35100,104.375,94.375,104.375,91.875,94.375
2000-12-19,53400,107.5,103.75,115.0,103.75,103.75
2000-12-18,40600,120.0,104.375,120.0,104.375,104.375
2000-12-15,37100,118.75,111.875,120.625,109.375,111.875
2000-12-14,35600,127.5,115.0,130.0,110.0,115.0
2000-12-13,34600,135.625,126.875,136.875,120.0,126.875
2000-12-12,25300,141.25,130.625,141.25,127.5,130.625
2000-12-11,40800,147.5,142.5,148.75,131.25,142.5
2000-12-08,40300,143.75,140.625,148.125,138.75,140.625
2000-12-07,28300,144.6875,137.5,148.75,128.75,137.5
2000-12-06,62000,131.875,148.75,160.0,130.0,148.75
2000-12-05,23300,135.0,133.75,141.875,132.5,133.75
2000-12-04,35200,133.125,128.75,137.5,128.75,128.75
2000-12-01,33100,121.875,133.125,134.375,120.0,133.125
2000-11-30,40600,131.25,118.125,132.5,104.375,118.125
2000-11-29,21300,144.6875,131.875,145.0,130.0,131.875
2000-11-28,26700,155.625,143.75,156.25,138.75,143.75
2000-11-27,30800,171.25,151.875,180.0,150.0,151.875
2000-11-24,24800,155.625,165.0,169.375,151.25,165.0
2000-11-22,20300,166.875,148.125,167.5,145.625,148.125
2000-11-21,26200,167.8125,163.75,170.0,163.125,163.75
2000-11-20,29700,177.5,163.125,180.0,163.125,163.125
2000-11-17,14900,190.0,180.625,195.625,180.0,180.625
2000-11-16,26500,203.4375,192.5,211.875,186.25,192.5
2000-11-15,25300,212.8125,213.125,219.21875,210.0,213.125
2000-11-14,25100,214.375,211.875,220.0,205.0,211.875
2000-11-13,29400,201.25,205.625,210.0,190.625,205.625
2000-11-10,19900,220.0,210.0,226.25,207.5,210.0
2000-11-09,48000,229.375,221.25,229.375,190.0,221.25
2000-11-08,100900,216.25,234.375,252.5,216.25,234.375
2000-11-07,39100,219.6875,215.625,221.25,212.5,215.625
2000-11-06,48500,234.375,218.125,240.0,217.5,218.125
2000-11-03,47500,245.0,236.25,246.25,231.25,236.25
2000-11-02,43700,230.3125,240.0,252.5,227.5,240.0
2000-11-01,68700,240.625,228.125,255.0,225.0,228.125
2000-10-31,39900,246.5625,239.375,258.75,235.0,239.375
2000-10-30,23200,262.8125,250.625,263.125,246.25,250.625
2000-10-27,16200,280.0,265.0,282.5,260.0,265.0
2000-10-26,40100,288.125,270.0,298.75,256.875,270.0
2000-10-25,22700,307.1875,275.0,310.0,272.5,275.0
2000-10-24,57400,280.0,313.125,325.0,277.5,313.125
2000-10-23,33200,282.5,277.5,285.0,261.875,277.5
2000-10-20,18300,256.875,274.375,286.25,256.875,274.375
2000-10-19,14000,264.6875,258.75,265.0,251.25,258.75
2000-10-18,31300,247.8125,242.5,254.375,231.25,242.5
2000-10-17,19700,287.1875,255.625,291.25,250.625,255.625
2000-10-16,30400,279.375,285.0,293.75,268.75,285.0
2000-10-13,27800,253.75,275.0,276.875,253.75,275.0
2000-10-12,35700,267.5,252.5,273.75,250.0,252.5
2000-10-11,28800,261.25,257.5,278.75,250.625,257.5
2000-10-10,24900,271.875,271.875,291.25,267.5,271.875
2000-10-09,31600,276.25,280.0,286.25,251.25,280.0
2000-10-06,55500,297.5,297.8125,313.75,271.25,297.8125
2000-10-05,115900,301.25,311.25,328.75,290.0,311.25
2000-10-04,104200,265.0,275.0,297.34375,250.625,275.0
2000-10-03,95200,368.125,285.625,372.5,284.375,285.625
2000-10-02,21200,381.25,365.0,391.25,361.25,365.0
2000-09-29,34500,381.5625,372.5,405.625,370.0,372.5
2000-09-28,47300,398.75,384.375,400.625,367.5,384.375
2000-09-27,56700,443.75,402.5,453.125,400.0,402.5
2000-09-26,47000,450.0,443.75,472.5,435.0,443.75
2000-09-25,69700,440.0,455.0,462.5,425.0,455.0
2000-09-22,52600,452.5,440.0,472.5,430.0,440.0
2000-09-21,52100,475.625,473.75,495.0,466.875,473.75
2000-09-20,114700,456.875,476.875,497.5,456.25,476.875
2000-09-19,74100,470.625,456.25,478.75,445.0,456.25
2000-09-18,112600,490.0,470.0,532.5,465.0,470.0
2000-09-15,212800,487.5,492.5,543.75,482.5,492.5
2000-09-14,186100,570.0,509.375,575.0,500.625,509.375
2000-09-13,499200,542.5,550.0,618.75,527.5,550.0
2000-09-12,557100,436.25,525.0,598.75,428.125,525.0
2000-09-11,42000,428.125,413.75,435.0,410.0,413.75
2000-09-08,17400,447.1875,433.125,453.75,420.0,433.125
2000-09-07,36400,439.375,442.5,458.75,428.75,442.5
2000-09-06,45800,430.9375,430.9375,451.25,421.875,430.9375
2000-09-05,21600,437.5,428.125,448.75,425.0,428.125
2000-09-01,25800,444.375,429.375,461.875,426.875,429.375
2000-08-31,9600,446.875,447.5,453.125,440.0,447.5
2000-08-30,23400,462.5,445.0,463.75,436.25,445.0
2000-08-29,22100,454.375,461.25,473.75,451.875,461.25
2000-08-28,32400,484.375,450.625,485.0,447.5,450.625
2000-08-25,80200,416.25,487.5,488.125,415.0,487.5
2000-08-24,54700,397.5,411.875,413.75,396.25,411.875
2000-08-23,19500,451.875,431.25,457.5,426.25,431.25
2000-08-22,9700,450.3125,462.5,463.75,440.625,462.5
2000-08-21,7200,452.5,458.125,461.25,441.25,458.125
2000-08-18,16600,442.1875,451.25,453.75,430.0,451.25
2000-08-17,11500,439.6875,443.75,450.0,428.125,443.75
2000-08-16,9500,420.0,440.0,440.0,415.625,440.0
2000-08-15,9400,429.6875,415.0,430.0,415.0,415.0
2000-08-14,6600,423.75,425.0,428.75,414.375,425.0
2000-08-11,10700,426.875,416.25,430.625,412.5,416.25
2000-08-10,34400,403.75,416.25,445.0,400.0,416.25
2000-08-09,26500,419.375,400.0,431.25,391.25,400.0
2000-08-08,44900,435.625,411.25,451.25,410.0,411.25
2000-08-07,38000,404.6875,425.0,431.25,392.5,425.0
2000-08-04,45900,376.5625,391.25,407.96875,366.875,391.25
2000-08-03,78000,378.75,360.15625,396.25,360.0,360.15625
2000-08-02,140400,495.0,395.0,503.75,382.5,395.0
2000-08-01,15200,502.5,518.90625,530.0,502.5,518.90625
2000-07-31,27800,551.25,500.625,552.5,500.0,500.625
2000-07-28,12900,572.5,533.125,580.0,530.0,533.125
2000-07-27,20200,541.5625,585.0,589.375,530.0,585.0
2000-07-26,14300,578.125,560.0,587.5,545.0,560.0
2000-07-25,11000,573.125,579.375,580.0,560.0,579.375
2000-07-24,17700,595.3125,559.375,596.875,557.5,559.375
2000-07-21,23400,621.25,587.5,621.25,586.875,587.5
2000-07-20,10400,632.5,630.0,653.75,626.25,630.0
2000-07-19,11800,655.625,632.5,676.25,618.75,632.5
2000-07-18,25300,696.5625,653.125,699.375,641.25,653.125
2000-07-17,26200,703.75,700.0,709.375,693.75,700.0
2000-07-14,26400,685.0,700.0,710.0,683.75,700.0
2000-07-13,27900,691.25,673.125,716.25,665.0,673.125
2000-07-12,26200,642.5,687.5,700.0,642.5,687.5
2000-07-11,13300,660.625,640.625,670.0,635.0,640.625
2000-07-10,32000,665.9375,660.625,684.375,630.0,660.625
2000-07-07,61800,615.625,660.625,695.0,610.0,660.625
2000-07-06,19100,606.875,615.0,645.0,592.5,615.0
2000-07-05,15800,619.6875,610.0,620.0,579.375,610.0
2000-07-03,5000,620.0,620.0,631.25,616.25,620.0
2000-06-30,36300,610.3125,625.0,646.25,586.25,625.0
2000-06-29,24500,580.625,610.0,610.0,557.5,610.0
2000-06-28,18000,569.0625,585.0,599.375,569.0625,585.0
2000-06-27,6800,570.3125,573.75,575.0,560.625,573.75
2000-06-26,16500,546.875,570.625,575.0,541.25,570.625
2000-06-23,15100,567.5,540.0,575.0,535.0,540.0
2000-06-22,23100,597.34375,570.625,606.875,570.0,570.625
2000-06-21,60600,603.75,580.0,616.875,565.0,580.0
2000-06-20,130900,516.875,625.0,627.5,510.0,625.0
2000-06-19,23800,510.0,515.0,518.75,504.375,515.0
2000-06-16,10000,520.0,510.0,526.25,502.5,510.0
2000-06-15,12300,555.9375,529.375,556.25,515.625,529.375
2000-06-14,13400,514.0625,546.25,550.0,500.0,546.25
2000-06-13,16300,518.75,510.0,518.75,495.0,510.0
2000-06-12,16700,560.0,530.625,567.5,521.875,530.625
2000-06-09,9600,523.125,540.0,560.0,522.5,540.0
2000-06-08,9500,557.8125,522.5,560.0,522.5,522.5
2000-06-07,14700,525.0,554.375,562.5,525.0,554.375
2000-06-06,21900,557.5,526.875,560.0,525.0,526.875
2000-06-05,13200,549.6875,534.375,550.0,510.0,534.375
2000-06-02,34900,510.625,548.75,561.25,510.625,548.75
2000-06-01,26400,476.25,501.875,508.75,462.5,501.875
2000-05-31,21800,462.5,460.0,495.0,455.0,460.0
2000-05-30,33700,400.0,472.5,473.75,400.0,472.5
2000-05-26,31300,403.75,394.375,406.25,380.0,394.375
2000-05-25,22400,431.875,411.25,447.5,405.0,411.25
2000-05-24,53600,461.875,445.0,465.0,402.5,445.0
2000-05-23,17700,496.25,475.0,497.5,462.5,475.0
2000-05-22,17600,500.625,498.75,501.25,467.5,498.75
2000-05-19,23100,510.9375,506.25,516.25,481.25,506.25
2000-05-18,10800,535.0,526.875,540.0,523.75,526.875
2000-05-17,16400,538.75,528.75,541.25,515.0,528.75
2000-05-16,45300,567.5,540.0,590.0,538.75,540.0
2000-05-15,15100,561.875,556.25,562.5,520.625,556.25
2000-05-12,35400,533.75,555.0,561.25,530.0,555.0
2000-05-11,26700,529.375,518.125,532.5,511.25,518.125
2000-05-10,42700,501.875,503.75,531.25,480.0,503.75
2000-05-09,66900,561.25,505.0,561.25,500.0,505.0
2000-05-08,70700,520.0,562.5,587.5,519.375,562.5
2000-05-05,454400,539.375,560.0,640.0,473.75,560.0
2000-05-04,233200,750.625,594.375,780.625,575.0,594.375
2000-05-03,24400,802.5,813.125,821.25,752.5,813.125
2000-05-02,25100,869.375,810.0,870.0,800.625,810.0
2000-05-01,29000,846.875,870.0,875.0,820.0,870.0
2000-04-28,71000,761.25,800.0,855.0,758.75,800.0
2000-04-27,71800,608.75,730.0,765.0,580.625,730.0
2000-04-26,25600,654.375,620.0,654.375,615.0,620.0
2000-04-25,55200,598.125,641.25,668.75,598.125,641.25
2000-04-24,45800,600.0,581.25,602.5,546.25,581.25
2000-04-20,31400,670.0,628.75,689.375,601.25,628.75
2000-04-19,51100,745.0,650.0,745.0,650.0,650.0
2000-04-18,74200,626.25,711.875,790.0,600.625,711.875
2000-04-17,77500,500.0,545.0,558.75,450.0,545.0
2000-04-14,63900,653.75,551.875,656.25,543.75,551.875
2000-04-13,41500,750.0,693.75,756.875,690.0,693.75
2000-04-12,34300,820.0,752.5,820.0,735.0,752.5
2000-04-11,36800,815.625,812.5,826.875,750.0,812.5
2000-04-10,29500,924.53125,814.375,925.0,800.0,814.375
2000-04-07,14400,928.75,887.5,948.75,876.25,887.5
2000-04-06,25200,926.875,910.0,966.875,897.5,910.0
2000-04-05,47500,834.375,920.0,970.0,823.75,920.0
2000-04-04,102400,855.0,830.0,880.0,730.0,830.0
2000-04-03,42500,863.125,761.875,880.0,747.5,761.875
2000-03-31,48900,838.75,850.0,908.75,838.75,850.0
2000-03-30,34500,811.25,837.5,890.0,800.0,837.5
2000-03-29,77900,925.0,847.5,925.0,797.5,847.5
2000-03-28,36900,962.5,916.875,970.0,910.0,916.875
2000-03-27,49300,1030.0,968.125,1040.0,946.25,968.125
2000-03-24,57500,1107.5,1015.625,1112.5,992.5,1015.625
2000-03-23,30100,1105.625,1080.0,1150.0,1055.0,1080.0
2000-03-22,27000,1089.375,1092.5,1094.375,1065.625,1092.5
2000-03-21,70700,1075.625,1064.375,1110.0,933.75,1064.375
2000-03-20,42300,1230.0,1105.625,1235.0,1095.0,1105.625
2000-03-17,16400,1247.5,1218.75,1300.0,1210.0,1218.75
2000-03-16,27800,1220.0,1235.0,1263.75,1183.75,1235.0
2000-03-15,55100,1230.0,1182.5,1230.0,1151.875,1182.5
2000-03-14,63000,1421.875,1170.0,1435.0,1160.0,1170.0
2000-03-13,88400,1407.5,1400.0,1530.0,1300.0,1400.0
2000-03-10,189400,1277.5,1497.5,1510.0,1270.0,1497.5
2000-03-09,25100,1198.75,1191.25,1240.0,1176.875,1191.25
2000-03-08,35000,1110.0,1168.75,1170.0,1105.0,1168.75
2000-03-07,25100,1170.0,1110.0,1175.0,1081.875,1110.0
2000-03-06,20700,1203.75,1171.25,1210.0,1161.875,1171.25
2000-03-03,22600,1220.625,1208.75,1250.0,1207.5,1208.75
2000-03-02,49100,1155.625,1210.0,1290.0,1152.5,1210.0
2000-03-01,21300,1202.5,1172.5,1214.375,1157.5,1172.5
2000-02-29,57400,1091.25,1174.375,1258.75,1080.0,1174.375
2000-02-28,77600,1145.0,1067.5,1147.5,1001.25,1067.5
2000-02-25,25900,1217.5,1152.5,1228.125,1146.25,1152.5
2000-02-24,39700,1280.0,1206.25,1280.0,1160.0,1206.25
2000-02-23,19300,1330.0,1269.375,1340.0,1260.0,1269.375
2000-02-22,64500,1351.25,1303.75,1390.0,1260.0,1303.75
2000-02-18,67600,1320.0,1310.0,1386.25,1250.625,1310.0
2000-02-17,70300,1177.5,1287.5,1315.0,1167.5,1287.5
2000-02-16,40400,1220.625,1196.25,1250.0,1170.0,1196.25
2000-02-15,71300,1362.5,1263.75,1364.375,1215.625,1263.75
2000-02-14,156700,1164.375,1335.0,1350.0,1135.0,1335.0
2000-02-11,24900,1066.25,1121.25,1130.0,1050.625,1121.25
2000-02-10,41400,1117.5,1091.25,1117.5,1053.125,1091.25
2000-02-09,30700,1170.0,1115.0,1171.25,1091.875,1115.0
2000-02-08,46000,1142.5,1130.0,1150.625,1100.0,1130.0
2000-02-07,81700,1183.75,1090.0,1193.75,1056.25,1090.0
2000-02-04,141000,1161.25,1150.0,1290.0,1120.0,1150.0
2000-02-03,127500,1001.25,1110.0,1147.5,1000.625,1110.0
2000-02-02,132100,1087.5,1030.0,1133.75,1025.0,1030.0
2000-02-01,327700,971.875,1134.375,1155.0,900.0,1134.375
2000-01-31,289200,775.0,937.5,960.0,762.5,937.5
2000-01-28,225500,906.25,835.0,947.5,815.0,835.0
2000-01-27,226000,1190.625,989.375,1198.75,955.625,989.375
2000-01-26,115200,1273.75,1198.75,1280.0,1180.0,1198.75
2000-01-25,266100,1397.5,1310.0,1403.75,1150.0,1310.0
2000-01-24,411600,1282.5,1365.0,1565.0,1230.0,1365.0
2000-01-21,307400,915.0,1088.75,1143.75,850.0,1088.75
2000-01-20,145100,831.25,850.0,860.0,751.25,850.0
2000-01-19,275600,677.5,777.5,870.0,645.625,777.5
2000-01-18,76400,580.0,635.0,650.0,566.25,635.0
2000-01-14,40600,586.25,550.0,602.5,550.0,550.0
2000-01-13,53900,597.5,578.75,597.5,550.0,578.75
2000-01-12,213800,530.0,568.75,650.0,522.5,568.75
2000-01-11,132600,581.25,506.875,585.0,481.25,506.875
2000-01-10,373300,746.09375,588.125,749.375,582.5,588.125
2000-01-07,596000,412.5,790.0,847.5,410.0,790.0
2000-01-06,165200,332.5,362.5,433.75,320.0,362.5
2000-01-05,37600,265.0,295.0,300.0,262.5,295.0
2000-01-04,10100,261.875,257.5,270.0,257.5,257.5
2000-01-03,15900,272.5,270.0,280.0,260.0,270.0
1999-12-31,2500,280.625,282.5,283.75,277.5,282.5
1999-12-30,12700,258.75,280.0,290.0,255.0,280.0
1999-12-29,6600,267.5,261.25,276.25,250.0,261.25
1999-12-28,7600,287.5,271.25,287.5,267.5,271.25
1999-12-27,6300,285.0,285.0,295.0,277.5,285.0
1999-12-23,17400,273.75,280.0,280.0,267.5,280.0
1999-12-22,16100,300.0,267.5,303.75,267.5,267.5
1999-12-21,29000,262.5,282.5,290.0,255.0,282.5
1999-12-20,19800,257.5,260.625,269.375,255.0,260.625
1999-12-17,33600,238.75,245.0,257.5,238.125,245.0
1999-12-16,39900,270.0,238.75,277.5,230.0,238.75
1999-12-15,37100,278.125,258.75,300.0,257.5,258.75
1999-12-14,55000,322.5,275.0,323.75,263.75,275.0
1999-12-13,35100,335.0,322.5,345.0,317.5,322.5
1999-12-10,39900,291.875,316.25,345.0,290.0,316.25
1999-12-09,34200,303.75,287.5,306.875,262.5,287.5
1999-12-08,45900,295.0,301.25,313.75,285.0,301.25
1999-12-07,47100,309.375,285.0,309.375,280.0,285.0
1999-12-06,105200,279.375,275.0,309.375,270.0,275.0
1999-12-03,60500,215.625,241.875,245.0,215.625,241.875
1999-12-02,41700,200.0,208.125,210.0,197.5,208.125
1999-12-01,77200,192.5,193.125,207.5,188.75,193.125
1999-11-30,85000,172.5,183.75,185.0,172.5,183.75
1999-11-29,14200,170.0,170.0,172.5,167.5,170.0
1999-11-26,10400,168.125,167.5,170.0,165.0,167.5
1999-11-24,9700,168.75,166.875,170.0,165.625,166.875
1999-11-23,45400,169.375,167.5,175.0,167.5,167.5
1999-11-22,13000,170.625,167.5,170.625,165.0,167.5
1999-11-19,14500,170.625,168.75,173.75,168.75,168.75
1999-11-18,15200,170.625,170.0,171.25,167.5,170.0
1999-11-17,18200,170.625,170.0,171.875,165.0,170.0
1999-11-16,13600,175.0,170.625,176.25,170.0,170.625
1999-11-15,25100,183.125,174.375,185.0,171.25,174.375
1999-11-12,9100,182.5,180.0,183.125,177.5,180.0
1999-11-11,9300,181.25,180.625,184.375,175.625,180.625
1999-11-10,15600,183.75,180.625,186.25,175.0,180.625
1999-11-09,31200,184.6875,186.25,188.125,181.875,186.25
1999-11-08,27300,183.75,181.25,185.0,175.0,181.25
1999-11-05,48900,190.9375,173.75,195.0,173.75,173.75
1999-11-04,48000,194.375,190.625,198.75,186.25,190.625
1999-11-03,68300,188.75,186.25,193.125,181.25,186.25
1999-11-02,170100,164.375,178.75,200.0,163.75,178.75
1999-11-01,150600,167.5,160.0,167.5,150.0,160.0
1999-10-29,542600,157.5,160.0,196.875,150.0,160.0
