date,volume,open,close,high,low,adjclose
2019-02-15,20200,14.850000381469727,15.3100004196167,15.460000038146973,14.850000381469727,15.3100004196167
2019-02-14,12400,15.869999885559082,14.529999732971191,15.960000038146973,14.329999923706055,14.529999732971191
2019-02-13,10600,15.229999542236328,15.869999885559082,15.869999885559082,15.180000305175781,15.869999885559082
2019-02-12,5300,14.930000305175781,15.510000228881836,15.510000228881836,14.930000305175781,15.510000228881836
2019-02-11,24800,15.350000381469727,14.630000114440918,16.049999237060547,14.630000114440918,14.630000114440918
2019-02-08,22600,14.0,15.260000228881836,15.279999732971191,14.0,15.260000228881836
2019-02-07,5300,13.949999809265137,13.850000381469727,14.069999694824219,13.850000381469727,13.850000381469727
2019-02-06,4500,14.010000228881836,13.960000038146973,14.100000381469727,13.850000381469727,13.960000038146973
2019-02-05,17900,13.859999656677246,13.90999984741211,14.069999694824219,13.859999656677246,13.90999984741211
2019-02-04,5700,13.25,13.789999961853027,13.84000015258789,13.25,13.789999961853027
2019-02-01,5100,13.529999732971191,13.119999885559082,13.539999961853027,13.119999885559082,13.119999885559082
2019-01-31,11300,13.210000038146973,13.319999694824219,13.489999771118164,13.210000038146973,13.319999694824219
2019-01-30,14100,12.649999618530273,13.180000305175781,13.180000305175781,12.5,13.180000305175781
2019-01-29,8700,13.489999771118164,12.699999809265137,13.489999771118164,12.609999656677246,12.699999809265137
2019-01-28,5800,12.979999542236328,13.369999885559082,13.789999961853027,12.979999542236328,13.369999885559082
2019-01-25,3000,13.880000114440918,13.789999961853027,13.880000114440918,13.510000228881836,13.789999961853027
2019-01-24,3700,13.850000381469727,13.850000381469727,13.880000114440918,13.699999809265137,13.850000381469727
2019-01-23,10700,13.479999542236328,13.880000114440918,13.880000114440918,13.130000114440918,13.880000114440918
2019-01-22,9700,13.170000076293945,13.359999656677246,13.829999923706055,13.170000076293945,13.359999656677246
2019-01-18,22100,13.079999923706055,13.079999923706055,13.479999542236328,12.880000114440918,13.079999923706055
2019-01-17,124000,13.260000228881836,13.079999923706055,13.600000381469727,12.670000076293945,13.079999923706055
2019-01-16,11300,12.760000228881836,13.319999694824219,13.390000343322754,12.760000228881836,13.319999694824219
2019-01-15,5900,13.020000457763672,13.0600004196167,13.180000305175781,12.859999656677246,13.0600004196167
2019-01-14,6900,13.119999885559082,12.84000015258789,13.5,12.84000015258789,12.84000015258789
2019-01-11,18600,13.050000190734863,13.149999618530273,13.699999809265137,13.050000190734863,13.149999618530273
2019-01-10,5300,13.3100004196167,13.0600004196167,13.869999885559082,13.0600004196167,13.0600004196167
2019-01-09,4600,13.699999809265137,13.550000190734863,13.699999809265137,13.069999694824219,13.550000190734863
2019-01-08,4800,13.119999885559082,13.770000457763672,13.789999961853027,13.0600004196167,13.770000457763672
2019-01-07,5900,13.140000343322754,13.880000114440918,13.880000114440918,13.130000114440918,13.880000114440918
2019-01-04,14600,12.829999923706055,12.920000076293945,13.0600004196167,12.229999542236328,12.920000076293945
2019-01-03,10500,12.920000076293945,12.510000228881836,13.350000381469727,12.5,12.510000228881836
2019-01-02,23100,13.170000076293945,13.119999885559082,13.170000076293945,12.430000305175781,13.119999885559082
2018-12-31,16900,13.130000114440918,13.229999542236328,13.880000114440918,13.130000114440918,13.229999542236328
2018-12-28,7100,12.899999618530273,13.15999984741211,13.220000267028809,12.699999809265137,13.15999984741211
2018-12-27,13900,12.680000305175781,12.819999694824219,13.359999656677246,12.25,12.819999694824219
2018-12-26,14300,12.329999923706055,12.739999771118164,12.979999542236328,12.069999694824219,12.739999771118164
2018-12-24,8800,12.020000457763672,12.0,13.109999656677246,12.0,12.0
2018-12-21,24900,13.149999618530273,12.359999656677246,13.149999618530273,12.359999656677246,12.359999656677246
2018-12-20,15900,14.029999732971191,13.199999809265137,14.029999732971191,13.069999694824219,13.199999809265137
2018-12-19,25800,13.680000305175781,13.65999984741211,14.0600004196167,13.649999618530273,13.65999984741211
2018-12-18,10200,13.859999656677246,13.65999984741211,13.979999542236328,13.649999618530273,13.65999984741211
2018-12-17,10800,14.069999694824219,13.649999618530273,14.100000381469727,13.609999656677246,13.649999618530273
2018-12-14,9300,14.130000114440918,14.010000228881836,14.260000228881836,13.770000457763672,14.010000228881836
2018-12-13,10300,13.899999618530273,14.029999732971191,14.260000228881836,13.899999618530273,14.029999732971191
2018-12-12,10600,14.09000015258789,14.289999961853027,14.289999961853027,13.979999542236328,14.15000057220459
2018-12-11,42400,14.359999656677246,14.1899995803833,14.359999656677246,13.9399995803833,14.050979614257812
2018-12-10,12700,14.350000381469727,14.539999961853027,14.539999961853027,13.819999694824219,14.397550582885742
2018-12-07,7000,14.100000381469727,14.4399995803833,14.5,13.90999984741211,14.298530578613281
2018-12-06,16500,13.8100004196167,14.289999961853027,14.3100004196167,13.5600004196167,14.15000057220459
2018-12-04,20600,13.920000076293945,13.510000228881836,14.149999618530273,13.470000267028809,13.377642631530762
2018-12-03,3500,14.300000190734863,13.8100004196167,14.300000190734863,13.75,13.674703598022461
2018-11-30,22000,14.079999923706055,13.970000267028809,14.40999984741211,13.970000267028809,13.833135604858398
2018-11-29,9800,14.069999694824219,13.949999809265137,14.199999809265137,13.569999694824219,13.813331604003906
2018-11-28,11000,14.029999732971191,14.069999694824219,14.319999694824219,14.0,13.93215560913086
2018-11-27,10800,14.050000190734863,14.199999809265137,14.369999885559082,14.050000190734863,14.060881614685059
2018-11-26,8300,14.229999542236328,14.319999694824219,14.470000267028809,14.149999618530273,14.179706573486328
2018-11-23,12700,14.300000190734863,14.180000305175781,14.369999885559082,13.869999885559082,14.041078567504883
2018-11-21,3100,14.100000381469727,14.229999542236328,14.229999542236328,14.079999923706055,14.090587615966797
2018-11-20,6700,13.960000038146973,14.100000381469727,14.260000228881836,13.930000305175781,13.961862564086914
2018-11-19,15700,14.119999885559082,14.0,14.279999732971191,14.0,13.862841606140137
2018-11-16,14700,14.369999885559082,14.130000114440918,14.510000228881836,14.130000114440918,13.991567611694336
2018-11-15,31800,14.5,14.449999809265137,14.550000190734863,14.1899995803833,14.308432579040527
2018-11-14,2900,14.5,14.300000190734863,14.520000457763672,14.069999694824219,14.159902572631836
2018-11-13,7600,14.609999656677246,14.350000381469727,14.729999542236328,14.220000267028809,14.209412574768066
2018-11-12,18900,14.710000038146973,14.4399995803833,14.789999961853027,14.4399995803833,14.298530578613281
2018-11-09,25000,14.130000114440918,14.829999923706055,14.920000076293945,14.130000114440918,14.684709548950195
2018-11-08,17000,14.0,14.359999656677246,14.75,14.0,14.219314575195312
2018-11-07,15400,14.050000190734863,14.40999984741211,14.800000190734863,14.0,14.268824577331543
2018-11-06,5700,14.039999961853027,14.09000015258789,14.380000114440918,14.039999961853027,13.951959609985352
2018-11-05,7500,14.0600004196167,14.039999961853027,14.460000038146973,14.039999961853027,13.902449607849121
2018-11-02,2600,14.850000381469727,14.550000190734863,14.850000381469727,14.550000190734863,14.407453536987305
2018-11-01,5000,14.579999923706055,14.850000381469727,14.90999984741211,14.539999961853027,14.704514503479004
2018-10-31,5000,14.600000381469727,14.380000114440918,14.609999656677246,14.300000190734863,14.239118576049805
2018-10-30,19900,14.640000343322754,14.399999618530273,14.9399995803833,14.079999923706055,14.258922576904297
2018-10-29,4100,14.569999694824219,14.489999771118164,14.569999694824219,14.390000343322754,14.348040580749512
2018-10-26,6500,14.380000114440918,14.369999885559082,14.489999771118164,14.270000457763672,14.229216575622559
2018-10-25,20300,14.220000267028809,14.430000305175781,14.699999809265137,13.989999771118164,14.288629531860352
2018-10-24,7900,14.4399995803833,14.109999656677246,14.550000190734863,14.069999694824219,13.971763610839844
2018-10-23,10100,13.949999809265137,14.199999809265137,14.6899995803833,13.550000190734863,14.060881614685059
2018-10-22,8400,14.010000228881836,14.1899995803833,14.4399995803833,13.800000190734863,14.050979614257812
2018-10-19,8700,13.569999694824219,13.710000038146973,13.819999694824219,12.220000267028809,13.575682640075684
2018-10-18,10500,13.699999809265137,13.65999984741211,13.920000076293945,13.350000381469727,13.526172637939453
2018-10-17,11600,13.800000190734863,13.739999771118164,14.140000343322754,13.619999885559082,13.605388641357422
2018-10-16,25100,13.550000190734863,13.789999961853027,13.850000381469727,12.869999885559082,13.654898643493652
2018-10-15,10500,13.5,13.25,13.5,12.859999656677246,13.120189666748047
2018-10-12,21700,13.289999961853027,13.289999961853027,13.5,13.15999984741211,13.159797668457031
2018-10-11,46100,13.5,13.140000343322754,13.5,13.039999961853027,13.01126766204834
2018-10-10,38300,13.460000038146973,13.3100004196167,13.710000038146973,13.3100004196167,13.179601669311523
2018-10-09,9700,13.699999809265137,13.699999809265137,13.920000076293945,13.630000114440918,13.565780639648438
2018-10-08,11600,13.729999542236328,13.649999618530273,13.729999542236328,13.34000015258789,13.51626968383789
2018-10-05,3600,13.729999542236328,13.720000267028809,13.899999618530273,13.609999656677246,13.58558464050293
2018-10-04,8000,13.739999771118164,13.579999923706055,13.75,13.279999732971191,13.446956634521484
2018-10-03,59500,13.470000267028809,13.600000381469727,13.890000343322754,13.449999809265137,13.466760635375977
2018-10-02,21300,13.84000015258789,13.5,13.960000038146973,13.3100004196167,13.3677396774292
2018-10-01,23100,13.899999618530273,13.970000267028809,14.069999694824219,13.819999694824219,13.833135604858398
2018-09-28,8800,14.149999618530273,13.850000381469727,14.25,13.850000381469727,13.714311599731445
2018-09-27,6700,14.100000381469727,14.199999809265137,14.350000381469727,14.100000381469727,14.060881614685059
2018-09-26,7000,14.5,14.300000190734863,14.5,14.300000190734863,14.159902572631836
2018-09-25,20600,14.699999809265137,14.449999809265137,14.699999809265137,14.449999809265137,14.308432579040527
2018-09-24,8600,15.050000190734863,14.899999618530273,15.050000190734863,14.800000190734863,14.754023551940918
2018-09-21,44100,15.100000381469727,15.149999618530273,15.149999618530273,14.850000381469727,15.001574516296387
2018-09-20,4900,15.050000190734863,15.050000190734863,15.25,15.0,14.902554512023926
2018-09-19,8700,15.050000190734863,15.199999809265137,15.350000381469727,15.0,15.051084518432617
2018-09-18,14000,15.399999618530273,15.0,15.399999618530273,14.949999809265137,14.853044509887695
2018-09-17,11800,15.149999618530273,15.25,15.699999809265137,15.100000381469727,15.100595474243164
2018-09-14,7900,14.979999542236328,15.100000381469727,15.300000190734863,14.979999542236328,14.952065467834473
2018-09-13,13800,15.0,15.0,15.050000190734863,14.850000381469727,14.853044509887695
2018-09-12,7000,15.050000190734863,15.0,15.25,15.0,14.71441650390625
2018-09-11,44100,15.0,15.25,15.25,14.850000381469727,14.959656715393066
2018-09-10,12100,14.949999809265137,14.949999809265137,15.100000381469727,14.550000190734863,14.66536808013916
2018-09-07,6900,15.149999618530273,15.050000190734863,15.149999618530273,14.899999618530273,14.763463973999023
2018-09-06,4900,15.350000381469727,15.149999618530273,15.350000381469727,15.149999618530273,14.861559867858887
2018-09-05,10000,15.300000190734863,15.300000190734863,15.350000381469727,15.25,15.008705139160156
2018-09-04,13800,15.75,15.350000381469727,15.75,15.300000190734863,15.05775260925293
2018-08-31,6900,15.899999618530273,15.850000381469727,15.899999618530273,15.770000457763672,15.548233985900879
2018-08-30,11200,15.949999809265137,15.949999809265137,16.0,15.869999885559082,15.646329879760742
2018-08-29,10000,16.049999237060547,16.0,16.049999237060547,15.75,15.695377349853516
2018-08-28,17700,16.149999618530273,16.049999237060547,16.149999618530273,15.979999542236328,15.744424819946289
2018-08-27,12300,16.100000381469727,16.149999618530273,16.200000762939453,16.049999237060547,15.842520713806152
2018-08-24,10200,16.18000030517578,16.149999618530273,16.200000762939453,16.049999237060547,15.842520713806152
2018-08-23,5300,16.399999618530273,16.200000762939453,16.450000762939453,16.100000381469727,15.891570091247559
2018-08-22,9100,16.450000762939453,16.200000762939453,16.450000762939453,16.149999618530273,15.891570091247559
2018-08-21,14900,16.200000762939453,16.399999618530273,16.5,16.049999237060547,16.08776092529297
2018-08-20,18700,16.5,16.049999237060547,16.549999237060547,15.899999618530273,15.744424819946289
2018-08-17,13500,16.25,16.399999618530273,16.5,16.200000762939453,16.08776092529297
2018-08-16,9100,16.200000762939453,16.350000381469727,16.399999618530273,16.049999237060547,16.038715362548828
2018-08-15,4000,16.399999618530273,16.200000762939453,16.399999618530273,15.550000190734863,15.891570091247559
2018-08-14,9300,16.350000381469727,16.350000381469727,16.350000381469727,16.229999542236328,16.038715362548828
2018-08-13,32800,16.399999618530273,16.299999237060547,16.5,13.100000381469727,15.989665985107422
2018-08-10,6200,16.5,16.5,16.5,16.399999618530273,16.18585777282715
2018-08-09,21800,16.850000381469727,16.5,16.950000762939453,16.5,16.18585777282715
2018-08-08,19000,16.700000762939453,16.799999237060547,16.799999237060547,16.649999618530273,16.480144500732422
2018-08-07,17600,16.899999618530273,16.899999618530273,18.0,16.770000457763672,16.578243255615234
2018-08-06,13200,16.799999237060547,16.75,16.829999923706055,16.530000686645508,16.43109703063965
2018-08-03,15900,16.850000381469727,16.899999618530273,17.149999618530273,16.600000381469727,16.578243255615234
2018-08-02,14300,17.5,17.0,17.5,16.600000381469727,16.67633819580078
2018-08-01,24900,17.350000381469727,17.350000381469727,17.5,17.149999618530273,17.01967430114746
2018-07-31,8000,17.5,17.450000762939453,17.5,16.65999984741211,17.117773056030273
2018-07-30,24400,17.450000762939453,17.43000030517578,17.549999237060547,17.350000381469727,17.09815216064453
2018-07-27,31400,17.549999237060547,17.149999618530273,17.549999237060547,17.149999618530273,16.823482513427734
2018-07-26,14900,17.5,17.549999237060547,18.270000457763672,17.299999237060547,17.215866088867188
2018-07-25,50200,17.350000381469727,17.350000381469727,18.049999237060547,17.350000381469727,17.01967430114746
2018-07-24,28900,17.25,17.350000381469727,17.5,17.049999237060547,17.01967430114746
2018-07-23,35500,17.0,17.200000762939453,17.450000762939453,17.0,16.87253189086914
2018-07-20,27600,16.950000762939453,17.100000381469727,17.200000762939453,16.899999618530273,16.77443504333496
2018-07-19,23600,17.25,17.049999237060547,17.25,16.850000381469727,16.725385665893555
2018-07-18,26400,16.799999237060547,16.799999237060547,16.950000762939453,16.700000762939453,16.480144500732422
2018-07-17,17100,16.600000381469727,16.75,16.75,16.549999237060547,16.43109703063965
2018-07-16,29300,16.549999237060547,16.549999237060547,16.649999618530273,16.450000762939453,16.234905242919922
2018-07-13,15000,16.399999618530273,16.450000762939453,16.600000381469727,16.25,16.136810302734375
2018-07-12,9100,16.549999237060547,16.399999618530273,16.549999237060547,16.350000381469727,16.08776092529297
2018-07-11,4900,16.549999237060547,16.399999618530273,16.549999237060547,16.399999618530273,16.08776092529297
2018-07-10,17900,16.700000762939453,16.549999237060547,16.75,16.5,16.234905242919922
2018-07-09,7200,16.799999237060547,16.600000381469727,16.799999237060547,16.600000381469727,16.283954620361328
2018-07-06,9600,16.799999237060547,16.649999618530273,16.850000381469727,16.549999237060547,16.3330020904541
2018-07-05,12700,17.0,16.75,17.0,16.6200008392334,16.43109703063965
2018-07-03,38400,16.450000762939453,16.450000762939453,16.450000762939453,16.25,16.136810302734375
2018-07-02,12900,16.350000381469727,16.450000762939453,16.5,16.149999618530273,16.136810302734375
2018-06-29,17100,16.5,16.299999237060547,16.5,16.200000762939453,15.989665985107422
2018-06-28,17400,16.25,16.350000381469727,16.5,16.200000762939453,16.038715362548828
2018-06-27,9900,16.899999618530273,16.200000762939453,16.899999618530273,16.200000762939453,15.891570091247559
2018-06-26,17400,17.149999618530273,17.0,17.149999618530273,16.549999237060547,16.67633819580078
2018-06-25,37500,17.25,17.149999618530273,17.399999618530273,16.959999084472656,16.823482513427734
2018-06-22,159300,17.149999618530273,17.149999618530273,17.200000762939453,16.799999237060547,16.823482513427734
2018-06-21,21200,16.850000381469727,17.049999237060547,17.399999618530273,16.850000381469727,16.725385665893555
2018-06-20,22600,17.0,16.950000762939453,17.200000762939453,16.700000762939453,16.627290725708008
2018-06-19,19100,16.649999618530273,17.049999237060547,17.200000762939453,16.600000381469727,16.725385665893555
2018-06-18,10400,16.600000381469727,16.799999237060547,17.0,16.399999618530273,16.480144500732422
2018-06-15,30000,16.5,16.549999237060547,16.649999618530273,16.299999237060547,16.234905242919922
2018-06-14,8000,16.299999237060547,16.5,16.600000381469727,16.299999237060547,16.18585777282715
2018-06-13,9700,16.450000762939453,16.450000762939453,16.549999237060547,16.270000457763672,15.999476432800293
2018-06-12,12700,16.5,16.229999542236328,16.549999237060547,16.149999618530273,15.785499572753906
2018-06-11,14500,16.450000762939453,16.5,16.600000381469727,16.200000762939453,16.048105239868164
2018-06-08,12800,16.290000915527344,16.399999618530273,16.600000381469727,16.290000915527344,15.950844764709473
2018-06-07,18600,16.850000381469727,16.5,16.899999618530273,15.630000114440918,16.048105239868164
2018-06-06,17100,17.149999618530273,16.899999618530273,17.25,16.850000381469727,16.437150955200195
2018-06-05,8500,16.299999237060547,17.25,17.299999237060547,16.299999237060547,16.777565002441406
2018-06-04,9100,16.100000381469727,16.100000381469727,16.200000762939453,16.049999237060547,15.659061431884766
2018-06-01,12000,16.100000381469727,16.149999618530273,16.200000762939453,15.899999618530273,15.707690238952637
2018-05-31,9800,16.299999237060547,15.899999618530273,16.299999237060547,15.899999618530273,15.464537620544434
2018-05-30,19300,16.0,16.100000381469727,16.350000381469727,15.899999618530273,15.659061431884766
2018-05-29,4000,16.0,15.899999618530273,16.0,15.899999618530273,15.464537620544434
2018-05-25,4500,16.0,16.0,16.0,15.899999618530273,15.561800003051758
2018-05-24,7100,15.550000190734863,15.899999618530273,15.949999809265137,15.550000190734863,15.464537620544434
2018-05-23,6700,15.399999618530273,15.800000190734863,15.850000381469727,15.300000190734863,15.367277145385742
2018-05-22,4200,15.550000190734863,15.199999809265137,15.550000190734863,15.199999809265137,14.783708572387695
2018-05-21,8300,15.649999618530273,15.649999618530273,15.699999809265137,15.4399995803833,15.22138500213623
2018-05-18,8100,15.550000190734863,15.600000381469727,15.699999809265137,15.449999809265137,15.172755241394043
2018-05-17,20700,15.5,15.449999809265137,15.550000190734863,15.100000381469727,15.026862144470215
2018-05-16,6700,15.300000190734863,15.399999618530273,15.600000381469727,15.300000190734863,14.978231430053711
2018-05-15,3800,15.25,15.350000381469727,15.550000190734863,15.25,14.929601669311523
2018-05-14,5700,15.600000381469727,15.149999618530273,15.649999618530273,15.149999618530273,14.735078811645508
2018-05-11,3800,15.600000381469727,15.5,15.600000381469727,15.350000381469727,15.075493812561035
2018-05-10,4300,15.550000190734863,15.5,15.600000381469727,15.5,15.075493812561035
2018-05-09,10700,15.600000381469727,15.550000190734863,15.699999809265137,15.550000190734863,15.124123573303223
2018-05-08,5900,15.600000381469727,15.600000381469727,15.649999618530273,15.550000190734863,15.172755241394043
2018-05-07,7600,15.550000190734863,15.600000381469727,15.600000381469727,15.399999618530273,15.172755241394043
2018-05-04,6600,15.550000190734863,15.550000190734863,15.579999923706055,15.25,15.124123573303223
2018-05-03,3800,15.600000381469727,15.350000381469727,15.600000381469727,15.199999809265137,14.929601669311523
2018-05-02,7800,15.550000190734863,15.550000190734863,15.600000381469727,15.449999809265137,15.124123573303223
2018-05-01,6000,15.300000190734863,15.5,15.550000190734863,15.25,15.075493812561035
2018-04-30,6500,15.5,15.399999618530273,15.5,15.25,14.978231430053711
2018-04-27,4800,15.550000190734863,15.350000381469727,15.550000190734863,15.25,14.929601669311523
2018-04-26,17100,15.399999618530273,15.550000190734863,15.550000190734863,15.399999618530273,15.124123573303223
2018-04-25,8400,15.300000190734863,15.5,15.5,15.300000190734863,15.075493812561035
2018-04-24,6100,15.300000190734863,15.350000381469727,15.5,15.199999809265137,14.929601669311523
2018-04-23,3800,15.449999809265137,15.25,15.5,15.149999618530273,14.832340240478516
2018-04-20,4700,15.399999618530273,15.399999618530273,15.75,15.399999618530273,14.978231430053711
2018-04-19,2900,14.640000343322754,15.550000190734863,15.550000190734863,14.640000343322754,15.124123573303223
2018-04-18,16400,15.600000381469727,15.550000190734863,15.75,15.5,15.124123573303223
2018-04-17,5800,15.550000190734863,15.550000190734863,15.550000190734863,15.479999542236328,15.124123573303223
2018-04-16,15800,15.600000381469727,15.449999809265137,15.649999618530273,15.449999809265137,15.026862144470215
2018-04-13,18000,15.649999618530273,15.550000190734863,15.75,15.5,15.124123573303223
2018-04-12,21700,15.5,15.5,15.649999618530273,15.449999809265137,15.075493812561035
2018-04-11,44800,15.600000381469727,15.399999618530273,15.600000381469727,14.350000381469727,14.978231430053711
2018-04-10,6400,15.729999542236328,15.600000381469727,15.899999618530273,15.600000381469727,15.172755241394043
2018-04-09,24000,15.850000381469727,15.850000381469727,16.100000381469727,15.850000381469727,15.415908813476562
2018-04-06,7600,15.949999809265137,15.899999618530273,16.0,15.800000190734863,15.464537620544434
2018-04-05,10300,15.899999618530273,15.899999618530273,16.0,15.300000190734863,15.464537620544434
2018-04-04,11000,15.350000381469727,16.0,16.0,15.350000381469727,15.561800003051758
2018-04-03,11400,15.199999809265137,15.449999809265137,15.649999618530273,15.199999809265137,15.026862144470215
2018-04-02,16800,15.300000190734863,15.149999618530273,15.350000381469727,13.949999809265137,14.735078811645508
2018-03-29,9600,15.199999809265137,15.199999809265137,15.699999809265137,15.100000381469727,14.783708572387695
2018-03-28,9400,15.0,15.149999618530273,15.25,15.0,14.735078811645508
2018-03-27,4600,15.0,15.0,15.100000381469727,15.0,14.589186668395996
2018-03-26,5500,15.050000190734863,15.050000190734863,15.149999618530273,14.899999618530273,14.637818336486816
2018-03-23,8300,15.0,14.75,15.149999618530273,14.75,14.346034049987793
2018-03-22,4900,15.050000190734863,15.0,15.300000190734863,14.949999809265137,14.589186668395996
2018-03-21,3500,15.5,15.0,15.5,14.850000381469727,14.589186668395996
2018-03-20,7700,15.600000381469727,15.550000190734863,15.75,15.550000190734863,15.124123573303223
2018-03-19,36200,15.850000381469727,15.949999809265137,16.0,15.550000190734863,15.513168334960938
2018-03-16,76700,15.600000381469727,15.850000381469727,15.949999809265137,15.5,15.415908813476562
2018-03-15,13100,15.75,15.649999618530273,15.850000381469727,15.350000381469727,15.22138500213623
2018-03-14,8900,15.300000190734863,15.75,15.949999809265137,15.300000190734863,15.318646430969238
2018-03-13,6800,15.050000190734863,15.350000381469727,15.539999961853027,15.0,14.929601669311523
2018-03-12,31500,15.800000190734863,15.100000381469727,15.800000190734863,14.399999618530273,14.68644905090332
2018-03-09,3700,15.449999809265137,15.949999809265137,15.949999809265137,15.399999618530273,15.513168334960938
2018-03-08,3400,15.649999618530273,15.350000381469727,15.899999618530273,15.350000381469727,14.929601669311523
2018-03-07,5700,15.550000190734863,15.850000381469727,16.0,15.550000190734863,15.279742240905762
2018-03-06,8100,15.399999618530273,15.550000190734863,15.600000381469727,15.0,14.990535736083984
2018-03-05,9200,15.399999618530273,15.649999618530273,15.949999809265137,15.399999618530273,15.08693790435791
2018-03-02,8100,15.449999809265137,15.550000190734863,15.75,15.350000381469727,14.990535736083984
2018-03-01,9200,14.75,15.5,15.550000190734863,14.75,14.942334175109863
2018-02-28,10800,15.600000381469727,15.100000381469727,15.600000381469727,15.0,14.556726455688477
2018-02-27,8800,15.949999809265137,15.649999618530273,15.949999809265137,15.649999618530273,15.08693790435791
2018-02-26,20000,14.470000267028809,16.0,16.0,14.399999618530273,15.424345016479492
2018-02-23,2900,14.899999618530273,14.949999809265137,14.949999809265137,14.850000381469727,14.41212272644043
2018-02-22,4900,14.699999809265137,14.850000381469727,14.899999618530273,14.699999809265137,14.315720558166504
2018-02-21,6900,14.399999618530273,14.800000190734863,14.949999809265137,14.300000190734863,14.267518997192383
2018-02-20,9800,14.100000381469727,14.149999618530273,14.350000381469727,14.0,13.640904426574707
2018-02-16,8300,14.550000190734863,14.25,14.550000190734863,14.100000381469727,13.73730754852295
2018-02-15,20000,14.279999732971191,14.649999618530273,14.699999809265137,14.229999542236328,14.122915267944336
2018-02-14,8200,14.0,14.0,14.149999618530273,13.949999809265137,13.496302604675293
2018-02-13,9200,14.0,14.100000381469727,14.199999809265137,13.800000190734863,13.592704772949219
2018-02-12,9000,14.25,14.100000381469727,14.350000381469727,14.0,13.592704772949219
2018-02-09,11500,14.0,14.399999618530273,14.399999618530273,14.0,13.88191032409668
2018-02-08,8900,14.5,14.149999618530273,14.550000190734863,14.149999618530273,13.640904426574707
2018-02-07,33300,15.350000381469727,14.449999809265137,15.720000267028809,14.350000381469727,13.930110931396484
2018-02-06,12400,14.5,14.899999618530273,15.949999809265137,14.5,14.363920211791992
2018-02-05,9200,14.649999618530273,14.550000190734863,16.0,14.550000190734863,14.026515007019043
2018-02-02,5300,14.609999656677246,14.850000381469727,15.5,14.609999656677246,14.315720558166504
2018-02-01,6000,15.0,15.149999618530273,15.350000381469727,15.0,14.604928016662598
2018-01-31,13000,15.229999542236328,15.0,15.350000381469727,15.0,14.460323333740234
2018-01-30,9100,15.350000381469727,15.300000190734863,15.399999618530273,15.149999618530273,14.749529838562012
2018-01-29,13700,15.75,15.5,15.850000381469727,15.449999809265137,14.942334175109863
2018-01-26,20900,15.649999618530273,16.0,16.0,15.5,15.424345016479492
2018-01-25,6500,16.0,15.600000381469727,16.0,15.449999809265137,15.038737297058105
2018-01-24,3400,15.930000305175781,15.850000381469727,16.0,15.850000381469727,15.279742240905762
2018-01-23,6500,15.899999618530273,16.0,16.0,15.899999618530273,15.424345016479492
2018-01-22,8800,16.0,16.0,16.100000381469727,15.899999618530273,15.424345016479492
2018-01-19,16100,15.850000381469727,16.0,16.0,15.829999923706055,15.424345016479492
2018-01-18,13000,15.949999809265137,15.899999618530273,16.0,15.800000190734863,15.327942848205566
2018-01-17,7700,15.850000381469727,15.850000381469727,15.899999618530273,15.829999923706055,15.279742240905762
2018-01-16,23100,16.0,15.899999618530273,16.149999618530273,15.850000381469727,15.327942848205566
2018-01-12,13500,16.049999237060547,16.0,16.5,15.899999618530273,15.424345016479492
2018-01-11,8600,15.600000381469727,15.949999809265137,16.049999237060547,15.550000190734863,15.376143455505371
2018-01-10,6800,15.100000381469727,15.649999618530273,15.75,15.100000381469727,15.08693790435791
2018-01-09,256200,14.5,15.100000381469727,15.149999618530273,14.5,14.556726455688477
2018-01-08,9600,14.5,14.600000381469727,14.75,14.350000381469727,14.074715614318848
2018-01-05,10500,15.100000381469727,14.399999618530273,15.149999618530273,14.25,13.88191032409668
2018-01-04,4200,14.850000381469727,14.949999809265137,15.0600004196167,14.84000015258789,14.41212272644043
2018-01-03,13500,15.449999809265137,14.600000381469727,15.449999809265137,14.550000190734863,14.074715614318848
2018-01-02,8500,16.049999237060547,15.449999809265137,16.049999237060547,15.449999809265137,14.894132614135742
2017-12-29,8600,15.699999809265137,16.049999237060547,16.200000762939453,15.649999618530273,15.472545623779297
2017-12-28,5000,16.299999237060547,15.899999618530273,16.399999618530273,15.899999618530273,15.327942848205566
2017-12-27,3200,16.149999618530273,16.25,16.31999969482422,15.970000267028809,15.665349960327148
2017-12-26,8700,15.600000381469727,16.200000762939453,16.399999618530273,15.600000381469727,15.61715030670166
2017-12-22,6900,15.75,15.5,15.779999732971191,15.350000381469727,14.942334175109863
2017-12-21,25100,15.0,15.699999809265137,15.899999618530273,14.260000228881836,15.135139465332031
2017-12-20,5300,14.850000381469727,14.800000190734863,14.899999618530273,14.630000114440918,14.267518997192383
2017-12-19,6400,14.850000381469727,14.699999809265137,14.949999809265137,14.5,14.171116828918457
2017-12-18,5800,14.75,14.5,14.850000381469727,14.5,13.978313446044922
2017-12-15,28000,14.600000381469727,14.699999809265137,14.800000190734863,14.550000190734863,14.171116828918457
2017-12-14,5800,14.949999809265137,14.699999809265137,14.949999809265137,14.399999618530273,14.171116828918457
2017-12-13,7000,15.449999809265137,15.100000381469727,15.449999809265137,14.399999618530273,14.441043853759766
2017-12-12,4300,14.850000381469727,14.949999809265137,15.100000381469727,14.649999618530273,14.297589302062988
2017-12-11,8100,15.350000381469727,14.800000190734863,15.350000381469727,14.75,14.154134750366211
2017-12-08,6500,15.350000381469727,15.399999618530273,15.5,15.25,14.727950096130371
2017-12-07,6600,15.399999618530273,15.5,15.5,15.25,14.823586463928223
2017-12-06,3500,15.300000190734863,15.25,15.399999618530273,15.180000305175781,14.58449649810791
2017-12-05,6900,15.600000381469727,15.5,15.649999618530273,15.329999923706055,14.823586463928223
2017-12-04,12400,15.550000190734863,15.5,15.649999618530273,15.449999809265137,14.823586463928223
2017-12-01,10700,14.899999618530273,15.5,15.550000190734863,14.850000381469727,14.823586463928223
2017-11-30,11500,15.399999618530273,15.199999809265137,15.399999618530273,15.149999618530273,14.5366792678833
2017-11-29,6600,15.0,15.300000190734863,15.350000381469727,15.0,14.632314682006836
2017-11-28,9200,14.850000381469727,15.199999809265137,15.25,14.850000381469727,14.5366792678833
2017-11-27,17300,15.149999618530273,14.699999809265137,15.229999542236328,14.5,14.05849838256836
2017-11-24,4200,15.25,15.149999618530273,15.25,15.050000190734863,14.488861083984375
2017-11-22,5600,15.300000190734863,15.199999809265137,15.399999618530273,15.199999809265137,14.5366792678833
2017-11-21,6100,15.050000190734863,15.25,15.25,14.949999809265137,14.58449649810791
2017-11-20,6700,14.850000381469727,15.0,15.0,14.800000190734863,14.345406532287598
2017-11-17,6500,14.850000381469727,14.899999618530273,15.0,14.770000457763672,14.249770164489746
2017-11-16,11400,14.800000190734863,15.0,15.0,14.579999923706055,14.345406532287598
2017-11-15,10800,14.600000381469727,14.699999809265137,14.800000190734863,14.149999618530273,14.05849838256836
2017-11-14,4700,13.899999618530273,14.75,14.75,13.850000381469727,14.106316566467285
2017-11-13,49400,15.050000190734863,14.100000381469727,15.050000190734863,13.3100004196167,13.4846830368042
2017-11-10,5600,15.25,15.149999618530273,15.449999809265137,15.029999732971191,14.488861083984375
2017-11-09,10100,14.850000381469727,15.25,15.399999618530273,14.850000381469727,14.58449649810791
2017-11-08,23900,14.800000190734863,15.0,15.0,14.699999809265137,14.345406532287598
2017-11-07,24600,16.0,14.949999809265137,16.0,14.949999809265137,14.297589302062988
2017-11-06,16800,16.25,16.450000762939453,16.700000762939453,15.850000381469727,15.73213005065918
2017-11-03,14500,16.600000381469727,16.049999237060547,16.600000381469727,15.899999618530273,15.349584579467773
2017-11-02,10300,16.149999618530273,16.799999237060547,16.799999237060547,16.149999618530273,16.06685447692871
2017-11-01,17900,16.450000762939453,16.25,16.450000762939453,16.200000762939453,15.540857315063477
2017-10-31,26200,16.049999237060547,16.299999237060547,16.299999237060547,16.049999237060547,15.58867359161377
2017-10-30,23700,15.949999809265137,16.0,16.200000762939453,15.850000381469727,15.30176830291748
2017-10-27,12100,15.5,15.850000381469727,15.859999656677246,15.5,15.158313751220703
2017-10-26,13800,15.75,15.5,15.75,15.350000381469727,14.823586463928223
2017-10-25,10600,15.600000381469727,15.800000190734863,15.829999923706055,15.510000228881836,15.110495567321777
2017-10-24,32400,14.949999809265137,15.550000190734863,15.850000381469727,14.949999809265137,14.871405601501465
2017-10-23,37200,14.350000381469727,14.899999618530273,14.949999809265137,14.25,14.249770164489746
2017-10-20,19200,14.550000190734863,14.5,14.550000190734863,14.449999809265137,13.867226600646973
2017-10-19,9500,14.449999809265137,14.5,14.550000190734863,14.40999984741211,13.867226600646973
2017-10-18,15000,14.5,14.399999618530273,14.550000190734863,14.399999618530273,13.771591186523438
2017-10-17,9700,14.449999809265137,14.550000190734863,14.550000190734863,14.399999618530273,13.915045738220215
2017-10-16,18500,14.550000190734863,14.5,14.75,14.399999618530273,13.867226600646973
2017-10-13,12500,14.399999618530273,14.449999809265137,14.600000381469727,14.399999618530273,13.819409370422363
2017-10-12,8300,14.75,14.449999809265137,14.75,14.449999809265137,13.819409370422363
2017-10-11,19200,14.649999618530273,14.5,14.899999618530273,14.399999618530273,13.867226600646973
2017-10-10,35300,15.25,14.699999809265137,15.25,14.649999618530273,14.05849838256836
2017-10-09,47700,16.0,15.300000190734863,16.25,15.15999984741211,14.632314682006836
2017-10-06,11300,15.800000190734863,15.949999809265137,16.0,15.800000190734863,15.253950119018555
2017-10-05,14300,15.75,15.75,15.800000190734863,15.600000381469727,15.062677383422852
2017-10-04,9200,15.850000381469727,15.649999618530273,15.850000381469727,15.550000190734863,14.967040061950684
2017-10-03,24600,15.850000381469727,15.850000381469727,16.0,15.850000381469727,15.158313751220703
2017-10-02,59200,14.399999618530273,15.949999809265137,16.25,14.399999618530273,15.253950119018555
2017-09-29,8800,14.350000381469727,14.550000190734863,14.600000381469727,14.25,13.915045738220215
2017-09-28,15800,13.850000381469727,14.350000381469727,14.449999809265137,13.699999809265137,13.723773002624512
2017-09-27,17400,13.0,13.850000381469727,13.949999809265137,13.0,13.245593070983887
2017-09-26,24700,13.0,13.0,13.199999809265137,12.949999809265137,12.432686805725098
2017-09-25,37800,12.949999809265137,12.949999809265137,13.350000381469727,12.949999809265137,12.384867668151855
2017-09-22,34600,13.0,13.050000190734863,13.050000190734863,12.949999809265137,12.480504035949707
2017-09-21,2300,12.899999618530273,13.0,13.0,12.899999618530273,12.432686805725098
2017-09-20,7900,13.050000190734863,12.899999618530273,13.149999618530273,12.899999618530273,12.33704948425293
2017-09-19,12600,12.800000190734863,13.100000381469727,13.449999809265137,12.800000190734863,12.528321266174316
2017-09-18,8000,12.600000381469727,12.75,12.800000190734863,12.449999809265137,12.193595886230469
2017-09-15,25700,12.850000381469727,12.449999809265137,12.899999618530273,12.25,11.90668773651123
2017-09-14,13800,12.800000190734863,12.800000190734863,13.0,12.800000190734863,12.241414070129395
2017-09-13,6800,13.100000381469727,13.050000190734863,13.199999809265137,12.949999809265137,12.365740776062012
2017-09-12,6100,13.199999809265137,13.100000381469727,13.25,12.949999809265137,12.413118362426758
2017-09-11,14900,13.199999809265137,13.149999618530273,13.449999809265137,13.149999618530273,12.46049690246582
2017-09-08,9700,12.800000190734863,13.199999809265137,13.199999809265137,12.800000190734863,12.507875442504883
2017-09-07,3000,12.699999809265137,12.75,12.899999618530273,12.699999809265137,12.081470489501953
2017-09-06,10900,12.5,12.649999618530273,12.699999809265137,12.300000190734863,11.986714363098145
2017-09-05,3600,12.5,12.25,12.5,12.25,11.607687950134277
2017-09-01,5100,12.350000381469727,12.399999618530273,12.399999618530273,12.300000190734863,11.749823570251465
2017-08-31,3700,12.5,12.25,12.5,12.25,11.607687950134277
2017-08-30,10500,12.300000190734863,12.199999809265137,12.5,12.0,11.560309410095215
2017-08-29,14300,12.5,12.300000190734863,12.5,12.149999618530273,11.655067443847656
2017-08-28,10900,12.399999618530273,12.300000190734863,12.449999809265137,12.199999809265137,11.655067443847656
2017-08-25,2600,12.350000381469727,12.399999618530273,12.399999618530273,12.199999809265137,11.749823570251465
2017-08-24,3500,12.149999618530273,12.300000190734863,12.300000190734863,12.039999961853027,11.655067443847656
2017-08-23,3700,12.0,12.0,12.100000381469727,12.0,11.370796203613281
2017-08-22,4300,12.050000190734863,12.0,12.100000381469727,11.949999809265137,11.370796203613281
2017-08-21,10100,12.100000381469727,12.050000190734863,12.140000343322754,12.0,11.418174743652344
2017-08-18,12200,11.949999809265137,12.25,12.300000190734863,11.850000381469727,11.607687950134277
2017-08-17,14200,12.130000114440918,12.100000381469727,12.350000381469727,12.0,11.465553283691406
2017-08-16,7700,12.25,12.100000381469727,12.300000190734863,12.0,11.465553283691406
2017-08-15,3500,12.130000114440918,12.350000381469727,12.390000343322754,12.130000114440918,11.702445030212402
2017-08-14,8300,12.050000190734863,12.149999618530273,12.25,11.949999809265137,11.512930870056152
2017-08-11,4200,12.5,11.949999809265137,12.5,11.850000381469727,11.323416709899902
2017-08-10,4200,12.550000190734863,12.350000381469727,12.550000190734863,12.350000381469727,11.702445030212402
2017-08-09,16500,12.5,12.350000381469727,12.649999618530273,12.350000381469727,11.702445030212402
2017-08-08,1800,12.75,12.699999809265137,12.75,12.699999809265137,12.034092903137207
2017-08-07,2400,12.699999809265137,12.699999809265137,12.699999809265137,12.550000190734863,12.034092903137207
2017-08-04,3600,12.350000381469727,12.649999618530273,12.649999618530273,12.300000190734863,11.986714363098145
2017-08-03,7400,12.449999809265137,12.199999809265137,12.699999809265137,12.149999618530273,11.560309410095215
2017-08-02,1900,12.850000381469727,12.600000381469727,12.850000381469727,12.600000381469727,11.939336776733398
2017-08-01,8800,12.649999618530273,12.850000381469727,12.949999809265137,12.600000381469727,12.176227569580078
2017-07-31,5700,12.949999809265137,12.649999618530273,12.949999809265137,12.649999618530273,11.986714363098145
2017-07-28,4800,13.149999618530273,12.949999809265137,13.149999618530273,12.899999618530273,12.270983695983887
2017-07-27,2300,13.199999809265137,13.399999618530273,13.550000190734863,13.199999809265137,12.697389602661133
2017-07-26,2500,13.649999618530273,13.399999618530273,13.699999809265137,13.399999618530273,12.697389602661133
2017-07-25,5900,13.350000381469727,13.649999618530273,14.949999809265137,13.199999809265137,12.934280395507812
2017-07-24,2100,13.369999885559082,13.300000190734863,13.399999618530273,13.25,12.602631568908691
2017-07-21,10400,13.899999618530273,13.5,13.899999618530273,13.399999618530273,12.792145729064941
2017-07-20,6100,13.300000190734863,13.550000190734863,13.649999618530273,13.100000381469727,12.839524269104004
2017-07-19,2600,13.199999809265137,13.25,13.25,13.199999809265137,12.555253982543945
2017-07-18,3200,13.399999618530273,13.279999732971191,13.399999618530273,13.100000381469727,12.583681106567383
2017-07-17,1700,13.449999809265137,13.600000381469727,13.800000190734863,13.300000190734863,12.886902809143066
2017-07-14,1500,13.149999618530273,13.600000381469727,13.649999618530273,13.149999618530273,12.886902809143066
2017-07-13,3600,13.25,13.300000190734863,13.300000190734863,13.199999809265137,12.602631568908691
2017-07-12,4100,13.199999809265137,13.25,13.930000305175781,13.0,12.555253982543945
2017-07-11,4700,13.25,13.149999618530273,13.899999618530273,13.0,12.46049690246582
2017-07-10,6700,13.300000190734863,13.100000381469727,13.550000190734863,13.100000381469727,12.413118362426758
2017-07-07,1600,14.550000190734863,13.5,14.550000190734863,13.470000267028809,12.792145729064941
2017-07-06,3700,13.34000015258789,13.149999618530273,13.34000015258789,13.149999618530273,12.46049690246582
2017-07-05,6500,13.75,13.449999809265137,13.800000190734863,13.350000381469727,12.744767189025879
2017-07-03,700,13.899999618530273,13.899999618530273,13.899999618530273,13.899999618530273,13.171172142028809
2017-06-30,3400,13.550000190734863,13.449999809265137,13.550000190734863,13.300000190734863,12.744767189025879
2017-06-29,1300,13.420000076293945,13.449999809265137,13.449999809265137,13.420000076293945,12.744767189025879
2017-06-28,5300,13.449999809265137,13.550000190734863,13.600000381469727,13.199999809265137,12.839524269104004
2017-06-27,5900,13.449999809265137,13.399999618530273,13.550000190734863,13.100000381469727,12.697389602661133
2017-06-26,5400,13.449999809265137,13.550000190734863,13.649999618530273,13.300000190734863,12.839524269104004
2017-06-23,32000,13.350000381469727,13.699999809265137,13.800000190734863,13.0,12.981657981872559
2017-06-22,4000,13.25,13.300000190734863,13.449999809265137,13.25,12.602631568908691
2017-06-21,3000,13.399999618530273,13.100000381469727,13.399999618530273,13.100000381469727,12.413118362426758
2017-06-20,3000,13.449999809265137,13.399999618530273,13.550000190734863,13.350000381469727,12.697389602661133
2017-06-19,5000,13.449999809265137,13.550000190734863,13.819999694824219,13.449999809265137,12.839524269104004
2017-06-16,17800,13.199999809265137,13.350000381469727,13.600000381469727,13.149999618530273,12.65001106262207
2017-06-15,13800,13.5,13.5,13.680000305175781,13.40999984741211,12.792145729064941
2017-06-14,18200,13.5,13.5,13.600000381469727,13.399999618530273,12.792145729064941
2017-06-13,19600,13.5,13.5,13.649999618530273,13.350000381469727,12.792145729064941
2017-06-12,4900,13.149999618530273,13.399999618530273,13.699999809265137,13.100000381469727,12.697389602661133
2017-06-09,5500,13.25,13.100000381469727,13.25,12.949999809265137,12.413118362426758
2017-06-08,2800,12.579999923706055,13.300000190734863,13.350000381469727,12.579999923706055,12.488924026489258
2017-06-07,3000,13.25,12.949999809265137,13.25,12.800000190734863,12.160268783569336
2017-06-06,2800,13.300000190734863,13.100000381469727,13.300000190734863,12.850000381469727,12.30112075805664
2017-06-05,4700,13.5,13.5,13.649999618530273,12.699999809265137,12.676728248596191
2017-06-02,3800,12.550000190734863,13.399999618530273,13.550000190734863,12.550000190734863,12.582826614379883
2017-06-01,10800,12.5,12.449999809265137,12.600000381469727,12.449999809265137,11.690760612487793
2017-05-31,7600,12.050000190734863,12.25,12.25,11.850000381469727,11.502957344055176
2017-05-30,2000,11.949999809265137,12.0,12.199999809265137,11.949999809265137,11.268203735351562
2017-05-26,11900,11.899999618530273,11.949999809265137,12.050000190734863,11.899999618530273,11.221250534057617
2017-05-25,3800,12.25,12.149999618530273,12.25,12.0,11.40905475616455
2017-05-24,3200,12.25,12.199999809265137,12.25,12.100000381469727,11.456006050109863
2017-05-23,5200,12.800000190734863,12.149999618530273,12.800000190734863,12.100000381469727,11.40905475616455
2017-05-22,4500,12.350000381469727,12.300000190734863,12.399999618530273,12.149999618530273,11.549909591674805
2017-05-19,7100,12.449999809265137,12.199999809265137,12.5,12.0,11.456006050109863
2017-05-18,5600,13.300000190734863,12.5,13.300000190734863,12.5,11.737711906433105
2017-05-17,9200,13.0,12.800000190734863,13.0,12.699999809265137,12.019416809082031
2017-05-16,3800,13.0,13.0,13.0,12.770000457763672,12.207221031188965
2017-05-15,8200,13.279999732971191,13.0,13.279999732971191,12.880000114440918,12.207221031188965
2017-05-12,4300,13.0,13.100000381469727,13.149999618530273,13.0,12.30112075805664
2017-05-11,6000,13.100000381469727,13.100000381469727,13.100000381469727,12.90999984741211,12.30112075805664
2017-05-10,6200,13.0,13.100000381469727,13.199999809265137,13.0,12.30112075805664
2017-05-09,4200,13.300000190734863,13.25,13.550000190734863,13.100000381469727,12.441973686218262
2017-05-08,8100,12.949999809265137,13.300000190734863,13.300000190734863,12.949999809265137,12.488924026489258
2017-05-05,17400,12.0,12.600000381469727,12.600000381469727,12.0,11.831613540649414
2017-05-04,3100,13.5,13.050000190734863,13.5,12.800000190734863,12.254170417785645
2017-05-03,6700,13.199999809265137,12.899999618530273,13.300000190734863,12.510000228881836,12.113317489624023
2017-05-02,4300,13.5,13.300000190734863,13.550000190734863,13.149999618530273,12.488924026489258
2017-05-01,900,13.899999618530273,13.899999618530273,13.899999618530273,13.899999618530273,13.052334785461426
2017-04-28,7900,14.100000381469727,13.649999618530273,14.100000381469727,13.25,12.817580223083496
2017-04-27,4700,13.699999809265137,13.600000381469727,13.75,13.449999809265137,12.7706298828125
2017-04-26,5800,13.529999732971191,13.649999618530273,13.75,13.25,12.817580223083496
2017-04-25,7600,13.600000381469727,13.600000381469727,13.75,13.449999809265137,12.7706298828125
2017-04-24,11000,13.699999809265137,13.699999809265137,13.899999618530273,13.350000381469727,12.864530563354492
2017-04-21,8600,13.199999809265137,13.649999618530273,13.800000190734863,13.199999809265137,12.817580223083496
2017-04-20,14100,13.149999618530273,13.199999809265137,13.25,13.050000190734863,12.395023345947266
2017-04-19,7600,12.75,12.800000190734863,12.949999809265137,12.619999885559082,12.019416809082031
2017-04-18,15100,12.699999809265137,12.600000381469727,12.850000381469727,12.550000190734863,11.831613540649414
2017-04-17,8500,12.050000190734863,12.600000381469727,12.600000381469727,12.039999961853027,11.831613540649414
2017-04-13,8400,12.5,12.050000190734863,12.5,12.039999961853027,11.315154075622559
2017-04-12,7300,12.949999809265137,12.649999618530273,12.949999809265137,12.649999618530273,11.878562927246094
2017-04-11,14300,12.5,12.949999809265137,13.050000190734863,12.399999618530273,12.160268783569336
2017-04-10,8200,12.899999618530273,12.399999618530273,12.899999618530273,12.25,11.64380931854248
2017-04-07,12000,13.0,12.75,13.149999618530273,12.75,11.972465515136719
2017-04-06,12800,12.949999809265137,12.949999809265137,13.050000190734863,12.75,12.160268783569336
2017-04-05,8900,13.050000190734863,12.949999809265137,13.149999618530273,12.949999809265137,12.160268783569336
2017-04-04,12700,13.100000381469727,13.050000190734863,13.300000190734863,12.949999809265137,12.254170417785645
2017-04-03,19900,13.350000381469727,13.050000190734863,13.350000381469727,13.0,12.254170417785645
2017-03-31,22000,13.300000190734863,13.300000190734863,13.5,13.100000381469727,12.488924026489258
2017-03-30,14800,13.630000114440918,13.350000381469727,13.630000114440918,13.149999618530273,12.53587532043457
2017-03-29,4200,13.300000190734863,13.300000190734863,13.449999809265137,13.199999809265137,12.488924026489258
2017-03-28,7900,13.199999809265137,13.050000190734863,13.399999618530273,13.0,12.254170417785645
2017-03-27,2100,13.5,13.350000381469727,13.5,13.279999732971191,12.53587532043457
2017-03-24,2600,14.149999618530273,13.5,14.149999618530273,13.5,12.676728248596191
2017-03-23,8900,13.1899995803833,13.850000381469727,14.100000381469727,13.149999618530273,13.00538444519043
2017-03-22,9800,13.350000381469727,13.050000190734863,13.350000381469727,12.899999618530273,12.254170417785645
2017-03-21,7100,14.100000381469727,13.199999809265137,14.100000381469727,13.199999809265137,12.395023345947266
2017-03-20,7900,14.25,13.649999618530273,14.25,13.5,12.817580223083496
2017-03-17,33800,14.0,13.800000190734863,14.0,13.699999809265137,12.958433151245117
2017-03-16,24900,13.550000190734863,13.949999809265137,14.0,13.550000190734863,13.099287033081055
2017-03-15,10600,13.300000190734863,13.850000381469727,13.850000381469727,13.300000190734863,13.00538444519043
2017-03-14,5200,13.0,13.100000381469727,13.199999809265137,12.979999542236328,12.30112075805664
2017-03-13,10000,12.800000190734863,13.149999618530273,13.25,12.600000381469727,12.348072052001953
2017-03-10,8600,13.119999885559082,12.75,13.789999961853027,12.75,11.972465515136719
2017-03-09,2400,13.449999809265137,13.399999618530273,13.899999618530273,13.399999618530273,12.582826614379883
2017-03-08,3100,13.920000076293945,13.550000190734863,14.029999732971191,13.550000190734863,12.723678588867188
2017-03-07,2900,13.899999618530273,13.899999618530273,14.300000190734863,13.899999618530273,12.939653396606445
2017-03-06,10000,14.5,13.949999809265137,14.5,13.75,12.986200332641602
2017-03-03,8600,14.050000190734863,13.75,14.050000190734863,13.729999542236328,12.800017356872559
2017-03-02,12600,13.6899995803833,13.949999809265137,14.050000190734863,13.600000381469727,12.986200332641602
2017-03-01,7400,13.350000381469727,13.600000381469727,13.729999542236328,13.350000381469727,12.660380363464355
2017-02-28,18000,13.949999809265137,13.350000381469727,13.949999809265137,13.149999618530273,12.427652359008789
2017-02-27,7000,14.100000381469727,13.949999809265137,14.100000381469727,13.949999809265137,12.986200332641602
2017-02-24,2000,14.0,13.899999618530273,14.029999732971191,13.899999618530273,12.939653396606445
2017-02-23,2500,13.899999618530273,13.850000381469727,13.899999618530273,13.649999618530273,12.893108367919922
2017-02-22,4600,14.149999618530273,13.75,14.149999618530273,13.609999656677246,12.800017356872559
2017-02-21,3200,13.930000305175781,14.0,14.0,13.880000114440918,13.032745361328125
2017-02-17,10300,14.0,14.149999618530273,14.199999809265137,13.760000228881836,13.172379493713379
2017-02-16,18100,13.75,13.930000305175781,14.199999809265137,13.300000190734863,12.967581748962402
2017-02-15,2400,13.949999809265137,14.079999923706055,14.079999923706055,13.859999656677246,13.107217788696289
2017-02-14,5700,13.899999618530273,14.050000190734863,14.100000381469727,13.899999618530273,13.079290390014648
2017-02-13,6500,14.0,14.050000190734863,14.100000381469727,13.850000381469727,13.079290390014648
2017-02-10,9200,14.149999618530273,13.949999809265137,14.300000190734863,13.850000381469727,12.986200332641602
2017-02-09,4500,13.550000190734863,13.949999809265137,13.949999809265137,13.550000190734863,12.986200332641602
2017-02-08,7800,14.220000267028809,13.850000381469727,14.5,13.850000381469727,12.893108367919922
2017-02-07,10500,14.100000381469727,14.199999809265137,14.25,14.050000190734863,13.218926429748535
2017-02-06,13500,14.0,14.100000381469727,14.199999809265137,14.0,13.125835418701172
2017-02-03,22600,13.850000381469727,13.800000190734863,13.899999618530273,13.470000267028809,12.846562385559082
2017-02-02,15100,13.699999809265137,13.449999809265137,13.800000190734863,13.229999542236328,12.520744323730469
2017-02-01,14000,13.850000381469727,13.5,13.949999809265137,13.449999809265137,12.567289352416992
2017-01-31,9500,13.899999618530273,13.899999618530273,14.0,13.850000381469727,12.939653396606445
2017-01-30,6800,13.850000381469727,13.850000381469727,13.899999618530273,13.850000381469727,12.893108367919922
2017-01-27,3900,14.050000190734863,13.899999618530273,14.050000190734863,13.850000381469727,12.939653396606445
2017-01-26,2700,13.869999885559082,14.0,14.050000190734863,13.869999885559082,13.032745361328125
2017-01-25,11600,14.149999618530273,14.199999809265137,14.25,14.050000190734863,13.218926429748535
2017-01-24,6900,13.100000381469727,14.100000381469727,14.25,13.100000381469727,13.125835418701172
2017-01-23,9100,13.300000190734863,13.399999618530273,13.449999809265137,13.100000381469727,12.474198341369629
2017-01-20,23600,13.350000381469727,13.199999809265137,13.399999618530273,13.0,12.288016319274902
2017-01-19,12200,14.050000190734863,13.399999618530273,14.100000381469727,13.350000381469727,12.474198341369629
2017-01-18,21700,13.949999809265137,14.050000190734863,14.149999618530273,13.899999618530273,13.079290390014648
2017-01-17,18000,14.149999618530273,14.0,14.149999618530273,13.850000381469727,13.032745361328125
2017-01-13,30100,14.050000190734863,14.149999618530273,14.199999809265137,13.979999542236328,13.172379493713379
2017-01-12,10900,13.850000381469727,14.100000381469727,14.25,13.850000381469727,13.125835418701172
2017-01-11,12400,13.100000381469727,13.800000190734863,13.949999809265137,13.100000381469727,12.846562385559082
2017-01-10,7000,13.199999809265137,13.199999809265137,13.300000190734863,13.149999618530273,12.288016319274902
2017-01-09,9200,12.949999809265137,13.100000381469727,13.399999618530273,12.949999809265137,12.194924354553223
2017-01-06,20200,13.149999618530273,13.199999809265137,13.399999618530273,12.829999923706055,12.288016319274902
2017-01-05,5500,13.100000381469727,13.050000190734863,13.199999809265137,12.850000381469727,12.1483793258667
2017-01-04,12300,13.300000190734863,13.100000381469727,13.300000190734863,13.0,12.194924354553223
2017-01-03,39500,13.300000190734863,13.199999809265137,13.300000190734863,13.050000190734863,12.288016319274902
2016-12-30,6200,12.899999618530273,13.149999618530273,13.449999809265137,12.899999618530273,12.241470336914062
2016-12-29,74300,13.300000190734863,13.149999618530273,13.300000190734863,13.100000381469727,12.241470336914062
2016-12-28,16500,13.050000190734863,13.050000190734863,13.350000381469727,12.800000190734863,12.1483793258667
2016-12-27,6500,13.25,13.100000381469727,13.25,13.0,12.194924354553223
2016-12-23,3900,13.399999618530273,13.199999809265137,13.399999618530273,13.199999809265137,12.288016319274902
2016-12-22,8200,13.199999809265137,13.199999809265137,13.300000190734863,13.0,12.288016319274902
2016-12-21,15300,13.149999618530273,13.100000381469727,13.25,12.949999809265137,12.194924354553223
2016-12-20,12100,12.899999618530273,13.100000381469727,13.300000190734863,12.850000381469727,12.194924354553223
2016-12-19,16500,13.199999809265137,13.149999618530273,13.300000190734863,13.010000228881836,12.241470336914062
2016-12-16,37800,13.25,13.149999618530273,13.550000190734863,13.149999618530273,12.241470336914062
2016-12-15,12100,12.800000190734863,13.25,13.350000381469727,12.800000190734863,12.334561347961426
2016-12-14,9900,13.350000381469727,13.300000190734863,13.350000381469727,13.300000190734863,12.38110637664795
2016-12-13,6000,13.649999618530273,13.449999809265137,13.649999618530273,13.350000381469727,12.520744323730469
2016-12-12,8600,13.649999618530273,13.399999618530273,13.649999618530273,13.300000190734863,12.474198341369629
2016-12-09,12400,13.649999618530273,13.600000381469727,13.680000305175781,13.399999618530273,12.660380363464355
2016-12-08,16500,13.680000305175781,13.600000381469727,13.699999809265137,13.5,12.660380363464355
2016-12-07,11100,12.770000457763672,13.300000190734863,13.430000305175781,12.770000457763672,12.38110637664795
2016-12-06,11900,13.050000190734863,13.300000190734863,13.300000190734863,13.050000190734863,12.269397735595703
2016-12-05,12100,13.050000190734863,13.300000190734863,13.300000190734863,13.050000190734863,12.269397735595703
2016-12-02,8300,13.300000190734863,13.050000190734863,13.399999618530273,13.050000190734863,12.038771629333496
2016-12-01,10400,13.399999618530273,13.300000190734863,13.449999809265137,13.25,12.269397735595703
2016-11-30,14000,13.550000190734863,13.399999618530273,13.550000190734863,13.399999618530273,12.361647605895996
2016-11-29,37800,13.25,13.449999809265137,13.5,13.25,12.407774925231934
2016-11-28,2800,13.300000190734863,13.350000381469727,13.449999809265137,13.300000190734863,12.315524101257324
2016-11-25,2600,12.119999885559082,13.449999809265137,13.5,12.119999885559082,12.407774925231934
2016-11-23,8300,13.100000381469727,13.449999809265137,13.649999618530273,13.100000381469727,12.407774925231934
2016-11-22,18500,13.0,13.050000190734863,13.25,13.0,12.038771629333496
2016-11-21,10400,13.0,12.949999809265137,13.0,12.899999618530273,11.946518898010254
2016-11-18,14200,13.25,13.0,13.25,12.449999809265137,11.992646217346191
2016-11-17,16800,13.199999809265137,13.149999618530273,13.199999809265137,12.859999656677246,12.131019592285156
2016-11-16,17900,13.100000381469727,13.199999809265137,13.350000381469727,13.0,12.177146911621094
2016-11-15,12900,13.100000381469727,12.949999809265137,13.25,12.850000381469727,11.946518898010254
2016-11-14,17500,13.850000381469727,13.550000190734863,13.850000381469727,12.949999809265137,12.500025749206543
2016-11-11,29200,12.399999618530273,13.399999618530273,13.800000190734863,12.399999618530273,12.361647605895996
2016-11-10,102100,11.75,12.699999809265137,12.75,11.75,11.715890884399414
2016-11-09,25800,11.399999618530273,11.649999618530273,11.649999618530273,11.399999618530273,10.74725341796875
2016-11-08,7500,11.350000381469727,11.449999809265137,11.449999809265137,11.149999618530273,10.562753677368164
2016-11-07,5400,11.350000381469727,11.449999809265137,11.449999809265137,11.300000190734863,10.562753677368164
2016-11-04,5200,11.199999809265137,11.199999809265137,11.649999618530273,11.130000114440918,10.332124710083008
2016-11-03,6400,11.149999618530273,11.100000381469727,11.25,11.069999694824219,10.239872932434082
2016-11-02,4100,11.930000305175781,11.149999618530273,11.930000305175781,11.149999618530273,10.285998344421387
2016-11-01,1400,11.399999618530273,11.399999618530273,11.399999618530273,11.399999618530273,10.516627311706543
2016-10-31,9300,11.25,11.550000190734863,11.850000381469727,11.25,10.65500259399414
2016-10-28,3400,11.300000190734863,11.149999618530273,11.350000381469727,11.100000381469727,10.285998344421387
2016-10-27,5400,11.300000190734863,11.149999618530273,11.300000190734863,11.100000381469727,10.285998344421387
2016-10-26,7900,11.300000190734863,11.300000190734863,11.449999809265137,11.300000190734863,10.424375534057617
2016-10-25,6500,11.4399995803833,11.300000190734863,11.649999618530273,11.300000190734863,10.424375534057617
2016-10-24,6100,11.5,11.399999618530273,11.5,11.300000190734863,10.516627311706543
2016-10-21,1200,11.350000381469727,11.5,11.75,11.350000381469727,10.60887622833252
2016-10-20,5500,11.619999885559082,11.5,11.649999618530273,11.300000190734863,10.60887622833252
2016-10-19,3200,12.350000381469727,11.600000381469727,12.350000381469727,11.5,10.701128959655762
2016-10-18,7200,11.550000190734863,11.5,11.899999618530273,11.300000190734863,10.60887622833252
2016-10-17,1200,11.699999809265137,11.699999809265137,11.75,11.680000305175781,10.793380737304688
2016-10-14,1800,11.899999618530273,11.8100004196167,11.899999618530273,11.8100004196167,10.894856452941895
2016-10-13,4000,11.699999809265137,11.859999656677246,11.9399995803833,11.6899995803833,10.940980911254883
2016-10-12,2100,11.800000190734863,11.859999656677246,11.859999656677246,11.729999542236328,10.940980911254883
2016-10-11,5300,11.770000457763672,11.760000228881836,11.770000457763672,11.739999771118164,10.84873104095459
2016-10-10,2800,11.710000038146973,11.720000267028809,11.720000267028809,11.600000381469727,10.8118314743042
2016-10-07,4200,11.720000267028809,11.529999732971191,11.720000267028809,11.449999809265137,10.636552810668945
2016-10-06,10100,11.680000305175781,11.649999618530273,11.75,11.630000114440918,10.74725341796875
2016-10-05,5800,11.539999961853027,11.850000381469727,11.890000343322754,11.539999961853027,10.931757926940918
2016-10-04,19700,11.489999771118164,11.739999771118164,11.829999923706055,11.4399995803833,10.830280303955078
2016-10-03,40300,11.680000305175781,11.59000015258789,11.729999542236328,11.270000457763672,10.691903114318848
2016-09-30,16800,11.630000114440918,11.869999885559082,12.010000228881836,11.600000381469727,10.950206756591797
2016-09-29,13700,11.8100004196167,11.600000381469727,11.8100004196167,11.5,10.701128959655762
2016-09-28,7800,11.619999885559082,11.760000228881836,11.84000015258789,11.619999885559082,10.84873104095459
2016-09-27,12400,11.789999961853027,11.680000305175781,11.899999618530273,11.609999656677246,10.774930953979492
2016-09-26,7900,11.989999771118164,11.819999694824219,12.029999732971191,11.800000190734863,10.904082298278809
2016-09-23,3700,11.899999618530273,11.9399995803833,12.0,11.899999618530273,11.014782905578613
2016-09-22,8500,11.829999923706055,12.079999923706055,12.130000114440918,11.829999923706055,11.143936157226562
2016-09-21,4400,11.899999618530273,11.920000076293945,12.100000381469727,11.829999923706055,10.996332168579102
2016-09-20,5400,12.039999961853027,11.989999771118164,12.039999961853027,11.949999809265137,11.060907363891602
2016-09-19,12400,11.970000267028809,12.050000190734863,12.270000457763672,11.970000267028809,11.116257667541504
2016-09-16,30200,12.279999732971191,12.1899995803833,12.380000114440918,11.949999809265137,11.24540901184082
2016-09-15,6600,12.380000114440918,12.239999771118164,12.510000228881836,11.9399995803833,11.291537284851074
2016-09-14,4400,12.140000343322754,12.130000114440918,12.270000457763672,12.130000114440918,11.190059661865234
2016-09-13,8500,12.029999732971191,12.029999732971191,12.390000343322754,11.789999961853027,11.097808837890625
2016-09-12,9500,11.8100004196167,12.239999771118164,12.25,11.779999732971191,11.291537284851074
2016-09-09,6100,11.949999809265137,11.880000114440918,12.079999923706055,11.869999885559082,10.959432601928711
2016-09-08,8200,12.050000190734863,12.15999984741211,12.25,11.770000457763672,11.217735290527344
2016-09-07,28900,12.399999618530273,12.069999694824219,12.550000190734863,11.989999771118164,11.134708404541016
2016-09-06,13900,12.460000038146973,12.4399995803833,12.630000114440918,12.430000305175781,11.365336418151855
2016-09-02,10200,12.460000038146973,12.5,12.600000381469727,12.369999885559082,11.420154571533203
2016-09-01,13900,12.640000343322754,12.470000267028809,12.640000343322754,12.010000228881836,11.392745018005371
2016-08-31,5400,12.010000228881836,12.390000343322754,12.59000015258789,12.010000228881836,11.319656372070312
2016-08-30,5600,12.300000190734863,12.4399995803833,12.59000015258789,12.289999961853027,11.365336418151855
2016-08-29,5900,12.289999961853027,12.359999656677246,12.539999961853027,12.289999961853027,11.292247772216797
2016-08-26,3800,12.449999809265137,12.380000114440918,12.640000343322754,12.380000114440918,11.31052017211914
2016-08-25,6700,12.40999984741211,12.489999771118164,12.539999961853027,12.359999656677246,11.411017417907715
2016-08-24,9400,12.880000114440918,12.25,12.880000114440918,12.210000038146973,11.191750526428223
2016-08-23,24600,12.34000015258789,12.359999656677246,12.569999694824219,12.25,11.292247772216797
2016-08-22,27600,11.770000457763672,12.380000114440918,12.420000076293945,11.770000457763672,11.31052017211914
2016-08-19,10800,11.979999542236328,11.989999771118164,12.0,11.699999809265137,10.95421028137207
2016-08-18,22000,11.529999732971191,11.960000038146973,12.069999694824219,11.529999732971191,10.926803588867188
2016-08-17,15400,11.630000114440918,11.619999885559082,11.800000190734863,11.59000015258789,10.616174697875977
2016-08-16,7700,11.899999618530273,11.729999542236328,11.979999542236328,11.699999809265137,10.71667194366455
2016-08-15,16200,12.0,11.970000267028809,12.050000190734863,11.920000076293945,10.93593978881836
2016-08-12,2800,11.949999809265137,11.979999542236328,11.989999771118164,11.899999618530273,10.945075988769531
2016-08-11,25700,12.050000190734863,11.949999809265137,12.079999923706055,11.949999809265137,10.917667388916016
2016-08-10,14400,12.149999618530273,12.039999961853027,12.319999694824219,11.800000190734863,10.999892234802246
2016-08-09,7300,12.229999542236328,12.170000076293945,12.279999732971191,12.109999656677246,11.11866283416748
2016-08-08,19900,12.350000381469727,12.319999694824219,12.649999618530273,12.199999809265137,11.255702018737793
2016-08-05,21200,12.619999885559082,12.229999542236328,12.630000114440918,12.130000114440918,11.173478126525879
2016-08-04,8500,12.149999618530273,12.270000457763672,12.430000305175781,12.149999618530273,11.210022926330566
2016-08-03,7700,11.899999618530273,12.260000228881836,12.270000457763672,11.800000190734863,11.200886726379395
2016-08-02,10900,12.09000015258789,11.920000076293945,12.199999809265137,11.899999618530273,10.890257835388184
2016-08-01,14200,12.09000015258789,12.0600004196167,12.149999618530273,11.960000038146973,11.01816463470459
2016-07-29,26200,12.109999656677246,12.149999618530273,12.300000190734863,12.069999694824219,11.100388526916504
2016-07-28,14900,12.229999542236328,12.130000114440918,12.270000457763672,12.069999694824219,11.08211612701416
2016-07-27,15800,12.220000267028809,12.270000457763672,12.270000457763672,12.0600004196167,11.210022926330566
2016-07-26,10000,12.170000076293945,12.260000228881836,12.3100004196167,12.119999885559082,11.200886726379395
2016-07-25,22200,12.100000381469727,12.210000038146973,12.270000457763672,12.039999961853027,11.155207633972168
2016-07-22,10700,12.220000267028809,12.1899995803833,12.300000190734863,12.100000381469727,11.136933326721191
2016-07-21,7900,12.199999809265137,12.210000038146973,12.270000457763672,12.100000381469727,11.155207633972168
2016-07-20,26600,12.279999732971191,12.279999732971191,12.40999984741211,12.029999732971191,11.219158172607422
2016-07-19,31100,12.220000267028809,12.270000457763672,12.5,12.109999656677246,11.210022926330566
2016-07-18,15200,12.1899995803833,12.329999923706055,12.479999542236328,12.039999961853027,11.264840126037598
2016-07-15,23300,12.079999923706055,12.260000228881836,12.289999961853027,11.8100004196167,11.200886726379395
2016-07-14,39100,12.65999984741211,12.010000228881836,12.65999984741211,11.779999732971191,10.97248363494873
2016-07-13,25600,12.229999542236328,12.380000114440918,12.5600004196167,11.529999732971191,11.31052017211914
2016-07-12,51000,12.029999732971191,12.260000228881836,12.520000457763672,11.9399995803833,11.200886726379395
2016-07-11,89900,12.020000457763672,11.9399995803833,12.020000457763672,11.8100004196167,10.908531188964844
2016-07-08,41100,11.90999984741211,12.020000457763672,12.09000015258789,11.600000381469727,10.981620788574219
2016-07-07,34100,11.779999732971191,11.729999542236328,11.789999961853027,11.539999961853027,10.71667194366455
2016-07-06,34500,11.880000114440918,11.729999542236328,11.949999809265137,11.619999885559082,10.71667194366455
2016-07-05,40300,12.350000381469727,11.84000015258789,12.350000381469727,11.800000190734863,10.817171096801758
2016-07-01,26200,12.149999618530273,12.289999961853027,12.529999732971191,12.119999885559082,11.22829532623291
2016-06-30,31000,12.140000343322754,12.239999771118164,12.350000381469727,12.119999885559082,11.182616233825684
2016-06-29,17500,12.229999542236328,12.180000305175781,12.430000305175781,12.09000015258789,11.127798080444336
2016-06-28,17500,12.270000457763672,12.170000076293945,12.65999984741211,12.149999618530273,11.11866283416748
2016-06-27,31600,12.270000457763672,12.119999885559082,12.5,12.029999732971191,11.072980880737305
2016-06-24,624700,12.180000305175781,12.09000015258789,12.989999771118164,12.020000457763672,11.045574188232422
2016-06-23,38000,12.350000381469727,12.720000267028809,13.050000190734863,12.319999694824219,11.621149063110352
2016-06-22,25200,12.180000305175781,12.329999923706055,12.359999656677246,12.149999618530273,11.264840126037598
2016-06-21,24200,12.239999771118164,12.199999809265137,12.34000015258789,12.130000114440918,11.146068572998047
2016-06-20,19300,12.270000457763672,12.170000076293945,12.399999618530273,12.119999885559082,11.11866283416748
2016-06-17,13300,12.430000305175781,12.119999885559082,12.4399995803833,12.119999885559082,11.072980880737305
2016-06-16,14400,12.489999771118164,12.25,12.489999771118164,12.170000076293945,11.191750526428223
2016-06-15,11300,12.220000267028809,12.3100004196167,12.479999542236328,12.1899995803833,11.246567726135254
2016-06-14,7300,12.149999618530273,12.180000305175781,12.369999885559082,12.119999885559082,11.127798080444336
2016-06-13,10000,12.119999885559082,12.149999618530273,12.350000381469727,12.119999885559082,11.100388526916504
2016-06-10,7400,12.399999618530273,12.100000381469727,12.399999618530273,11.960000038146973,11.054708480834961
2016-06-09,6100,12.119999885559082,12.130000114440918,12.300000190734863,12.119999885559082,11.08211612701416
2016-06-08,10100,12.119999885559082,12.220000267028809,12.3100004196167,12.119999885559082,11.164341926574707
2016-06-07,23600,12.130000114440918,12.119999885559082,12.430000305175781,12.050000190734863,10.963348388671875
2016-06-06,9700,11.9399995803833,12.229999542236328,12.369999885559082,11.84000015258789,11.062849998474121
2016-06-03,27400,12.199999809265137,11.84000015258789,12.3100004196167,11.75,10.71006965637207
2016-06-02,7100,12.149999618530273,12.170000076293945,12.34000015258789,12.09000015258789,11.008577346801758
2016-06-01,24300,12.119999885559082,12.079999923706055,12.239999771118164,12.039999961853027,10.927165985107422
2016-05-31,11500,12.359999656677246,12.25,12.460000038146973,12.140000343322754,11.080941200256348
2016-05-27,10500,12.25,12.399999618530273,12.449999809265137,12.109999656677246,11.21662712097168
2016-05-26,8900,12.0,12.359999656677246,12.479999542236328,11.649999618530273,11.180442810058594
2016-05-25,11800,12.470000267028809,12.460000038146973,12.489999771118164,12.300000190734863,11.270898818969727
2016-05-24,9500,12.369999885559082,12.359999656677246,12.489999771118164,12.15999984741211,11.180442810058594
2016-05-23,14800,11.960000038146973,12.289999961853027,12.289999961853027,11.960000038146973,11.117124557495117
2016-05-20,18200,11.970000267028809,12.010000228881836,12.239999771118164,11.800000190734863,10.863844871520996
2016-05-19,9700,12.289999961853027,11.989999771118164,12.34000015258789,11.819999694824219,10.845752716064453
2016-05-18,6000,12.479999542236328,12.390000343322754,12.479999542236328,12.239999771118164,11.20758056640625
2016-05-17,6700,12.319999694824219,12.3100004196167,12.449999809265137,12.270000457763672,11.135215759277344
2016-05-16,14700,12.300000190734863,12.40999984741211,12.470000267028809,12.25,11.225671768188477
2016-05-13,35100,12.739999771118164,12.25,12.880000114440918,12.220000267028809,11.080941200256348
2016-05-12,19100,12.640000343322754,12.739999771118164,12.949999809265137,12.569999694824219,11.524179458618164
2016-05-11,14400,12.59000015258789,12.520000457763672,12.8100004196167,12.520000457763672,11.325174331665039
2016-05-10,12700,12.930000305175781,12.729999542236328,13.140000343322754,12.729999542236328,11.515132904052734
2016-05-09,40100,13.029999732971191,12.569999694824219,13.170000076293945,12.489999771118164,11.370402336120605
2016-05-06,9900,12.890000343322754,13.069999694824219,13.229999542236328,12.890000343322754,11.822685241699219
2016-05-05,9700,13.0,12.90999984741211,13.149999618530273,12.880000114440918,11.67795467376709
2016-05-04,20400,13.270000457763672,13.010000228881836,13.270000457763672,12.920000076293945,11.768411636352539
2016-05-03,21400,13.029999732971191,13.0,13.029999732971191,12.8100004196167,11.759366989135742
2016-05-02,23000,13.010000228881836,13.1899995803833,13.289999961853027,13.0,11.931233406066895
2016-04-29,6900,13.119999885559082,13.039999961853027,13.270000457763672,13.010000228881836,11.795548439025879
2016-04-28,22400,13.289999961853027,13.170000076293945,13.4399995803833,13.15999984741211,11.913143157958984
2016-04-27,15000,13.239999771118164,13.319999694824219,13.359999656677246,13.239999771118164,12.048827171325684
2016-04-26,13200,13.3100004196167,13.260000228881836,13.350000381469727,13.140000343322754,11.99455451965332
2016-04-25,13100,13.199999809265137,13.220000267028809,13.220000267028809,13.050000190734863,11.958372116088867
2016-04-22,21900,13.0600004196167,13.180000305175781,13.210000038146973,12.930000305175781,11.922187805175781
2016-04-21,18500,13.210000038146973,13.180000305175781,13.229999542236328,12.949999809265137,11.922187805175781
2016-04-20,24200,12.979999542236328,13.149999618530273,13.25,12.869999885559082,11.895051002502441
2016-04-19,36200,13.180000305175781,13.0,13.180000305175781,12.460000038146973,11.759366989135742
2016-04-18,26000,13.260000228881836,13.15999984741211,13.470000267028809,12.050000190734863,11.904096603393555
2016-04-15,15000,13.149999618530273,13.25,13.390000343322754,13.050000190734863,11.985507011413574
2016-04-14,18000,13.0,13.170000076293945,13.239999771118164,12.850000381469727,11.913143157958984
2016-04-13,24400,12.40999984741211,12.789999961853027,12.899999618530273,12.40999984741211,11.569408416748047
2016-04-12,21700,12.420000076293945,12.420000076293945,12.489999771118164,12.289999961853027,11.234718322753906
2016-04-11,35000,12.40999984741211,12.430000305175781,12.739999771118164,12.1899995803833,11.243762969970703
2016-04-08,9700,12.5,12.220000267028809,12.739999771118164,12.100000381469727,11.053804397583008
2016-04-07,102800,12.420000076293945,12.25,12.720000267028809,11.949999809265137,11.080941200256348
2016-04-06,27500,12.5,12.4399995803833,12.720000267028809,12.050000190734863,11.252808570861816
2016-04-05,34700,12.649999618530273,12.59000015258789,13.119999885559082,12.489999771118164,11.388494491577148
2016-04-04,31300,13.100000381469727,12.800000190734863,13.140000343322754,12.510000228881836,11.57845401763916
2016-04-01,53400,12.789999961853027,13.140000343322754,13.5600004196167,12.75,11.886005401611328
2016-03-31,10400,13.0600004196167,12.739999771118164,13.149999618530273,12.739999771118164,11.524179458618164
2016-03-30,19500,12.800000190734863,12.989999771118164,13.140000343322754,12.779999732971191,11.750321388244629
2016-03-29,12300,12.289999961853027,12.84000015258789,13.020000457763672,12.149999618530273,11.61463737487793
2016-03-28,29700,12.260000228881836,12.399999618530273,12.449999809265137,12.260000228881836,11.21662712097168
2016-03-24,15300,12.199999809265137,12.25,12.449999809265137,11.90999984741211,11.080941200256348
2016-03-23,5000,12.4399995803833,12.329999923706055,12.4399995803833,12.25,11.153307914733887
2016-03-22,11600,12.430000305175781,12.260000228881836,12.449999809265137,12.220000267028809,11.089985847473145
2016-03-21,19200,12.420000076293945,12.430000305175781,13.010000228881836,11.699999809265137,11.243762969970703
2016-03-18,57500,11.300000190734863,12.390000343322754,12.640000343322754,11.25,11.20758056640625
2016-03-17,21400,11.279999732971191,11.260000228881836,11.300000190734863,11.220000267028809,10.185420989990234
2016-03-16,8100,11.329999923706055,11.229999542236328,11.40999984741211,11.109999656677246,10.158282279968262
2016-03-15,9800,11.130000114440918,11.229999542236328,11.420000076293945,11.010000228881836,10.158282279968262
2016-03-14,34900,11.319999694824219,11.1899995803833,11.34000015258789,11.029999732971191,10.122099876403809
2016-03-11,2600,11.010000228881836,11.319999694824219,11.319999694824219,11.0,10.23969554901123
2016-03-10,12500,10.890000343322754,10.970000267028809,11.050000190734863,10.619999885559082,9.923097610473633
2016-03-09,6000,10.899999618530273,10.789999961853027,10.979999542236328,10.539999961853027,9.760272979736328
2016-03-08,7500,10.789999961853027,10.760000228881836,11.039999961853027,10.75,9.624588966369629
2016-03-07,25400,11.789999961853027,10.6899995803833,11.789999961853027,10.5600004196167,9.561975479125977
2016-03-04,13800,11.720000267028809,11.109999656677246,11.899999618530273,10.920000076293945,9.937657356262207
2016-03-03,13900,12.029999732971191,11.869999885559082,12.859999656677246,11.869999885559082,10.617459297180176
2016-03-02,11400,11.600000381469727,11.989999771118164,12.149999618530273,11.550000190734863,10.724797248840332
2016-03-01,76600,11.050000190734863,11.739999771118164,11.779999732971191,11.029999732971191,10.501178741455078
2016-02-29,11900,11.029999732971191,10.920000076293945,11.100000381469727,10.920000076293945,9.767705917358398
2016-02-26,14400,11.029999732971191,11.029999732971191,11.09000015258789,10.960000038146973,9.866098403930664
2016-02-25,22400,10.8100004196167,11.050000190734863,11.390000343322754,10.779999732971191,9.883988380432129
2016-02-24,7900,10.819999694824219,10.9399995803833,10.970000267028809,10.729999542236328,9.785594940185547
2016-02-23,4300,10.859999656677246,10.739999771118164,10.979999542236328,10.630000114440918,9.60669994354248
2016-02-22,10700,10.789999961853027,10.899999618530273,10.970000267028809,10.609999656677246,9.74981689453125
2016-02-19,5700,10.970000267028809,10.640000343322754,10.970000267028809,10.630000114440918,9.517251968383789
2016-02-18,2200,10.819999694824219,10.779999732971191,10.960000038146973,10.75,9.642478942871094
2016-02-17,3000,10.65999984741211,10.649999618530273,10.899999618530273,10.079999923706055,9.52619743347168
2016-02-16,1600,10.770000457763672,10.8100004196167,10.90999984741211,10.6899995803833,9.669313430786133
2016-02-12,16000,11.0,10.6899995803833,11.0,10.430000305175781,9.561975479125977
2016-02-11,3600,10.789999961853027,10.84000015258789,10.989999771118164,10.699999809265137,9.696146965026855
2016-02-10,4400,10.789999961853027,10.869999885559082,11.0,10.789999961853027,9.722982406616211
2016-02-09,16000,10.619999885559082,10.890000343322754,10.890000343322754,10.5,9.740870475769043
2016-02-08,10200,10.710000038146973,10.920000076293945,10.949999809265137,10.550000190734863,9.767705917358398
2016-02-05,1800,10.6899995803833,10.960000038146973,10.989999771118164,10.6899995803833,9.803484916687012
2016-02-04,2300,10.760000228881836,10.630000114440918,11.199999809265137,10.630000114440918,9.508307456970215
2016-02-03,10400,10.699999809265137,10.920000076293945,11.020000457763672,10.5,9.767705917358398
2016-02-02,21700,10.829999923706055,10.680000305175781,11.470000267028809,10.680000305175781,9.553031921386719
2016-02-01,16400,10.59000015258789,10.9399995803833,11.0,10.520000457763672,9.785594940185547
2016-01-29,23000,10.539999961853027,10.770000457763672,11.119999885559082,10.119999885559082,9.633535385131836
2016-01-28,27800,10.579999923706055,10.430000305175781,10.579999923706055,10.050000190734863,9.329411506652832
2016-01-27,9800,10.8100004196167,10.5,10.899999618530273,10.470000267028809,9.392024993896484
2016-01-26,17800,10.420000076293945,10.869999885559082,10.890000343322754,10.350000381469727,9.722982406616211
2016-01-25,12200,10.649999618530273,10.489999771118164,11.260000228881836,10.1899995803833,9.383079528808594
2016-01-22,8900,10.329999923706055,10.670000076293945,10.800000190734863,10.329999923706055,9.544088363647461
2016-01-21,18000,10.140000343322754,10.199999809265137,10.720000267028809,9.859999656677246,9.123682022094727
2016-01-20,12900,10.149999618530273,10.15999984741211,10.3100004196167,9.84000015258789,9.08790111541748
2016-01-19,7700,10.760000228881836,10.300000190734863,10.760000228881836,10.289999961853027,9.213129043579102
2016-01-15,8600,10.710000038146973,10.8100004196167,10.920000076293945,10.539999961853027,9.669313430786133
2016-01-14,16200,10.75,10.9399995803833,11.020000457763672,10.380000114440918,9.785594940185547
2016-01-13,11500,11.0,10.819999694824219,11.020000457763672,10.739999771118164,9.67825698852539
2016-01-12,8500,11.40999984741211,11.010000228881836,11.40999984741211,11.0,9.848207473754883
2016-01-11,33900,11.3100004196167,11.180000305175781,11.850000381469727,11.0,10.00027084350586
2016-01-08,13200,11.210000038146973,11.149999618530273,11.4399995803833,11.079999923706055,9.973434448242188
2016-01-07,89600,11.550000190734863,11.079999923706055,11.800000190734863,11.020000457763672,9.910821914672852
2016-01-06,29100,11.84000015258789,11.65999984741211,12.0,11.4399995803833,10.429620742797852
2016-01-05,7400,12.0,11.960000038146973,12.0,11.739999771118164,10.697964668273926
2016-01-04,212700,11.550000190734863,12.0,12.0,11.550000190734863,10.733742713928223
2015-12-31,61600,11.84000015258789,11.890000343322754,11.960000038146973,11.399999618530273,10.635350227355957
2015-12-30,16200,11.520000457763672,11.789999961853027,12.0,11.520000457763672,10.545903205871582
2015-12-29,23000,11.899999618530273,11.729999542236328,11.979999542236328,11.600000381469727,10.492232322692871
2015-12-28,18000,11.869999885559082,11.819999694824219,11.979999542236328,11.75,10.572736740112305
2015-12-24,13600,11.640000343322754,11.710000038146973,12.0,11.470000267028809,10.474345207214355
2015-12-23,44300,11.25,11.609999656677246,11.819999694824219,11.199999809265137,10.384897232055664
2015-12-22,61500,11.390000343322754,11.229999542236328,11.40999984741211,10.979999542236328,10.044992446899414
2015-12-21,25600,11.34000015258789,11.520000457763672,11.539999961853027,10.989999771118164,10.304394721984863
2015-12-18,42500,11.5,11.380000114440918,11.640000343322754,11.0,10.179165840148926
2015-12-17,7200,11.640000343322754,11.770000457763672,11.850000381469727,11.630000114440918,10.528014183044434
2015-12-16,9400,11.680000305175781,11.6899995803833,11.899999618530273,11.520000457763672,10.456454277038574
2015-12-15,14400,11.569999694824219,11.729999542236328,11.789999961853027,11.5,10.492232322692871
2015-12-14,24400,11.520000457763672,11.539999961853027,11.850000381469727,11.399999618530273,10.322281837463379
2015-12-11,31700,11.819999694824219,11.850000381469727,11.880000114440918,11.670000076293945,10.599570274353027
2015-12-10,15000,11.920000076293945,11.84000015258789,12.0,11.760000228881836,10.590627670288086
2015-12-09,5800,12.300000190734863,11.930000305175781,12.300000190734863,11.8100004196167,10.67112922668457
2015-12-08,6700,12.279999732971191,12.279999732971191,12.399999618530273,11.949999809265137,10.876858711242676
2015-12-07,8200,12.649999618530273,12.279999732971191,12.779999732971191,11.930000305175781,10.876858711242676
2015-12-04,65000,12.720000267028809,12.5600004196167,12.819999694824219,12.539999961853027,11.12486743927002
2015-12-03,18800,12.920000076293945,12.739999771118164,12.949999809265137,12.739999771118164,11.284297943115234
2015-12-02,2200,12.850000381469727,12.880000114440918,12.979999542236328,12.75,11.408302307128906
2015-12-01,5200,12.84000015258789,12.920000076293945,12.960000038146973,12.75,11.443732261657715
2015-11-30,23000,12.199999809265137,12.869999885559082,12.949999809265137,12.100000381469727,11.399445533752441
2015-11-27,16400,12.0600004196167,12.100000381469727,12.800000190734863,11.869999885559082,10.717427253723145
2015-11-25,17600,11.989999771118164,12.0,12.260000228881836,11.979999542236328,10.628852844238281
2015-11-24,8000,12.229999542236328,12.069999694824219,12.229999542236328,11.75,10.6908540725708
2015-11-23,32400,11.800000190734863,11.949999809265137,11.949999809265137,11.760000228881836,10.584564208984375
2015-11-20,4000,11.609999656677246,11.75,11.760000228881836,11.609999656677246,10.407417297363281
2015-11-19,62000,11.630000114440918,11.760000228881836,11.819999694824219,11.5600004196167,10.416275978088379
2015-11-18,2300,11.579999923706055,11.600000381469727,11.649999618530273,11.510000228881836,10.274558067321777
2015-11-17,4500,11.6899995803833,11.649999618530273,11.6899995803833,11.479999542236328,10.318845748901367
2015-11-16,13100,11.529999732971191,11.529999732971191,11.670000076293945,11.449999809265137,10.212555885314941
2015-11-13,7700,11.539999961853027,11.539999961853027,11.850000381469727,11.520000457763672,10.221413612365723
2015-11-12,32800,11.609999656677246,11.670000076293945,11.699999809265137,11.4399995803833,10.336557388305664
2015-11-11,10700,11.630000114440918,11.5600004196167,11.729999542236328,11.319999694824219,10.239129066467285
2015-11-10,2600,11.489999771118164,11.640000343322754,11.800000190734863,11.489999771118164,10.309988021850586
2015-11-09,20100,11.890000343322754,11.850000381469727,12.399999618530273,11.449999809265137,10.495992660522461
2015-11-06,14800,12.0,11.979999542236328,12.470000267028809,11.739999771118164,10.504849433898926
2015-11-05,21500,11.800000190734863,12.1899995803833,12.199999809265137,11.630000114440918,10.688989639282227
2015-11-04,10000,11.539999961853027,11.819999694824219,11.850000381469727,11.199999809265137,10.364551544189453
2015-11-03,19200,11.420000076293945,11.5,11.649999618530273,11.100000381469727,10.083954811096191
2015-11-02,12600,11.630000114440918,11.59000015258789,11.8100004196167,11.109999656677246,10.162872314453125
2015-10-30,15100,11.829999923706055,11.100000381469727,11.829999923706055,11.029999732971191,9.733206748962402
2015-10-29,29000,11.5,11.739999771118164,11.850000381469727,11.25,10.294403076171875
2015-10-28,74800,11.649999618530273,11.520000457763672,11.800000190734863,11.510000228881836,10.101493835449219
2015-10-27,41300,11.5,11.550000190734863,12.0600004196167,11.5,10.127796173095703
2015-10-26,3700,11.5,11.59000015258789,11.8100004196167,11.5,10.162872314453125
2015-10-23,15200,11.479999542236328,11.510000228881836,11.829999923706055,11.319999694824219,10.09272289276123
2015-10-22,5300,11.550000190734863,11.59000015258789,11.59000015258789,11.489999771118164,10.162872314453125
2015-10-21,21700,11.260000228881836,11.5,11.5,11.210000038146973,10.083954811096191
2015-10-20,38200,11.489999771118164,11.210000038146973,11.640000343322754,10.949999809265137,9.829663276672363
2015-10-19,5000,11.569999694824219,11.550000190734863,11.59000015258789,11.40999984741211,10.127796173095703
2015-10-16,13100,11.5,11.5,11.729999542236328,11.199999809265137,10.083954811096191
2015-10-15,58100,11.420000076293945,11.420000076293945,11.600000381469727,11.100000381469727,10.013803482055664
2015-10-14,7200,11.470000267028809,11.390000343322754,11.579999923706055,11.180000305175781,9.98749828338623
2015-10-13,11900,11.25,11.369999885559082,11.630000114440918,11.180000305175781,9.969963073730469
2015-10-12,56200,11.15999984741211,11.420000076293945,11.4399995803833,10.739999771118164,10.013803482055664
2015-10-09,23900,11.029999732971191,11.140000343322754,11.399999618530273,10.949999809265137,9.768282890319824
2015-10-08,21800,10.75,10.9399995803833,11.279999732971191,10.75,9.592909812927246
2015-10-07,30400,11.229999542236328,10.979999542236328,11.5,10.859999656677246,9.627983093261719
2015-10-06,11600,11.319999694824219,11.170000076293945,11.319999694824219,10.930000305175781,9.794588088989258
2015-10-05,11800,11.119999885559082,11.300000190734863,11.390000343322754,11.119999885559082,9.90857982635498
2015-10-02,25700,10.699999809265137,10.960000038146973,11.079999923706055,10.699999809265137,9.610445976257324
2015-10-01,27700,10.850000381469727,11.020000457763672,11.130000114440918,10.850000381469727,9.663060188293457
2015-09-30,63600,10.930000305175781,10.8100004196167,11.100000381469727,10.600000381469727,9.47891616821289
2015-09-29,6900,10.979999542236328,10.640000343322754,10.979999542236328,10.600000381469727,9.329851150512695
2015-09-28,32500,11.199999809265137,10.609999656677246,11.199999809265137,10.5,9.303544044494629
2015-09-25,5400,10.90999984741211,10.8100004196167,11.100000381469727,10.729999542236328,9.47891616821289
2015-09-24,77400,10.8100004196167,11.140000343322754,11.140000343322754,10.579999923706055,9.768282890319824
2015-09-23,18000,10.1899995803833,10.979999542236328,11.199999809265137,10.1899995803833,9.627983093261719
2015-09-22,27100,11.010000228881836,10.890000343322754,11.300000190734863,10.850000381469727,9.549066543579102
2015-09-21,7500,11.4399995803833,11.050000190734863,11.4399995803833,11.010000228881836,9.689366340637207
2015-09-18,59900,11.350000381469727,11.210000038146973,11.449999809265137,11.210000038146973,9.829663276672363
2015-09-17,18800,11.579999923706055,11.399999618530273,11.59000015258789,11.359999656677246,9.996267318725586
2015-09-16,6500,11.449999809265137,11.4399995803833,11.520000457763672,11.350000381469727,10.031343460083008
2015-09-15,6300,11.369999885559082,11.4399995803833,11.449999809265137,11.170000076293945,10.031343460083008
2015-09-14,3900,11.300000190734863,11.449999809265137,11.449999809265137,11.279999732971191,10.04011058807373
2015-09-11,8100,11.229999542236328,11.34000015258789,11.34000015258789,10.880000114440918,9.94365406036377
2015-09-10,24500,11.380000114440918,11.25,11.979999542236328,11.100000381469727,9.864737510681152
2015-09-09,19900,11.329999923706055,11.5,11.970000267028809,11.149999618530273,10.083954811096191
2015-09-08,33400,11.819999694824219,11.479999542236328,11.970000267028809,11.0,9.961193084716797
2015-09-04,2400,11.6899995803833,11.699999809265137,11.699999809265137,11.670000076293945,10.15208625793457
2015-09-03,5600,11.8100004196167,11.649999618530273,11.920000076293945,11.579999923706055,10.108702659606934
2015-09-02,23200,11.420000076293945,11.600000381469727,11.829999923706055,11.40999984741211,10.065317153930664
2015-09-01,26000,11.619999885559082,11.3100004196167,11.989999771118164,11.260000228881836,9.813684463500977
2015-08-31,36800,11.800000190734863,11.770000457763672,12.0,11.289999961853027,10.2128267288208
2015-08-28,9300,11.819999694824219,11.630000114440918,11.869999885559082,11.630000114440918,10.091347694396973
2015-08-27,20000,11.470000267028809,11.850000381469727,11.960000038146973,11.390000343322754,10.282240867614746
2015-08-26,12200,12.010000228881836,11.529999732971191,12.100000381469727,11.210000038146973,10.00457763671875
2015-08-25,34000,12.0,11.5600004196167,12.100000381469727,11.449999809265137,10.030608177185059
2015-08-24,51400,12.0,11.739999771118164,12.0,11.010000228881836,10.186795234680176
2015-08-21,76700,12.890000343322754,12.149999618530273,12.989999771118164,12.029999732971191,10.54255199432373
2015-08-20,15800,12.970000267028809,12.779999732971191,13.050000190734863,12.630000114440918,11.089201927185059
2015-08-19,13500,13.140000343322754,12.770000457763672,13.5,12.670000076293945,11.080526351928711
2015-08-18,53200,12.970000267028809,13.25,13.710000038146973,12.5,11.497021675109863
2015-08-17,14200,13.800000190734863,12.869999885559082,13.800000190734863,12.699999809265137,11.167295455932617
2015-08-14,12700,13.4399995803833,13.399999618530273,13.479999542236328,13.010000228881836,11.627176284790039
2015-08-13,7400,13.350000381469727,13.399999618530273,13.579999923706055,13.210000038146973,11.627176284790039
2015-08-12,16900,13.770000457763672,13.579999923706055,13.9399995803833,13.0,11.78336238861084
2015-08-11,25300,13.84000015258789,13.569999694824219,13.850000381469727,13.569999694824219,11.77468490600586
2015-08-10,26900,13.800000190734863,13.90999984741211,13.930000305175781,13.760000228881836,12.0697021484375
2015-08-07,11000,13.789999961853027,13.779999732971191,13.890000343322754,13.479999542236328,11.956901550292969
2015-08-06,10800,13.489999771118164,13.270000457763672,13.489999771118164,13.149999618530273,11.514373779296875
2015-08-05,15300,13.130000114440918,13.229999542236328,13.3100004196167,13.130000114440918,11.479665756225586
2015-08-04,12600,13.140000343322754,13.109999656677246,13.920000076293945,12.819999694824219,11.375542640686035
2015-08-03,28600,12.399999618530273,13.180000305175781,13.180000305175781,12.34000015258789,11.436281204223633
2015-07-31,8000,12.390000343322754,12.329999923706055,12.460000038146973,12.199999809265137,10.698736190795898
2015-07-30,13400,11.930000305175781,12.300000190734863,12.34000015258789,11.930000305175781,10.672706604003906
2015-07-29,43400,11.9399995803833,12.079999923706055,12.220000267028809,11.899999618530273,10.481813430786133
2015-07-28,37100,11.829999923706055,11.829999923706055,12.0600004196167,10.819999694824219,10.264886856079102
2015-07-27,14700,11.5,11.579999923706055,11.699999809265137,11.199999809265137,10.047962188720703
2015-07-24,38400,11.779999732971191,11.470000267028809,12.100000381469727,11.460000038146973,9.9525146484375
2015-07-23,21500,12.119999885559082,11.829999923706055,12.119999885559082,11.75,10.264886856079102
2015-07-22,15500,12.069999694824219,12.119999885559082,12.149999618530273,11.770000457763672,10.516519546508789
2015-07-21,35900,12.279999732971191,12.0600004196167,12.539999961853027,11.930000305175781,10.464458465576172
2015-07-20,80200,12.720000267028809,12.260000228881836,13.600000381469727,12.229999542236328,10.637998580932617
2015-07-17,21600,12.949999809265137,12.850000381469727,13.0,12.619999885559082,11.149942398071289
2015-07-16,18400,12.930000305175781,12.970000267028809,13.329999923706055,12.800000190734863,11.25406551361084
2015-07-15,35400,12.920000076293945,12.979999542236328,12.979999542236328,12.520000457763672,11.262741088867188
2015-07-14,31500,12.970000267028809,12.8100004196167,13.5600004196167,12.59000015258789,11.115232467651367
2015-07-13,13300,13.069999694824219,13.069999694824219,13.34000015258789,12.729999542236328,11.340835571289062
2015-07-10,23600,13.020000457763672,12.979999542236328,13.1899995803833,12.630000114440918,11.262741088867188
2015-07-09,14300,12.829999923706055,12.880000114440918,13.039999961853027,12.649999618530273,11.175971984863281
2015-07-08,20000,13.050000190734863,12.829999923706055,13.050000190734863,12.550000190734863,11.132587432861328
2015-07-07,27300,12.760000228881836,12.8100004196167,13.050000190734863,12.5600004196167,11.115232467651367
2015-07-06,84500,13.25,12.789999961853027,13.710000038146973,12.579999923706055,11.097879409790039
2015-07-02,20800,14.229999542236328,13.420000076293945,14.300000190734863,13.420000076293945,11.644530296325684
2015-07-01,13600,14.90999984741211,14.3100004196167,14.90999984741211,14.270000457763672,12.41678524017334
2015-06-30,21300,14.369999885559082,14.0600004196167,14.369999885559082,13.90999984741211,12.199857711791992
2015-06-29,25700,14.5600004196167,14.199999809265137,14.65999984741211,14.180000305175781,12.321335792541504
2015-06-26,760500,14.229999542236328,14.5,14.600000381469727,14.199999809265137,12.581646919250488
2015-06-25,28500,13.930000305175781,14.15999984741211,14.329999923706055,13.869999885559082,12.286627769470215
2015-06-24,28200,13.859999656677246,13.979999542236328,13.989999771118164,13.859999656677246,12.13044261932373
2015-06-23,17500,13.90999984741211,13.970000267028809,13.989999771118164,13.880000114440918,12.12176513671875
2015-06-22,29200,13.850000381469727,13.970000267028809,14.149999618530273,13.850000381469727,12.12176513671875
2015-06-19,79400,12.979999542236328,13.989999771118164,14.109999656677246,12.850000381469727,12.139118194580078
2015-06-18,25100,12.890000343322754,12.9399995803833,13.050000190734863,12.850000381469727,11.228034973144531
2015-06-17,41000,12.9399995803833,13.020000457763672,13.100000381469727,12.8100004196167,11.29745101928711
2015-06-16,21800,12.850000381469727,13.029999732971191,13.09000015258789,12.770000457763672,11.30612564086914
2015-06-15,28400,12.869999885559082,12.920000076293945,13.09000015258789,12.5600004196167,11.210680961608887
2015-06-12,25400,12.989999771118164,12.899999618530273,13.039999961853027,12.880000114440918,11.193325996398926
2015-06-11,17400,12.949999809265137,12.970000267028809,13.0600004196167,12.819999694824219,11.25406551361084
2015-06-10,32600,12.9399995803833,12.90999984741211,13.100000381469727,12.800000190734863,11.20200252532959
2015-06-09,22600,13.1899995803833,12.9399995803833,13.319999694824219,12.770000457763672,11.123909950256348
2015-06-08,23300,13.1899995803833,13.100000381469727,13.260000228881836,12.899999618530273,11.261453628540039
2015-06-05,20500,13.15999984741211,13.100000381469727,13.34000015258789,12.989999771118164,11.261453628540039
2015-06-04,53300,13.029999732971191,13.119999885559082,13.15999984741211,12.770000457763672,11.278648376464844
2015-06-03,65700,12.8100004196167,12.979999542236328,13.199999809265137,12.800000190734863,11.158295631408691
2015-06-02,40000,12.789999961853027,12.949999809265137,13.050000190734863,12.779999732971191,11.132506370544434
2015-06-01,55400,13.300000190734863,12.789999961853027,13.300000190734863,12.6899995803833,10.994961738586426
2015-05-29,43100,13.0,13.0,13.100000381469727,12.989999771118164,11.175488471984863
2015-05-28,48100,13.329999923706055,13.050000190734863,13.329999923706055,13.050000190734863,11.21847152709961
2015-05-27,26500,13.1899995803833,13.0600004196167,13.329999923706055,13.029999732971191,11.227068901062012
2015-05-26,34400,13.199999809265137,13.210000038146973,13.479999542236328,13.010000228881836,11.356016159057617
2015-05-22,26200,13.229999542236328,13.3100004196167,13.420000076293945,13.09000015258789,11.441981315612793
2015-05-21,35500,13.109999656677246,13.319999694824219,13.430000305175781,13.069999694824219,11.450579643249512
2015-05-20,15700,13.420000076293945,13.380000114440918,13.420000076293945,13.210000038146973,11.502155303955078
2015-05-19,51600,13.300000190734863,13.279999732971191,13.329999923706055,13.010000228881836,11.416191101074219
2015-05-18,48700,13.529999732971191,13.449999809265137,13.760000228881836,12.720000267028809,11.562333106994629
2015-05-15,45800,14.0,13.449999809265137,14.0,13.399999618530273,11.562333106994629
2015-05-14,61500,14.130000114440918,14.0,14.170000076293945,13.880000114440918,12.035141944885254
2015-05-13,30600,14.260000228881836,14.15999984741211,14.399999618530273,14.149999618530273,12.172686576843262
2015-05-12,25800,14.3100004196167,14.579999923706055,14.65999984741211,14.140000343322754,12.53374195098877
2015-05-11,38600,14.460000038146973,14.40999984741211,14.84000015258789,14.0600004196167,12.38759994506836
2015-05-08,25300,15.90999984741211,15.0600004196167,15.90999984741211,15.050000190734863,12.946372985839844
2015-05-07,12000,15.300000190734863,15.680000305175781,15.789999961853027,15.300000190734863,13.47935962677002
2015-05-06,11200,15.569999694824219,15.460000038146973,15.569999694824219,15.279999732971191,13.290234565734863
2015-05-05,24500,15.369999885559082,15.369999885559082,15.649999618530273,15.130000114440918,13.21286678314209
2015-05-04,10300,15.260000228881836,15.510000228881836,15.670000076293945,15.229999542236328,13.333220481872559
2015-05-01,13000,15.640000343322754,15.350000381469727,15.65999984741211,15.109999656677246,13.19567584991455
2015-04-30,24600,15.720000267028809,15.59000015258789,15.90999984741211,15.5,13.40199089050293
2015-04-29,9300,15.960000038146973,15.800000190734863,15.960000038146973,15.569999694824219,13.58251667022705
2015-04-28,18000,15.270000457763672,15.90999984741211,16.09000015258789,15.25,13.677080154418945
2015-04-27,14700,15.399999618530273,15.329999923706055,15.5,15.239999771118164,13.17848014831543
2015-04-24,6300,15.460000038146973,15.510000228881836,15.510000228881836,15.199999809265137,13.333220481872559
2015-04-23,15800,15.350000381469727,15.479999542236328,15.579999923706055,15.09000015258789,13.307428359985352
2015-04-22,10200,15.899999618530273,15.460000038146973,15.960000038146973,15.359999656677246,13.290234565734863
2015-04-21,5800,15.869999885559082,15.960000038146973,16.139999389648438,15.869999885559082,13.720061302185059
2015-04-20,8400,15.470000267028809,15.869999885559082,16.0,15.470000267028809,13.642692565917969
2015-04-17,21000,15.460000038146973,15.329999923706055,15.5600004196167,15.180000305175781,13.17848014831543
2015-04-16,24800,15.069999694824219,15.579999923706055,15.640000343322754,15.0600004196167,13.393394470214844
2015-04-15,102400,14.930000305175781,14.949999809265137,15.0,14.649999618530273,12.851812362670898
2015-04-14,16000,14.520000457763672,14.779999732971191,14.949999809265137,14.520000457763672,12.705669403076172
2015-04-13,9000,14.890000343322754,14.850000381469727,14.989999771118164,14.800000190734863,12.765847206115723
2015-04-10,13900,14.869999885559082,14.829999923706055,14.979999542236328,14.760000228881836,12.748655319213867
2015-04-09,14500,14.880000114440918,14.880000114440918,14.989999771118164,14.600000381469727,12.791635513305664
2015-04-08,20400,15.0,14.899999618530273,15.0,14.850000381469727,12.808828353881836
2015-04-07,20600,14.84000015258789,14.960000038146973,15.0,14.720000267028809,12.860410690307617
2015-04-06,33000,14.59000015258789,14.850000381469727,14.850000381469727,14.470000267028809,12.765847206115723
2015-04-02,22800,14.34000015258789,14.449999809265137,14.619999885559082,14.170000076293945,12.421987533569336
2015-04-01,16100,14.300000190734863,14.420000076293945,14.5,14.180000305175781,12.396195411682129
2015-03-31,24100,14.100000381469727,14.25,14.489999771118164,14.020000457763672,12.250056266784668
2015-03-30,12400,14.329999923706055,14.260000228881836,14.510000228881836,13.970000267028809,12.258651733398438
2015-03-27,18700,14.109999656677246,14.199999809265137,14.350000381469727,14.0,12.207073211669922
2015-03-26,43700,14.350000381469727,14.050000190734863,14.350000381469727,13.989999771118164,12.078125
2015-03-25,17300,14.600000381469727,14.420000076293945,14.649999618530273,14.329999923706055,12.396195411682129
2015-03-24,10400,14.399999618530273,14.609999656677246,14.800000190734863,14.3100004196167,12.559529304504395
2015-03-23,8200,14.25,14.319999694824219,14.390000343322754,14.1899995803833,12.31023120880127
2015-03-20,45600,14.020000457763672,14.380000114440918,14.520000457763672,13.989999771118164,12.361808776855469
2015-03-19,20700,14.079999923706055,13.970000267028809,14.199999809265137,13.9399995803833,12.009352684020996
2015-03-18,4900,14.100000381469727,14.170000076293945,14.199999809265137,14.100000381469727,12.181281089782715
2015-03-17,20700,13.850000381469727,14.109999656677246,14.180000305175781,13.850000381469727,12.129704475402832
2015-03-16,32200,13.729999542236328,14.149999618530273,14.399999618530273,13.529999732971191,12.164088249206543
2015-03-13,159400,13.5,13.729999542236328,14.0,13.5,11.803035736083984
2015-03-12,11000,13.720000267028809,13.710000038146973,13.729999542236328,13.5600004196167,11.785842895507812
2015-03-11,13000,13.699999809265137,13.329999923706055,13.739999771118164,13.3100004196167,11.459175109863281
2015-03-10,21400,13.550000190734863,13.569999694824219,13.699999809265137,13.380000114440918,11.562333106994629
2015-03-09,12200,13.520000457763672,13.640000343322754,13.899999618530273,13.199999809265137,11.621975898742676
2015-03-06,17300,13.710000038146973,13.449999809265137,13.829999923706055,13.420000076293945,11.46008586883545
2015-03-05,5900,14.069999694824219,13.850000381469727,14.899999618530273,13.829999923706055,11.800909042358398
2015-03-04,9300,13.850000381469727,13.949999809265137,14.1899995803833,13.119999885559082,11.886112213134766
2015-03-03,7700,13.979999542236328,13.970000267028809,14.130000114440918,13.930000305175781,11.903153419494629
2015-03-02,23600,14.069999694824219,14.09000015258789,14.180000305175781,13.899999618530273,12.005398750305176
2015-02-27,14800,14.050000190734863,13.970000267028809,14.180000305175781,13.949999809265137,11.903153419494629
2015-02-26,10900,14.329999923706055,14.050000190734863,14.329999923706055,14.050000190734863,11.971317291259766
2015-02-25,10300,14.170000076293945,14.069999694824219,14.359999656677246,13.949999809265137,11.988358497619629
2015-02-24,5300,14.130000114440918,14.100000381469727,14.380000114440918,14.0600004196167,12.013921737670898
2015-02-23,58200,14.020000457763672,14.0600004196167,14.130000114440918,14.0,11.979838371276855
2015-02-20,9200,14.130000114440918,14.020000457763672,14.369999885559082,14.0,11.945755958557129
2015-02-19,3800,14.109999656677246,14.039999961853027,14.210000038146973,14.0,11.962796211242676
2015-02-18,7600,14.149999618530273,14.149999618530273,14.289999961853027,14.010000228881836,12.056522369384766
2015-02-17,2600,14.470000267028809,14.470000267028809,14.600000381469727,14.239999771118164,12.329180717468262
2015-02-13,31600,14.140000343322754,14.630000114440918,14.770000457763672,13.899999618530273,12.465507507324219
2015-02-12,12800,14.029999732971191,14.199999809265137,14.270000457763672,14.0,12.099125862121582
2015-02-11,6700,14.34000015258789,14.0,14.34000015258789,14.0,11.928716659545898
2015-02-10,6300,14.430000305175781,14.319999694824219,14.630000114440918,14.09000015258789,12.201371192932129
2015-02-09,8100,14.069999694824219,14.25,14.529999732971191,14.069999694824219,12.141729354858398
2015-02-06,33500,14.399999618530273,14.220000267028809,14.75,14.079999923706055,12.116167068481445
2015-02-05,8100,14.020000457763672,14.319999694824219,14.479999542236328,14.020000457763672,12.201371192932129
2015-02-04,24300,14.600000381469727,14.130000114440918,14.829999923706055,14.130000114440918,12.039480209350586
2015-02-03,29800,14.0,14.770000457763672,14.859999656677246,13.899999618530273,12.584794044494629
2015-02-02,29300,14.300000190734863,14.0,14.520000457763672,13.0,11.928716659545898
2015-01-30,103400,13.920000076293945,14.100000381469727,14.640000343322754,13.920000076293945,12.013921737670898
2015-01-29,36500,14.140000343322754,14.109999656677246,14.140000343322754,13.510000228881836,12.022439956665039
2015-01-28,90100,13.859999656677246,14.170000076293945,14.630000114440918,13.699999809265137,12.073563575744629
2015-01-27,52100,13.899999618530273,13.75,14.100000381469727,13.699999809265137,11.715702056884766
2015-01-26,29700,14.0,13.899999618530273,14.170000076293945,13.789999961853027,11.843511581420898
2015-01-23,20900,14.300000190734863,13.9399995803833,14.4399995803833,13.899999618530273,11.877591133117676
2015-01-22,7700,14.5,14.369999885559082,15.010000228881836,14.199999809265137,12.243973731994629
2015-01-21,15600,14.319999694824219,14.25,15.300000190734863,14.199999809265137,12.141729354858398
2015-01-20,9800,14.239999771118164,14.289999961853027,14.779999732971191,14.239999771118164,12.175809860229492
2015-01-16,9700,14.319999694824219,14.579999923706055,15.0,14.319999694824219,12.422903060913086
2015-01-15,15200,14.510000228881836,14.369999885559082,15.40999984741211,14.289999961853027,12.243973731994629
2015-01-14,20700,14.239999771118164,14.609999656677246,14.609999656677246,14.180000305175781,12.448466300964355
2015-01-13,20500,14.989999771118164,14.460000038146973,14.989999771118164,14.100000381469727,12.320655822753906
2015-01-12,19800,14.970000267028809,14.819999694824219,15.350000381469727,14.539999961853027,12.627396583557129
2015-01-09,15900,14.880000114440918,15.180000305175781,15.260000228881836,14.40999984741211,12.934135437011719
2015-01-08,15600,15.210000038146973,14.90999984741211,15.210000038146973,14.579999923706055,12.704080581665039
2015-01-07,12900,15.0,14.920000076293945,15.0,14.529999732971191,12.712600708007812
2015-01-06,26000,14.770000457763672,14.869999885559082,15.270000457763672,14.609999656677246,12.669997215270996
2015-01-05,32600,15.199999809265137,14.930000305175781,15.220000267028809,14.850000381469727,12.721124649047852
2015-01-02,10500,15.600000381469727,15.109999656677246,15.600000381469727,14.9399995803833,12.874491691589355
2014-12-31,17300,15.699999809265137,15.649999618530273,15.699999809265137,15.460000038146973,13.334599494934082
2014-12-30,17300,14.989999771118164,15.65999984741211,15.760000228881836,14.989999771118164,13.343119621276855
2014-12-29,15500,14.949999809265137,15.300000190734863,15.470000267028809,14.949999809265137,13.036380767822266
2014-12-26,10100,15.279999732971191,15.369999885559082,15.489999771118164,15.0,13.096026420593262
2014-12-24,13200,15.300000190734863,15.359999656677246,15.489999771118164,15.15999984741211,13.087505340576172
2014-12-23,10100,15.140000343322754,15.40999984741211,15.449999809265137,15.109999656677246,13.130106925964355
2014-12-22,15800,15.0,15.119999885559082,15.140000343322754,14.859999656677246,12.883011817932129
2014-12-19,38600,14.949999809265137,14.930000305175781,15.0,14.699999809265137,12.721124649047852
2014-12-18,14300,15.0,14.989999771118164,15.0,14.680000305175781,12.772244453430176
2014-12-17,30900,14.279999732971191,14.930000305175781,14.989999771118164,14.279999732971191,12.721124649047852
2014-12-16,23700,14.279999732971191,14.569999694824219,14.640000343322754,14.220000267028809,12.414381980895996
2014-12-15,22300,14.140000343322754,14.15999984741211,14.229999542236328,14.079999923706055,12.065042495727539
2014-12-12,17100,14.1899995803833,14.119999885559082,14.270000457763672,14.119999885559082,12.030961036682129
2014-12-11,7900,14.119999885559082,14.350000381469727,14.59000015258789,14.119999885559082,12.226932525634766
2014-12-10,20400,13.779999732971191,14.119999885559082,14.1899995803833,13.40999984741211,12.030961036682129
2014-12-09,13900,13.920000076293945,13.989999771118164,14.170000076293945,13.899999618530273,11.817947387695312
2014-12-08,24700,13.899999618530273,13.880000114440918,14.069999694824219,13.630000114440918,11.725028038024902
2014-12-05,11000,13.5600004196167,13.850000381469727,13.850000381469727,13.510000228881836,11.699686050415039
2014-12-04,23100,13.460000038146973,13.630000114440918,13.699999809265137,13.449999809265137,11.513840675354004
2014-12-03,8100,13.979999542236328,13.920000076293945,14.0,13.680000305175781,11.758814811706543
2014-12-02,41700,13.199999809265137,14.020000457763672,14.180000305175781,13.199999809265137,11.843289375305176
2014-12-01,41300,14.329999923706055,13.729999542236328,14.329999923706055,13.420000076293945,11.598312377929688
2014-11-28,13100,14.5600004196167,14.350000381469727,14.5600004196167,14.350000381469727,12.122056007385254
2014-11-26,9300,14.5,14.5600004196167,14.5600004196167,14.399999618530273,12.29945182800293
2014-11-25,17400,14.59000015258789,14.529999732971191,14.59000015258789,14.449999809265137,12.27410888671875
2014-11-24,17800,14.399999618530273,14.539999961853027,14.550000190734863,14.390000343322754,12.282556533813477
2014-11-21,16000,14.899999618530273,14.40999984741211,14.930000305175781,14.289999961853027,12.17273998260498
2014-11-20,24700,14.380000114440918,14.75,14.949999809265137,14.1899995803833,12.459952354431152
2014-11-19,14200,14.979999542236328,14.520000457763672,15.0,14.34000015258789,12.26566219329834
2014-11-18,120000,14.729999542236328,14.869999885559082,14.960000038146973,14.270000457763672,12.561322212219238
2014-11-17,16800,15.050000190734863,14.739999771118164,15.0600004196167,14.739999771118164,12.451504707336426
2014-11-14,9700,15.100000381469727,15.050000190734863,15.319999694824219,15.050000190734863,12.713374137878418
2014-11-13,21700,15.619999885559082,15.119999885559082,16.020000457763672,15.020000457763672,12.772506713867188
2014-11-12,12400,15.430000305175781,15.619999885559082,15.619999885559082,15.149999618530273,13.194876670837402
2014-11-11,29100,15.850000381469727,15.40999984741211,16.06999969482422,15.3100004196167,13.017483711242676
2014-11-10,22700,15.65999984741211,15.90999984741211,16.010000228881836,15.600000381469727,13.439852714538574
2014-11-07,26200,15.630000114440918,15.75,15.90999984741211,15.029999732971191,13.304693222045898
2014-11-06,17500,15.050000190734863,15.710000038146973,15.819999694824219,14.760000228881836,13.270905494689941
2014-11-05,11000,14.930000305175781,15.079999923706055,15.149999618530273,14.680000305175781,12.738717079162598
2014-11-04,5900,14.680000305175781,14.829999923706055,15.0,14.670000076293945,12.527532577514648
2014-11-03,10700,15.0,14.760000228881836,15.0,14.710000038146973,12.468399047851562
2014-10-31,21200,14.460000038146973,14.930000305175781,14.9399995803833,13.619999885559082,12.612006187438965
2014-10-30,26200,13.699999809265137,14.180000305175781,14.270000457763672,13.699999809265137,11.978450775146484
2014-10-29,116600,13.960000038146973,14.069999694824219,14.430000305175781,13.819999694824219,11.885527610778809
2014-10-28,31200,14.09000015258789,14.390000343322754,14.470000267028809,13.029999732971191,12.155843734741211
2014-10-27,6900,14.029999732971191,14.039999961853027,14.149999618530273,13.920000076293945,11.860182762145996
2014-10-24,22700,14.100000381469727,14.130000114440918,14.199999809265137,13.899999618530273,11.936210632324219
2014-10-23,11900,14.109999656677246,14.149999618530273,14.979999542236328,13.75,11.953106880187988
2014-10-22,23700,14.029999732971191,14.0600004196167,14.289999961853027,13.899999618530273,11.877079010009766
2014-10-21,34500,14.0,14.0600004196167,14.239999771118164,13.850000381469727,11.877079010009766
2014-10-20,21900,14.229999542236328,14.210000038146973,14.75,13.949999809265137,12.003792762756348
2014-10-17,15600,14.449999809265137,14.25,14.479999542236328,14.199999809265137,12.037582397460938
2014-10-16,23000,13.760000228881836,14.229999542236328,14.510000228881836,13.760000228881836,12.020685195922852
2014-10-15,38800,13.550000190734863,14.010000228881836,14.479999542236328,13.0,11.834842681884766
2014-10-14,32900,13.979999542236328,13.680000305175781,14.300000190734863,13.479999542236328,11.55607795715332
2014-10-13,23200,14.329999923706055,13.989999771118164,14.329999923706055,13.789999961853027,11.817947387695312
2014-10-10,15200,13.850000381469727,13.880000114440918,14.199999809265137,13.850000381469727,11.725028038024902
2014-10-09,20300,14.149999618530273,13.859999656677246,14.15999984741211,13.779999732971191,11.708130836486816
2014-10-08,22000,14.510000228881836,14.119999885559082,14.510000228881836,13.850000381469727,11.92776107788086
2014-10-07,17100,13.949999809265137,14.0,14.0600004196167,13.880000114440918,11.826394081115723
2014-10-06,15000,14.260000228881836,13.90999984741211,15.399999618530273,13.850000381469727,11.75036907196045
2014-10-03,34600,13.670000076293945,14.149999618530273,14.369999885559082,13.670000076293945,11.953106880187988
2014-10-02,46300,13.329999923706055,13.640000343322754,13.739999771118164,13.3100004196167,11.52228832244873
2014-10-01,88400,13.399999618530273,13.420000076293945,13.739999771118164,12.470000267028809,11.336443901062012
2014-09-30,42200,13.8100004196167,13.619999885559082,13.829999923706055,13.5,11.505393028259277
2014-09-29,46000,14.0,13.869999885559082,14.920000076293945,13.5,11.716578483581543
2014-09-26,22400,13.970000267028809,14.100000381469727,14.229999542236328,13.899999618530273,11.910868644714355
2014-09-25,57600,14.279999732971191,13.970000267028809,14.279999732971191,13.770000457763672,11.801054000854492
2014-09-24,46100,13.930000305175781,14.100000381469727,14.119999885559082,13.5,11.910868644714355
2014-09-23,38600,14.350000381469727,13.989999771118164,14.350000381469727,13.75,11.817947387695312
2014-09-22,28400,14.899999618530273,14.5,14.899999618530273,14.359999656677246,12.248764991760254
2014-09-19,38500,15.039999961853027,14.779999732971191,15.039999961853027,14.5,12.4852933883667
2014-09-18,17600,15.359999656677246,15.050000190734863,15.5,15.029999732971191,12.713374137878418
2014-09-17,38300,15.1899995803833,15.279999732971191,15.390000343322754,15.020000457763672,12.907669067382812
2014-09-16,25100,15.0,15.010000228881836,15.119999885559082,14.760000228881836,12.679585456848145
2014-09-15,31700,14.8100004196167,15.050000190734863,15.0600004196167,14.699999809265137,12.713374137878418
2014-09-12,33800,15.619999885559082,15.069999694824219,15.619999885559082,14.8100004196167,12.730270385742188
2014-09-11,32800,15.569999694824219,15.529999732971191,15.640000343322754,15.0,13.118849754333496
2014-09-10,15400,15.890000343322754,15.5600004196167,16.239999771118164,15.25,13.144194602966309
2014-09-09,20700,16.110000610351562,15.90999984741211,16.25,15.789999961853027,13.338482856750488
2014-09-08,15200,15.600000381469727,16.229999542236328,16.229999542236328,15.5600004196167,13.60676383972168
2014-09-05,32200,15.359999656677246,15.520000457763672,15.630000114440918,14.75,13.011520385742188
2014-09-04,16100,15.25,15.430000305175781,15.5600004196167,15.25,12.936065673828125
2014-09-03,22500,15.819999694824219,15.25,15.989999771118164,15.25,12.785155296325684
2014-09-02,52000,16.15999984741211,15.720000267028809,16.15999984741211,15.630000114440918,13.179193496704102
2014-08-29,44300,16.399999618530273,16.040000915527344,16.600000381469727,15.920000076293945,13.447476387023926
2014-08-28,10800,16.389999389648438,16.3799991607666,16.600000381469727,16.299999237060547,13.73251724243164
2014-08-27,11000,16.600000381469727,16.3799991607666,16.719999313354492,16.309999465942383,13.73251724243164
2014-08-26,31700,16.670000076293945,16.649999618530273,16.799999237060547,16.510000228881836,13.958877563476562
2014-08-25,12500,16.5,16.540000915527344,16.739999771118164,16.309999465942383,13.866659164428711
2014-08-22,3800,16.6200008392334,16.489999771118164,16.719999313354492,16.450000762939453,13.824739456176758
2014-08-21,19000,16.399999618530273,16.6200008392334,16.690000534057617,16.270000457763672,13.933728218078613
2014-08-20,6100,16.56999969482422,16.68000030517578,16.700000762939453,15.880000114440918,13.984028816223145
2014-08-19,119000,15.890000343322754,16.690000534057617,16.700000762939453,15.890000343322754,13.992414474487305
2014-08-18,27700,16.489999771118164,16.59000015258789,16.6299991607666,16.209999084472656,13.908576965332031
2014-08-15,29700,16.68000030517578,16.40999984741211,16.68000030517578,15.850000381469727,13.757668495178223
2014-08-14,59000,16.799999237060547,16.489999771118164,16.799999237060547,16.1299991607666,13.824739456176758
2014-08-13,12800,16.1299991607666,16.329999923706055,16.510000228881836,15.850000381469727,13.690598487854004
2014-08-12,13100,16.309999465942383,16.06999969482422,16.350000381469727,15.880000114440918,13.472623825073242
2014-08-11,15100,16.229999542236328,16.389999389648438,16.489999771118164,16.149999618530273,13.740901947021484
2014-08-08,10500,16.25,16.1200008392334,16.25,16.010000228881836,13.514544486999512
2014-08-07,20200,16.510000228881836,16.190000534057617,16.75,15.819999694824219,13.573227882385254
2014-08-06,11100,16.149999618530273,16.530000686645508,16.59000015258789,16.100000381469727,13.858275413513184
2014-08-05,10500,16.299999237060547,16.25,16.5,16.010000228881836,13.623529434204102
2014-08-04,16300,16.0,16.309999465942383,16.600000381469727,16.0,13.673832893371582
2014-08-01,14000,16.200000762939453,16.06999969482422,16.200000762939453,16.0,13.472623825073242
2014-07-31,19400,16.360000610351562,16.1200008392334,16.700000762939453,16.100000381469727,13.514544486999512
2014-07-30,10100,16.459999084472656,16.540000915527344,16.549999237060547,16.270000457763672,13.866659164428711
2014-07-29,10100,16.399999618530273,16.25,16.729999542236328,16.25,13.623529434204102
2014-07-28,12400,16.299999237060547,16.360000610351562,16.549999237060547,16.25,13.715751647949219
2014-07-25,9000,16.829999923706055,16.440000534057617,16.829999923706055,16.399999618530273,13.782820701599121
2014-07-24,29800,16.649999618530273,16.940000534057617,17.100000381469727,16.649999618530273,14.202005386352539
2014-07-23,952500,16.790000915527344,16.68000030517578,17.479999542236328,16.649999618530273,13.984028816223145
2014-07-22,41400,16.920000076293945,17.0,17.18000030517578,16.899999618530273,14.252309799194336
2014-07-21,12600,16.3799991607666,16.850000381469727,16.979999542236328,16.3799991607666,14.126551628112793
2014-07-18,12700,16.25,16.780000686645508,16.780000686645508,16.25,14.06786823272705
2014-07-17,15400,16.489999771118164,16.25,16.639999389648438,16.25,13.623529434204102
2014-07-16,19000,16.739999771118164,16.610000610351562,16.739999771118164,16.25,13.925344467163086
2014-07-15,7000,16.709999084472656,16.6200008392334,16.75,16.549999237060547,13.933728218078613
2014-07-14,16000,16.690000534057617,16.739999771118164,16.75,16.459999084472656,14.034334182739258
2014-07-11,17700,16.5,16.549999237060547,16.790000915527344,16.5,13.875041961669922
2014-07-10,13300,16.350000381469727,16.5,16.75,16.239999771118164,13.833123207092285
2014-07-09,13600,16.719999313354492,16.649999618530273,16.75,16.5,13.958877563476562
2014-07-08,27500,17.15999984741211,16.56999969482422,17.15999984741211,16.520000457763672,13.89180850982666
2014-07-07,10400,17.09000015258789,17.030000686645508,17.3799991607666,17.020000457763672,14.277462005615234
2014-07-03,5400,17.489999771118164,17.3799991607666,17.489999771118164,17.200000762939453,14.570889472961426
2014-07-02,41900,17.459999084472656,17.3799991607666,17.479999542236328,17.299999237060547,14.570889472961426
2014-07-01,14500,17.399999618530273,17.190000534057617,17.399999618530273,17.149999618530273,14.411599159240723
2014-06-30,11100,17.5,17.209999084472656,17.5,17.040000915527344,14.428367614746094
2014-06-27,190100,17.200000762939453,17.450000762939453,17.450000762939453,17.010000228881836,14.629575729370117
2014-06-26,8400,17.200000762939453,17.350000381469727,17.59000015258789,17.200000762939453,14.545738220214844
2014-06-25,9400,17.059999465942383,17.200000762939453,17.350000381469727,17.049999237060547,14.41998291015625
2014-06-24,14100,17.399999618530273,17.1299991607666,17.520000457763672,17.1299991607666,14.361294746398926
2014-06-23,9400,17.200000762939453,17.549999237060547,17.559999465942383,17.15999984741211,14.713411331176758
2014-06-20,66000,17.6200008392334,17.110000610351562,17.670000076293945,17.079999923706055,14.344529151916504
2014-06-19,17900,17.399999618530273,17.579999923706055,17.690000534057617,17.020000457763672,14.738561630249023
2014-06-18,11000,17.700000762939453,17.350000381469727,17.700000762939453,16.979999542236328,14.545738220214844
2014-06-17,19900,17.280000686645508,17.5,17.780000686645508,16.780000686645508,14.671492576599121
2014-06-16,28100,17.75,17.3799991607666,17.75,16.719999313354492,14.570889472961426
2014-06-13,14000,17.829999923706055,17.5,18.31999969482422,17.270000457763672,14.671492576599121
2014-06-12,43700,18.65999984741211,17.600000381469727,18.65999984741211,17.31999969482422,14.755332946777344
2014-06-11,20600,18.8700008392334,18.239999771118164,18.8700008392334,18.079999923706055,15.291891098022461
2014-06-10,53800,18.350000381469727,18.510000228881836,18.84000015258789,17.8799991607666,15.417646408081055
2014-06-09,27900,19.940000534057617,18.489999771118164,19.940000534057617,18.25,15.400985717773438
2014-06-06,46200,17.350000381469727,18.229999542236328,18.31999969482422,17.350000381469727,15.18442440032959
2014-06-05,16600,17.489999771118164,17.219999313354492,17.610000610351562,16.8799991607666,14.343159675598145
2014-06-04,48500,17.350000381469727,17.31999969482422,17.860000610351562,16.959999084472656,14.426451683044434
2014-06-03,21400,17.68000030517578,17.690000534057617,18.0,17.15999984741211,14.734638214111328
2014-06-02,37200,17.799999237060547,17.690000534057617,18.059999465942383,17.3700008392334,14.734638214111328
2014-05-30,12600,17.809999465942383,17.40999984741211,18.0,17.260000228881836,14.501416206359863
2014-05-29,8600,17.799999237060547,17.700000762939453,17.989999771118164,17.549999237060547,14.742965698242188
2014-05-28,6300,18.25,17.899999618530273,18.290000915527344,17.450000762939453,14.909557342529297
2014-05-27,38400,17.690000534057617,18.299999237060547,18.540000915527344,17.5,15.242727279663086
2014-05-23,7700,17.360000610351562,17.729999542236328,17.84000015258789,17.059999465942383,14.767952919006348
2014-05-22,21500,17.489999771118164,17.389999389648438,17.690000534057617,17.18000030517578,14.484759330749512
2014-05-21,11300,17.389999389648438,17.450000762939453,17.899999618530273,17.309999465942383,14.5347318649292
2014-05-20,47000,17.1299991607666,17.31999969482422,17.8700008392334,16.3799991607666,14.426451683044434
2014-05-19,15800,17.889999389648438,16.979999542236328,17.889999389648438,16.860000610351562,14.143254280090332
2014-05-16,14900,16.809999465942383,17.059999465942383,17.110000610351562,16.600000381469727,14.209888458251953
2014-05-15,48200,16.43000030517578,16.81999969482422,16.950000762939453,15.680000305175781,14.009981155395508
2014-05-14,46900,16.690000534057617,16.43000030517578,17.440000534057617,16.3700008392334,13.685138702392578
2014-05-13,20200,16.559999465942383,17.1200008392334,17.489999771118164,16.559999465942383,14.259861946105957
2014-05-12,34900,16.799999237060547,17.0,17.219999313354492,16.799999237060547,14.159912109375
2014-05-09,19300,16.670000076293945,16.59000015258789,17.020000457763672,16.360000610351562,13.818408012390137
2014-05-08,21200,16.81999969482422,16.690000534057617,17.059999465942383,16.530000686645508,13.901701927185059
2014-05-07,15600,16.719999313354492,16.719999313354492,17.1200008392334,16.700000762939453,13.926690101623535
2014-05-06,26700,16.760000228881836,16.760000228881836,17.270000457763672,16.760000228881836,13.960006713867188
2014-05-05,22700,17.079999923706055,17.079999923706055,17.299999237060547,16.860000610351562,14.226550102233887
2014-05-02,19200,17.270000457763672,17.260000228881836,17.459999084472656,17.049999237060547,14.376477241516113
2014-05-01,20400,17.479999542236328,17.290000915527344,17.639999389648438,17.010000228881836,14.401459693908691
2014-04-30,15600,17.459999084472656,17.399999618530273,17.649999618530273,17.3799991607666,14.493084907531738
2014-04-29,13800,17.56999969482422,17.479999542236328,17.65999984741211,17.399999618530273,14.559717178344727
2014-04-28,15000,17.389999389648438,17.440000534057617,17.739999771118164,17.3700008392334,14.52640438079834
2014-04-25,8300,17.600000381469727,17.489999771118164,17.729999542236328,17.450000762939453,14.568050384521484
2014-04-24,5500,17.59000015258789,17.610000610351562,17.75,17.440000534057617,14.668001174926758
2014-04-23,8300,17.75,17.579999923706055,17.75,17.3700008392334,14.643013000488281
2014-04-22,36900,16.989999771118164,17.719999313354492,17.75,16.989999771118164,14.759627342224121
2014-04-21,39500,17.270000457763672,16.8700008392334,17.270000457763672,16.739999771118164,14.051630020141602
2014-04-17,15000,17.270000457763672,17.219999313354492,17.299999237060547,17.110000610351562,14.343159675598145
2014-04-16,29500,17.229999542236328,17.260000228881836,17.299999237060547,17.200000762939453,14.376477241516113
2014-04-15,18600,17.209999084472656,17.100000381469727,17.209999084472656,16.489999771118164,14.243205070495605
2014-04-14,28500,17.3700008392334,17.270000457763672,17.450000762939453,17.25,14.384805679321289
2014-04-11,12000,17.229999542236328,17.25,17.649999618530273,17.209999084472656,14.368142127990723
2014-04-10,11600,17.65999984741211,17.43000030517578,17.799999237060547,17.329999923706055,14.518074989318848
2014-04-09,27500,17.65999984741211,17.739999771118164,17.989999771118164,17.65999984741211,14.776286125183105
2014-04-08,23400,17.809999465942383,17.520000457763672,18.209999084472656,17.520000457763672,14.593037605285645
2014-04-07,24400,18.149999618530273,17.709999084472656,18.219999313354492,17.559999465942383,14.751296997070312
2014-04-04,9200,18.209999084472656,18.15999984741211,18.25,18.0,15.126117706298828
2014-04-03,6900,18.3799991607666,18.209999084472656,18.399999618530273,18.100000381469727,15.167763710021973
2014-04-02,15300,18.309999465942383,18.299999237060547,18.5,18.149999618530273,15.242727279663086
2014-04-01,9700,18.059999465942383,18.309999465942383,18.309999465942383,18.059999465942383,15.251059532165527
2014-03-31,46800,17.559999465942383,18.290000915527344,18.5,17.360000610351562,15.234399795532227
2014-03-28,12000,17.719999313354492,17.540000915527344,17.780000686645508,17.270000457763672,14.609694480895996
2014-03-27,20700,18.0,17.700000762939453,18.0,17.600000381469727,14.742965698242188
2014-03-26,13200,18.0,17.93000030517578,18.0,17.850000381469727,14.934542655944824
2014-03-25,18900,18.0,17.920000076293945,18.049999237060547,17.479999542236328,14.926212310791016
2014-03-24,15800,17.68000030517578,18.0,18.3799991607666,17.350000381469727,14.992849349975586
2014-03-21,13700,17.610000610351562,17.34000015258789,17.610000610351562,17.239999771118164,14.443111419677734
2014-03-20,15500,17.149999618530273,17.5,17.68000030517578,17.149999618530273,14.576380729675293
2014-03-19,10500,17.540000915527344,17.5,17.770000457763672,17.31999969482422,14.576380729675293
2014-03-18,11400,17.200000762939453,17.5,17.81999969482422,17.200000762939453,14.576380729675293
2014-03-17,11000,17.149999618530273,17.1200008392334,17.360000610351562,17.0,14.259861946105957
2014-03-14,11000,17.229999542236328,17.1299991607666,17.450000762939453,16.610000610351562,14.2681884765625
2014-03-13,15700,17.0,17.020000457763672,17.899999618530273,16.75,14.1765718460083
2014-03-12,12300,17.479999542236328,17.190000534057617,17.93000030517578,17.0,14.318168640136719
2014-03-11,14800,17.81999969482422,17.68000030517578,17.989999771118164,17.540000915527344,14.726309776306152
2014-03-10,6000,18.0,17.81999969482422,18.049999237060547,17.510000228881836,14.84292221069336
2014-03-07,18500,17.93000030517578,17.989999771118164,18.209999084472656,17.739999771118164,14.984516143798828
2014-03-06,16300,17.889999389648438,17.809999465942383,18.0,17.799999237060547,14.834589004516602
2014-03-05,12500,17.670000076293945,17.770000457763672,18.0,17.670000076293945,14.80127239227295
2014-03-04,58800,16.850000381469727,17.90999984741211,18.969999313354492,16.850000381469727,14.817934036254883
2014-03-03,48900,16.780000686645508,16.799999237060547,16.889999389648438,16.170000076293945,13.899569511413574
2014-02-28,22600,16.989999771118164,16.809999465942383,17.1200008392334,16.65999984741211,13.907843589782715
2014-02-27,9500,16.649999618530273,16.75,17.25,16.649999618530273,13.858199119567871
2014-02-26,5400,17.25,17.09000015258789,17.350000381469727,17.09000015258789,14.13949966430664
2014-02-25,34900,17.440000534057617,17.190000534057617,17.5,17.18000030517578,14.222235679626465
2014-02-24,11300,17.110000610351562,17.510000228881836,17.75,16.969999313354492,14.486989974975586
2014-02-21,24000,16.700000762939453,17.139999389648438,17.5,16.700000762939453,14.180867195129395
2014-02-20,9300,16.670000076293945,16.59000015258789,16.850000381469727,16.229999542236328,13.725822448730469
2014-02-19,15600,16.950000762939453,16.690000534057617,16.950000762939453,16.559999465942383,13.808558464050293
2014-02-18,10400,16.190000534057617,16.969999313354492,16.979999542236328,16.15999984741211,14.040217399597168
2014-02-14,22900,16.360000610351562,16.270000457763672,16.540000915527344,16.15999984741211,13.461066246032715
2014-02-13,24500,16.65999984741211,16.270000457763672,16.940000534057617,16.149999618530273,13.461066246032715
2014-02-12,20800,16.950000762939453,16.43000030517578,17.100000381469727,16.43000030517578,13.593443870544434
2014-02-11,29900,16.09000015258789,17.020000457763672,17.489999771118164,16.09000015258789,14.081583023071289
2014-02-10,33700,16.34000015258789,16.399999618530273,16.670000076293945,16.149999618530273,13.568623542785645
2014-02-07,12300,16.049999237060547,16.260000228881836,16.489999771118164,16.0,13.452795028686523
2014-02-06,11600,15.989999771118164,16.139999389648438,16.579999923706055,15.529999732971191,13.353511810302734
2014-02-05,5400,15.770000457763672,15.819999694824219,16.09000015258789,15.550000190734863,13.08875846862793
2014-02-04,10300,15.819999694824219,15.819999694824219,15.979999542236328,15.649999618530273,13.08875846862793
2014-02-03,15400,15.680000305175781,15.819999694824219,16.049999237060547,15.649999618530273,13.08875846862793
2014-01-31,15100,15.5,15.800000190734863,16.190000534057617,15.5,13.072212219238281
2014-01-30,12100,15.600000381469727,15.5,15.84000015258789,15.3100004196167,12.824005126953125
2014-01-29,18200,15.899999618530273,15.390000343322754,16.06999969482422,15.390000343322754,12.732996940612793
2014-01-28,12700,15.699999809265137,16.010000228881836,16.309999465942383,15.699999809265137,13.24595832824707
2014-01-27,13300,16.139999389648438,15.609999656677246,16.600000381469727,15.579999923706055,12.915014266967773
2014-01-24,15000,16.010000228881836,16.020000457763672,16.469999313354492,15.989999771118164,13.254227638244629
2014-01-23,11700,16.18000030517578,16.010000228881836,16.469999313354492,16.010000228881836,13.24595832824707
2014-01-22,26100,16.65999984741211,16.56999969482422,16.700000762939453,16.020000457763672,13.709274291992188
2014-01-21,19000,16.459999084472656,16.559999465942383,16.780000686645508,16.200000762939453,13.701001167297363
2014-01-17,9500,16.1200008392334,16.440000534057617,16.719999313354492,15.90999984741211,13.601717948913574
2014-01-16,5900,15.8100004196167,16.190000534057617,16.200000762939453,15.8100004196167,13.394881248474121
2014-01-15,16300,15.0,15.920000076293945,15.930000305175781,14.960000038146973,13.171496391296387
2014-01-14,76000,15.9399995803833,15.100000381469727,15.9399995803833,14.510000228881836,12.493062973022461
2014-01-13,16100,16.309999465942383,15.920000076293945,17.0,15.510000228881836,13.171496391296387
2014-01-10,6100,16.68000030517578,16.299999237060547,17.100000381469727,16.139999389648438,13.485886573791504
2014-01-09,8400,16.969999313354492,16.65999984741211,17.049999237060547,16.520000457763672,13.783737182617188
2014-01-08,10500,16.65999984741211,16.860000610351562,17.15999984741211,16.5,13.949209213256836
2014-01-07,12300,17.450000762939453,16.610000610351562,17.450000762939453,16.399999618530273,13.742368698120117
2014-01-06,9900,16.700000762939453,16.540000915527344,17.299999237060547,16.360000610351562,13.684452056884766
2014-01-03,11700,16.65999984741211,16.799999237060547,16.989999771118164,16.459999084472656,13.899569511413574
2014-01-02,15400,16.8799991607666,16.579999923706055,17.43000030517578,16.329999923706055,13.717546463012695
2013-12-31,37900,17.209999084472656,17.049999237060547,17.8700008392334,16.760000228881836,14.106405258178711
2013-12-30,7000,16.700000762939453,17.1200008392334,17.709999084472656,16.299999237060547,14.164323806762695
2013-12-27,16500,17.0,16.5,17.25,15.699999809265137,13.651361465454102
2013-12-26,20000,17.8799991607666,16.93000030517578,17.8799991607666,16.780000686645508,14.007122039794922
2013-12-24,20200,16.809999465942383,16.989999771118164,18.0,16.479999542236328,14.056763648986816
2013-12-23,24200,16.649999618530273,16.739999771118164,16.799999237060547,16.260000228881836,13.849926948547363
2013-12-20,51200,15.90999984741211,16.75,16.780000686645508,15.819999694824219,13.858199119567871
2013-12-19,81800,15.729999542236328,15.850000381469727,16.770000457763672,15.630000114440918,13.113577842712402
2013-12-18,22000,15.65999984741211,16.260000228881836,16.780000686645508,15.65999984741211,13.452795028686523
2013-12-17,13200,16.989999771118164,16.360000610351562,16.989999771118164,16.059999465942383,13.535529136657715
2013-12-16,11600,15.399999618530273,16.18000030517578,16.43000030517578,15.399999618530273,13.38660717010498
2013-12-13,45000,15.9399995803833,15.649999618530273,17.209999084472656,15.34000015258789,12.948107719421387
2013-12-12,49400,16.450000762939453,15.829999923706055,16.969999313354492,15.699999809265137,13.097030639648438
2013-12-11,25000,16.68000030517578,16.489999771118164,17.100000381469727,16.34000015258789,13.643086433410645
2013-12-10,50100,16.700000762939453,16.639999389648438,17.59000015258789,16.639999389648438,13.767190933227539
2013-12-09,15500,16.600000381469727,16.799999237060547,16.829999923706055,16.31999969482422,13.899569511413574
2013-12-06,18300,16.18000030517578,16.540000915527344,17.0,16.030000686645508,13.684452056884766
2013-12-05,5400,16.0,16.0,16.079999923706055,15.960000038146973,13.237682342529297
2013-12-04,37300,16.5,15.949999809265137,16.5,15.699999809265137,13.196313858032227
2013-12-03,7200,15.789999961853027,15.869999885559082,17.09000015258789,15.670000076293945,13.130125999450684
2013-12-02,11200,15.789999961853027,15.989999771118164,16.0,15.619999885559082,13.130125045776367
2013-11-29,5700,15.40999984741211,15.899999618530273,16.950000762939453,15.40999984741211,13.056222915649414
2013-11-27,19400,15.0,15.479999542236328,15.479999542236328,14.890000343322754,12.711339950561523
2013-11-26,32400,14.850000381469727,15.0,15.140000343322754,14.779999732971191,12.317191123962402
2013-11-25,10000,14.899999618530273,14.760000228881836,14.899999618530273,14.75,12.1201171875
2013-11-22,14100,14.729999542236328,14.8100004196167,14.8100004196167,14.609999656677246,12.161171913146973
2013-11-21,11300,14.630000114440918,14.739999771118164,14.850000381469727,14.460000038146973,12.103693962097168
2013-11-20,7100,14.630000114440918,14.5,14.819999694824219,14.5,11.906617164611816
2013-11-19,27200,14.5,14.699999809265137,14.789999961853027,14.359999656677246,12.07084846496582
2013-11-18,84400,14.420000076293945,14.5,14.649999618530273,14.1899995803833,11.906617164611816
2013-11-15,6400,14.619999885559082,14.699999809265137,14.890000343322754,14.520000457763672,12.07084846496582
2013-11-14,42200,14.109999656677246,14.670000076293945,14.800000190734863,14.109999656677246,12.04621410369873
2013-11-13,9300,14.1899995803833,14.920000076293945,14.949999809265137,14.0,12.251501083374023
2013-11-12,1700,14.199999809265137,14.300000190734863,14.300000190734863,14.199999809265137,11.742391586303711
2013-11-11,22200,14.819999694824219,14.289999961853027,14.819999694824219,14.210000038146973,11.734179496765137
2013-11-08,8300,14.710000038146973,14.800000190734863,15.149999618530273,14.199999809265137,12.152962684631348
2013-11-07,11600,14.550000190734863,14.640000343322754,14.800000190734863,14.40999984741211,12.02157974243164
2013-11-06,14000,14.6899995803833,14.770000457763672,14.880000114440918,14.199999809265137,12.12833023071289
2013-11-05,16200,14.600000381469727,14.779999732971191,15.010000228881836,14.529999732971191,12.136540412902832
2013-11-04,21200,14.470000267028809,14.75,15.0,14.470000267028809,12.111907005310059
2013-11-01,25400,14.640000343322754,14.399999618530273,14.829999923706055,14.300000190734863,11.824503898620605
2013-10-31,29600,14.25,14.770000457763672,14.869999885559082,14.050000190734863,12.12833023071289
2013-10-30,25100,14.300000190734863,14.199999809265137,14.5600004196167,13.869999885559082,11.66027545928955
2013-10-29,32600,14.369999885559082,14.34000015258789,14.609999656677246,13.979999542236328,11.775235176086426
2013-10-28,15300,14.510000228881836,14.390000343322754,14.510000228881836,14.0,11.81629467010498
2013-10-25,15800,14.289999961853027,14.220000267028809,14.430000305175781,13.84000015258789,11.676698684692383
2013-10-24,17100,14.130000114440918,14.25,14.260000228881836,13.949999809265137,11.701333999633789
2013-10-23,60600,13.75,14.010000228881836,14.380000114440918,13.65999984741211,11.504258155822754
2013-10-22,75500,14.569999694824219,13.859999656677246,14.600000381469727,13.770000457763672,11.381084442138672
2013-10-21,8900,14.59000015258789,14.5,14.729999542236328,14.40999984741211,11.906617164611816
2013-10-18,61400,14.539999961853027,14.529999732971191,14.75,14.270000457763672,11.931253433227539
2013-10-17,19800,14.630000114440918,14.630000114440918,14.75,14.529999732971191,12.013370513916016
2013-10-16,19700,14.850000381469727,14.640000343322754,14.850000381469727,14.579999923706055,12.02157974243164
2013-10-15,31400,14.90999984741211,14.739999771118164,14.949999809265137,14.5,12.103693962097168
2013-10-14,56800,14.880000114440918,14.899999618530273,15.069999694824219,14.489999771118164,12.235075950622559
2013-10-11,22400,14.170000076293945,14.850000381469727,15.0,14.010000228881836,12.194019317626953
2013-10-10,66800,13.670000076293945,14.100000381469727,14.109999656677246,13.670000076293945,11.57816219329834
2013-10-09,13200,13.510000228881836,13.649999618530273,13.850000381469727,13.350000381469727,11.208643913269043
2013-10-08,25600,13.729999542236328,13.489999771118164,13.920000076293945,13.399999618530273,11.077259063720703
2013-10-07,13300,13.75,13.729999542236328,14.050000190734863,13.479999542236328,11.274335861206055
2013-10-04,27000,13.649999618530273,13.720000267028809,14.09000015258789,13.609999656677246,11.266125679016113
2013-10-03,15600,13.539999961853027,13.6899995803833,13.859999656677246,13.449999809265137,11.24148941040039
2013-10-02,55200,13.949999809265137,13.699999809265137,13.949999809265137,13.630000114440918,11.249702453613281
2013-10-01,31800,13.569999694824219,13.989999771118164,14.239999771118164,13.479999542236328,11.487833976745605
2013-09-30,627400,13.369999885559082,13.630000114440918,13.899999618530273,13.050000190734863,11.192222595214844
2013-09-27,76000,13.579999923706055,13.279999732971191,13.770000457763672,13.25,10.904820442199707
2013-09-26,57100,13.289999961853027,13.569999694824219,13.609999656677246,13.010000228881836,11.142952919006348
2013-09-25,49300,13.140000343322754,13.449999809265137,13.699999809265137,13.079999923706055,11.044413566589355
2013-09-24,27000,13.640000343322754,13.5600004196167,13.8100004196167,13.119999885559082,11.13474178314209
2013-09-23,63900,12.84000015258789,13.649999618530273,13.850000381469727,12.619999885559082,11.208643913269043
2013-09-20,95700,13.699999809265137,12.5,13.850000381469727,12.5,10.264326095581055
2013-09-19,40100,13.470000267028809,13.819999694824219,13.970000267028809,13.329999923706055,11.348238945007324
2013-09-18,31000,13.65999984741211,13.390000343322754,13.789999961853027,13.3100004196167,10.995147705078125
2013-09-17,19100,13.739999771118164,13.380000114440918,14.109999656677246,13.380000114440918,10.986934661865234
2013-09-16,56800,13.579999923706055,13.569999694824219,14.270000457763672,13.359999656677246,11.142952919006348
2013-09-13,26400,12.899999618530273,13.489999771118164,13.859999656677246,12.859999656677246,11.077259063720703
2013-09-12,53800,13.0,13.279999732971191,13.539999961853027,12.619999885559082,10.904820442199707
2013-09-11,22600,13.039999961853027,13.119999885559082,13.8100004196167,12.529999732971191,10.7734375
2013-09-10,44700,12.640000343322754,13.199999809265137,13.899999618530273,12.640000343322754,10.839129447937012
2013-09-09,38200,12.680000305175781,13.050000190734863,13.350000381469727,12.619999885559082,10.715958595275879
2013-09-06,8500,13.399999618530273,12.6899995803833,13.399999618530273,12.579999923706055,10.420344352722168
2013-09-05,21100,12.789999961853027,12.5600004196167,12.989999771118164,12.550000190734863,10.313596725463867
2013-09-04,29500,12.050000190734863,12.949999809265137,13.420000076293945,12.050000190734863,10.633841514587402
2013-09-03,85400,12.699999809265137,12.109999656677246,12.789999961853027,11.899999618530273,9.944079399108887
2013-08-30,39200,12.600000381469727,12.229999542236328,12.600000381469727,12.15999984741211,10.042618751525879
2013-08-29,139300,12.800000190734863,12.479999542236328,13.0,11.460000038146973,10.247902870178223
2013-08-28,56500,13.369999885559082,12.770000457763672,13.460000038146973,12.630000114440918,10.48603630065918
2013-08-27,45500,14.0,13.529999732971191,14.0,13.069999694824219,11.110105514526367
2013-08-26,15000,14.0600004196167,14.010000228881836,14.350000381469727,14.010000228881836,11.504258155822754
2013-08-23,28300,14.170000076293945,14.199999809265137,14.199999809265137,14.0,11.66027545928955
2013-08-22,16100,14.149999618530273,13.8100004196167,14.300000190734863,13.8100004196167,11.340024948120117
2013-08-21,19100,13.760000228881836,14.229999542236328,14.239999771118164,13.0,11.684908866882324
2013-08-20,23100,13.850000381469727,14.0,14.25,13.5,11.496047973632812
2013-08-19,47200,13.520000457763672,13.880000114440918,14.1899995803833,13.520000457763672,11.397507667541504
2013-08-16,26500,14.0,14.0,14.229999542236328,13.5,11.496047973632812
2013-08-15,45200,13.609999656677246,13.960000038146973,13.960000038146973,13.5,11.463199615478516
2013-08-14,25400,14.25,13.75,14.25,13.600000381469727,11.290760040283203
2013-08-13,12200,13.569999694824219,13.869999885559082,13.970000267028809,13.569999694824219,11.389297485351562
2013-08-12,6300,13.640000343322754,13.600000381469727,13.829999923706055,13.010000228881836,11.167588233947754
2013-08-09,31000,13.859999656677246,13.600000381469727,14.0,13.25,11.167588233947754
2013-08-08,23700,13.979999542236328,13.579999923706055,14.220000267028809,13.25,11.151164054870605
2013-08-07,10200,13.800000190734863,13.5,13.800000190734863,13.5,11.085474014282227
2013-08-06,8900,13.569999694824219,13.819999694824219,13.84000015258789,13.520000457763672,11.348238945007324
2013-08-05,39800,13.770000457763672,13.600000381469727,14.100000381469727,13.5,11.167588233947754
2013-08-02,126000,13.399999618530273,14.039999961853027,14.600000381469727,13.25,11.528891563415527
2013-08-01,46600,13.869999885559082,13.399999618530273,13.869999885559082,13.0,11.003358840942383
2013-07-31,27300,14.220000267028809,13.600000381469727,14.479999542236328,13.199999809265137,11.167588233947754
2013-07-30,40900,14.050000190734863,13.630000114440918,14.449999809265137,13.449999809265137,11.192222595214844
2013-07-29,249500,14.239999771118164,14.010000228881836,15.520000457763672,13.600000381469727,11.504258155822754
2013-07-26,79900,14.319999694824219,14.0600004196167,14.319999694824219,13.510000228881836,11.545316696166992
2013-07-25,59700,14.300000190734863,14.25,14.300000190734863,13.649999618530273,11.701333999633789
2013-07-24,48100,13.0,13.710000038146973,14.039999961853027,13.0,11.257912635803223
2013-07-23,49100,12.979999542236328,13.100000381469727,13.199999809265137,12.90999984741211,10.757015228271484
2013-07-22,132000,12.75,12.899999618530273,13.970000267028809,12.5,10.592782974243164
2013-07-19,92700,12.539999961853027,12.260000228881836,12.550000190734863,12.109999656677246,10.067254066467285
2013-07-18,41600,12.630000114440918,12.5,12.630000114440918,12.350000381469727,10.264326095581055
2013-07-17,42100,12.979999542236328,12.609999656677246,12.979999542236328,11.699999809265137,10.354652404785156
2013-07-16,36100,12.800000190734863,12.989999771118164,12.989999771118164,12.25,10.66668701171875
2013-07-15,15200,12.649999618530273,12.75,12.75,12.539999961853027,10.469614028930664
2013-07-12,24500,13.0,12.649999618530273,13.079999923706055,12.550000190734863,10.387496948242188
2013-07-11,39200,12.479999542236328,12.579999923706055,12.800000190734863,11.970000267028809,10.33001708984375
2013-07-10,5600,11.779999732971191,11.75,11.850000381469727,11.699999809265137,9.648465156555176
2013-07-09,49700,11.460000038146973,11.699999809265137,11.699999809265137,11.25,9.607410430908203
2013-07-08,29000,11.539999961853027,11.529999732971191,11.739999771118164,11.5,9.467814445495605
2013-07-05,65500,11.720000267028809,11.59000015258789,11.779999732971191,11.449999809265137,9.517084121704102
2013-07-03,46300,11.770000457763672,11.729999542236328,11.989999771118164,11.649999618530273,9.632041931152344
2013-07-02,31900,12.75,11.649999618530273,12.75,11.5600004196167,9.566350936889648
2013-07-01,46400,12.5600004196167,12.390000343322754,12.600000381469727,12.0,10.17400074005127
2013-06-28,125400,11.75,12.0,12.300000190734863,11.350000381469727,9.853753089904785
2013-06-27,951400,11.399999618530273,11.829999923706055,12.899999618530273,11.270000457763672,9.714157104492188
